nnodes nedges type capacity P s t
100  4950  graph  1000 100 1 100 
nodename posx posy itemvalue itemweight
1 75 184 0 0
2 773 647 146 58
3 614 484 185 81
4 746 623 227 12
5 430 322 220 19
6 341 223 75 28
7 586 153 248 39
8 577 893 193 93
9 507 307 103 55
10 703 24 128 96
11 300 569 208 92
12 576 965 107 64
13 128 845 45 39
14 185 464 137 12
15 127 601 198 98
16 663 554 64 31
17 785 436 201 9
18 202 399 141 88
19 921 948 42 19
20 375 703 99 11
21 270 716 137 25
22 278 208 140 36
23 222 855 64 32
24 102 729 128 18
25 514 805 138 55
26 754 166 163 95
27 726 682 47 22
28 132 207 60 43
29 527 669 62 47
30 671 654 4 9
31 270 335 94 19
32 209 408 242 95
33 123 763 230 32
34 159 396 32 21
35 63 534 202 32
36 99 685 31 90
37 603 378 6 73
38 894 825 175 71
39 585 996 206 52
40 554 452 189 94
41 153 660 159 53
42 970 879 40 57
43 342 454 74 50
44 86 221 249 38
45 124 110 46 4
46 228 746 246 91
47 445 437 22 37
48 506 568 35 1
49 552 666 220 18
50 965 615 123 73
51 552 416 1 56
52 300 155 212 57
53 146 546 28 86
54 980 84 177 83
55 542 887 40 67
56 536 47 76 100
57 899 858 170 68
58 927 594 106 45
59 313 365 67 6
60 815 789 82 64
61 475 43 59 80
62 887 272 56 82
63 832 394 166 91
64 841 736 35 88
65 60 158 110 7
66 351 964 10 61
67 574 4 162 22
68 120 721 219 41
69 550 452 209 47
70 805 445 24 100
71 691 693 214 51
72 492 591 149 85
73 551 771 168 6
74 185 216 79 86
75 489 352 61 63
76 357 964 151 71
77 396 245 44 7
78 237 580 5 61
79 991 430 149 39
80 317 51 48 8
81 588 668 47 8
82 15 162 220 11
83 24 487 131 88
84 235 927 101 91
85 940 40 185 74
86 724 983 41 48
87 85 216 75 41
88 574 989 132 94
89 340 111 147 12
90 205 829 32 9
91 464 915 176 32
92 145 212 30 71
93 160 382 240 36
94 792 151 132 38
95 812 109 174 79
96 554 752 248 70
97 130 921 88 17
98 267 506 30 70
99 761 502 155 31
100 433 701 0 0
endpoint1 endpoint2 weight
1 2 838
1 3 617
1 4 802
1 5 381
1 6 269
1 7 512
1 8 869
1 9 450
1 10 649
1 11 446
1 12 928
1 13 664
1 14 301
1 15 421
1 16 695
1 17 754
1 18 250
1 19 1140
1 20 600
1 21 567
1 22 205
1 23 687
1 24 546
1 25 761
1 26 680
1 27 820
1 28 62
1 29 663
1 30 760
1 31 247
1 32 262
1 33 581
1 34 229
1 35 351
1 36 502
1 37 563
1 38 1041
1 39 959
1 40 549
1 41 483
1 42 1134
1 43 380
1 44 39
1 45 89
1 46 583
1 47 449
1 48 578
1 49 679
1 50 989
1 51 531
1 52 227
1 53 369
1 54 911
1 55 844
1 56 481
1 57 1065
1 58 946
1 59 300
1 60 956
1 61 425
1 62 817
1 63 786
1 64 945
1 65 31
1 66 828
1 67 531
1 68 539
1 69 546
1 70 776
1 71 800
1 72 583
1 73 756
1 74 115
1 75 447
1 76 830
1 77 327
1 78 428
1 79 949
1 80 277
1 81 706
1 82 64
1 83 308
1 84 761
1 85 877
1 86 1030
1 87 34
1 88 948
1 89 275
1 90 658
1 91 829
1 92 76
1 93 216
1 94 718
1 95 741
1 96 744
1 97 740
1 98 375
1 99 757
1 100 629
2 1 838
2 3 228
2 4 37
2 5 473
2 6 606
2 7 529
2 8 315
2 9 432
2 10 627
2 11 480
2 12 375
2 13 675
2 14 616
2 15 648
2 16 145
2 17 212
2 18 623
2 19 336
2 20 402
2 21 508
2 22 662
2 23 589
2 24 676
2 25 304
2 26 482
2 27 59
2 28 778
2 29 247
2 30 103
2 31 592
2 32 613
2 33 661
2 34 664
2 35 719
2 36 676
2 37 319
2 38 216
2 39 397
2 40 294
2 41 621
2 42 305
2 43 473
2 44 809
2 45 843
2 46 554
2 47 390
2 48 279
2 49 222
2 50 195
2 51 320
2 52 683
2 53 636
2 54 600
2 55 334
2 56 646
2 57 246
2 58 163
2 59 540
2 60 149
2 61 674
2 62 392
2 63 260
2 64 113
2 65 865
2 66 528
2 67 674
2 68 658
2 69 297
2 70 205
2 71 95
2 72 287
2 73 255
2 74 730
2 75 410
2 76 524
2 77 552
2 78 541
2 79 308
2 80 751
2 81 187
2 82 900
2 83 766
2 84 607
2 85 630
2 86 340
2 87 812
2 88 396
2 89 690
2 90 597
2 91 410
2 92 764
2 93 668
2 94 497
2 95 540
2 96 243
2 97 699
2 98 526
2 99 146
2 100 345
3 1 617
3 2 228
3 4 192
3 5 246
3 6 378
3 7 333
3 8 411
3 9 207
3 10 469
3 11 326
3 12 483
3 13 606
3 14 430
3 15 501
3 16 86
3 17 178
3 18 421
3 19 557
3 20 325
3 21 415
3 22 435
3 23 540
3 24 568
3 25 337
3 26 348
3 27 228
3 28 556
3 29 205
3 30 180
3 31 375
3 32 413
3 33 565
3 34 464
3 35 554
3 36 553
3 37 107
3 38 442
3 39 513
3 40 68
3 41 494
3 42 532
3 43 274
3 44 590
3 45 617
3 46 467
3 47 176
3 48 137
3 49 193
3 50 375
3 51 93
3 52 455
3 53 473
3 54 543
3 55 410
3 56 444
3 57 471
3 58 332
3 59 324
3 60 366
3 61 463
3 62 346
3 63 236
3 64 340
3 65 643
3 66 548
3 67 482
3 68 548
3 69 72
3 70 195
3 71 223
3 72 163
3 73 294
3 74 506
3 75 182
3 76 545
3 77 324
3 78 390
3 79 381
3 80 526
3 81 186
3 82 681
3 83 591
3 84 584
3 85 551
3 86 511
3 87 594
3 88 507
3 89 463
3 90 536
3 91 457
3 92 543
3 93 466
3 94 378
3 95 425
3 96 275
3 97 653
3 98 348
3 99 149
3 100 283
4 1 802
4 2 37
4 3 192
4 5 437
4 6 570
4 7 497
4 8 319
4 9 397
4 10 601
4 11 450
4 12 382
4 13 657
4 14 584
4 15 620
4 16 108
4 17 192
4 18 589
4 19 370
4 20 380
4 21 485
4 22 626
4 23 574
4 24 653
4 25 295
4 26 458
4 27 63
4 28 742
4 29 224
4 30 82
4 31 557
4 32 579
4 33 639
4 34 630
4 35 689
4 36 650
4 37 284
4 38 251
4 39 407
4 40 258
4 41 595
4 42 341
4 43 438
4 44 773
4 45 807
4 46 533
4 47 354
4 48 247
4 49 199
4 50 220
4 51 284
4 52 647
4 53 605
4 54 588
4 55 334
4 56 614
4 57 281
4 58 184
4 59 505
4 60 180
4 61 641
4 62 379
4 63 245
4 64 148
4 65 829
4 66 522
4 67 643
4 68 634
4 69 261
4 70 188
4 71 90
4 72 257
4 73 245
4 74 694
4 75 374
4 76 518
4 77 516
4 78 511
4 79 312
4 80 715
4 81 165
4 82 865
4 83 735
4 84 595
4 85 615
4 86 361
4 87 777
4 88 405
4 89 654
4 90 579
4 91 406
4 92 729
4 93 634
4 94 475
4 95 519
4 96 232
4 97 685
4 98 494
4 99 122
4 100 323
5 1 381
5 2 473
5 3 246
5 4 437
5 6 134
5 7 230
5 8 590
5 9 79
5 10 405
5 11 280
5 12 660
5 13 604
5 14 284
5 15 412
5 16 329
5 17 373
5 18 241
5 19 796
5 20 385
5 21 426
5 22 190
5 23 573
5 24 523
5 25 491
5 26 360
5 27 467
5 28 320
5 29 361
5 30 411
5 31 161
5 32 238
5 33 538
5 34 281
5 35 424
5 36 492
5 37 182
5 38 685
5 39 692
5 40 180
5 41 438
5 42 776
5 43 159
5 44 359
5 45 373
5 46 470
5 47 116
5 48 258
5 49 365
5 50 610
5 51 155
5 52 212
5 53 362
5 54 600
5 55 576
5 56 295
5 57 713
5 58 567
5 59 125
5 60 606
5 61 283
5 62 460
5 63 409
5 64 584
5 65 405
5 66 647
5 67 350
5 68 506
5 69 177
5 70 395
5 71 454
5 72 277
5 73 466
5 74 267
5 75 67
5 76 647
5 77 85
5 78 323
5 79 572
5 80 294
5 81 381
5 82 445
5 83 439
5 84 636
5 85 583
5 86 724
5 87 361
5 88 683
5 89 230
5 90 555
5 91 594
5 92 306
5 93 277
5 94 401
5 95 438
5 96 448
5 97 670
5 98 246
5 99 377
5 100 380
6 1 269
6 2 606
6 3 378
6 4 570
6 5 134
6 7 255
6 8 711
6 9 187
6 10 414
6 11 349
6 12 779
6 13 658
6 14 288
6 15 435
6 16 462
6 17 493
6 18 225
6 19 929
6 20 482
6 21 499
6 22 65
6 23 644
6 24 560
6 25 608
6 26 417
6 27 600
6 28 210
6 29 484
6 30 543
6 31 133
6 32 228
6 33 583
6 34 252
6 35 418
6 36 522
6 37 305
6 38 818
6 39 811
6 40 313
6 41 476
6 42 909
6 43 232
6 44 256
6 45 245
6 46 536
6 47 238
6 48 383
6 49 491
6 50 737
6 51 286
6 52 80
6 53 378
6 54 654
6 55 694
6 56 263
6 57 846
6 58 694
6 59 145
6 60 739
6 61 225
6 62 549
6 63 520
6 64 717
6 65 289
6 66 742
6 67 320
6 68 545
6 69 311
6 70 515
6 71 587
6 72 398
6 73 587
6 74 157
6 75 197
6 76 742
6 77 60
6 78 372
6 79 683
6 80 174
6 81 509
6 82 332
6 83 413
6 84 712
6 85 627
6 86 852
6 87 257
6 88 801
6 89 113
6 90 622
6 91 703
6 92 197
6 93 241
6 94 457
6 95 485
6 96 571
6 97 730
6 98 293
6 99 505
6 100 487
7 1 512
7 2 529
7 3 333
7 4 497
7 5 230
7 6 255
7 8 741
7 9 174
7 10 175
7 11 505
7 12 813
7 13 830
7 14 508
7 15 642
7 16 409
7 17 346
7 18 457
7 19 863
7 20 590
7 21 646
7 22 313
7 23 791
7 24 753
7 25 656
7 26 169
7 27 548
7 28 458
7 29 520
7 30 509
7 31 365
7 32 456
7 33 766
7 34 492
7 35 648
7 36 722
7 37 226
7 38 740
7 39 844
7 40 301
7 41 667
7 42 822
7 43 388
7 44 505
7 45 464
7 46 693
7 47 318
7 48 423
7 49 515
7 50 598
7 51 266
7 52 287
7 53 590
7 54 400
7 55 736
7 56 118
7 57 772
7 58 558
7 59 346
7 60 676
7 61 157
7 62 324
7 63 345
7 64 637
7 65 527
7 66 845
7 67 150
7 68 735
7 69 302
7 70 365
7 71 551
7 72 448
7 73 619
7 74 406
7 75 222
7 76 843
7 77 212
7 78 552
7 79 491
7 80 288
7 81 516
7 82 572
7 83 654
7 84 850
7 85 372
7 86 842
7 87 505
7 88 837
7 89 250
7 90 776
7 91 772
7 92 445
7 93 484
7 94 207
7 95 231
7 96 600
7 97 894
7 98 476
7 99 391
7 100 569
8 1 869
8 2 315
8 3 411
8 4 319
8 5 590
8 6 711
8 7 741
8 9 591
8 10 879
8 11 427
8 12 73
8 13 452
8 14 582
8 15 537
8 16 350
8 17 503
8 18 621
8 19 349
8 20 278
8 21 355
8 22 748
8 23 358
8 24 503
8 25 109
8 26 749
8 27 259
8 28 818
8 29 230
8 30 257
8 31 637
8 32 609
8 33 473
8 34 650
8 35 627
8 36 522
8 37 516
8 38 325
8 39 104
8 40 442
8 41 484
8 42 394
8 43 498
8 44 833
8 45 905
8 46 379
8 47 475
8 48 333
8 49 229
8 50 478
8 51 478
8 52 789
8 53 554
8 54 904
8 55 36
8 56 847
8 57 324
8 58 461
8 59 591
8 60 260
8 61 857
8 62 695
8 63 561
8 64 308
8 65 899
8 66 237
8 67 890
8 68 489
8 69 442
8 70 503
8 71 231
8 72 314
8 73 125
8 74 783
8 75 549
8 76 232
8 77 673
8 78 463
8 79 622
8 80 882
8 81 226
8 82 923
8 83 687
8 84 344
8 85 928
8 86 173
8 87 837
8 88 97
8 89 818
8 90 378
8 91 116
8 92 807
8 93 660
8 94 773
8 95 819
8 96 143
8 97 448
8 98 496
8 99 433
8 100 240
9 1 450
9 2 432
9 3 207
9 4 397
9 5 79
9 6 187
9 7 174
9 8 591
9 10 345
9 11 334
9 12 662
9 13 659
9 14 359
9 15 481
9 16 293
9 17 307
9 18 319
9 19 764
9 20 418
9 21 473
9 22 250
9 23 618
9 24 585
9 25 499
9 26 285
9 27 435
9 28 389
9 29 363
9 30 384
9 31 239
9 32 315
9 33 597
9 34 360
9 35 499
9 36 557
9 37 120
9 38 647
9 39 694
9 40 153
9 41 500
9 42 736
9 43 221
9 44 430
9 45 431
9 46 521
9 47 145
9 48 262
9 49 362
9 50 552
9 51 118
9 52 257
9 53 433
9 54 523
9 55 582
9 56 262
9 57 677
9 58 509
9 59 203
9 60 573
9 61 266
9 62 382
9 63 337
9 64 544
9 65 472
9 66 676
9 67 311
9 68 567
9 69 152
9 70 329
9 71 428
9 72 285
9 73 467
9 74 335
9 75 49
9 76 674
9 77 128
9 78 384
9 79 500
9 80 319
9 81 370
9 82 513
9 83 516
9 84 678
9 85 509
9 86 710
9 87 432
9 88 686
9 89 258
9 90 604
9 91 610
9 92 375
9 93 356
9 94 325
9 95 364
9 96 448
9 97 721
9 98 312
9 99 321
9 100 401
10 1 649
10 2 627
10 3 469
10 4 601
10 5 405
10 6 414
10 7 175
10 8 879
10 9 345
10 11 678
10 12 950
10 13 1003
10 14 680
10 15 816
10 16 532
10 17 421
10 18 626
10 19 950
10 20 755
10 21 817
10 22 464
10 23 961
10 24 927
10 25 804
10 26 151
10 27 659
10 28 600
10 29 669
10 30 631
10 31 534
10 32 626
10 33 940
10 34 660
10 35 819
10 36 896
10 37 368
10 38 824
10 39 980
10 40 454
10 41 841
10 42 896
10 43 562
10 44 648
10 45 586
10 46 865
10 47 487
10 48 579
10 49 660
10 50 647
10 51 421
10 52 424
10 53 764
10 54 284
10 55 878
10 56 169
10 57 857
10 58 613
10 59 519
10 60 774
10 61 229
10 62 309
10 63 392
10 64 726
10 65 657
10 66 1004
10 67 131
10 68 909
10 69 455
10 70 434
10 71 670
10 72 605
10 73 763
10 74 553
10 75 392
10 76 1002
10 77 379
10 78 726
10 79 498
10 80 387
10 81 655
10 82 702
10 83 822
10 84 1018
10 85 238
10 86 960
10 87 648
10 88 974
10 89 374
10 90 947
10 91 923
10 92 589
10 93 651
10 94 156
10 95 139
10 96 744
10 97 1065
10 98 650
10 99 482
10 100 729
11 1 446
11 2 480
11 3 326
11 4 450
11 5 280
11 6 349
11 7 505
11 8 427
11 9 334
11 10 678
11 12 483
11 13 326
11 14 156
11 15 176
11 16 364
11 17 503
11 18 197
11 19 728
11 20 154
11 21 151
11 22 362
11 23 297
11 24 255
11 25 319
11 26 608
11 27 441
11 28 400
11 29 249
11 30 381
11 31 236
11 32 185
11 33 263
11 34 224
11 35 240
11 36 233
11 37 359
11 38 647
11 39 514
11 40 280
11 41 173
11 42 739
11 43 123
11 44 409
11 45 492
11 46 192
11 47 197
11 48 207
11 49 271
11 50 667
11 51 295
11 52 414
11 53 156
11 54 836
11 55 400
11 56 573
11 57 666
11 58 628
11 59 205
11 60 561
11 61 555
11 62 658
11 63 561
11 64 567
11 65 476
11 66 399
11 67 628
11 68 236
11 69 277
11 70 521
11 71 411
11 72 194
11 73 323
11 74 372
11 75 288
11 76 400
11 77 338
11 78 64
11 79 705
11 80 519
11 81 305
11 82 497
11 83 288
11 84 364
11 85 831
11 86 593
11 87 414
11 88 502
11 89 460
11 90 277
11 91 383
11 92 390
11 93 234
11 94 646
11 95 689
11 96 314
11 97 391
11 98 72
11 99 466
11 100 188
12 1 928
12 2 375
12 3 483
12 4 382
12 5 660
12 6 779
12 7 813
12 8 73
12 9 662
12 10 950
12 11 483
12 13 464
12 14 636
12 15 579
12 16 421
12 17 569
12 18 679
12 19 346
12 20 331
12 21 395
12 22 814
12 23 371
12 24 530
12 25 172
12 26 819
12 27 321
12 28 879
12 29 301
12 30 326
12 31 701
12 32 668
12 33 496
12 34 706
12 35 671
12 36 554
12 37 588
12 38 348
12 39 33
12 40 514
12 41 522
12 42 404
12 43 563
12 44 891
12 45 968
12 46 412
12 47 545
12 48 404
12 49 300
12 50 524
12 51 550
12 52 856
12 53 601
12 54 970
12 55 86
12 56 919
12 57 341
12 58 511
12 59 656
12 60 297
12 61 928
12 62 760
12 63 626
12 64 351
12 65 958
12 66 226
12 67 962
12 68 518
12 69 514
12 70 569
12 71 296
12 72 384
12 73 196
12 74 845
12 75 620
12 76 220
12 77 743
12 78 513
12 79 678
12 80 950
12 81 298
12 82 980
12 83 731
12 84 344
12 85 995
12 86 150
12 87 896
12 88 25
12 89 887
12 90 396
12 91 123
12 92 868
12 93 717
12 94 843
12 95 888
12 96 215
12 97 449
12 98 554
12 99 499
12 100 301
13 1 664
13 2 675
13 3 606
13 4 657
13 5 604
13 6 658
13 7 830
13 8 452
13 9 659
13 10 1003
13 11 326
13 12 464
13 14 386
13 15 245
13 16 610
13 17 774
13 18 453
13 19 800
13 20 285
13 21 192
13 22 655
13 23 95
13 24 119
13 25 389
13 26 924
13 27 620
13 28 639
13 29 437
13 30 576
13 31 530
13 32 445
13 33 83
13 34 451
13 35 318
13 36 163
13 37 667
13 38 767
13 39 482
13 40 580
13 41 187
13 42 843
13 43 446
13 44 626
13 45 736
13 46 141
13 47 517
13 48 469
13 49 461
13 50 869
13 51 604
13 52 712
13 53 300
13 54 1143
13 55 417
13 56 897
13 57 772
13 58 838
13 59 515
13 60 690
13 61 874
13 62 952
13 63 837
13 64 722
13 65 691
13 66 253
13 67 952
13 68 125
13 69 577
13 70 787
13 71 584
13 72 444
13 73 430
13 74 632
13 75 612
13 76 259
13 77 658
13 78 287
13 79 958
13 80 817
13 81 493
13 82 693
13 83 373
13 84 135
13 85 1144
13 86 612
13 87 631
13 88 469
13 89 765
13 90 79
13 91 344
13 92 634
13 93 465
13 94 961
13 95 1005
13 96 437
13 97 77
13 98 367
13 99 720
13 100 338
14 1 301
14 2 616
14 3 430
14 4 584
14 5 284
14 6 288
14 7 508
14 8 582
14 9 359
14 10 680
14 11 156
14 12 636
14 13 386
14 15 149
14 16 487
14 17 601
14 18 68
14 19 881
14 20 306
14 21 266
14 22 273
14 23 393
14 24 278
14 25 474
14 26 643
14 27 584
14 28 263
14 29 399
14 30 522
14 31 155
14 32 61
14 33 306
14 34 73
14 35 141
14 36 238
14 37 427
14 38 796
14 39 666
14 40 370
14 41 199
14 42 888
14 43 158
14 44 263
14 45 360
14 46 286
14 47 262
14 48 338
14 49 419
14 50 795
14 51 371
14 52 330
14 53 91
14 54 882
14 55 554
14 56 546
14 57 816
14 58 754
14 59 162
14 60 709
14 61 512
14 62 728
14 63 651
14 64 711
14 65 331
14 66 527
14 67 603
14 68 266
14 69 366
14 70 621
14 71 556
14 72 333
14 73 478
14 74 248
14 75 324
14 76 529
14 77 305
14 78 128
14 79 807
14 80 434
14 81 452
14 82 347
14 83 163
14 84 466
14 85 866
14 86 749
14 87 268
14 88 654
14 89 386
14 90 366
14 91 531
14 92 256
14 93 86
14 94 683
14 95 721
14 96 469
14 97 461
14 98 93
14 99 578
14 100 344
15 1 421
15 2 648
15 3 501
15 4 620
15 5 412
15 6 435
15 7 642
15 8 537
15 9 481
15 10 816
15 11 176
15 12 579
15 13 245
15 14 149
15 16 539
15 17 679
15 18 216
15 19 867
15 20 269
15 21 184
15 22 422
15 23 272
15 24 131
15 25 438
15 26 764
15 27 605
15 28 395
15 29 406
15 30 547
15 31 303
15 32 210
15 33 163
15 34 208
15 35 93
15 36 89
15 37 526
15 38 800
15 39 605
15 40 453
15 41 65
15 42 888
15 43 261
15 44 383
15 45 492
15 46 177
15 47 358
15 48 381
15 49 430
15 50 839
15 51 464
15 52 479
15 53 59
15 54 998
15 55 505
15 56 689
15 57 814
15 58 801
15 59 301
15 60 714
15 61 658
15 62 829
15 63 735
15 64 727
15 65 449
15 66 427
15 67 746
15 68 121
15 69 449
15 70 696
15 71 572
15 72 366
15 73 457
15 74 390
15 75 440
15 76 430
15 77 447
15 78 112
15 79 881
15 80 582
15 81 466
15 82 454
15 83 154
15 84 344
15 85 988
15 86 709
15 87 388
15 88 592
15 89 535
15 90 241
15 91 461
15 92 390
15 93 222
15 94 803
15 95 844
15 96 453
15 97 321
15 98 170
15 99 642
15 100 322
16 1 695
16 2 145
16 3 86
16 4 108
16 5 329
16 6 462
16 7 409
16 8 350
16 9 293
16 10 532
16 11 364
16 12 421
16 13 610
16 14 487
16 15 539
16 17 170
16 18 487
16 19 471
16 20 325
16 21 426
16 22 518
16 23 534
16 24 588
16 25 292
16 26 399
16 27 143
16 28 635
16 29 179
16 30 101
16 31 450
16 32 477
16 33 580
16 34 529
16 35 601
16 36 580
16 37 186
16 38 357
16 39 449
16 40 150
16 41 521
16 42 448
16 43 337
16 44 667
16 45 699
16 46 476
16 47 248
16 48 158
16 49 158
16 50 309
16 51 178
16 52 540
16 53 518
16 54 567
16 55 355
16 56 523
16 57 385
16 58 268
16 59 398
16 60 280
16 61 545
16 62 361
16 63 233
16 64 255
16 65 722
16 66 516
16 67 558
16 68 569
16 69 153
16 70 180
16 71 142
16 72 175
16 73 245
16 74 586
16 75 267
16 76 512
16 77 409
16 78 427
16 79 351
16 80 611
16 81 137
16 82 758
16 83 643
16 84 568
16 85 584
16 86 434
16 87 670
16 88 445
16 89 549
16 90 535
16 91 413
16 92 621
16 93 532
16 94 424
16 95 470
16 96 227
16 97 648
16 98 399
16 99 111
16 100 273
17 1 754
17 2 212
17 3 178
17 4 192
17 5 373
17 6 493
17 7 346
17 8 503
17 9 307
17 10 421
17 11 503
17 12 569
17 13 774
17 14 601
17 15 679
17 16 170
17 18 585
17 19 530
17 20 490
17 21 587
17 22 556
17 23 702
17 24 744
17 25 458
17 26 272
17 27 253
17 28 692
17 29 348
17 30 247
17 31 525
17 32 577
17 33 739
17 34 628
17 35 729
17 36 730
17 37 192
17 38 404
17 39 595
17 40 232
17 41 671
17 42 481
17 43 444
17 44 732
17 45 738
17 46 638
17 47 341
17 48 309
17 49 328
17 50 254
17 51 234
17 52 561
17 53 649
17 54 403
17 55 513
17 56 462
17 57 438
17 58 213
17 59 478
17 60 355
17 61 501
17 62 194
17 63 64
17 64 306
17 65 777
17 66 684
17 67 481
17 68 724
17 69 236
17 70 22
17 71 274
17 72 332
17 73 409
17 74 640
17 75 308
17 76 680
17 77 434
17 78 567
17 79 207
17 80 607
17 81 305
17 82 818
17 83 763
17 84 738
17 85 426
17 86 551
17 87 734
17 88 592
17 89 552
17 90 701
17 91 577
17 92 679
17 93 628
17 94 286
17 95 329
17 96 392
17 97 816
17 98 523
17 99 71
17 100 441
18 1 250
18 2 623
18 3 421
18 4 589
18 5 241
18 6 225
18 7 457
18 8 621
18 9 319
18 10 626
18 11 197
18 12 679
18 13 453
18 14 68
18 15 216
18 16 487
18 17 585
18 19 905
18 20 350
18 21 325
18 22 206
18 23 457
18 24 345
18 25 513
18 26 600
18 27 596
18 28 205
18 29 423
18 30 534
18 31 94
18 32 12
18 33 373
18 34 44
18 35 194
18 36 304
18 37 402
18 38 813
18 39 710
18 40 356
18 41 266
18 42 906
18 43 151
18 44 213
18 45 300
18 46 348
18 47 246
18 48 348
18 49 441
18 50 793
18 51 351
18 52 263
18 53 158
18 54 840
18 55 595
18 56 486
18 57 835
18 58 751
18 59 117
18 60 727
18 61 449
18 62 697
18 63 631
18 64 723
18 65 280
18 66 585
18 67 543
18 68 333
18 69 353
18 70 605
18 71 571
18 72 348
18 73 511
18 74 184
18 75 291
18 76 586
18 77 248
18 78 185
18 79 790
18 80 367
18 81 471
18 82 302
18 83 199
18 84 530
18 85 821
18 86 784
18 87 218
18 88 698
18 89 320
18 90 431
18 91 579
18 92 196
18 93 46
18 94 641
18 95 676
18 96 499
18 97 527
18 98 126
18 99 569
18 100 381
19 1 1140
19 2 336
19 3 557
19 4 370
19 5 796
19 6 929
19 7 863
19 8 349
19 9 764
19 10 950
19 11 728
19 12 346
19 13 800
19 14 881
19 15 867
19 16 471
19 17 530
19 18 905
19 20 599
19 21 692
19 22 981
19 23 706
19 24 848
19 25 432
19 26 800
19 27 330
19 28 1083
19 29 483
19 30 386
19 31 895
19 32 894
19 33 820
19 34 941
19 35 953
19 36 864
19 37 653
19 38 126
19 39 340
19 40 618
19 41 821
19 42 85
19 43 762
19 44 1108
19 45 1157
19 46 722
19 47 699
19 48 563
19 49 465
19 50 336
19 51 648
19 52 1008
19 53 874
19 54 867
19 55 384
19 56 980
19 57 93
19 58 355
19 59 843
19 60 192
19 61 1009
19 62 677
19 63 562
19 64 227
19 65 1169
19 66 571
19 67 1006
19 68 833
19 69 620
19 70 517
19 71 344
19 72 559
19 73 411
19 74 1039
19 75 737
19 76 565
19 77 878
19 78 777
19 79 523
19 80 1082
19 81 436
19 82 1200
19 83 1009
19 84 687
19 85 909
19 86 201
19 87 1112
19 88 350
19 89 1019
19 90 726
19 91 459
19 92 1070
19 93 949
19 94 808
19 95 847
19 96 417
19 97 792
19 98 790
19 99 474
19 100 547
20 1 600
20 2 402
20 3 325
20 4 380
20 5 385
20 6 482
20 7 590
20 8 278
20 9 418
20 10 755
20 11 154
20 12 331
20 13 285
20 14 306
20 15 269
20 16 325
20 17 490
20 18 350
20 19 599
20 21 106
20 22 505
20 23 216
20 24 275
20 25 173
20 26 658
20 27 352
20 28 553
20 29 156
20 30 301
20 31 383
20 32 339
20 33 260
20 34 376
20 35 355
20 36 277
20 37 397
20 38 534
20 39 361
20 40 309
20 41 227
20 42 621
20 43 252
20 44 563
20 45 644
20 46 154
20 47 276
20 48 189
20 49 181
20 50 597
20 51 338
20 52 554
20 53 278
20 54 866
20 55 249
20 56 676
20 57 547
20 58 563
20 59 344
20 60 449
20 61 668
20 62 670
20 63 552
20 64 468
20 65 630
20 66 263
20 67 727
20 68 256
20 69 306
20 70 502
20 71 317
20 72 162
20 73 189
20 74 523
20 75 370
20 76 262
20 77 459
20 78 185
20 79 674
20 80 655
20 81 216
20 82 650
20 83 413
20 84 265
20 85 872
20 86 448
20 87 567
20 88 349
20 89 594
20 90 212
20 91 230
20 92 543
20 93 387
20 94 692
20 95 738
20 96 186
20 97 328
20 98 225
20 99 436
20 100 59
21 1 567
21 2 508
21 3 415
21 4 485
21 5 426
21 6 499
21 7 646
21 8 355
21 9 473
21 10 817
21 11 151
21 12 395
21 13 192
21 14 266
21 15 184
21 16 426
21 17 587
21 18 325
21 19 692
21 20 106
21 22 509
21 23 148
21 24 169
21 25 260
21 26 733
21 27 458
21 28 528
21 29 262
21 30 406
21 31 381
21 32 314
21 33 155
21 34 339
21 35 276
21 36 174
21 37 475
21 38 634
21 39 422
21 40 388
21 41 130
21 42 719
21 43 272
21 44 529
21 45 624
21 46 52
21 47 330
21 48 279
21 49 287
21 50 703
21 51 412
21 52 562
21 53 211
21 54 951
21 55 322
21 56 720
21 57 645
21 58 669
21 59 354
21 60 550
21 61 704
21 62 761
21 63 648
21 64 572
21 65 597
21 66 261
21 67 775
21 68 151
21 69 385
21 70 600
21 71 422
21 72 255
21 73 287
21 74 508
21 75 425
21 76 263
21 77 488
21 78 140
21 79 776
21 80 667
21 81 322
21 82 610
21 83 337
21 84 214
21 85 952
21 86 527
21 87 534
21 88 409
21 89 610
21 90 131
21 91 278
21 92 520
21 93 352
21 94 770
21 95 814
21 96 287
21 97 249
21 98 211
21 99 536
21 100 164
22 1 205
22 2 662
22 3 435
22 4 626
22 5 190
22 6 65
22 7 313
22 8 748
22 9 250
22 10 464
22 11 362
22 12 814
22 13 655
22 14 273
22 15 422
22 16 518
22 17 556
22 18 206
22 19 981
22 20 505
22 21 509
22 23 650
22 24 550
22 25 642
22 26 478
22 27 653
22 28 147
22 29 524
22 30 595
22 31 128
22 32 212
22 33 577
22 34 223
22 35 391
22 36 510
22 37 367
22 38 872
22 39 846
22 40 369
22 41 469
22 42 964
22 43 255
22 44 193
22 45 183
22 46 541
22 47 284
22 48 427
22 49 534
22 50 799
22 51 345
22 52 58
22 53 363
22 54 713
22 55 729
22 56 305
22 57 899
22 58 756
22 59 161
22 60 792
22 61 257
22 62 613
22 63 585
22 64 772
22 65 224
22 66 760
22 67 360
22 68 537
22 69 366
22 70 578
22 71 638
22 72 439
22 73 626
22 74 94
22 75 256
22 76 761
22 77 124
22 78 375
22 79 747
22 80 162
22 81 555
22 82 267
22 83 378
22 84 721
22 85 683
22 86 895
22 87 194
22 88 836
22 89 116
22 90 626
22 91 732
22 92 134
22 93 211
22 94 518
22 95 544
22 96 611
22 97 729
22 98 299
22 99 566
22 100 517
23 1 687
23 2 589
23 3 540
23 4 574
23 5 573
23 6 644
23 7 791
23 8 358
23 9 618
23 10 961
23 11 297
23 12 371
23 13 95
23 14 393
23 15 272
23 16 534
23 17 702
23 18 457
23 19 706
23 20 216
23 21 148
23 22 650
23 24 174
23 25 297
23 26 871
23 27 533
23 28 655
23 29 358
23 30 492
23 31 523
23 32 448
23 33 136
23 34 464
23 35 359
23 36 210
23 37 611
23 38 673
23 39 390
23 40 523
23 41 207
23 42 749
23 43 419
23 44 649
23 45 752
23 46 110
23 47 474
23 48 404
23 49 381
23 50 781
23 51 550
23 52 705
23 53 319
23 54 1082
23 55 322
23 56 867
23 57 678
23 58 752
23 59 499
23 60 597
23 61 851
23 62 885
23 63 765
23 64 631
23 65 716
23 66 169
23 67 921
23 68 169
23 69 520
23 70 713
23 71 497
23 72 378
23 73 340
23 74 641
23 75 570
23 76 174
23 77 635
23 78 276
23 79 879
23 80 810
23 81 412
23 82 724
23 83 418
23 84 74
23 85 1087
23 86 519
23 87 654
23 88 377
23 89 754
23 90 32
23 91 250
23 92 648
23 93 478
23 94 906
23 95 952
23 96 348
23 97 114
23 98 352
23 99 645
23 100 262
24 1 546
24 2 676
24 3 568
24 4 653
24 5 523
24 6 560
24 7 753
24 8 503
24 9 585
24 10 927
24 11 255
24 12 530
24 13 119
24 14 278
24 15 131
24 16 588
24 17 744
24 18 345
24 19 848
24 20 275
24 21 169
24 22 550
24 23 174
24 25 419
24 26 862
24 27 626
24 28 523
24 29 430
24 30 574
24 31 429
24 32 339
24 33 40
24 34 338
24 35 199
24 36 45
24 37 612
24 38 798
24 39 552
24 40 531
24 41 86
24 42 881
24 43 365
24 44 509
24 45 620
24 46 128
24 47 451
24 48 435
24 49 455
24 50 871
24 51 549
24 52 608
24 53 189
24 54 1090
24 55 468
24 56 809
24 57 808
24 58 836
24 59 421
24 60 716
24 61 781
24 62 909
24 63 804
24 64 740
24 65 573
24 66 343
24 67 866
24 68 20
24 69 527
24 70 759
24 71 591
24 72 414
24 73 451
24 74 520
24 75 541
24 76 347
24 77 567
24 78 202
24 79 938
24 80 712
24 81 490
24 82 574
24 83 255
24 84 239
24 85 1085
24 86 672
24 87 514
24 88 539
24 89 663
24 90 144
24 91 407
24 92 519
24 93 352
24 94 901
24 95 943
24 96 453
24 97 195
24 98 278
24 99 698
24 100 333
25 1 761
25 2 304
25 3 337
25 4 295
25 5 491
25 6 608
25 7 656
25 8 109
25 9 499
25 10 804
25 11 319
25 12 172
25 13 389
25 14 474
25 15 438
25 16 292
25 17 458
25 18 513
25 19 432
25 20 173
25 21 260
25 22 642
25 23 297
25 24 419
25 26 683
25 27 246
25 28 710
25 29 137
25 30 218
25 31 530
25 32 501
25 33 394
25 34 542
25 35 527
25 36 433
25 37 437
25 38 381
25 39 204
25 40 356
25 41 390
25 42 462
25 43 391
25 44 725
25 45 797
25 46 293
25 47 375
25 48 238
25 49 145
25 50 490
25 51 391
25 52 685
25 53 451
25 54 859
25 55 87
25 56 759
25 57 389
25 58 464
25 59 484
25 60 302
25 61 763
25 62 651
25 63 520
25 64 335
25 65 791
25 66 228
25 67 804
25 68 403
25 69 355
25 70 463
25 71 210
25 72 216
25 73 51
25 74 675
25 75 454
25 76 224
25 77 573
25 78 357
25 79 607
25 80 780
25 81 156
25 82 814
25 83 585
25 84 305
25 85 876
25 86 276
25 87 729
25 88 194
25 89 716
25 90 310
25 91 121
25 92 699
25 93 552
25 94 711
25 95 758
25 96 67
25 97 402
25 98 388
25 99 391
25 100 132
26 1 680
26 2 482
26 3 348
26 4 458
26 5 360
26 6 417
26 7 169
26 8 749
26 9 285
26 10 151
26 11 608
26 12 819
26 13 924
26 14 643
26 15 764
26 16 399
26 17 272
26 18 600
26 19 800
26 20 658
26 21 733
26 22 478
26 23 871
26 24 862
26 25 683
26 27 517
26 28 624
26 29 552
26 30 496
26 31 513
26 32 597
26 33 869
26 34 638
26 35 783
26 36 836
26 37 261
26 38 674
26 39 848
26 40 349
26 41 778
26 42 745
26 43 503
26 44 671
26 45 633
26 46 783
26 47 412
26 48 473
26 49 540
26 50 497
26 51 322
26 52 455
26 53 717
26 54 241
26 55 752
26 56 249
26 57 708
26 58 462
26 59 484
26 60 626
26 61 305
26 62 171
26 63 241
26 64 577
26 65 695
26 66 894
26 67 243
26 68 843
26 69 352
26 70 284
26 71 531
26 72 500
26 73 639
26 74 572
26 75 324
26 76 892
26 77 367
26 78 663
26 79 355
26 80 452
26 81 529
26 82 740
26 83 798
26 84 922
26 85 225
26 86 818
26 87 671
26 88 843
26 89 418
26 90 861
26 91 804
26 92 611
26 93 633
26 94 41
26 95 82
26 96 620
26 97 980
26 98 594
26 99 337
26 100 624
27 1 820
27 2 59
27 3 228
27 4 63
27 5 467
27 6 600
27 7 548
27 8 259
27 9 435
27 10 659
27 11 441
27 12 321
27 13 620
27 14 584
27 15 605
27 16 143
27 17 253
27 18 596
27 19 330
27 20 352
27 21 458
27 22 653
27 23 533
27 24 626
27 25 246
27 26 517
27 28 761
27 29 200
27 30 62
27 31 574
27 32 586
27 33 609
27 34 636
27 35 680
27 36 628
27 37 328
27 38 221
27 39 345
27 40 288
27 41 574
27 42 314
27 43 447
27 44 789
27 45 831
27 46 503
27 47 373
27 48 248
27 49 175
27 50 249
27 51 318
27 52 678
27 53 596
27 54 650
27 55 276
27 56 663
27 57 247
27 58 220
27 59 521
27 60 140
27 61 687
27 62 441
27 63 307
27 64 128
27 65 848
27 66 470
27 67 695
27 68 608
27 69 290
27 70 250
27 71 37
27 72 252
27 73 197
27 74 715
27 75 407
27 76 465
27 77 548
27 78 500
27 79 366
27 80 752
27 81 139
27 82 881
27 83 729
27 84 549
27 85 677
27 86 302
27 87 793
27 88 343
27 89 690
27 90 542
27 91 351
27 92 748
27 93 641
27 94 536
27 95 580
27 96 186
27 97 643
27 98 492
27 99 184
27 100 294
28 1 62
28 2 778
28 3 556
28 4 742
28 5 320
28 6 210
28 7 458
28 8 818
28 9 389
28 10 600
28 11 400
28 12 879
28 13 639
28 14 263
28 15 395
28 16 635
28 17 692
28 18 205
28 19 1083
28 20 553
28 21 528
28 22 147
28 23 655
28 24 523
28 25 710
28 26 624
28 27 761
28 29 608
28 30 701
28 31 189
28 32 216
28 33 557
28 34 191
28 35 335
28 36 480
28 37 502
28 38 982
28 39 910
28 40 488
28 41 454
28 42 1075
28 43 325
28 44 49
28 45 98
28 46 548
28 47 389
28 48 520
28 49 623
28 50 928
28 51 470
28 52 176
28 53 340
28 54 857
28 55 795
28 56 435
28 57 1007
28 58 885
28 59 241
28 60 898
28 61 381
28 62 758
28 63 725
28 64 885
28 65 88
28 66 789
28 67 487
28 68 515
28 69 485
28 70 714
28 71 741
28 72 527
28 73 703
28 74 54
28 75 386
28 76 790
28 77 267
28 78 388
28 79 888
28 80 242
28 81 649
28 82 126
28 83 301
28 84 728
28 85 826
28 86 977
28 87 48
28 88 899
28 89 230
28 90 627
28 91 782
28 92 14
28 93 178
28 94 663
28 95 688
28 96 690
28 97 715
28 98 329
28 99 695
28 100 579
29 1 663
29 2 247
29 3 205
29 4 224
29 5 361
29 6 484
29 7 520
29 8 230
29 9 363
29 10 669
29 11 249
29 12 301
29 13 437
29 14 399
29 15 406
29 16 179
29 17 348
29 18 423
29 19 483
29 20 156
29 21 262
29 22 524
29 23 358
29 24 430
29 25 137
29 26 552
29 27 200
29 28 608
29 30 145
29 31 422
29 32 412
29 33 415
29 34 459
29 35 484
29 36 429
29 37 301
29 38 399
29 39 333
29 40 219
29 41 375
29 42 491
29 43 284
29 44 629
29 45 690
29 46 309
29 47 247
29 48 104
29 49 26
29 50 442
29 51 255
29 52 562
29 53 401
29 54 740
29 55 219
29 56 623
29 57 418
29 58 407
29 59 372
29 60 312
29 61 629
29 62 536
29 63 411
29 64 322
29 65 693
29 66 344
29 67 667
29 68 411
29 69 219
29 70 358
29 71 166
29 72 86
29 73 105
29 74 568
29 75 320
29 76 341
29 77 444
29 78 304
29 79 522
29 80 653
29 81 62
29 82 721
29 83 535
29 84 390
29 85 753
29 86 371
29 87 633
29 88 324
29 89 589
29 90 360
29 91 254
29 92 596
29 93 466
29 94 582
29 95 629
29 96 88
29 97 471
29 98 307
29 99 288
29 100 100
30 1 760
30 2 103
30 3 180
30 4 82
30 5 411
30 6 543
30 7 509
30 8 257
30 9 384
30 10 631
30 11 381
30 12 326
30 13 576
30 14 522
30 15 547
30 16 101
30 17 247
30 18 534
30 19 386
30 20 301
30 21 406
30 22 595
30 23 492
30 24 574
30 25 218
30 26 496
30 27 62
30 28 701
30 29 145
30 31 513
30 32 524
30 33 559
30 34 574
30 35 620
30 36 573
30 37 285
30 38 282
30 39 353
30 40 234
30 41 519
30 42 375
30 43 386
30 44 728
30 45 772
30 46 453
30 47 314
30 48 187
30 49 120
30 50 297
30 51 267
30 52 622
30 53 536
30 54 649
30 55 267
30 56 622
30 57 306
30 58 263
30 59 461
30 60 198
30 61 642
30 62 439
30 63 306
30 64 189
30 65 787
30 66 446
30 67 658
30 68 556
30 69 236
30 70 249
30 71 44
30 72 190
30 73 168
30 74 655
30 75 353
30 76 442
30 77 493
30 78 441
30 79 391
30 80 700
30 81 85
30 82 820
30 83 669
30 84 515
30 85 671
30 86 334
30 87 732
30 88 349
30 89 636
30 90 498
30 91 334
30 92 688
30 93 579
30 94 518
30 95 563
30 96 153
30 97 604
30 98 431
30 99 177
30 100 243
31 1 247
31 2 592
31 3 375
31 4 557
31 5 161
31 6 133
31 7 365
31 8 637
31 9 239
31 10 534
31 11 236
31 12 701
31 13 530
31 14 155
31 15 303
31 16 450
31 17 525
31 18 94
31 19 895
31 20 383
31 21 381
31 22 128
31 23 523
31 24 429
31 25 530
31 26 513
31 27 574
31 28 189
31 29 422
31 30 513
31 32 96
31 33 453
31 34 127
31 35 288
31 36 390
31 37 336
31 38 794
31 39 733
31 40 308
31 41 346
31 42 887
31 43 140
31 44 217
31 45 269
31 46 414
31 47 203
31 48 332
31 49 435
31 50 750
31 51 294
31 52 183
31 53 245
31 54 754
31 55 616
31 56 393
31 57 819
31 58 707
31 59 53
31 60 710
31 61 357
31 62 621
31 63 566
31 64 698
31 65 275
31 66 635
31 67 450
31 68 415
31 69 304
31 70 547
31 71 553
31 72 339
31 73 519
31 74 147
31 75 220
31 76 635
31 77 155
31 78 248
31 79 728
31 80 288
31 81 461
31 82 309
31 83 290
31 84 594
31 85 733
31 86 792
31 87 220
31 88 722
31 89 235
31 90 499
31 91 612
31 92 176
31 93 120
31 94 554
31 95 588
31 96 505
31 97 603
31 98 172
31 99 519
31 100 401
32 1 262
32 2 613
32 3 413
32 4 579
32 5 238
32 6 228
32 7 456
32 8 609
32 9 315
32 10 626
32 11 185
32 12 668
32 13 445
32 14 61
32 15 210
32 16 477
32 17 577
32 18 12
32 19 894
32 20 339
32 21 314
32 22 212
32 23 448
32 24 339
32 25 501
32 26 597
32 27 586
32 28 216
32 29 412
32 30 524
32 31 96
32 33 366
32 34 52
32 35 193
32 36 299
32 37 396
32 38 802
32 39 698
32 40 348
32 41 259
32 42 895
32 43 141
32 44 224
32 45 310
32 46 339
32 47 238
32 48 338
32 49 430
32 50 784
32 51 344
32 52 269
32 53 152
32 54 837
32 55 584
32 56 488
32 57 824
32 58 742
32 59 113
32 60 716
32 61 452
32 62 692
32 63 624
32 64 713
32 65 292
32 66 574
32 67 545
32 68 326
32 69 344
32 70 598
32 71 560
32 72 338
32 73 499
32 74 194
32 75 286
32 76 576
32 77 249
32 78 175
32 79 783
32 80 373
32 81 460
32 82 314
32 83 202
32 84 520
32 85 819
32 86 772
32 87 229
32 88 687
32 89 325
32 90 422
32 91 568
32 92 207
32 93 56
32 94 638
32 95 674
32 96 488
32 97 520
32 98 114
32 99 560
32 100 369
33 1 581
33 2 661
33 3 565
33 4 639
33 5 538
33 6 583
33 7 766
33 8 473
33 9 597
33 10 940
33 11 263
33 12 496
33 13 83
33 14 306
33 15 163
33 16 580
33 17 739
33 18 373
33 19 820
33 20 260
33 21 155
33 22 577
33 23 136
33 24 40
33 25 394
33 26 869
33 27 609
33 28 557
33 29 415
33 30 559
33 31 453
33 32 366
33 34 369
33 35 237
33 36 82
33 37 616
33 38 774
33 39 518
33 40 532
33 41 108
33 42 855
33 43 379
33 44 544
33 45 654
33 46 107
33 47 459
33 48 430
33 49 440
33 50 855
33 51 552
33 52 634
33 53 219
33 54 1094
33 55 437
33 56 827
33 57 782
33 58 822
33 59 442
33 60 693
33 61 802
33 62 909
33 63 800
33 64 719
33 65 609
33 66 304
33 67 883
33 68 43
33 69 529
33 70 753
33 71 573
33 72 408
33 73 429
33 74 551
33 75 551
33 76 309
33 77 586
33 78 216
33 79 930
33 80 738
33 81 475
33 82 611
33 83 294
33 84 199
33 85 1091
33 86 641
33 87 549
33 88 505
33 89 688
33 90 106
33 91 374
33 92 552
33 93 383
33 94 907
33 95 950
33 96 432
33 97 159
33 98 295
33 99 690
33 100 317
34 1 229
34 2 664
34 3 464
34 4 630
34 5 281
34 6 252
34 7 492
34 8 650
34 9 360
34 10 660
34 11 224
34 12 706
34 13 451
34 14 73
34 15 208
34 16 529
34 17 628
34 18 44
34 19 941
34 20 376
34 21 339
34 22 223
34 23 464
34 24 338
34 25 542
34 26 638
34 27 636
34 28 191
34 29 459
34 30 574
34 31 127
34 32 52
34 33 369
34 35 169
34 36 296
34 37 445
34 38 852
34 39 736
34 40 399
34 41 265
34 42 944
34 43 192
34 44 190
34 45 289
34 46 357
34 47 289
34 48 388
34 49 477
34 50 836
34 51 394
34 52 280
34 53 151
34 54 879
34 55 623
34 56 514
34 57 873
34 58 794
34 59 158
34 60 765
34 61 474
34 62 739
34 63 674
34 64 763
34 65 258
34 66 600
34 67 571
34 68 328
34 69 395
34 70 648
34 71 610
34 72 386
34 73 543
34 74 182
34 75 333
34 76 602
34 77 282
34 78 200
34 79 833
34 80 380
34 81 508
34 82 275
34 83 163
34 84 537
34 85 859
34 86 815
34 87 195
34 88 724
34 89 338
34 90 436
34 91 602
34 92 185
34 93 15
34 94 679
34 95 714
34 96 532
34 97 526
34 98 155
34 99 612
34 100 411
35 1 351
35 2 719
35 3 554
35 4 689
35 5 424
35 6 418
35 7 648
35 8 627
35 9 499
35 10 819
35 11 240
35 12 671
35 13 318
35 14 141
35 15 93
35 16 601
35 17 729
35 18 194
35 19 953
35 20 355
35 21 276
35 22 391
35 23 359
35 24 199
35 25 527
35 26 783
35 27 680
35 28 335
35 29 484
35 30 620
35 31 288
35 32 193
35 33 237
35 34 169
35 36 156
35 37 563
35 38 881
35 39 698
35 40 498
35 41 155
35 42 971
35 43 291
35 44 314
35 45 429
35 46 269
35 47 395
35 48 445
35 49 507
35 50 906
35 51 504
35 52 448
35 53 84
35 54 1022
35 55 596
35 56 679
35 57 897
35 58 867
35 59 302
35 60 795
35 61 641
35 62 865
35 63 782
35 64 804
35 65 377
35 66 518
35 67 737
35 68 196
35 69 494
35 70 748
35 71 648
35 72 433
35 73 543
35 74 341
35 75 464
35 76 521
35 77 441
35 78 180
35 79 934
35 80 546
35 81 542
35 82 376
35 83 62
35 84 429
35 85 1007
35 86 800
35 87 319
35 88 685
35 89 506
35 90 328
35 91 554
35 92 333
35 93 181
35 94 824
35 95 862
35 96 538
35 97 393
35 98 206
35 99 699
35 100 406
36 1 502
36 2 676
36 3 553
36 4 650
36 5 492
36 6 522
36 7 722
36 8 522
36 9 557
36 10 896
36 11 233
36 12 554
36 13 163
36 14 238
36 15 89
36 16 580
36 17 730
36 18 304
36 19 864
36 20 277
36 21 174
36 22 510
36 23 210
36 24 45
36 25 433
36 26 836
36 27 628
36 28 480
36 29 429
36 30 573
36 31 390
36 32 299
36 33 82
36 34 296
36 35 156
36 37 591
36 38 808
36 39 577
36 40 512
36 41 60
36 42 893
36 43 336
36 44 465
36 45 576
36 46 143
36 47 426
36 48 424
36 49 454
36 50 869
36 51 527
36 52 567
36 53 147
36 54 1067
36 55 487
36 56 774
36 57 819
36 58 833
36 59 385
36 60 724
36 61 745
36 62 890
36 63 789
36 64 744
36 65 529
36 66 376
36 67 831
36 68 42
36 69 508
36 70 746
36 71 593
36 72 405
36 73 461
36 74 477
36 75 513
36 76 381
36 77 531
36 78 174
36 79 928
36 80 671
36 81 490
36 82 530
36 83 212
36 84 278
36 85 1060
36 86 693
36 87 470
36 88 564
36 89 623
36 90 179
36 91 432
36 92 476
36 93 310
36 94 875
36 95 917
36 96 460
36 97 239
36 98 246
36 99 687
36 100 335
37 1 563
37 2 319
37 3 107
37 4 284
37 5 182
37 6 305
37 7 226
37 8 516
37 9 120
37 10 368
37 11 359
37 12 588
37 13 667
37 14 427
37 15 526
37 16 186
37 17 192
37 18 402
37 19 653
37 20 397
37 21 475
37 22 367
37 23 611
37 24 612
37 25 437
37 26 261
37 27 328
37 28 502
37 29 301
37 30 285
37 31 336
37 32 396
37 33 616
37 34 445
37 35 563
37 36 591
37 38 534
37 39 619
37 40 89
37 41 532
37 42 622
37 43 272
37 44 541
37 45 549
37 46 526
37 47 169
37 48 214
37 49 293
37 50 433
37 51 64
37 52 377
37 53 487
37 54 479
37 55 513
37 56 338
37 57 564
37 58 390
37 59 291
37 60 463
37 61 359
37 62 304
37 63 230
37 64 430
37 65 586
37 66 638
37 67 376
37 68 593
37 69 92
37 70 213
37 71 328
37 72 241
37 73 397
37 74 449
37 75 117
37 76 636
37 77 247
37 78 419
37 79 392
37 80 435
37 81 291
37 82 627
37 83 590
37 84 661
37 85 478
37 86 617
37 87 543
37 88 612
37 89 375
37 90 602
37 91 555
37 92 488
37 93 444
37 94 296
37 95 341
37 96 378
37 97 721
37 98 360
37 99 201
37 100 366
38 1 1041
38 2 216
38 3 442
38 4 251
38 5 685
38 6 818
38 7 740
38 8 325
38 9 647
38 10 824
38 11 647
38 12 348
38 13 767
38 14 796
38 15 800
38 16 357
38 17 404
38 18 813
38 19 126
38 20 534
38 21 634
38 22 872
38 23 673
38 24 798
38 25 381
38 26 674
38 27 221
38 28 982
38 29 399
38 30 282
38 31 794
38 32 802
38 33 774
38 34 852
38 35 881
38 36 808
38 37 534
38 39 354
38 40 505
38 41 760
38 42 94
38 43 666
38 44 1009
38 45 1051
38 46 671
38 47 594
38 48 466
38 49 378
38 50 222
38 51 534
38 52 896
38 53 799
38 54 746
38 55 358
38 56 857
38 57 34
38 58 234
38 59 742
38 60 87
38 61 888
38 62 554
38 63 436
38 64 104
38 65 1068
38 66 561
38 67 882
38 68 781
38 69 508
38 70 391
38 71 243
38 72 466
38 73 348
38 74 935
38 75 623
38 76 555
38 77 765
38 78 702
38 79 407
38 80 966
38 81 344
38 82 1102
38 83 934
38 84 667
38 85 787
38 86 233
38 87 1013
38 88 360
38 89 904
38 90 690
38 91 440
38 92 968
38 93 858
38 94 682
38 95 721
38 96 348
38 97 771
38 98 704
38 99 350
38 100 478
39 1 959
39 2 397
39 3 513
39 4 407
39 5 692
39 6 811
39 7 844
39 8 104
39 9 694
39 10 980
39 11 514
39 12 33
39 13 482
39 14 666
39 15 605
39 16 449
39 17 595
39 18 710
39 19 340
39 20 361
39 21 422
39 22 846
39 23 390
39 24 552
39 25 204
39 26 848
39 27 345
39 28 910
39 29 333
39 30 353
39 31 733
39 32 698
39 33 518
39 34 736
39 35 698
39 36 577
39 37 619
39 38 354
39 40 545
39 41 548
39 42 403
39 43 594
39 44 922
39 45 999
39 46 436
39 47 577
39 48 436
39 49 332
39 50 539
39 51 581
39 52 888
39 53 629
39 54 994
39 55 118
39 56 951
39 57 343
39 58 528
39 59 688
39 60 310
39 61 960
39 62 785
39 63 651
39 64 365
39 65 989
39 66 237
39 67 993
39 68 541
39 69 546
39 70 594
39 71 322
39 72 416
39 73 228
39 74 877
39 75 652
39 76 231
39 77 775
39 78 543
39 79 697
39 80 983
39 81 329
39 82 1011
39 83 758
39 84 357
39 85 1020
39 86 140
39 87 927
39 88 14
39 89 919
39 90 416
39 91 146
39 92 900
39 93 747
39 94 870
39 95 916
39 96 246
39 97 462
39 98 585
39 99 525
39 100 332
40 1 549
40 2 294
40 3 68
40 4 258
40 5 180
40 6 313
40 7 301
40 8 442
40 9 153
40 10 454
40 11 280
40 12 514
40 13 580
40 14 370
40 15 453
40 16 150
40 17 232
40 18 356
40 19 618
40 20 309
40 21 388
40 22 369
40 23 523
40 24 531
40 25 356
40 26 349
40 27 288
40 28 488
40 29 219
40 30 234
40 31 308
40 32 348
40 33 532
40 34 399
40 35 498
40 36 512
40 37 89
40 38 505
40 39 545
40 41 452
40 42 597
40 43 213
40 44 522
40 45 550
40 46 439
40 47 111
40 48 126
40 49 215
40 50 443
40 51 37
40 52 391
40 53 419
40 54 563
40 55 436
40 56 406
40 57 533
40 58 400
40 59 257
40 60 427
40 61 417
40 62 379
40 63 284
40 64 404
40 65 575
40 66 551
40 67 449
40 68 511
40 69 4
40 70 252
40 71 278
40 72 153
40 73 320
40 74 439
40 75 120
40 76 549
40 77 261
40 78 342
40 79 438
40 80 466
40 81 219
40 82 613
40 83 532
40 84 573
40 85 565
40 86 558
40 87 526
40 88 538
40 89 403
40 90 514
40 91 472
40 92 475
40 93 401
40 94 384
40 95 430
40 96 300
40 97 633
40 98 293
40 99 213
40 100 277
41 1 483
41 2 621
41 3 494
41 4 595
41 5 438
41 6 476
41 7 667
41 8 484
41 9 500
41 10 841
41 11 173
41 12 522
41 13 187
41 14 199
41 15 65
41 16 521
41 17 671
41 18 266
41 19 821
41 20 227
41 21 130
41 22 469
41 23 207
41 24 86
41 25 390
41 26 778
41 27 574
41 28 454
41 29 375
41 30 519
41 31 346
41 32 259
41 33 108
41 34 265
41 35 155
41 36 60
41 37 532
41 38 760
41 39 548
41 40 452
41 42 846
41 43 280
41 44 445
41 45 551
41 46 115
41 47 368
41 48 365
41 49 400
41 50 814
41 51 468
41 52 526
41 53 115
41 54 1008
41 55 451
41 56 723
41 57 772
41 58 777
41 59 336
41 60 675
41 61 696
41 62 831
41 63 730
41 64 693
41 65 511
41 66 363
41 67 780
41 68 70
41 69 449
41 70 687
41 71 540
41 72 346
41 73 414
41 74 446
41 75 456
41 76 367
41 77 481
41 78 116
41 79 869
41 80 631
41 81 436
41 82 517
41 83 216
41 84 280
41 85 1002
41 86 657
41 87 450
41 88 535
41 89 580
41 90 177
41 91 403
41 92 449
41 93 279
41 94 817
41 95 860
41 96 412
41 97 263
41 98 192
41 99 629
41 100 283
42 1 1134
42 2 305
42 3 532
42 4 341
42 5 776
42 6 909
42 7 822
42 8 394
42 9 736
42 10 896
42 11 739
42 12 404
42 13 843
42 14 888
42 15 888
42 16 448
42 17 481
42 18 906
42 19 85
42 20 621
42 21 719
42 22 964
42 23 749
42 24 881
42 25 462
42 26 745
42 27 314
42 28 1075
42 29 491
42 30 375
42 31 887
42 32 895
42 33 855
42 34 944
42 35 971
42 36 893
42 37 622
42 38 94
42 39 403
42 40 597
42 41 846
42 43 759
42 44 1103
42 45 1144
42 46 754
42 47 687
42 48 559
42 49 470
42 50 265
42 51 624
42 52 987
42 53 889
42 54 796
42 55 429
42 56 939
42 57 75
42 58 289
42 59 835
42 60 180
42 61 972
42 62 613
42 63 505
42 64 193
42 65 1162
42 66 625
42 67 961
42 68 865
42 69 599
42 70 465
42 71 336
42 72 559
42 73 433
42 74 1028
42 75 714
42 76 619
42 77 856
42 78 792
42 79 450
42 80 1055
42 81 437
42 82 1195
42 83 1025
42 84 737
42 85 840
42 86 268
42 87 1106
42 88 411
42 89 994
42 90 767
42 91 508
42 92 1061
42 93 951
42 94 750
42 95 787
42 96 435
42 97 842
42 98 796
42 99 432
42 100 566
43 1 380
43 2 473
43 3 274
43 4 438
43 5 159
43 6 232
43 7 388
43 8 498
43 9 221
43 10 562
43 11 123
43 12 563
43 13 446
43 14 158
43 15 261
43 16 337
43 17 444
43 18 151
43 19 762
43 20 252
43 21 272
43 22 255
43 23 419
43 24 365
43 25 391
43 26 503
43 27 447
43 28 325
43 29 284
43 30 386
43 31 140
43 32 141
43 33 379
43 34 192
43 35 291
43 36 336
43 37 272
43 38 666
43 39 594
43 40 213
43 41 280
43 42 759
43 44 347
43 45 408
43 46 314
43 47 105
43 48 200
43 49 299
43 50 644
43 51 214
43 52 302
43 53 217
43 54 738
43 55 477
43 56 451
43 57 689
43 58 602
43 59 94
43 60 580
43 61 432
43 62 575
43 63 494
43 64 574
43 65 409
43 66 511
43 67 507
43 68 348
43 69 209
43 70 464
43 71 423
43 72 204
43 73 380
43 74 286
43 75 179
43 76 511
43 77 216
43 78 165
43 79 650
43 80 404
43 81 327
43 82 439
43 83 320
43 84 485
43 85 728
43 86 653
43 87 351
43 88 584
43 89 344
43 90 400
43 91 477
43 92 313
43 93 196
43 94 543
43 95 584
43 96 366
43 97 513
43 98 92
43 99 422
43 100 264
44 1 39
44 2 809
44 3 590
44 4 773
44 5 359
44 6 256
44 7 505
44 8 833
44 9 430
44 10 648
44 11 409
44 12 891
44 13 626
44 14 263
44 15 383
44 16 667
44 17 732
44 18 213
44 19 1108
44 20 563
44 21 529
44 22 193
44 23 649
44 24 509
44 25 725
44 26 671
44 27 789
44 28 49
44 29 629
44 30 728
44 31 217
44 32 224
44 33 544
44 34 190
44 35 314
44 36 465
44 37 541
44 38 1009
44 39 922
44 40 522
44 41 445
44 42 1103
44 43 347
44 45 118
44 46 544
44 47 419
44 48 545
44 49 645
44 50 964
44 51 506
44 52 224
44 53 331
44 54 905
44 55 808
44 56 483
44 57 1033
44 58 921
44 59 269
44 60 925
44 61 428
44 62 803
44 63 766
44 64 914
44 65 69
44 66 789
44 67 535
44 68 502
44 69 519
44 70 754
44 71 768
44 72 550
44 73 721
44 74 100
44 75 424
44 76 791
44 77 311
44 78 390
44 79 929
44 80 287
44 81 673
44 82 93
44 83 274
44 84 722
44 85 873
44 86 994
44 87 6
44 88 910
44 89 277
44 90 620
44 91 791
44 92 60
44 93 178
44 94 710
44 95 735
44 96 708
44 97 702
44 98 338
44 99 732
44 100 593
45 1 89
45 2 843
45 3 617
45 4 807
45 5 373
45 6 245
45 7 464
45 8 905
45 9 431
45 10 586
45 11 492
45 12 968
45 13 736
45 14 360
45 15 492
45 16 699
45 17 738
45 18 300
45 19 1157
45 20 644
45 21 624
45 22 183
45 23 752
45 24 620
45 25 797
45 26 633
45 27 831
45 28 98
45 29 690
45 30 772
45 31 269
45 32 310
45 33 654
45 34 289
45 35 429
45 36 576
45 37 549
45 38 1051
45 39 999
45 40 550
45 41 551
45 42 1144
45 43 408
45 44 118
45 46 645
45 47 459
45 48 597
45 49 702
45 50 981
45 51 527
45 52 182
45 53 437
45 54 857
45 55 883
45 56 417
45 57 1078
45 58 938
45 59 318
45 60 969
45 61 358
45 62 781
45 63 763
45 64 952
45 65 80
45 66 884
45 67 463
45 68 612
45 69 547
45 70 759
45 71 814
45 72 606
45 73 787
45 74 123
45 75 438
45 76 886
45 77 304
45 78 484
45 79 925
45 80 202
45 81 726
45 82 121
45 83 391
45 84 825
45 85 819
45 86 1060
45 87 113
45 88 988
45 89 217
45 90 724
45 91 874
45 92 105
45 93 275
45 94 670
45 95 689
45 96 773
45 97 812
45 98 422
45 99 748
45 100 667
46 1 583
46 2 554
46 3 467
46 4 533
46 5 470
46 6 536
46 7 693
46 8 379
46 9 521
46 10 865
46 11 192
46 12 412
46 13 141
46 14 286
46 15 177
46 16 476
46 17 638
46 18 348
46 19 722
46 20 154
46 21 52
46 22 541
46 23 110
46 24 128
46 25 293
46 26 783
46 27 503
46 28 548
46 29 309
46 30 453
46 31 414
46 32 339
46 33 107
46 34 357
46 35 269
46 36 143
46 37 526
46 38 671
46 39 436
46 40 439
46 41 115
46 42 754
46 43 314
46 44 544
46 45 645
46 47 378
46 48 331
46 49 334
46 50 749
46 51 463
46 52 596
46 53 217
46 54 1002
46 55 345
46 56 764
46 57 681
46 58 716
46 59 391
46 60 589
46 61 746
46 62 812
46 63 700
46 64 614
46 65 612
46 66 251
46 67 819
46 68 111
46 69 437
46 70 651
46 71 467
46 72 307
46 73 324
46 74 532
46 75 473
46 76 254
46 77 529
46 78 167
46 79 826
46 80 701
46 81 369
46 82 622
46 83 330
46 84 182
46 85 1003
46 86 550
46 87 549
46 88 423
46 89 645
46 90 87
46 91 291
46 92 541
46 93 371
46 94 820
46 95 865
46 96 327
46 97 201
46 98 244
46 99 587
46 100 210
47 1 449
47 2 390
47 3 176
47 4 354
47 5 116
47 6 238
47 7 318
47 8 475
47 9 145
47 10 487
47 11 197
47 12 545
47 13 517
47 14 262
47 15 358
47 16 248
47 17 341
47 18 246
47 19 699
47 20 276
47 21 330
47 22 284
47 23 474
47 24 451
47 25 375
47 26 412
47 27 373
47 28 389
47 29 247
47 30 314
47 31 203
47 32 238
47 33 459
47 34 289
47 35 395
47 36 426
47 37 169
47 38 594
47 39 577
47 40 111
47 41 368
47 42 687
47 43 105
47 44 419
47 45 459
47 46 378
47 48 145
47 49 253
47 50 550
47 51 110
47 52 318
47 53 319
47 54 641
47 55 461
47 56 401
47 57 620
47 58 507
47 59 151
47 60 511
47 61 396
47 62 472
47 63 390
47 64 497
47 65 476
47 66 536
47 67 452
47 68 432
47 69 107
47 70 361
47 71 356
47 72 162
47 73 351
47 74 342
47 75 96
47 76 535
47 77 199
47 78 253
47 79 547
47 80 407
47 81 272
47 82 511
47 83 424
47 84 534
47 85 635
47 86 614
47 87 423
47 88 567
47 89 343
47 90 460
47 91 479
47 92 375
47 93 291
47 94 450
47 95 493
47 96 334
47 97 578
47 98 191
47 99 323
47 100 265
48 1 578
48 2 279
48 3 137
48 4 247
48 5 258
48 6 383
48 7 423
48 8 333
48 9 262
48 10 579
48 11 207
48 12 404
48 13 469
48 14 338
48 15 381
48 16 158
48 17 309
48 18 348
48 19 563
48 20 189
48 21 279
48 22 427
48 23 404
48 24 435
48 25 238
48 26 473
48 27 248
48 28 520
48 29 104
48 30 187
48 31 332
48 32 338
48 33 430
48 34 388
48 35 445
48 36 424
48 37 214
48 38 466
48 39 436
48 40 126
48 41 365
48 42 559
48 43 200
48 44 545
48 45 597
48 46 331
48 47 145
48 49 109
48 50 462
48 51 159
48 52 462
48 53 361
48 54 678
48 55 322
48 56 522
48 57 489
48 58 422
48 59 281
48 60 380
48 61 526
48 62 483
48 63 370
48 64 375
48 65 606
48 66 426
48 67 569
48 68 416
48 69 125
48 70 324
48 71 224
48 72 27
48 73 208
48 74 477
48 75 217
48 76 424
48 77 342
48 78 270
48 79 505
48 80 551
48 81 130
48 82 638
48 83 489
48 84 450
48 85 684
48 86 469
48 87 549
48 88 427
48 89 487
48 90 399
48 91 350
48 92 508
48 93 393
48 94 506
48 95 552
48 96 191
48 97 516
48 98 247
48 99 264
48 100 152
49 1 679
49 2 222
49 3 193
49 4 199
49 5 365
49 6 491
49 7 515
49 8 229
49 9 362
49 10 660
49 11 271
49 12 300
49 13 461
49 14 419
49 15 430
49 16 158
49 17 328
49 18 441
49 19 465
49 20 181
49 21 287
49 22 534
49 23 381
49 24 455
49 25 145
49 26 540
49 27 175
49 28 623
49 29 26
49 30 120
49 31 435
49 32 430
49 33 440
49 34 477
49 35 507
49 36 454
49 37 293
49 38 378
49 39 332
49 40 215
49 41 400
49 42 470
49 43 299
49 44 645
49 45 702
49 46 334
49 47 253
49 48 109
49 50 417
49 51 250
49 52 570
49 53 424
49 54 723
49 55 222
49 56 620
49 57 397
49 58 382
49 59 385
49 60 291
49 61 628
49 62 518
49 63 391
49 64 298
49 65 708
49 66 360
49 67 663
49 68 436
49 69 215
49 70 336
49 71 142
49 72 97
49 73 106
49 74 581
49 75 321
49 76 357
49 77 449
49 78 327
49 79 499
49 80 659
49 81 37
49 82 737
49 83 558
49 84 411
49 85 737
49 86 361
49 87 649
49 88 324
49 89 595
49 90 384
49 91 265
49 92 610
49 93 485
49 94 569
49 95 615
49 96 87
49 97 494
49 98 327
49 99 266
49 100 125
50 1 989
50 2 195
50 3 375
50 4 220
50 5 610
50 6 737
50 7 598
50 8 478
50 9 552
50 10 647
50 11 667
50 12 524
50 13 869
50 14 795
50 15 839
50 16 309
50 17 254
50 18 793
50 19 336
50 20 597
50 21 703
50 22 799
50 23 781
50 24 871
50 25 490
50 26 497
50 27 249
50 28 928
50 29 442
50 30 297
50 31 750
50 32 784
50 33 855
50 34 836
50 35 906
50 36 869
50 37 433
50 38 222
50 39 539
50 40 443
50 41 814
50 42 265
50 43 644
50 44 964
50 45 981
50 46 749
50 47 550
50 48 462
50 49 417
50 51 459
50 52 809
50 53 822
50 54 532
50 55 503
50 56 712
50 57 252
50 58 44
50 59 699
50 60 230
50 61 754
50 62 352
50 63 258
50 64 174
50 65 1014
50 66 707
50 67 726
50 68 852
50 69 446
50 70 234
50 71 285
50 72 474
50 73 443
50 74 877
50 75 544
50 76 702
50 77 679
50 78 729
50 79 187
50 80 860
50 81 381
50 82 1053
50 83 950
50 84 794
50 85 576
50 86 440
50 87 967
50 88 542
50 89 803
50 90 790
50 91 584
50 92 914
50 93 839
50 94 496
50 95 529
50 96 434
50 97 890
50 98 707
50 99 234
50 100 539
51 1 531
51 2 320
51 3 93
51 4 284
51 5 155
51 6 286
51 7 266
51 8 478
51 9 118
51 10 421
51 11 295
51 12 550
51 13 604
51 14 371
51 15 464
51 16 178
51 17 234
51 18 351
51 19 648
51 20 338
51 21 412
51 22 345
51 23 550
51 24 549
51 25 391
51 26 322
51 27 318
51 28 470
51 29 255
51 30 267
51 31 294
51 32 344
51 33 552
51 34 394
51 35 504
51 36 527
51 37 64
51 38 534
51 39 581
51 40 37
51 41 468
51 42 624
51 43 214
51 44 506
51 45 527
51 46 463
51 47 110
51 48 159
51 49 250
51 50 459
51 52 363
51 53 427
51 54 542
51 55 472
51 56 370
51 57 562
51 58 416
51 59 245
51 60 457
51 61 381
51 62 365
51 63 281
51 64 432
51 65 556
51 66 584
51 67 413
51 68 529
51 69 37
51 70 255
51 71 310
51 72 185
51 73 356
51 74 418
51 75 90
51 76 582
51 77 232
51 78 356
51 79 440
51 80 435
51 81 255
51 82 595
51 83 533
51 84 602
51 85 541
51 86 593
51 87 509
51 88 574
51 89 372
51 90 540
51 91 507
51 92 456
51 93 394
51 94 358
51 95 403
51 96 337
51 97 659
51 98 299
51 99 227
51 100 309
52 1 227
52 2 683
52 3 455
52 4 647
52 5 212
52 6 80
52 7 287
52 8 789
52 9 257
52 10 424
52 11 414
52 12 856
52 13 712
52 14 330
52 15 479
52 16 540
52 17 561
52 18 263
52 19 1008
52 20 554
52 21 562
52 22 58
52 23 705
52 24 608
52 25 685
52 26 455
52 27 678
52 28 176
52 29 562
52 30 622
52 31 183
52 32 269
52 33 634
52 34 280
52 35 448
52 36 567
52 37 377
52 38 896
52 39 888
52 40 391
52 41 526
52 42 987
52 43 302
52 44 224
52 45 182
52 46 596
52 47 318
52 48 462
52 49 570
52 50 809
52 51 363
52 53 421
52 54 684
52 55 771
52 56 260
52 57 924
52 58 766
52 59 211
52 60 817
52 61 208
52 62 599
52 63 584
52 64 794
52 65 241
52 66 811
52 67 313
52 68 594
52 69 389
52 70 583
52 71 666
52 72 477
52 73 666
52 74 131
52 75 274
52 76 812
52 77 132
52 78 430
52 79 744
52 80 106
52 81 589
52 82 286
52 83 432
52 84 775
52 85 651
52 86 931
52 87 224
52 88 878
52 89 60
52 90 681
52 91 778
52 92 166
52 93 267
52 94 493
52 95 515
52 96 649
52 97 785
52 98 353
52 99 578
52 100 562
53 1 369
53 2 636
53 3 473
53 4 605
53 5 362
53 6 378
53 7 590
53 8 554
53 9 433
53 10 764
53 11 156
53 12 601
53 13 300
53 14 91
53 15 59
53 16 518
53 17 649
53 18 158
53 19 874
53 20 278
53 21 211
53 22 363
53 23 319
53 24 189
53 25 451
53 26 717
53 27 596
53 28 340
53 29 401
53 30 536
53 31 245
53 32 152
53 33 219
53 34 151
53 35 84
53 36 147
53 37 487
53 38 799
53 39 629
53 40 419
53 41 115
53 42 889
53 43 217
53 44 331
53 45 437
53 46 217
53 47 319
53 48 361
53 49 424
53 50 822
53 51 427
53 52 421
53 54 954
53 55 523
53 56 634
53 57 816
53 58 783
53 59 247
53 60 712
53 61 602
53 62 791
53 63 703
53 64 721
53 65 398
53 66 466
53 67 691
53 68 177
53 69 415
53 70 667
53 71 565
53 72 349
53 73 464
53 74 333
53 75 395
53 76 469
53 77 392
53 78 98
53 79 853
53 80 524
53 81 459
53 82 406
53 83 136
53 84 392
53 85 942
53 86 725
53 87 336
53 88 616
53 89 477
53 90 290
53 91 488
53 92 335
53 93 165
53 94 758
53 95 797
53 96 458
53 97 376
53 98 128
53 99 617
53 100 327
54 1 911
54 2 600
54 3 543
54 4 588
54 5 600
54 6 654
54 7 400
54 8 904
54 9 523
54 10 284
54 11 836
54 12 970
54 13 1143
54 14 882
54 15 998
54 16 567
54 17 403
54 18 840
54 19 867
54 20 866
54 21 951
54 22 713
54 23 1082
54 24 1090
54 25 859
54 26 241
54 27 650
54 28 857
54 29 740
54 30 649
54 31 754
54 32 837
54 33 1094
54 34 879
54 35 1022
54 36 1067
54 37 479
54 38 746
54 39 994
54 40 563
54 41 1008
54 42 796
54 43 738
54 44 905
54 45 857
54 46 1002
54 47 641
54 48 678
54 49 723
54 50 532
54 51 542
54 52 684
54 53 954
54 55 915
54 56 446
54 57 779
54 58 513
54 59 724
54 60 725
54 61 507
54 62 210
54 63 344
54 64 667
54 65 923
54 66 1082
54 67 414
54 68 1071
54 69 566
54 70 402
54 71 675
54 72 704
54 73 810
54 74 806
54 75 560
54 76 1079
54 77 606
54 78 894
54 79 347
54 80 664
54 81 704
54 82 969
54 83 1038
54 84 1126
54 85 60
54 86 935
54 87 905
54 88 992
54 89 641
54 90 1076
54 91 979
54 92 845
54 93 873
54 94 200
54 95 170
54 96 793
54 97 1193
54 98 829
54 99 472
54 100 825
55 1 844
55 2 334
55 3 410
55 4 334
55 5 576
55 6 694
55 7 736
55 8 36
55 9 582
55 10 878
55 11 400
55 12 86
55 13 417
55 14 554
55 15 505
55 16 355
55 17 513
55 18 595
55 19 384
55 20 249
55 21 322
55 22 729
55 23 322
55 24 468
55 25 87
55 26 752
55 27 276
55 28 795
55 29 219
55 30 267
55 31 616
55 32 584
55 33 437
55 34 623
55 35 596
55 36 487
55 37 513
55 38 358
55 39 118
55 40 436
55 41 451
55 42 429
55 43 477
55 44 808
55 45 883
55 46 345
55 47 461
55 48 322
55 49 222
55 50 503
55 51 472
55 52 771
55 53 523
55 54 915
55 56 841
55 57 359
55 58 484
55 59 571
55 60 291
55 61 847
55 62 706
55 63 572
55 64 335
55 65 874
55 66 206
55 67 884
55 68 454
55 69 436
55 70 515
55 71 245
55 72 301
55 73 117
55 74 761
55 75 538
55 76 201
55 77 659
55 78 433
55 79 641
55 80 866
55 81 224
55 82 897
55 83 655
55 84 310
55 85 936
55 86 206
55 87 812
55 88 107
55 89 802
55 90 342
55 91 83
55 92 784
55 93 634
55 94 778
55 95 824
55 96 136
55 97 414
55 98 470
55 99 443
55 100 216
56 1 481
56 2 646
56 3 444
56 4 614
56 5 295
56 6 263
56 7 118
56 8 847
56 9 262
56 10 169
56 11 573
56 12 919
56 13 897
56 14 546
56 15 689
56 16 523
56 17 462
56 18 486
56 19 980
56 20 676
56 21 720
56 22 305
56 23 867
56 24 809
56 25 759
56 26 249
56 27 663
56 28 435
56 29 623
56 30 622
56 31 393
56 32 488
56 33 827
56 34 514
56 35 679
56 36 774
56 37 338
56 38 857
56 39 951
56 40 406
56 41 723
56 42 939
56 43 451
56 44 483
56 45 417
56 46 764
56 47 401
56 48 522
56 49 620
56 50 712
56 51 370
56 52 260
56 53 634
56 54 446
56 55 841
56 57 889
56 58 673
56 59 389
56 60 793
56 61 62
56 62 417
56 63 457
56 64 754
56 65 489
56 66 936
56 67 58
56 68 793
56 69 406
56 70 481
56 71 665
56 72 546
56 73 725
56 74 390
56 75 309
56 76 935
56 77 243
56 78 612
56 79 595
56 80 220
56 81 624
56 82 534
56 83 676
56 84 931
56 85 405
56 86 955
56 87 482
56 88 943
56 89 207
56 90 850
56 91 871
56 92 425
56 93 504
56 94 277
56 95 283
56 96 706
56 97 964
56 98 533
56 99 508
56 100 663
57 1 1065
57 2 246
57 3 471
57 4 281
57 5 713
57 6 846
57 7 772
57 8 324
57 9 677
57 10 857
57 11 666
57 12 341
57 13 772
57 14 816
57 15 814
57 16 385
57 17 438
57 18 835
57 19 93
57 20 547
57 21 645
57 22 899
57 23 678
57 24 808
57 25 389
57 26 708
57 27 247
57 28 1007
57 29 418
57 30 306
57 31 819
57 32 824
57 33 782
57 34 873
57 35 897
57 36 819
57 37 564
57 38 34
57 39 343
57 40 533
57 41 772
57 42 75
57 43 689
57 44 1033
57 45 1078
57 46 681
57 47 620
57 48 489
57 49 397
57 50 252
57 51 562
57 52 924
57 53 816
57 54 779
57 55 359
57 56 889
57 58 266
57 59 766
57 60 109
57 61 919
57 62 587
57 63 469
57 64 136
57 65 1093
57 66 559
57 67 914
57 68 791
57 69 536
57 70 424
57 71 266
57 72 487
57 73 359
57 74 961
57 75 652
57 76 553
57 77 793
57 78 719
57 79 438
57 80 995
57 81 365
57 82 1126
57 83 951
57 84 668
57 85 820
57 86 216
57 87 1037
57 88 351
57 89 934
57 90 695
57 91 439
57 92 993
57 93 880
57 94 716
57 95 755
57 96 361
57 97 772
57 98 724
57 99 382
57 100 492
58 1 946
58 2 163
58 3 332
58 4 184
58 5 567
58 6 694
58 7 558
58 8 461
58 9 509
58 10 613
58 11 628
58 12 511
58 13 838
58 14 754
58 15 801
58 16 268
58 17 213
58 18 751
58 19 355
58 20 563
58 21 669
58 22 756
58 23 752
58 24 836
58 25 464
58 26 462
58 27 220
58 28 885
58 29 407
58 30 263
58 31 707
58 32 742
58 33 822
58 34 794
58 35 867
58 36 833
58 37 390
58 38 234
58 39 528
58 40 400
58 41 777
58 42 289
58 43 602
58 44 921
58 45 938
58 46 716
58 47 507
58 48 422
58 49 382
58 50 44
58 51 416
58 52 766
58 53 783
58 54 513
58 55 484
58 56 673
58 57 266
58 59 656
58 60 225
58 61 713
58 62 325
58 63 222
58 64 167
58 65 971
58 66 685
58 67 688
58 68 817
58 69 403
58 70 193
58 71 256
58 72 436
58 73 416
58 74 833
58 75 501
58 76 680
58 77 636
58 78 691
58 79 177
58 80 817
58 81 347
58 82 1010
58 83 910
58 84 768
58 85 555
58 86 439
58 87 923
58 88 530
58 89 761
58 90 760
58 91 564
58 92 871
58 93 796
58 94 464
58 95 499
58 96 406
58 97 862
58 98 666
58 99 190
58 100 506
59 1 300
59 2 540
59 3 324
59 4 505
59 5 125
59 6 145
59 7 346
59 8 591
59 9 203
59 10 519
59 11 205
59 12 656
59 13 515
59 14 162
59 15 301
59 16 398
59 17 478
59 18 117
59 19 843
59 20 344
59 21 354
59 22 161
59 23 499
59 24 421
59 25 484
59 26 484
59 27 521
59 28 241
59 29 372
59 30 461
59 31 53
59 32 113
59 33 442
59 34 158
59 35 302
59 36 385
59 37 291
59 38 742
59 39 688
59 40 257
59 41 336
59 42 835
59 43 94
59 44 269
59 45 318
59 46 391
59 47 151
59 48 281
59 49 385
59 50 699
59 51 245
59 52 211
59 53 247
59 54 724
59 55 571
59 56 389
59 57 766
59 58 656
59 60 658
59 61 361
59 62 582
59 63 520
59 64 646
59 65 327
59 66 601
59 67 446
59 68 405
59 69 253
59 70 499
59 71 501
59 72 289
59 73 471
59 74 197
59 75 177
59 76 601
59 77 146
59 78 229
59 79 682
59 80 315
59 81 410
59 82 361
59 83 314
59 84 568
59 85 707
59 86 743
59 87 273
59 88 677
59 89 256
59 90 477
59 91 571
59 92 228
59 93 154
59 94 525
59 95 561
59 96 456
59 97 586
59 98 149
59 99 469
59 100 357
60 1 956
60 2 149
60 3 366
60 4 180
60 5 606
60 6 739
60 7 676
60 8 260
60 9 573
60 10 774
60 11 561
60 12 297
60 13 690
60 14 709
60 15 714
60 16 280
60 17 355
60 18 727
60 19 192
60 20 449
60 21 550
60 22 792
60 23 597
60 24 716
60 25 302
60 26 626
60 27 140
60 28 898
60 29 312
60 30 198
60 31 710
60 32 716
60 33 693
60 34 765
60 35 795
60 36 724
60 37 463
60 38 87
60 39 310
60 40 427
60 41 675
60 42 180
60 43 580
60 44 925
60 45 969
60 46 589
60 47 511
60 48 380
60 49 291
60 50 230
60 51 457
60 52 817
60 53 712
60 54 725
60 55 291
60 56 793
60 57 109
60 58 225
60 59 658
60 61 820
60 62 522
60 63 396
60 64 60
60 65 984
60 66 496
60 67 822
60 68 699
60 69 429
60 70 345
60 71 157
60 72 379
60 73 265
60 74 852
60 75 546
60 76 491
60 77 687
60 78 615
60 79 400
60 80 891
60 81 258
60 82 1017
60 83 847
60 84 597
60 85 760
60 86 215
60 87 929
60 88 314
60 89 828
60 90 612
60 91 373
60 92 885
60 93 772
60 94 639
60 95 681
60 96 264
60 97 698
60 98 617
60 99 293
60 100 393
61 1 425
61 2 674
61 3 463
61 4 641
61 5 283
61 6 225
61 7 157
61 8 857
61 9 266
61 10 229
61 11 555
61 12 928
61 13 874
61 14 512
61 15 658
61 16 545
61 17 501
61 18 449
61 19 1009
61 20 668
61 21 704
61 22 257
61 23 851
61 24 781
61 25 763
61 26 305
61 27 687
61 28 381
61 29 629
61 30 642
61 31 357
61 32 452
61 33 802
61 34 474
61 35 641
61 36 745
61 37 359
61 38 888
61 39 960
61 40 417
61 41 696
61 42 972
61 43 432
61 44 428
61 45 358
61 46 746
61 47 396
61 48 526
61 49 628
61 50 754
61 51 381
61 52 208
61 53 602
61 54 507
61 55 847
61 56 62
61 57 919
61 58 713
61 59 361
61 60 820
61 62 472
61 63 501
61 64 784
61 65 431
61 66 930
61 67 107
61 68 766
61 69 416
61 70 521
61 71 685
61 72 549
61 73 732
61 74 338
61 75 310
61 76 929
61 77 217
61 78 588
61 79 645
61 80 159
61 81 636
61 82 476
61 83 633
61 84 916
61 85 466
61 86 973
61 87 427
61 88 952
61 89 152
61 90 832
61 91 873
61 92 371
61 93 463
61 94 335
61 95 344
61 96 714
61 97 944
61 98 508
61 99 541
61 100 660
62 1 817
62 2 392
62 3 346
62 4 379
62 5 460
62 6 549
62 7 324
62 8 695
62 9 382
62 10 309
62 11 658
62 12 760
62 13 952
62 14 728
62 15 829
62 16 361
62 17 194
62 18 697
62 19 677
62 20 670
62 21 761
62 22 613
62 23 885
62 24 909
62 25 651
62 26 171
62 27 441
62 28 758
62 29 536
62 30 439
62 31 621
62 32 692
62 33 909
62 34 739
62 35 865
62 36 890
62 37 304
62 38 554
62 39 785
62 40 379
62 41 831
62 42 613
62 43 575
62 44 803
62 45 781
62 46 812
62 47 472
62 48 483
62 49 518
62 50 352
62 51 365
62 52 599
62 53 791
62 54 210
62 55 706
62 56 417
62 57 587
62 58 325
62 59 582
62 60 522
62 61 472
62 63 134
62 64 467
62 65 835
62 66 876
62 67 413
62 68 889
62 69 383
62 70 192
62 71 465
62 72 508
62 73 602
62 74 705
62 75 406
62 76 872
62 77 492
62 78 720
62 79 190
62 80 612
62 81 497
62 82 879
62 83 890
62 84 925
62 85 238
62 86 730
62 87 804
62 88 783
62 89 571
62 90 881
62 91 770
62 92 745
62 93 736
62 94 154
62 95 180
62 96 585
62 97 998
62 98 663
62 99 263
62 100 625
63 1 786
63 2 260
63 3 236
63 4 245
63 5 409
63 6 520
63 7 345
63 8 561
63 9 337
63 10 392
63 11 561
63 12 626
63 13 837
63 14 651
63 15 735
63 16 233
63 17 64
63 18 631
63 19 562
63 20 552
63 21 648
63 22 585
63 23 765
63 24 804
63 25 520
63 26 241
63 27 307
63 28 725
63 29 411
63 30 306
63 31 566
63 32 624
63 33 800
63 34 674
63 35 782
63 36 789
63 37 230
63 38 436
63 39 651
63 40 284
63 41 730
63 42 505
63 43 494
63 44 766
63 45 763
63 46 700
63 47 390
63 48 370
63 49 391
63 50 258
63 51 281
63 52 584
63 53 703
63 54 344
63 55 572
63 56 457
63 57 469
63 58 222
63 59 520
63 60 396
63 61 501
63 62 134
63 64 343
63 65 808
63 66 746
63 67 468
63 68 784
63 69 288
63 70 58
63 71 331
63 72 393
63 73 471
63 74 672
63 75 346
63 76 742
63 77 461
63 78 624
63 79 164
63 80 619
63 81 367
63 82 850
63 83 814
63 84 801
63 85 371
63 86 599
63 87 768
63 88 649
63 89 568
63 90 764
63 91 638
63 92 711
63 93 673
63 94 247
63 95 286
63 96 454
63 97 878
63 98 576
63 99 130
63 100 504
64 1 945
64 2 113
64 3 340
64 4 148
64 5 584
64 6 717
64 7 637
64 8 308
64 9 544
64 10 726
64 11 567
64 12 351
64 13 722
64 14 711
64 15 727
64 16 255
64 17 306
64 18 723
64 19 227
64 20 468
64 21 572
64 22 772
64 23 631
64 24 740
64 25 335
64 26 577
64 27 128
64 28 885
64 29 322
64 30 189
64 31 698
64 32 713
64 33 719
64 34 763
64 35 804
64 36 744
64 37 430
64 38 104
64 39 365
64 40 404
64 41 693
64 42 193
64 43 574
64 44 914
64 45 952
64 46 614
64 47 497
64 48 375
64 49 298
64 50 174
64 51 432
64 52 794
64 53 721
64 54 667
64 55 335
64 56 754
64 57 136
64 58 167
64 59 646
64 60 60
64 61 784
64 62 467
64 63 343
64 65 972
64 66 541
64 67 780
64 68 722
64 69 407
64 70 294
64 71 157
64 72 378
64 73 293
64 74 838
64 75 521
64 76 536
64 77 663
64 78 624
64 79 341
64 80 863
64 81 262
64 82 1006
64 83 855
64 84 636
64 85 704
64 86 274
64 87 918
64 88 368
64 89 802
64 90 643
64 91 418
64 92 872
64 93 768
64 94 588
64 95 628
64 96 288
64 97 735
64 98 619
64 99 248
64 100 410
65 1 31
65 2 865
65 3 643
65 4 829
65 5 405
65 6 289
65 7 527
65 8 899
65 9 472
65 10 657
65 11 476
65 12 958
65 13 691
65 14 331
65 15 449
65 16 722
65 17 777
65 18 280
65 19 1169
65 20 630
65 21 597
65 22 224
65 23 716
65 24 573
65 25 791
65 26 695
65 27 848
65 28 88
65 29 693
65 30 787
65 31 275
65 32 292
65 33 609
65 34 258
65 35 377
65 36 529
65 37 586
65 38 1068
65 39 989
65 40 575
65 41 511
65 42 1162
65 43 409
65 44 69
65 45 80
65 46 612
65 47 476
65 48 606
65 49 708
65 50 1014
65 51 556
65 52 241
65 53 398
65 54 923
65 55 874
65 56 489
65 57 1093
65 58 971
65 59 327
65 60 984
65 61 431
65 62 835
65 63 808
65 64 972
65 66 857
65 67 537
65 68 567
65 69 572
65 70 799
65 71 828
65 72 612
65 73 786
65 74 138
65 75 471
65 76 859
65 77 348
65 78 458
65 79 970
65 80 279
65 81 735
65 82 46
65 83 331
65 84 789
65 85 888
65 86 1060
65 87 64
65 88 978
65 89 284
65 90 687
65 91 859
65 92 101
65 93 246
65 94 733
65 95 754
65 96 773
65 97 767
65 98 405
65 99 781
65 100 659
66 1 828
66 2 528
66 3 548
66 4 522
66 5 647
66 6 742
66 7 845
66 8 237
66 9 676
66 10 1004
66 11 399
66 12 226
66 13 253
66 14 527
66 15 427
66 16 516
66 17 684
66 18 585
66 19 571
66 20 263
66 21 261
66 22 760
66 23 169
66 24 343
66 25 228
66 26 894
66 27 470
66 28 789
66 29 344
66 30 446
66 31 635
66 32 574
66 33 304
66 34 600
66 35 518
66 36 376
66 37 638
66 38 561
66 39 237
66 40 551
66 41 363
66 42 625
66 43 511
66 44 789
66 45 884
66 46 251
66 47 536
66 48 426
66 49 360
66 50 707
66 51 584
66 52 811
66 53 466
66 54 1082
66 55 206
66 56 936
66 57 559
66 58 685
66 59 601
66 60 496
66 61 930
66 62 876
66 63 746
66 64 541
66 65 857
66 67 986
66 68 336
66 69 550
66 70 690
66 71 435
66 72 399
66 73 278
66 74 767
66 75 628
66 76 6
66 77 721
66 78 401
66 79 834
66 80 914
66 81 380
66 82 870
66 83 579
66 84 122
66 85 1096
66 86 374
66 87 794
66 88 225
66 89 854
66 90 199
66 91 124
66 92 780
66 93 613
66 94 925
66 95 972
66 96 294
66 97 226
66 98 466
66 99 618
66 100 276
67 1 531
67 2 674
67 3 482
67 4 643
67 5 350
67 6 320
67 7 150
67 8 890
67 9 311
67 10 131
67 11 628
67 12 962
67 13 952
67 14 603
67 15 746
67 16 558
67 17 481
67 18 543
67 19 1006
67 20 727
67 21 775
67 22 360
67 23 921
67 24 866
67 25 804
67 26 243
67 27 695
67 28 487
67 29 667
67 30 658
67 31 450
67 32 545
67 33 883
67 34 571
67 35 737
67 36 831
67 37 376
67 38 882
67 39 993
67 40 449
67 41 780
67 42 961
67 43 507
67 44 535
67 45 463
67 46 819
67 47 452
67 48 569
67 49 663
67 50 726
67 51 413
67 52 313
67 53 691
67 54 414
67 55 884
67 56 58
67 57 914
67 58 688
67 59 446
67 60 822
67 61 107
67 62 413
67 63 468
67 64 780
67 65 537
67 66 986
67 68 849
67 69 449
67 70 498
67 71 699
67 72 593
67 73 768
67 74 444
67 75 359
67 76 985
67 77 300
67 78 668
67 79 597
67 80 262
67 81 665
67 82 581
67 83 732
67 84 984
67 85 368
67 86 991
67 87 533
67 88 985
67 89 258
67 90 904
67 91 918
67 92 477
67 93 561
67 94 263
67 95 261
67 96 749
67 97 1019
67 98 589
67 99 532
67 100 712
68 1 539
68 2 658
68 3 548
68 4 634
68 5 506
68 6 545
68 7 735
68 8 489
68 9 567
68 10 909
68 11 236
68 12 518
68 13 125
68 14 266
68 15 121
68 16 569
68 17 724
68 18 333
68 19 833
68 20 256
68 21 151
68 22 537
68 23 169
68 24 20
68 25 403
68 26 843
68 27 608
68 28 515
68 29 411
68 30 556
68 31 415
68 32 326
68 33 43
68 34 328
68 35 196
68 36 42
68 37 593
68 38 781
68 39 541
68 40 511
68 41 70
68 42 865
68 43 348
68 44 502
68 45 612
68 46 111
68 47 432
68 48 416
68 49 436
68 50 852
68 51 529
68 52 594
68 53 177
68 54 1071
68 55 454
68 56 793
68 57 791
68 58 817
68 59 405
68 60 699
68 61 766
68 62 889
68 63 784
68 64 722
68 65 567
68 66 336
68 67 849
68 69 508
68 70 739
68 71 572
68 72 395
68 73 434
68 74 510
68 75 522
68 76 340
68 77 551
68 78 184
68 79 919
68 80 699
68 81 471
68 82 569
68 83 253
68 84 236
68 85 1066
68 86 659
68 87 507
68 88 528
68 89 649
68 90 138
68 91 395
68 92 510
68 93 342
68 94 882
68 95 924
68 96 436
68 97 201
68 98 261
68 99 678
68 100 314
69 1 546
69 2 297
69 3 72
69 4 261
69 5 177
69 6 311
69 7 302
69 8 442
69 9 152
69 10 455
69 11 277
69 12 514
69 13 577
69 14 366
69 15 449
69 16 153
69 17 236
69 18 353
69 19 620
69 20 306
69 21 385
69 22 366
69 23 520
69 24 527
69 25 355
69 26 352
69 27 290
69 28 485
69 29 219
69 30 236
69 31 304
69 32 344
69 33 529
69 34 395
69 35 494
69 36 508
69 37 92
69 38 508
69 39 546
69 40 4
69 41 449
69 42 599
69 43 209
69 44 519
69 45 547
69 46 437
69 47 107
69 48 125
69 49 215
69 50 446
69 51 37
69 52 389
69 53 415
69 54 566
69 55 436
69 56 406
69 57 536
69 58 403
69 59 253
69 60 429
69 61 416
69 62 383
69 63 288
69 64 407
69 65 572
69 66 550
69 67 449
69 68 508
69 70 256
69 71 280
69 72 151
69 73 320
69 74 435
69 75 118
69 76 548
69 77 259
69 78 339
69 79 442
69 80 464
69 81 220
69 82 609
69 83 528
69 84 570
69 85 568
69 86 559
69 87 522
69 88 538
69 89 401
69 90 512
69 91 471
69 92 471
69 93 397
69 94 387
69 95 432
69 96 301
69 97 630
69 98 289
69 99 217
69 100 276
70 1 776
70 2 205
70 3 195
70 4 188
70 5 395
70 6 515
70 7 365
70 8 503
70 9 329
70 10 434
70 11 521
70 12 569
70 13 787
70 14 621
70 15 696
70 16 180
70 17 22
70 18 605
70 19 517
70 20 502
70 21 600
70 22 578
70 23 713
70 24 759
70 25 463
70 26 284
70 27 250
70 28 714
70 29 358
70 30 249
70 31 547
70 32 598
70 33 753
70 34 648
70 35 748
70 36 746
70 37 213
70 38 391
70 39 594
70 40 252
70 41 687
70 42 465
70 43 464
70 44 754
70 45 759
70 46 651
70 47 361
70 48 324
70 49 336
70 50 234
70 51 255
70 52 583
70 53 667
70 54 402
70 55 515
70 56 481
70 57 424
70 58 193
70 59 499
70 60 345
70 61 521
70 62 192
70 63 58
70 64 294
70 65 799
70 66 690
70 67 498
70 68 739
70 69 256
70 71 273
70 72 346
70 73 414
70 74 661
70 75 330
70 76 686
70 77 456
70 78 584
70 79 187
70 80 628
70 81 312
70 82 840
70 83 783
70 84 747
70 85 427
70 86 545
70 87 756
70 88 592
70 89 573
70 90 713
70 91 581
70 92 700
70 93 649
70 94 295
70 95 337
70 96 397
70 97 826
70 98 542
70 99 73
70 100 452
71 1 800
71 2 95
71 3 223
71 4 90
71 5 454
71 6 587
71 7 551
71 8 231
71 9 428
71 10 670
71 11 411
71 12 296
71 13 584
71 14 556
71 15 572
71 16 142
71 17 274
71 18 571
71 19 344
71 20 317
71 21 422
71 22 638
71 23 497
71 24 591
71 25 210
71 26 531
71 27 37
71 28 741
71 29 166
71 30 44
71 31 553
71 32 560
71 33 573
71 34 610
71 35 648
71 36 593
71 37 328
71 38 243
71 39 322
71 40 278
71 41 540
71 42 336
71 43 423
71 44 768
71 45 814
71 46 467
71 47 356
71 48 224
71 49 142
71 50 285
71 51 310
71 52 666
71 53 565
71 54 675
71 55 245
71 56 665
71 57 266
71 58 256
71 59 501
71 60 157
71 61 685
71 62 465
71 63 331
71 64 157
71 65 828
71 66 435
71 67 699
71 68 572
71 69 280
71 70 273
71 72 224
71 73 161
71 74 696
71 75 397
71 76 431
71 77 537
71 78 468
71 79 399
71 80 743
71 81 106
71 82 860
71 83 699
71 84 513
71 85 699
71 86 292
71 87 772
71 88 319
71 89 680
71 90 505
71 91 318
71 92 728
71 93 616
71 94 552
71 95 597
71 96 150
71 97 606
71 98 464
71 99 204
71 100 259
72 1 583
72 2 287
72 3 163
72 4 257
72 5 277
72 6 398
72 7 448
72 8 314
72 9 285
72 10 605
72 11 194
72 12 384
72 13 444
72 14 333
72 15 366
72 16 175
72 17 332
72 18 348
72 19 559
72 20 162
72 21 255
72 22 439
72 23 378
72 24 414
72 25 216
72 26 500
72 27 252
72 28 527
72 29 86
72 30 190
72 31 339
72 32 338
72 33 408
72 34 386
72 35 433
72 36 405
72 37 241
72 38 466
72 39 416
72 40 153
72 41 346
72 42 559
72 43 204
72 44 550
72 45 606
72 46 307
72 47 162
72 48 27
72 49 97
72 50 474
72 51 185
72 52 477
72 53 349
72 54 704
72 55 301
72 56 546
72 57 487
72 58 436
72 59 289
72 60 379
72 61 549
72 62 508
72 63 393
72 64 378
72 65 612
72 66 399
72 67 593
72 68 395
72 69 151
72 70 346
72 71 224
72 73 190
72 74 485
72 75 240
72 76 397
72 77 360
72 78 256
72 79 525
72 80 568
72 81 124
72 82 642
72 83 480
72 84 424
72 85 711
72 86 456
72 87 554
72 88 407
72 89 504
72 90 373
72 91 326
72 92 514
72 93 393
72 94 533
72 95 579
72 96 173
72 97 490
72 98 241
72 99 284
72 100 125
73 1 756
73 2 255
73 3 294
73 4 245
73 5 466
73 6 587
73 7 619
73 8 125
73 9 467
73 10 763
73 11 323
73 12 196
73 13 430
73 14 478
73 15 457
73 16 245
73 17 409
73 18 511
73 19 411
73 20 189
73 21 287
73 22 626
73 23 340
73 24 451
73 25 51
73 26 639
73 27 197
73 28 703
73 29 105
73 30 168
73 31 519
73 32 499
73 33 429
73 34 543
73 35 543
73 36 461
73 37 397
73 38 348
73 39 228
73 40 320
73 41 414
73 42 433
73 43 380
73 44 721
73 45 787
73 46 324
73 47 351
73 48 208
73 49 106
73 50 443
73 51 356
73 52 666
73 53 464
73 54 810
73 55 117
73 56 725
73 57 359
73 58 416
73 59 471
73 60 265
73 61 732
73 62 602
73 63 471
73 64 293
73 65 786
73 66 278
73 67 768
73 68 434
73 69 320
73 70 414
73 71 161
73 72 190
73 74 665
73 75 424
73 76 274
73 77 549
73 78 368
73 79 557
73 80 758
73 81 110
73 82 812
73 83 599
73 84 353
73 85 829
73 86 274
73 87 725
73 88 220
73 89 693
73 90 351
73 91 169
73 92 691
73 93 552
73 94 666
73 95 712
73 96 20
73 97 447
73 98 389
73 99 342
73 100 138
74 1 115
74 2 730
74 3 506
74 4 694
74 5 267
74 6 157
74 7 406
74 8 783
74 9 335
74 10 553
74 11 372
74 12 845
74 13 632
74 14 248
74 15 390
74 16 586
74 17 640
74 18 184
74 19 1039
74 20 523
74 21 508
74 22 94
74 23 641
74 24 520
74 25 675
74 26 572
74 27 715
74 28 54
74 29 568
74 30 655
74 31 147
74 32 194
74 33 551
74 34 182
74 35 341
74 36 477
74 37 449
74 38 935
74 39 877
74 40 439
74 41 446
74 42 1028
74 43 286
74 44 100
74 45 123
74 46 532
74 47 342
74 48 477
74 49 581
74 50 877
74 51 418
74 52 131
74 53 333
74 54 806
74 55 761
74 56 390
74 57 961
74 58 833
74 59 197
74 60 852
74 61 338
74 62 705
74 63 672
74 64 838
74 65 138
74 66 767
74 67 444
74 68 510
74 69 435
74 70 661
74 71 696
74 72 485
74 73 665
74 75 334
74 76 768
74 77 213
74 78 368
74 79 834
74 80 212
74 81 606
74 82 179
74 83 316
74 84 713
74 85 776
74 86 938
74 87 100
74 88 866
74 89 188
74 90 614
74 91 753
74 92 41
74 93 168
74 94 611
74 95 637
74 96 651
74 97 708
74 98 302
74 99 644
74 100 545
75 1 447
75 2 410
75 3 182
75 4 374
75 5 67
75 6 197
75 7 222
75 8 549
75 9 49
75 10 392
75 11 288
75 12 620
75 13 612
75 14 324
75 15 440
75 16 267
75 17 308
75 18 291
75 19 737
75 20 370
75 21 425
75 22 256
75 23 570
75 24 541
75 25 454
75 26 324
75 27 407
75 28 386
75 29 320
75 30 353
75 31 220
75 32 286
75 33 551
75 34 333
75 35 464
75 36 513
75 37 117
75 38 623
75 39 652
75 40 120
75 41 456
75 42 714
75 43 179
75 44 424
75 45 438
75 46 473
75 47 96
75 48 217
75 49 321
75 50 544
75 51 90
75 52 274
75 53 395
75 54 560
75 55 538
75 56 309
75 57 652
75 58 501
75 59 177
75 60 546
75 61 310
75 62 406
75 63 346
75 64 521
75 65 471
75 66 628
75 67 359
75 68 522
75 69 118
75 70 330
75 71 397
75 72 240
75 73 424
75 74 334
75 76 627
75 77 142
75 78 340
75 79 509
75 80 347
75 81 332
75 82 511
75 83 485
75 84 629
75 85 549
75 86 674
75 87 427
75 88 643
75 89 284
75 90 556
75 91 564
75 92 372
75 93 331
75 94 364
75 95 405
75 96 406
75 97 673
75 98 271
75 99 311
75 100 354
76 1 830
76 2 524
76 3 545
76 4 518
76 5 647
76 6 742
76 7 843
76 8 232
76 9 674
76 10 1002
76 11 400
76 12 220
76 13 259
76 14 529
76 15 430
76 16 512
76 17 680
76 18 586
76 19 565
76 20 262
76 21 263
76 22 761
76 23 174
76 24 347
76 25 224
76 26 892
76 27 465
76 28 790
76 29 341
76 30 442
76 31 635
76 32 576
76 33 309
76 34 602
76 35 521
76 36 381
76 37 636
76 38 555
76 39 231
76 40 549
76 41 367
76 42 619
76 43 511
76 44 791
76 45 886
76 46 254
76 47 535
76 48 424
76 49 357
76 50 702
76 51 582
76 52 812
76 53 469
76 54 1079
76 55 201
76 56 935
76 57 553
76 58 680
76 59 601
76 60 491
76 61 929
76 62 872
76 63 742
76 64 536
76 65 859
76 66 6
76 67 985
76 68 340
76 69 548
76 70 686
76 71 431
76 72 397
76 73 274
76 74 768
76 75 627
76 77 721
76 78 403
76 79 829
76 80 914
76 81 376
76 82 872
76 83 582
76 84 128
76 85 1093
76 86 368
76 87 796
76 88 219
76 89 854
76 90 204
76 91 118
76 92 782
76 93 615
76 94 923
76 95 969
76 96 290
76 97 232
76 98 467
76 99 614
76 100 274
77 1 327
77 2 552
77 3 324
77 4 516
77 5 85
77 6 60
77 7 212
77 8 673
77 9 128
77 10 379
77 11 338
77 12 743
77 13 658
77 14 305
77 15 447
77 16 409
77 17 434
77 18 248
77 19 878
77 20 459
77 21 488
77 22 124
77 23 635
77 24 567
77 25 573
77 26 367
77 27 548
77 28 267
77 29 444
77 30 493
77 31 155
77 32 249
77 33 586
77 34 282
77 35 441
77 36 531
77 37 247
77 38 765
77 39 775
77 40 261
77 41 481
77 42 856
77 43 216
77 44 311
77 45 304
77 46 529
77 47 199
77 48 342
77 49 449
77 50 679
77 51 232
77 52 132
77 53 392
77 54 606
77 55 659
77 56 243
77 57 793
77 58 636
77 59 146
77 60 687
77 61 217
77 62 492
77 63 461
77 64 663
77 65 348
77 66 721
77 67 300
77 68 551
77 69 259
77 70 456
77 71 537
77 72 360
77 73 549
77 74 213
77 75 142
77 76 721
77 78 371
77 79 624
77 80 210
77 81 465
77 82 390
77 83 444
77 84 701
77 85 582
77 86 808
77 87 313
77 88 765
77 89 146
77 90 615
77 91 674
77 92 254
77 93 273
77 94 408
77 95 438
77 96 532
77 97 727
77 98 292
77 99 447
77 100 458
78 1 428
78 2 541
78 3 390
78 4 511
78 5 323
78 6 372
78 7 552
78 8 463
78 9 384
78 10 726
78 11 64
78 12 513
78 13 287
78 14 128
78 15 112
78 16 427
78 17 567
78 18 185
78 19 777
78 20 185
78 21 140
78 22 375
78 23 276
78 24 202
78 25 357
78 26 663
78 27 500
78 28 388
78 29 304
78 30 441
78 31 248
78 32 175
78 33 216
78 34 200
78 35 180
78 36 174
78 37 419
78 38 702
78 39 543
78 40 342
78 41 116
78 42 792
78 43 165
78 44 390
78 45 484
78 46 167
78 47 253
78 48 270
78 49 327
78 50 729
78 51 356
78 52 430
78 53 98
78 54 894
78 55 433
78 56 612
78 57 719
78 58 691
78 59 229
78 60 615
78 61 588
78 62 720
78 63 624
78 64 624
78 65 458
78 66 401
78 67 668
78 68 184
78 69 339
78 70 584
78 71 468
78 72 256
78 73 368
78 74 368
78 75 340
78 76 403
78 77 371
78 79 769
78 80 536
78 81 362
78 82 474
78 83 233
78 84 348
78 85 887
78 86 633
78 87 395
78 88 530
78 89 481
78 90 252
78 91 405
78 92 380
78 93 213
78 94 702
78 95 744
78 96 361
78 97 358
78 98 80
78 99 530
78 100 231
79 1 949
79 2 308
79 3 381
79 4 312
79 5 572
79 6 683
79 7 491
79 8 622
79 9 500
79 10 498
79 11 705
79 12 678
79 13 958
79 14 807
79 15 881
79 16 351
79 17 207
79 18 790
79 19 523
79 20 674
79 21 776
79 22 747
79 23 879
79 24 938
79 25 607
79 26 355
79 27 366
79 28 888
79 29 522
79 30 391
79 31 728
79 32 783
79 33 930
79 34 833
79 35 934
79 36 928
79 37 392
79 38 407
79 39 697
79 40 438
79 41 869
79 42 450
79 43 650
79 44 929
79 45 925
79 46 826
79 47 547
79 48 505
79 49 499
79 50 187
79 51 440
79 52 744
79 53 853
79 54 347
79 55 641
79 56 595
79 57 438
79 58 177
79 59 682
79 60 400
79 61 645
79 62 190
79 63 164
79 64 341
79 65 970
79 66 834
79 67 597
79 68 919
79 69 442
79 70 187
79 71 399
79 72 525
79 73 557
79 74 834
79 75 509
79 76 829
79 77 624
79 78 769
79 80 774
79 81 469
79 82 1013
79 83 969
79 84 905
79 85 394
79 86 615
79 87 931
79 88 698
79 89 725
79 90 882
79 91 717
79 92 874
79 93 833
79 94 343
79 95 368
79 96 543
79 97 992
79 98 728
79 99 242
79 100 621
80 1 277
80 2 751
80 3 526
80 4 715
80 5 294
80 6 174
80 7 288
80 8 882
80 9 319
80 10 387
80 11 519
80 12 950
80 13 817
80 14 434
80 15 582
80 16 611
80 17 607
80 18 367
80 19 1082
80 20 655
80 21 667
80 22 162
80 23 810
80 24 712
80 25 780
80 26 452
80 27 752
80 28 242
80 29 653
80 30 700
80 31 288
80 32 373
80 33 738
80 34 380
80 35 546
80 36 671
80 37 435
80 38 966
80 39 983
80 40 466
80 41 631
80 42 1055
80 43 404
80 44 287
80 45 202
80 46 701
80 47 407
80 48 551
80 49 659
80 50 860
80 51 435
80 52 106
80 53 524
80 54 664
80 55 866
80 56 220
80 57 995
80 58 817
80 59 315
80 60 891
80 61 159
80 62 612
80 63 619
80 64 863
80 65 279
80 66 914
80 67 262
80 68 699
80 69 464
80 70 628
80 71 743
80 72 568
80 73 758
80 74 212
80 75 347
80 76 914
80 77 210
80 78 536
80 79 774
80 81 674
80 82 322
80 83 526
80 84 880
80 85 624
80 86 1017
80 87 285
80 88 973
80 89 65
80 90 787
80 91 877
80 92 236
80 93 367
80 94 486
80 95 499
80 96 740
80 97 890
80 98 458
80 99 633
80 100 661
81 1 706
81 2 187
81 3 186
81 4 165
81 5 381
81 6 509
81 7 516
81 8 226
81 9 370
81 10 655
81 11 305
81 12 298
81 13 493
81 14 452
81 15 466
81 16 137
81 17 305
81 18 471
81 19 436
81 20 216
81 21 322
81 22 555
81 23 412
81 24 490
81 25 156
81 26 529
81 27 139
81 28 649
81 29 62
81 30 85
81 31 461
81 32 460
81 33 475
81 34 508
81 35 542
81 36 490
81 37 291
81 38 344
81 39 329
81 40 219
81 41 436
81 42 437
81 43 327
81 44 673
81 45 726
81 46 369
81 47 272
81 48 130
81 49 37
81 50 381
81 51 255
81 52 589
81 53 459
81 54 704
81 55 224
81 56 624
81 57 365
81 58 347
81 59 410
81 60 258
81 61 636
81 62 497
81 63 367
81 64 262
81 65 735
81 66 380
81 67 665
81 68 471
81 69 220
81 70 312
81 71 106
81 72 124
81 73 110
81 74 606
81 75 332
81 76 376
81 77 465
81 78 362
81 79 469
81 80 674
81 82 765
81 83 593
81 84 438
81 85 720
81 86 344
81 87 677
81 88 322
81 89 610
81 90 416
81 91 277
81 92 636
81 93 515
81 94 556
81 95 603
81 96 91
81 97 524
81 98 360
81 99 240
81 100 159
82 1 64
82 2 900
82 3 681
82 4 865
82 5 445
82 6 332
82 7 572
82 8 923
82 9 513
82 10 702
82 11 497
82 12 980
82 13 693
82 14 347
82 15 454
82 16 758
82 17 818
82 18 302
82 19 1200
82 20 650
82 21 610
82 22 267
82 23 724
82 24 574
82 25 814
82 26 740
82 27 881
82 28 126
82 29 721
82 30 820
82 31 309
82 32 314
82 33 611
82 34 275
82 35 376
82 36 530
82 37 627
82 38 1102
82 39 1011
82 40 613
82 41 517
82 42 1195
82 43 439
82 44 93
82 45 121
82 46 622
82 47 511
82 48 638
82 49 737
82 50 1053
82 51 595
82 52 286
82 53 406
82 54 969
82 55 897
82 56 534
82 57 1126
82 58 1010
82 59 361
82 60 1017
82 61 476
82 62 879
82 63 850
82 64 1006
82 65 46
82 66 870
82 67 581
82 68 569
82 69 609
82 70 840
82 71 860
82 72 642
82 73 812
82 74 179
82 75 511
82 76 872
82 77 390
82 78 474
82 79 1013
82 80 322
82 81 765
82 83 326
82 84 797
82 85 934
82 86 1085
82 87 89
82 88 999
82 89 329
82 90 694
82 91 877
82 92 140
82 93 264
82 94 778
82 95 799
82 96 800
82 97 768
82 98 427
82 99 820
82 100 683
83 1 308
83 2 766
83 3 591
83 4 735
83 5 439
83 6 413
83 7 654
83 8 687
83 9 516
83 10 822
83 11 288
83 12 731
83 13 373
83 14 163
83 15 154
83 16 643
83 17 763
83 18 199
83 19 1009
83 20 413
83 21 337
83 22 378
83 23 418
83 24 255
83 25 585
83 26 798
83 27 729
83 28 301
83 29 535
83 30 669
83 31 290
83 32 202
83 33 294
83 34 163
83 35 62
83 36 212
83 37 590
83 38 934
83 39 758
83 40 532
83 41 216
83 42 1025
83 43 320
83 44 274
83 45 391
83 46 330
83 47 424
83 48 489
83 49 558
83 50 950
83 51 533
83 52 432
83 53 136
83 54 1038
83 55 655
83 56 676
83 57 951
83 58 910
83 59 314
83 60 847
83 61 633
83 62 890
83 63 814
83 64 855
83 65 331
83 66 579
83 67 732
83 68 253
83 69 528
83 70 783
83 71 699
83 72 480
83 73 599
83 74 316
83 75 485
83 76 582
83 77 444
83 78 233
83 79 969
83 80 526
83 81 593
83 82 326
83 84 488
83 85 1020
83 86 858
83 87 278
83 88 745
83 89 492
83 90 387
83 91 614
83 92 301
83 93 172
83 94 839
83 95 874
83 96 593
83 97 447
83 98 244
83 99 738
83 100 462
84 1 761
84 2 607
84 3 584
84 4 595
84 5 636
84 6 712
84 7 850
84 8 344
84 9 678
84 10 1018
84 11 364
84 12 344
84 13 135
84 14 466
84 15 344
84 16 568
84 17 738
84 18 530
84 19 687
84 20 265
84 21 214
84 22 721
84 23 74
84 24 239
84 25 305
84 26 922
84 27 549
84 28 728
84 29 390
84 30 515
84 31 594
84 32 520
84 33 199
84 34 537
84 35 429
84 36 278
84 37 661
84 38 667
84 39 357
84 40 573
84 41 280
84 42 737
84 43 485
84 44 722
84 45 825
84 46 182
84 47 534
84 48 450
84 49 411
84 50 794
84 51 602
84 52 775
84 53 392
84 54 1126
84 55 310
84 56 931
84 57 668
84 58 768
84 59 568
84 60 597
84 61 916
84 62 925
84 63 801
84 64 636
84 65 789
84 66 122
84 67 984
84 68 236
84 69 570
84 70 747
84 71 513
84 72 424
84 73 353
84 74 713
84 75 629
84 76 128
84 77 701
84 78 348
84 79 905
84 80 880
84 81 438
84 82 797
84 83 488
84 85 1134
84 86 493
84 87 727
84 88 345
84 89 823
84 90 103
84 91 230
84 92 721
84 93 551
84 94 956
84 95 1002
84 96 364
84 97 106
84 98 423
84 99 677
84 100 301
85 1 877
85 2 630
85 3 551
85 4 615
85 5 583
85 6 627
85 7 372
85 8 928
85 9 509
85 10 238
85 11 831
85 12 995
85 13 1144
85 14 866
85 15 988
85 16 584
85 17 426
85 18 821
85 19 909
85 20 872
85 21 952
85 22 683
85 23 1087
85 24 1085
85 25 876
85 26 225
85 27 677
85 28 826
85 29 753
85 30 671
85 31 733
85 32 819
85 33 1091
85 34 859
85 35 1007
85 36 1060
85 37 478
85 38 787
85 39 1020
85 40 565
85 41 1002
85 42 840
85 43 728
85 44 873
85 45 819
85 46 1003
85 47 635
85 48 684
85 49 737
85 50 576
85 51 541
85 52 651
85 53 942
85 54 60
85 55 936
85 56 405
85 57 820
85 58 555
85 59 707
85 60 760
85 61 466
85 62 238
85 63 371
85 64 704
85 65 888
85 66 1096
85 67 368
85 68 1066
85 69 568
85 70 427
85 71 699
85 72 711
85 73 829
85 74 776
85 75 549
85 76 1093
85 77 582
85 78 887
85 79 394
85 80 624
85 81 720
85 82 934
85 83 1020
85 84 1134
85 86 968
85 87 873
85 88 1018
85 89 605
85 90 1079
85 91 997
85 92 814
85 93 852
85 94 185
85 95 146
85 96 810
85 97 1197
85 98 819
85 99 496
85 100 834
86 1 1030
86 2 340
86 3 511
86 4 361
86 5 724
86 6 852
86 7 842
86 8 173
86 9 710
86 10 960
86 11 593
86 12 150
86 13 612
86 14 749
86 15 709
86 16 434
86 17 551
86 18 784
86 19 201
86 20 448
86 21 527
86 22 895
86 23 519
86 24 672
86 25 276
86 26 818
86 27 302
86 28 977
86 29 371
86 30 334
86 31 792
86 32 772
86 33 641
86 34 815
86 35 800
86 36 693
86 37 617
86 38 233
86 39 140
86 40 558
86 41 657
86 42 268
86 43 653
86 44 994
86 45 1060
86 46 550
86 47 614
86 48 469
86 49 361
86 50 440
86 51 593
86 52 931
86 53 725
86 54 935
86 55 206
86 56 955
86 57 216
86 58 439
86 59 743
86 60 215
86 61 973
86 62 730
86 63 599
86 64 274
86 65 1060
86 66 374
86 67 991
86 68 659
86 69 559
86 70 545
86 71 292
86 72 456
86 73 274
86 74 938
86 75 674
86 76 368
86 77 808
86 78 633
86 79 615
86 80 1017
86 81 344
86 82 1085
86 83 858
86 84 493
86 85 968
86 87 999
86 88 151
86 89 953
86 90 542
86 91 269
86 92 965
86 93 825
86 94 835
86 95 879
86 96 287
86 97 598
86 98 661
86 99 483
86 100 406
87 1 34
87 2 812
87 3 594
87 4 777
87 5 361
87 6 257
87 7 505
87 8 837
87 9 432
87 10 648
87 11 414
87 12 896
87 13 631
87 14 268
87 15 388
87 16 670
87 17 734
87 18 218
87 19 1112
87 20 567
87 21 534
87 22 194
87 23 654
87 24 514
87 25 729
87 26 671
87 27 793
87 28 48
87 29 633
87 30 732
87 31 220
87 32 229
87 33 549
87 34 195
87 35 319
87 36 470
87 37 543
87 38 1013
87 39 927
87 40 526
87 41 450
87 42 1106
87 43 351
87 44 6
87 45 113
87 46 549
87 47 423
87 48 549
87 49 649
87 50 967
87 51 509
87 52 224
87 53 336
87 54 905
87 55 812
87 56 482
87 57 1037
87 58 923
87 59 273
87 60 929
87 61 427
87 62 804
87 63 768
87 64 918
87 65 64
87 66 794
87 67 533
87 68 507
87 69 522
87 70 756
87 71 772
87 72 554
87 73 725
87 74 100
87 75 427
87 76 796
87 77 313
87 78 395
87 79 931
87 80 285
87 81 677
87 82 89
87 83 278
87 84 727
87 85 873
87 86 999
87 88 915
87 89 276
87 90 625
87 91 796
87 92 61
87 93 183
87 94 710
87 95 735
87 96 713
87 97 707
87 98 343
87 99 735
87 100 597
88 1 948
88 2 396
88 3 507
88 4 405
88 5 683
88 6 801
88 7 837
88 8 97
88 9 686
88 10 974
88 11 502
88 12 25
88 13 469
88 14 654
88 15 592
88 16 445
88 17 592
88 18 698
88 19 350
88 20 349
88 21 409
88 22 836
88 23 377
88 24 539
88 25 194
88 26 843
88 27 343
88 28 899
88 29 324
88 30 349
88 31 722
88 32 687
88 33 505
88 34 724
88 35 685
88 36 564
88 37 612
88 38 360
88 39 14
88 40 538
88 41 535
88 42 411
88 43 584
88 44 910
88 45 988
88 46 423
88 47 567
88 48 427
88 49 324
88 50 542
88 51 574
88 52 878
88 53 616
88 54 992
88 55 107
88 56 943
88 57 351
88 58 530
88 59 677
88 60 314
88 61 952
88 62 783
88 63 649
88 64 368
88 65 978
88 66 225
88 67 985
88 68 528
88 69 538
88 70 592
88 71 319
88 72 407
88 73 220
88 74 866
88 75 643
88 76 219
88 77 765
88 78 530
88 79 698
88 80 973
88 81 322
88 82 999
88 83 745
88 84 345
88 85 1018
88 86 151
88 87 915
88 89 909
88 90 403
88 91 133
88 92 888
88 93 735
88 94 866
88 95 912
88 96 238
88 97 450
88 98 573
88 99 522
88 100 321
89 1 275
89 2 690
89 3 463
89 4 654
89 5 230
89 6 113
89 7 250
89 8 818
89 9 258
89 10 374
89 11 460
89 12 887
89 13 765
89 14 386
89 15 535
89 16 549
89 17 552
89 18 320
89 19 1019
89 20 594
89 21 610
89 22 116
89 23 754
89 24 663
89 25 716
89 26 418
89 27 690
89 28 230
89 29 589
89 30 636
89 31 235
89 32 325
89 33 688
89 34 338
89 35 506
89 36 623
89 37 375
89 38 904
89 39 919
89 40 403
89 41 580
89 42 994
89 43 344
89 44 277
89 45 217
89 46 645
89 47 343
89 48 487
89 49 595
89 50 803
89 51 372
89 52 60
89 53 477
89 54 641
89 55 802
89 56 207
89 57 934
89 58 761
89 59 256
89 60 828
89 61 152
89 62 571
89 63 568
89 64 802
89 65 284
89 66 854
89 67 258
89 68 649
89 69 401
89 70 573
89 71 680
89 72 504
89 73 693
89 74 188
89 75 284
89 76 854
89 77 146
89 78 481
89 79 725
89 80 65
89 81 610
89 82 329
89 83 492
89 84 823
89 85 605
89 86 953
89 87 276
89 88 909
89 90 731
89 91 814
89 92 220
89 93 326
89 94 454
89 95 473
89 96 676
89 97 837
89 98 402
89 99 575
89 100 598
90 1 658
90 2 597
90 3 536
90 4 579
90 5 555
90 6 622
90 7 776
90 8 378
90 9 604
90 10 947
90 11 277
90 12 396
90 13 79
90 14 366
90 15 241
90 16 535
90 17 701
90 18 431
90 19 726
90 20 212
90 21 131
90 22 626
90 23 32
90 24 144
90 25 310
90 26 861
90 27 542
90 28 627
90 29 360
90 30 498
90 31 499
90 32 422
90 33 106
90 34 436
90 35 328
90 36 179
90 37 602
90 38 690
90 39 416
90 40 514
90 41 177
90 42 767
90 43 400
90 44 620
90 45 724
90 46 87
90 47 460
90 48 399
90 49 384
90 50 790
90 51 540
90 52 681
90 53 290
90 54 1076
90 55 342
90 56 850
90 57 695
90 58 760
90 59 477
90 60 612
90 61 832
90 62 881
90 63 764
90 64 643
90 65 687
90 66 199
90 67 904
90 68 138
90 69 512
90 70 713
90 71 505
90 72 373
90 73 351
90 74 614
90 75 556
90 76 204
90 77 615
90 78 252
90 79 882
90 80 787
90 81 416
90 82 694
90 83 387
90 84 103
90 85 1079
90 86 542
90 87 625
90 88 403
90 89 731
90 91 273
90 92 620
90 93 450
90 94 897
90 95 942
90 96 358
90 97 119
90 98 329
90 99 646
90 100 262
91 1 829
91 2 410
91 3 457
91 4 406
91 5 594
91 6 703
91 7 772
91 8 116
91 9 610
91 10 923
91 11 383
91 12 123
91 13 344
91 14 531
91 15 461
91 16 413
91 17 577
91 18 579
91 19 459
91 20 230
91 21 278
91 22 732
91 23 250
91 24 407
91 25 121
91 26 804
91 27 351
91 28 782
91 29 254
91 30 334
91 31 612
91 32 568
91 33 374
91 34 602
91 35 554
91 36 432
91 37 555
91 38 440
91 39 146
91 40 472
91 41 403
91 42 508
91 43 477
91 44 791
91 45 874
91 46 291
91 47 479
91 48 350
91 49 265
91 50 584
91 51 507
91 52 778
91 53 488
91 54 979
91 55 83
91 56 871
91 57 439
91 58 564
91 59 571
91 60 373
91 61 873
91 62 770
91 63 638
91 64 418
91 65 859
91 66 124
91 67 918
91 68 395
91 69 471
91 70 581
91 71 318
91 72 326
91 73 169
91 74 753
91 75 564
91 76 118
91 77 674
91 78 405
91 79 717
91 80 877
91 81 277
91 82 877
91 83 614
91 84 230
91 85 997
91 86 269
91 87 796
91 88 133
91 89 814
91 90 273
91 92 772
91 93 614
91 94 832
91 95 878
91 96 187
91 97 335
91 98 454
91 99 509
91 100 217
92 1 76
92 2 764
92 3 543
92 4 729
92 5 306
92 6 197
92 7 445
92 8 807
92 9 375
92 10 589
92 11 390
92 12 868
92 13 634
92 14 256
92 15 390
92 16 621
92 17 679
92 18 196
92 19 1070
92 20 543
92 21 520
92 22 134
92 23 648
92 24 519
92 25 699
92 26 611
92 27 748
92 28 14
92 29 596
92 30 688
92 31 176
92 32 207
92 33 552
92 34 185
92 35 333
92 36 476
92 37 488
92 38 968
92 39 900
92 40 475
92 41 449
92 42 1061
92 43 313
92 44 60
92 45 105
92 46 541
92 47 375
92 48 508
92 49 610
92 50 914
92 51 456
92 52 166
92 53 335
92 54 845
92 55 784
92 56 425
92 57 993
92 58 871
92 59 228
92 60 885
92 61 371
92 62 745
92 63 711
92 64 872
92 65 101
92 66 780
92 67 477
92 68 510
92 69 471
92 70 700
92 71 728
92 72 514
92 73 691
92 74 41
92 75 372
92 76 782
92 77 254
92 78 380
92 79 874
92 80 236
92 81 636
92 82 140
92 83 301
92 84 721
92 85 814
92 86 965
92 87 61
92 88 888
92 89 220
92 90 620
92 91 772
92 93 171
92 94 650
92 95 675
92 96 678
92 97 710
92 98 319
92 99 681
92 100 568
93 1 216
93 2 668
93 3 466
93 4 634
93 5 277
93 6 241
93 7 484
93 8 660
93 9 356
93 10 651
93 11 234
93 12 717
93 13 465
93 14 86
93 15 222
93 16 532
93 17 628
93 18 46
93 19 949
93 20 387
93 21 352
93 22 211
93 23 478
93 24 352
93 25 552
93 26 633
93 27 641
93 28 178
93 29 466
93 30 579
93 31 120
93 32 56
93 33 383
93 34 15
93 35 181
93 36 310
93 37 444
93 38 858
93 39 747
93 40 401
93 41 279
93 42 951
93 43 196
93 44 178
93 45 275
93 46 371
93 47 291
93 48 393
93 49 485
93 50 839
93 51 394
93 52 267
93 53 165
93 54 873
93 55 634
93 56 504
93 57 880
93 58 796
93 59 154
93 60 772
93 61 463
93 62 736
93 63 673
93 64 768
93 65 246
93 66 613
93 67 561
93 68 342
93 69 397
93 70 649
93 71 616
93 72 393
93 73 552
93 74 168
93 75 331
93 76 615
93 77 273
93 78 213
93 79 833
93 80 367
93 81 515
93 82 264
93 83 172
93 84 551
93 85 852
93 86 825
93 87 183
93 88 735
93 89 326
93 90 450
93 91 614
93 92 171
93 94 673
93 95 707
93 96 541
93 97 540
93 98 164
93 99 613
93 100 420
94 1 718
94 2 497
94 3 378
94 4 475
94 5 401
94 6 457
94 7 207
94 8 773
94 9 325
94 10 156
94 11 646
94 12 843
94 13 961
94 14 683
94 15 803
94 16 424
94 17 286
94 18 641
94 19 808
94 20 692
94 21 770
94 22 518
94 23 906
94 24 901
94 25 711
94 26 41
94 27 536
94 28 663
94 29 582
94 30 518
94 31 554
94 32 638
94 33 907
94 34 679
94 35 824
94 36 875
94 37 296
94 38 682
94 39 870
94 40 384
94 41 817
94 42 750
94 43 543
94 44 710
94 45 670
94 46 820
94 47 450
94 48 506
94 49 569
94 50 496
94 51 358
94 52 493
94 53 758
94 54 200
94 55 778
94 56 277
94 57 716
94 58 464
94 59 525
94 60 639
94 61 335
94 62 154
94 63 247
94 64 588
94 65 733
94 66 925
94 67 263
94 68 882
94 69 387
94 70 295
94 71 552
94 72 533
94 73 666
94 74 611
94 75 364
94 76 923
94 77 408
94 78 702
94 79 343
94 80 486
94 81 556
94 82 778
94 83 839
94 84 956
94 85 185
94 86 835
94 87 710
94 88 866
94 89 454
94 90 897
94 91 832
94 92 650
94 93 673
94 95 47
94 96 647
94 97 1016
94 98 634
94 99 353
94 100 657
95 1 741
95 2 540
95 3 425
95 4 519
95 5 438
95 6 485
95 7 231
95 8 819
95 9 364
95 10 139
95 11 689
95 12 888
95 13 1005
95 14 721
95 15 844
95 16 470
95 17 329
95 18 676
95 19 847
95 20 738
95 21 814
95 22 544
95 23 952
95 24 943
95 25 758
95 26 82
95 27 580
95 28 688
95 29 629
95 30 563
95 31 588
95 32 674
95 33 950
95 34 714
95 35 862
95 36 917
95 37 341
95 38 721
95 39 916
95 40 430
95 41 860
95 42 787
95 43 584
95 44 735
95 45 689
95 46 865
95 47 493
95 48 552
95 49 615
95 50 529
95 51 403
95 52 515
95 53 797
95 54 170
95 55 824
95 56 283
95 57 755
95 58 499
95 59 561
95 60 681
95 61 344
95 62 180
95 63 286
95 64 628
95 65 754
95 66 972
95 67 261
95 68 924
95 69 432
95 70 337
95 71 597
95 72 579
95 73 712
95 74 637
95 75 405
95 76 969
95 77 438
95 78 744
95 79 368
95 80 499
95 81 603
95 82 799
95 83 874
95 84 1002
95 85 146
95 86 879
95 87 735
95 88 912
95 89 473
95 90 942
95 91 878
95 92 675
95 93 707
95 94 47
95 96 693
95 97 1061
95 98 675
95 99 397
95 100 703
96 1 744
96 2 243
96 3 275
96 4 232
96 5 448
96 6 571
96 7 600
96 8 143
96 9 448
96 10 744
96 11 314
96 12 215
96 13 437
96 14 469
96 15 453
96 16 227
96 17 392
96 18 499
96 19 417
96 20 186
96 21 287
96 22 611
96 23 348
96 24 453
96 25 67
96 26 620
96 27 186
96 28 690
96 29 88
96 30 153
96 31 505
96 32 488
96 33 432
96 34 532
96 35 538
96 36 460
96 37 378
96 38 348
96 39 246
96 40 300
96 41 412
96 42 435
96 43 366
96 44 708
96 45 773
96 46 327
96 47 334
96 48 191
96 49 87
96 50 434
96 51 337
96 52 649
96 53 458
96 54 793
96 55 136
96 56 706
96 57 361
96 58 406
96 59 456
96 60 264
96 61 714
96 62 585
96 63 454
96 64 288
96 65 773
96 66 294
96 67 749
96 68 436
96 69 301
96 70 397
96 71 150
96 72 173
96 73 20
96 74 651
96 75 406
96 76 290
96 77 532
96 78 361
96 79 543
96 80 740
96 81 91
96 82 800
96 83 593
96 84 364
96 85 810
96 86 287
96 87 713
96 88 238
96 89 676
96 90 358
96 91 187
96 92 678
96 93 541
96 94 647
96 95 693
96 97 457
96 98 379
96 99 325
96 100 132
97 1 740
97 2 699
97 3 653
97 4 685
97 5 670
97 6 730
97 7 894
97 8 448
97 9 721
97 10 1065
97 11 391
97 12 449
97 13 77
97 14 461
97 15 321
97 16 648
97 17 816
97 18 527
97 19 792
97 20 328
97 21 249
97 22 729
97 23 114
97 24 195
97 25 402
97 26 980
97 27 643
97 28 715
97 29 471
97 30 604
97 31 603
97 32 520
97 33 159
97 34 526
97 35 393
97 36 239
97 37 721
97 38 771
97 39 462
97 40 633
97 41 263
97 42 842
97 43 513
97 44 702
97 45 812
97 46 201
97 47 578
97 48 516
97 49 494
97 50 890
97 51 659
97 52 785
97 53 376
97 54 1193
97 55 414
97 56 964
97 57 772
97 58 862
97 59 586
97 60 698
97 61 944
97 62 998
97 63 878
97 64 735
97 65 767
97 66 226
97 67 1019
97 68 201
97 69 630
97 70 826
97 71 606
97 72 490
97 73 447
97 74 708
97 75 673
97 76 232
97 77 727
97 78 358
97 79 992
97 80 890
97 81 524
97 82 768
97 83 447
97 84 106
97 85 1197
97 86 598
97 87 707
97 88 450
97 89 837
97 90 119
97 91 335
97 92 710
97 93 540
97 94 1016
97 95 1061
97 96 457
97 98 438
97 99 758
97 100 375
98 1 375
98 2 526
98 3 348
98 4 494
98 5 246
98 6 293
98 7 476
98 8 496
98 9 312
98 10 650
98 11 72
98 12 554
98 13 367
98 14 93
98 15 170
98 16 399
98 17 523
98 18 126
98 19 790
98 20 225
98 21 211
98 22 299
98 23 352
98 24 278
98 25 388
98 26 594
98 27 492
98 28 329
98 29 307
98 30 431
98 31 172
98 32 114
98 33 295
98 34 155
98 35 206
98 36 246
98 37 360
98 38 704
98 39 585
98 40 293
98 41 192
98 42 796
98 43 92
98 44 338
98 45 422
98 46 244
98 47 191
98 48 247
98 49 327
98 50 707
98 51 299
98 52 353
98 53 128
98 54 829
98 55 470
98 56 533
98 57 724
98 58 666
98 59 149
98 60 617
98 61 508
98 62 663
98 63 576
98 64 619
98 65 405
98 66 466
98 67 589
98 68 261
98 69 289
98 70 542
98 71 464
98 72 241
98 73 389
98 74 302
98 75 271
98 76 467
98 77 292
98 78 80
98 79 728
98 80 458
98 81 360
98 82 427
98 83 244
98 84 423
98 85 819
98 86 661
98 87 343
98 88 573
98 89 402
98 90 329
98 91 454
98 92 319
98 93 164
98 94 634
98 95 675
98 96 379
98 97 438
98 99 495
98 100 257
99 1 757
99 2 146
99 3 149
99 4 122
99 5 377
99 6 505
99 7 391
99 8 433
99 9 321
99 10 482
99 11 466
99 12 499
99 13 720
99 14 578
99 15 642
99 16 111
99 17 71
99 18 569
99 19 474
99 20 436
99 21 536
99 22 566
99 23 645
99 24 698
99 25 391
99 26 337
99 27 184
99 28 695
99 29 288
99 30 177
99 31 519
99 32 560
99 33 690
99 34 612
99 35 699
99 36 687
99 37 201
99 38 350
99 39 525
99 40 213
99 41 629
99 42 432
99 43 422
99 44 732
99 45 748
99 46 587
99 47 323
99 48 264
99 49 266
99 50 234
99 51 227
99 52 578
99 53 617
99 54 472
99 55 443
99 56 508
99 57 382
99 58 190
99 59 469
99 60 293
99 61 541
99 62 263
99 63 130
99 64 248
99 65 781
99 66 618
99 67 532
99 68 678
99 69 217
99 70 73
99 71 204
99 72 284
99 73 342
99 74 644
99 75 311
99 76 614
99 77 447
99 78 530
99 79 242
99 80 633
99 81 240
99 82 820
99 83 738
99 84 677
99 85 496
99 86 483
99 87 735
99 88 522
99 89 575
99 90 646
99 91 509
99 92 681
99 93 613
99 94 353
99 95 397
99 96 325
99 97 758
99 98 495
99 100 384
100 1 629
100 2 345
100 3 283
100 4 323
100 5 380
100 6 487
100 7 569
100 8 240
100 9 401
100 10 729
100 11 188
100 12 301
100 13 338
100 14 344
100 15 322
100 16 273
100 17 441
100 18 381
100 19 547
100 20 59
100 21 164
100 22 517
100 23 262
100 24 333
100 25 132
100 26 624
100 27 294
100 28 579
100 29 100
100 30 243
100 31 401
100 32 369
100 33 317
100 34 411
100 35 406
100 36 335
100 37 366
100 38 478
100 39 332
100 40 277
100 41 283
100 42 566
100 43 264
100 44 593
100 45 667
100 46 210
100 47 265
100 48 152
100 49 125
100 50 539
100 51 309
100 52 562
100 53 327
100 54 825
100 55 216
100 56 663
100 57 492
100 58 506
100 59 357
100 60 393
100 61 660
100 62 625
100 63 504
100 64 410
100 65 659
100 66 276
100 67 712
100 68 314
100 69 276
100 70 452
100 71 259
100 72 125
100 73 138
100 74 545
100 75 354
100 76 274
100 77 458
100 78 231
100 79 621
100 80 661
100 81 159
100 82 683
100 83 462
100 84 301
100 85 834
100 86 406
100 87 597
100 88 321
100 89 598
100 90 262
100 91 217
100 92 568
100 93 420
100 94 657
100 95 703
100 96 132
100 97 375
100 98 257
100 99 384
