nnodes nedges type capacity P s t
100  4950  graph  1000 100 1 100 
nodename posx posy itemvalue itemweight
1 852 421 0 0
2 810 404 17 1
3 207 337 49 10
4 869 508 12 7
5 312 962 84 1
6 53 574 85 3
7 377 632 65 3
8 989 966 58 8
9 892 391 40 4
10 848 286 33 1
11 115 499 31 5
12 666 573 54 3
13 365 637 80 5
14 483 808 32 6
15 132 248 31 5
16 903 336 97 10
17 21 66 35 5
18 92 228 10 3
19 403 961 17 4
20 88 67 91 10
21 275 142 44 7
22 993 4 54 9
23 126 982 52 2
24 971 371 66 1
25 374 171 5 10
26 657 841 3 7
27 22 675 74 6
28 766 388 59 5
29 312 249 72 10
30 196 445 60 4
31 849 452 66 8
32 133 870 63 10
33 518 226 72 5
34 451 921 35 8
35 187 539 98 7
36 988 815 39 1
37 33 334 4 3
38 819 160 1 5
39 316 142 56 8
40 883 42 97 2
41 313 540 19 9
42 884 336 98 2
43 216 2 6 8
44 76 880 96 7
45 252 272 50 7
46 677 101 30 5
47 724 811 14 3
48 324 242 67 6
49 37 775 69 3
50 515 576 25 6
51 666 856 81 6
52 743 700 58 4
53 190 915 8 9
54 212 858 90 5
55 57 95 28 6
56 901 723 26 7
57 987 137 36 3
58 411 555 38 1
59 139 487 82 6
60 788 743 17 1
61 759 465 92 7
62 197 836 98 8
63 628 521 91 4
64 430 665 43 9
65 648 298 68 9
66 594 314 76 8
67 154 337 34 3
68 366 696 84 3
69 252 578 91 3
70 906 662 59 1
71 25 159 11 4
72 385 365 17 6
73 296 148 58 6
74 920 788 87 10
75 635 708 43 3
76 531 746 70 7
77 526 80 1 7
78 582 154 44 3
79 953 365 82 8
80 172 601 1 1
81 663 766 56 6
82 916 169 1 2
83 455 634 9 4
84 217 60 86 1
85 213 123 8 5
86 722 590 21 8
87 283 459 28 9
88 955 931 16 8
89 607 228 95 4
90 719 594 29 7
91 288 603 8 8
92 340 814 23 9
93 683 275 17 8
94 969 637 51 10
95 640 493 55 4
96 590 655 51 1
97 259 858 31 1
98 824 66 4 9
99 493 41 86 9
100 126 58 0 0
endpoint1 endpoint2 weight
1 2 46
1 3 651
1 4 89
1 5 765
1 6 814
1 7 520
1 8 562
1 9 50
1 10 136
1 11 742
1 12 241
1 13 533
1 14 535
1 15 741
1 16 100
1 17 904
1 18 785
1 19 703
1 20 843
1 21 641
1 22 441
1 23 918
1 24 130
1 25 540
1 26 464
1 27 868
1 28 93
1 29 567
1 30 657
1 31 32
1 32 848
1 33 387
1 34 641
1 35 676
1 36 417
1 37 824
1 38 264
1 39 605
1 40 381
1 41 552
1 42 91
1 43 762
1 44 902
1 45 619
1 46 365
1 47 411
1 48 558
1 49 889
1 50 371
1 51 474
1 52 300
1 53 827
1 54 775
1 55 860
1 56 306
1 57 315
1 58 461
1 59 717
1 60 329
1 61 103
1 62 776
1 63 246
1 64 488
1 65 239
1 66 280
1 67 704
1 68 559
1 69 621
1 70 247
1 71 868
1 72 471
1 73 620
1 74 374
1 75 360
1 76 457
1 77 472
1 78 380
1 79 116
1 80 704
1 81 394
1 82 260
1 83 451
1 84 731
1 85 706
1 86 214
1 87 571
1 88 521
1 89 312
1 90 219
1 91 593
1 92 646
1 93 224
1 94 246
1 95 224
1 96 352
1 97 737
1 98 357
1 99 523
1 100 812
2 1 46
2 3 607
2 4 120
2 5 748
2 6 776
2 7 490
2 8 590
2 9 84
2 10 124
2 11 702
2 12 223
2 13 503
2 14 520
2 15 696
2 16 116
2 17 859
2 18 740
2 19 690
2 20 797
2 21 596
2 22 440
2 23 896
2 24 165
2 25 495
2 26 464
2 27 834
2 28 47
2 29 522
2 30 616
2 31 62
2 32 822
2 33 342
2 34 630
2 35 638
2 36 448
2 37 781
2 38 245
2 39 560
2 40 370
2 41 516
2 42 101
2 43 718
2 44 875
2 45 574
2 46 331
2 47 416
2 48 513
2 49 858
2 50 342
2 51 475
2 52 304
2 53 804
2 54 751
2 55 814
2 56 332
2 57 321
2 58 427
2 59 677
2 60 340
2 61 80
2 62 750
2 63 217
2 64 461
2 65 194
2 66 234
2 67 660
2 68 532
2 69 585
2 70 276
2 71 823
2 72 427
2 73 575
2 74 400
2 75 351
2 76 442
2 77 431
2 78 339
2 79 149
2 80 668
2 81 391
2 82 258
2 83 423
2 84 686
2 85 660
2 86 206
2 87 530
2 88 547
2 89 269
2 90 211
2 91 559
2 92 624
2 93 182
2 94 283
2 95 192
2 96 334
2 97 714
2 98 339
2 99 482
2 100 767
3 1 651
3 2 607
3 4 684
3 5 634
3 6 283
3 7 341
3 8 1004
3 9 688
3 10 644
3 11 187
3 12 517
3 13 340
3 14 546
3 15 117
3 16 697
3 17 329
3 18 159
3 19 655
3 20 296
3 21 207
3 22 854
3 23 651
3 24 765
3 25 236
3 26 676
3 27 386
3 28 562
3 29 137
3 30 109
3 31 653
3 32 539
3 33 331
3 34 633
3 35 203
3 36 916
3 37 175
3 38 638
3 39 224
3 40 738
3 41 230
3 42 678
3 43 336
3 44 559
3 45 80
3 46 526
3 47 702
3 48 151
3 49 470
3 50 390
3 51 693
3 52 648
3 53 579
3 54 522
3 55 285
3 56 795
3 57 806
3 58 299
3 59 165
3 60 709
3 61 567
3 62 500
3 63 460
3 64 397
3 65 443
3 66 388
3 67 53
3 68 393
3 69 246
3 70 771
3 71 255
3 72 181
3 73 209
3 74 844
3 75 567
3 76 522
3 77 410
3 78 418
3 79 747
3 80 267
3 81 627
3 82 729
3 83 387
3 84 278
3 85 215
3 86 574
3 87 144
3 88 956
3 89 415
3 90 573
3 91 279
3 92 496
3 93 481
3 94 819
3 95 461
3 96 498
3 97 524
3 98 674
3 99 412
3 100 291
4 1 89
4 2 120
4 3 684
4 5 719
4 6 819
4 7 508
4 8 474
4 9 120
4 10 223
4 11 755
4 12 214
4 13 521
4 14 489
4 15 782
4 16 176
4 17 957
4 18 826
4 19 650
4 20 897
4 21 698
4 22 520
4 23 882
4 24 171
4 25 599
4 26 395
4 27 864
4 28 159
4 29 615
4 30 676
4 31 60
4 32 821
4 33 451
4 34 588
4 35 683
4 36 330
4 37 854
4 38 352
4 39 664
4 40 467
4 41 557
4 42 173
4 43 827
4 44 876
4 45 661
4 46 451
4 47 336
4 48 607
4 49 874
4 50 361
4 51 403
4 52 230
4 53 792
4 54 745
4 55 911
4 56 218
4 57 390
4 58 461
4 59 731
4 60 249
4 61 119
4 62 748
4 63 242
4 64 467
4 65 305
4 66 337
4 67 736
4 68 537
4 69 621
4 70 159
4 71 914
4 72 505
4 73 677
4 74 285
4 75 308
4 76 414
4 77 549
4 78 456
4 79 166
4 80 704
4 81 331
4 82 343
4 83 433
4 84 792
4 85 761
4 86 169
4 87 589
4 88 432
4 89 384
4 90 173
4 91 589
4 92 612
4 93 299
4 94 164
4 95 230
4 96 316
4 97 704
4 98 445
4 99 600
4 100 869
5 1 765
5 2 748
5 3 634
5 4 719
5 6 467
5 7 337
5 8 678
5 9 814
5 10 863
5 11 504
5 12 526
5 13 330
5 14 231
5 15 737
5 16 861
5 17 943
5 18 767
5 19 92
5 20 923
5 21 821
5 22 1176
5 23 188
5 24 886
5 25 794
5 26 366
5 27 409
5 28 732
5 29 713
5 30 530
5 31 741
5 32 202
5 33 765
5 34 145
5 35 442
5 36 692
5 37 688
5 38 949
5 39 821
5 40 1083
5 41 423
5 42 848
5 43 965
5 44 250
5 45 693
5 46 936
5 47 439
5 48 721
5 49 333
5 50 437
5 51 370
5 52 505
5 53 131
5 54 145
5 55 904
5 56 636
5 57 1066
5 58 419
5 59 506
5 60 524
5 61 669
5 62 171
5 63 543
5 64 320
5 65 745
5 66 707
5 67 645
5 68 272
5 69 389
5 70 666
5 71 853
5 72 602
5 73 815
5 74 633
5 75 411
5 76 308
5 77 908
5 78 852
5 79 876
5 80 388
5 81 403
5 82 997
5 83 358
5 84 907
5 85 845
5 86 554
5 87 504
5 88 644
5 89 792
5 90 549
5 91 360
5 92 151
5 93 781
5 94 733
5 95 573
5 96 415
5 97 117
5 98 1032
5 99 939
5 100 923
6 1 814
6 2 776
6 3 283
6 4 819
6 5 467
6 7 330
6 8 1015
6 9 859
6 10 846
6 11 98
6 12 614
6 13 319
6 14 490
6 15 336
6 16 883
6 17 510
6 18 349
6 19 522
6 20 509
6 21 486
6 22 1100
6 23 415
6 24 941
6 25 516
6 26 661
6 27 106
6 28 737
6 29 416
6 30 193
6 31 806
6 32 307
6 33 581
6 34 529
6 35 139
6 36 966
6 37 241
6 38 871
6 39 506
6 40 986
6 41 263
6 42 865
6 43 595
6 44 307
6 45 362
6 46 784
6 47 712
6 48 429
6 49 202
6 50 463
6 51 675
6 52 702
6 53 368
6 54 326
6 55 480
6 56 861
6 57 1032
6 58 359
6 59 123
6 60 755
6 61 715
6 62 299
6 63 578
6 64 388
6 65 656
6 66 601
6 67 258
6 68 336
6 69 200
6 70 858
6 71 416
6 72 393
6 73 491
6 74 894
6 75 598
6 76 509
6 77 684
6 78 676
6 79 924
6 80 123
6 81 640
6 82 954
6 83 407
6 84 540
6 85 479
6 86 670
6 87 258
6 88 971
6 89 654
6 90 667
6 91 237
6 92 375
6 93 698
6 94 919
6 95 593
6 96 544
6 97 351
6 98 924
6 99 692
6 100 522
7 1 520
7 2 490
7 3 341
7 4 508
7 5 337
7 6 330
7 8 698
7 9 569
7 10 585
7 11 294
7 12 295
7 13 13
7 14 206
7 15 456
7 16 604
7 17 669
7 18 495
7 19 331
7 20 635
7 21 501
7 22 880
7 23 431
7 24 649
7 25 462
7 26 350
7 27 358
7 28 460
7 29 389
7 30 261
7 31 506
7 32 341
7 33 430
7 34 299
7 35 212
7 36 638
7 37 456
7 38 647
7 39 494
7 40 778
7 41 113
7 42 588
7 43 651
7 44 391
7 45 382
7 46 610
7 47 391
7 48 394
7 49 369
7 50 149
7 51 366
7 52 373
7 53 340
7 54 280
7 55 626
7 56 532
7 57 786
7 58 85
7 59 279
7 60 426
7 61 417
7 62 273
7 63 275
7 64 63
7 65 431
7 66 385
7 67 370
7 68 65
7 69 137
7 70 530
7 71 590
7 72 268
7 73 491
7 74 565
7 75 269
7 76 192
7 77 572
7 78 521
7 79 635
7 80 208
7 81 316
7 82 711
7 83 79
7 84 594
7 85 535
7 86 348
7 87 197
7 88 651
7 89 465
7 90 345
7 91 94
7 92 186
7 93 471
7 94 593
7 95 298
7 96 215
7 97 255
7 98 722
7 99 603
7 100 627
8 1 562
8 2 590
8 3 1004
8 4 474
8 5 678
8 6 1015
8 7 698
8 9 584
8 10 695
8 11 991
8 12 509
8 13 706
8 14 531
8 15 1119
8 16 636
8 17 1322
8 18 1162
8 19 587
8 20 1273
8 21 1091
8 22 963
8 23 864
8 24 596
8 25 1006
8 26 355
8 27 1010
8 28 620
8 29 987
8 30 949
8 31 533
8 32 862
8 33 878
8 34 540
8 35 909
8 36 152
8 37 1147
8 38 824
8 39 1064
8 40 931
8 41 800
8 42 639
8 43 1236
8 44 918
8 45 1013
8 46 920
8 47 308
8 48 984
8 49 971
8 50 614
8 51 342
8 52 363
8 53 801
8 54 785
8 55 1276
8 56 259
8 57 830
8 58 710
8 59 976
8 60 301
8 61 552
8 62 803
8 63 574
8 64 635
8 65 751
8 66 763
8 67 1046
8 68 679
8 69 833
8 70 316
8 71 1258
8 72 853
8 73 1073
8 74 191
8 75 439
8 76 509
8 77 1000
8 78 909
8 79 603
8 80 895
8 81 383
8 82 801
8 83 629
8 84 1191
8 85 1146
8 86 462
8 87 870
8 88 49
8 89 832
8 90 460
8 91 790
8 92 667
8 93 756
8 94 330
8 95 588
8 96 506
8 97 738
8 98 915
8 99 1050
8 100 1253
9 1 50
9 2 84
9 3 688
9 4 120
9 5 814
9 6 859
9 7 569
9 8 584
9 10 114
9 11 785
9 12 291
9 13 582
9 14 585
9 15 774
9 16 57
9 17 930
9 18 817
9 19 752
9 20 867
9 21 666
9 22 400
9 23 968
9 24 82
9 25 563
9 26 508
9 27 916
9 28 127
9 29 598
9 30 699
9 31 75
9 32 898
9 33 409
9 34 690
9 35 721
9 36 435
9 37 861
9 38 243
9 39 628
9 40 350
9 41 598
9 42 56
9 43 780
9 44 952
9 45 651
9 46 362
9 47 453
9 48 588
9 49 938
9 50 420
9 51 518
9 52 344
9 53 877
9 54 825
9 55 886
9 56 333
9 57 272
9 58 509
9 59 760
9 60 368
9 61 153
9 62 826
9 63 295
9 64 538
9 65 262
9 66 308
9 67 740
9 68 609
9 69 667
9 70 272
9 71 898
9 72 508
9 73 644
9 74 398
9 75 409
9 76 507
9 77 481
9 78 391
9 79 67
9 80 750
9 81 440
9 82 224
9 83 501
9 84 752
9 85 730
9 86 262
9 87 613
9 88 544
9 89 329
9 90 267
9 91 641
9 92 696
9 93 240
9 94 258
9 95 272
9 96 402
9 97 787
9 98 333
9 99 531
9 100 836
10 1 136
10 2 124
10 3 644
10 4 223
10 5 863
10 6 846
10 7 585
10 8 695
10 9 114
10 11 764
10 12 340
10 13 598
10 14 637
10 15 718
10 16 75
10 17 856
10 18 759
10 19 809
10 20 791
10 21 591
10 22 318
10 23 1003
10 24 150
10 25 488
10 26 587
10 27 914
10 28 131
10 29 538
10 30 672
10 31 167
10 32 924
10 33 336
10 34 749
10 35 708
10 36 548
10 37 817
10 38 130
10 39 552
10 40 247
10 41 593
10 42 62
10 43 693
10 44 975
10 45 597
10 46 252
10 47 540
10 48 526
10 49 948
10 50 442
10 51 599
10 52 428
10 53 911
10 54 856
10 55 814
10 56 441
10 57 204
10 58 514
10 59 737
10 60 461
10 61 200
10 62 853
10 63 322
10 64 565
10 65 201
10 66 256
10 67 696
10 68 633
10 69 664
10 70 381
10 71 833
10 72 470
10 73 569
10 74 508
10 75 473
10 76 559
10 77 383
10 78 297
10 79 132
10 80 746
10 81 515
10 82 136
10 83 525
10 84 671
10 85 656
10 86 330
10 87 591
10 88 654
10 89 248
10 90 334
10 91 644
10 92 733
10 93 166
10 94 372
10 95 294
10 96 451
10 97 822
10 98 222
10 99 432
10 100 758
11 1 742
11 2 702
11 3 187
11 4 755
11 5 504
11 6 98
11 7 294
11 8 991
11 9 785
11 10 764
11 12 556
11 13 286
11 14 481
11 15 252
11 16 805
11 17 444
11 18 272
11 19 545
11 20 433
11 21 392
11 22 1008
11 23 484
11 24 866
11 25 418
11 26 641
11 27 200
11 28 661
11 29 319
11 30 98
11 31 736
11 32 372
11 33 487
11 34 540
11 35 83
11 36 929
11 37 185
11 38 782
11 39 410
11 40 894
11 41 203
11 42 787
11 43 508
11 44 383
11 45 266
11 46 689
11 47 685
11 48 332
11 49 287
11 50 408
11 51 657
11 52 660
11 53 423
11 54 372
11 55 409
11 56 818
11 57 945
11 58 302
11 59 27
11 60 716
11 61 645
11 62 347
11 63 514
11 64 357
11 65 570
11 66 514
11 67 167
11 68 320
11 69 159
11 70 808
11 71 352
11 72 302
11 73 395
11 74 856
11 75 561
11 76 484
11 77 587
11 78 581
11 79 849
11 80 117
11 81 610
11 82 867
11 83 366
11 84 451
11 85 389
11 86 614
11 87 173
11 88 945
11 89 562
11 90 612
11 91 202
11 92 388
11 93 611
11 94 866
11 95 526
11 96 500
11 97 387
11 98 831
11 99 594
11 100 442
12 1 241
12 2 223
12 3 517
12 4 214
12 5 526
12 6 614
12 7 295
12 8 509
12 9 291
12 10 340
12 11 556
12 13 308
12 14 298
12 15 626
12 16 336
12 17 821
12 18 670
12 19 469
12 20 769
12 21 582
12 22 657
12 23 678
12 24 366
12 25 497
12 26 269
12 27 653
12 28 211
12 29 480
12 30 488
12 31 220
12 32 611
12 33 378
12 34 410
12 35 481
12 36 403
12 37 677
12 38 441
12 39 556
12 40 574
12 41 355
12 42 323
12 43 728
12 44 666
12 45 512
12 46 473
12 47 245
12 48 476
12 49 661
12 50 152
12 51 283
12 52 149
12 53 587
12 54 537
12 55 775
12 56 279
12 57 542
12 58 256
12 59 534
12 60 210
12 61 143
12 62 538
12 63 65
12 64 254
12 65 276
12 66 269
12 67 564
12 68 325
12 69 415
12 70 256
12 71 764
12 72 350
12 73 564
12 74 333
12 75 139
12 76 220
12 77 513
12 78 428
12 79 355
12 80 495
12 81 194
12 82 476
12 83 220
12 84 682
12 85 639
12 86 59
12 87 400
12 88 461
12 89 351
12 90 58
12 91 380
12 92 406
12 93 299
12 94 310
12 95 85
12 96 112
12 97 497
12 98 532
12 99 560
12 100 747
13 1 533
13 2 503
13 3 340
13 4 521
13 5 330
13 6 319
13 7 13
13 8 706
13 9 582
13 10 598
13 11 286
13 12 308
13 14 208
13 15 454
13 16 617
13 17 667
13 18 492
13 19 327
13 20 634
13 21 504
13 22 892
13 23 420
13 24 662
13 25 467
13 26 357
13 27 346
13 28 473
13 29 392
13 30 256
13 31 519
13 32 329
13 33 439
13 34 297
13 35 204
13 36 648
13 37 450
13 38 659
13 39 498
13 40 789
13 41 111
13 42 600
13 43 653
13 44 378
13 45 383
13 46 621
13 47 399
13 48 398
13 49 356
13 50 162
13 51 373
13 52 384
13 53 329
13 54 269
13 55 624
13 56 543
13 57 799
13 58 95
13 59 272
13 60 437
13 61 430
13 62 261
13 63 288
13 64 71
13 65 442
13 66 396
13 67 367
13 68 60
13 69 128
13 70 542
13 71 587
13 72 273
13 73 494
13 74 576
13 75 280
13 76 199
13 77 580
13 78 530
13 79 648
13 80 197
13 81 325
13 82 723
13 83 91
13 84 596
13 85 537
13 86 361
13 87 196
13 88 660
13 89 476
13 90 357
13 91 85
13 92 179
13 93 482
13 94 604
13 95 311
13 96 226
13 97 246
13 98 733
13 99 610
13 100 627
14 1 535
14 2 520
14 3 546
14 4 489
14 5 231
14 6 490
14 7 206
14 8 531
14 9 585
14 10 637
14 11 481
14 12 298
14 13 208
14 15 661
14 16 632
14 17 875
14 18 700
14 19 173
14 20 840
14 21 698
14 22 953
14 23 398
14 24 656
14 25 647
14 26 178
14 27 480
14 28 507
14 29 585
14 30 463
14 31 511
14 32 356
14 33 584
14 34 118
14 35 400
14 36 506
14 37 654
14 38 730
14 39 687
14 40 865
14 41 318
14 42 620
14 43 850
14 44 414
14 45 584
14 46 734
14 47 242
14 48 588
14 49 448
14 50 235
14 51 190
14 52 282
14 53 312
14 54 276
14 55 831
14 56 427
14 57 840
14 58 264
14 59 471
14 60 312
14 61 441
14 62 288
14 63 322
14 64 153
14 65 537
14 66 507
14 67 575
14 68 162
14 69 326
14 70 448
14 71 795
14 72 454
14 73 686
14 74 438
14 75 182
14 76 79
14 77 730
14 78 662
14 79 646
14 80 374
14 81 185
14 82 772
14 83 177
14 84 794
14 85 737
14 86 324
14 87 403
14 88 488
14 89 594
14 90 319
14 91 283
14 92 144
14 93 570
14 94 516
14 95 352
14 96 187
14 97 230
14 98 817
14 99 768
14 100 831
15 1 741
15 2 696
15 3 117
15 4 782
15 5 737
15 6 336
15 7 456
15 8 1119
15 9 774
15 10 718
15 11 252
15 12 626
15 13 454
15 14 661
15 16 777
15 17 214
15 18 45
15 19 763
15 20 187
15 21 179
15 22 895
15 23 735
15 24 848
15 25 254
15 26 793
15 27 441
15 28 650
15 29 181
15 30 208
15 31 746
15 32 623
15 33 387
15 34 745
15 35 297
15 36 1027
15 37 132
15 38 693
15 39 213
15 40 779
15 41 344
15 42 758
15 43 260
15 44 635
15 45 123
15 46 565
15 47 817
15 48 193
15 49 536
15 50 505
15 51 810
15 52 761
15 53 670
15 54 616
15 55 171
15 56 904
15 57 863
15 58 415
15 59 240
15 60 822
15 61 664
15 62 592
15 63 567
15 64 513
15 65 519
15 66 467
15 67 92
15 68 506
15 69 352
15 70 878
15 71 140
15 72 279
15 73 193
15 74 956
15 75 682
15 76 639
15 77 429
15 78 460
15 79 830
15 80 356
15 81 742
15 82 788
15 83 504
15 84 207
15 85 149
15 86 682
15 87 260
15 88 1070
15 89 476
15 90 682
15 91 388
15 92 604
15 93 552
15 94 923
15 95 564
15 96 613
15 97 624
15 98 716
15 99 417
15 100 191
16 1 100
16 2 116
16 3 697
16 4 176
16 5 861
16 6 883
16 7 604
16 8 636
16 9 57
16 10 75
16 11 805
16 12 336
16 13 617
16 14 632
16 15 777
16 17 923
16 18 819
16 19 801
16 20 859
16 21 658
16 22 344
16 23 1011
16 24 77
16 25 555
16 26 562
16 27 944
16 28 147
16 29 598
16 30 716
16 31 128
16 32 938
16 33 401
16 34 740
16 35 745
16 36 487
16 37 871
16 38 196
16 39 619
16 40 295
16 41 625
16 42 19
16 43 764
16 44 990
16 45 655
16 46 327
16 47 508
16 48 587
16 49 971
16 50 457
16 51 572
16 52 398
16 53 919
16 54 867
16 55 880
16 56 388
16 57 217
16 58 539
16 59 779
16 60 423
16 61 194
16 62 866
16 63 332
16 64 577
16 65 258
16 66 310
16 67 750
16 68 647
16 69 695
16 70 327
16 71 896
16 72 519
16 73 636
16 74 453
16 75 459
16 76 554
16 77 456
16 78 370
16 79 58
16 80 778
16 81 493
16 82 168
16 83 539
16 84 740
16 85 723
16 86 312
16 87 633
16 88 598
16 89 316
16 90 317
16 91 671
16 92 739
16 93 229
16 94 309
16 95 307
16 96 447
16 97 829
16 98 282
16 99 506
16 100 826
17 1 904
17 2 859
17 3 329
17 4 957
17 5 943
17 6 510
17 7 669
17 8 1322
17 9 930
17 10 856
17 11 444
17 12 821
17 13 667
17 14 875
17 15 214
17 16 923
17 18 177
17 19 974
17 20 68
17 21 266
17 22 974
17 23 922
17 24 998
17 25 369
17 26 1003
17 27 610
17 28 812
17 29 344
17 30 418
17 31 914
17 32 812
17 33 523
17 34 958
17 35 502
17 36 1224
17 37 269
17 38 804
17 39 305
17 40 863
17 41 557
17 42 905
17 43 206
17 44 816
17 45 310
17 46 657
17 47 1025
17 48 351
17 49 710
17 50 711
17 51 1020
17 52 961
17 53 866
17 54 815
17 55 47
17 56 1099
17 57 969
17 58 626
17 59 438
17 60 1024
17 61 839
17 62 790
17 63 759
17 64 726
17 65 669
17 66 625
17 67 302
17 68 719
17 69 562
17 70 1067
17 71 94
17 72 472
17 73 287
17 74 1154
17 75 889
17 76 850
17 77 506
17 78 568
17 79 979
17 80 556
17 81 950
17 82 901
17 83 715
17 84 197
17 85 201
17 86 876
17 87 473
17 88 1274
17 89 608
17 90 876
17 91 600
17 92 814
17 93 695
17 94 1107
17 95 752
17 96 819
17 97 827
17 98 803
17 99 473
17 100 106
18 1 785
18 2 740
18 3 159
18 4 826
18 5 767
18 6 349
18 7 495
18 8 1162
18 9 817
18 10 759
18 11 272
18 12 670
18 13 492
18 14 700
18 15 45
18 16 819
18 17 177
18 19 797
18 20 162
18 21 203
18 22 929
18 23 755
18 24 891
18 25 288
18 26 834
18 27 453
18 28 693
18 29 221
18 30 241
18 31 790
18 32 644
18 33 427
18 34 781
18 35 326
18 36 1072
18 37 122
18 38 731
18 39 240
18 40 813
18 41 383
18 42 800
18 43 258
18 44 653
18 45 166
18 46 599
18 47 860
18 48 233
18 49 550
18 50 548
18 51 851
18 52 805
18 53 694
18 54 642
18 55 138
18 56 949
18 57 900
18 58 457
18 59 264
18 60 866
18 61 708
18 62 617
18 63 611
18 64 553
18 65 561
18 66 510
18 67 126
18 68 543
18 69 385
18 70 923
18 71 97
18 72 324
18 73 220
18 74 1000
18 75 725
18 76 680
18 77 459
18 78 496
18 79 872
18 80 382
18 81 785
18 82 827
18 83 545
18 84 210
18 85 161
18 86 727
18 87 300
18 88 1114
18 89 515
18 90 727
18 91 424
18 92 637
18 93 593
18 94 968
18 95 609
18 96 656
18 97 652
18 98 750
18 99 443
18 100 174
19 1 703
19 2 690
19 3 655
19 4 650
19 5 92
19 6 522
19 7 331
19 8 587
19 9 752
19 10 809
19 11 545
19 12 469
19 13 327
19 14 173
19 15 763
19 16 801
19 17 974
19 18 797
19 20 948
19 21 829
19 22 1125
19 23 278
19 24 819
19 25 791
19 26 281
19 27 477
19 28 679
19 29 718
19 30 556
19 31 677
19 32 285
19 33 744
19 34 63
19 35 475
19 36 603
19 37 729
19 38 903
19 39 824
19 40 1037
19 41 431
19 42 789
19 43 978
19 44 337
19 45 706
19 46 903
19 47 355
19 48 724
19 49 411
19 50 401
19 51 284
19 52 429
19 53 218
19 54 218
19 55 933
19 56 552
19 57 1010
19 58 407
19 59 543
19 60 443
19 61 611
19 62 241
19 63 495
19 64 298
19 65 707
19 66 675
19 67 672
19 68 268
19 69 412
19 70 586
19 71 887
19 72 597
19 73 821
19 74 546
19 75 344
19 76 251
19 77 890
19 78 827
19 79 811
19 80 428
19 81 325
19 82 944
19 83 332
19 84 920
19 85 860
19 86 490
19 87 517
19 88 553
19 89 761
19 90 485
19 91 377
19 92 160
19 93 741
19 94 653
19 95 525
19 96 359
19 97 178
19 98 990
19 99 925
19 100 945
20 1 843
20 2 797
20 3 296
20 4 897
20 5 923
20 6 509
20 7 635
20 8 1273
20 9 867
20 10 791
20 11 433
20 12 769
20 13 634
20 14 840
20 15 187
20 16 859
20 17 68
20 18 162
20 19 948
20 21 202
20 22 908
20 23 916
20 24 934
20 25 305
20 26 961
20 27 612
20 28 751
20 29 289
20 30 394
20 31 853
20 32 805
20 33 459
20 34 928
20 35 483
20 36 1171
20 37 273
20 38 737
20 39 241
20 40 796
20 41 524
20 42 841
20 43 144
20 44 814
20 45 263
20 46 590
20 47 979
20 48 294
20 49 710
20 50 665
20 51 979
20 52 911
20 53 855
20 54 801
20 55 42
20 56 1045
20 57 902
20 58 586
20 59 424
20 60 974
20 61 781
20 62 777
20 63 706
20 64 689
20 65 606
20 66 564
20 67 278
20 68 688
20 69 537
20 70 1012
20 71 112
20 72 421
20 73 224
20 74 1101
20 75 843
20 76 811
20 77 439
20 78 502
20 79 915
20 80 541
20 81 906
20 82 835
20 83 676
20 84 130
20 85 137
20 86 822
20 87 438
20 88 1225
20 89 544
20 90 823
20 91 573
20 92 789
20 93 631
20 94 1050
20 95 698
20 96 774
20 97 810
20 98 737
20 99 406
20 100 40
21 1 641
21 2 596
21 3 207
21 4 698
21 5 821
21 6 486
21 7 501
21 8 1091
21 9 666
21 10 591
21 11 392
21 12 582
21 13 504
21 14 698
21 15 179
21 16 658
21 17 266
21 18 203
21 19 829
21 20 202
21 22 732
21 23 854
21 24 733
21 25 104
21 26 797
21 27 590
21 28 550
21 29 114
21 30 314
21 31 653
21 32 742
21 33 258
21 34 799
21 35 407
21 36 981
21 37 309
21 38 545
21 39 41
21 40 617
21 41 400
21 42 640
21 43 152
21 44 765
21 45 133
21 46 405
21 47 806
21 48 112
21 49 677
21 50 496
21 51 815
21 52 729
21 53 778
21 54 719
21 55 224
21 56 855
21 57 713
21 58 435
21 59 371
21 60 791
21 61 582
21 62 699
21 63 518
21 64 546
21 65 405
21 66 363
21 67 230
21 68 562
21 69 437
21 70 818
21 71 251
21 72 249
21 73 22
21 74 913
21 75 671
21 76 657
21 77 259
21 78 308
21 79 714
21 80 471
21 81 735
21 82 642
21 83 524
21 84 101
21 85 65
21 86 633
21 87 318
21 88 1042
21 89 343
21 90 634
21 91 462
21 92 676
21 93 430
21 94 853
21 95 507
21 96 602
21 97 717
21 98 555
21 99 241
21 100 172
22 1 441
22 2 440
22 3 854
22 4 520
22 5 1176
22 6 1100
22 7 880
22 8 963
22 9 400
22 10 318
22 11 1008
22 12 657
22 13 892
22 14 953
22 15 895
22 16 344
22 17 974
22 18 929
22 19 1125
22 20 908
22 21 732
22 23 1307
22 24 368
22 25 642
22 26 902
22 27 1181
22 28 447
22 29 724
22 30 911
22 31 471
22 32 1221
22 33 525
22 34 1066
22 35 968
22 36 812
22 37 1016
22 38 234
22 39 691
22 40 117
22 41 866
22 42 350
22 43 778
22 44 1269
22 45 788
22 46 331
22 47 851
22 48 711
22 49 1229
22 50 746
22 51 913
22 52 740
22 53 1215
22 54 1158
22 55 941
22 56 725
22 57 134
22 58 802
22 59 982
22 60 767
22 61 517
22 62 1152
22 63 633
22 64 869
22 65 454
22 66 506
22 67 903
22 68 934
22 69 938
22 70 664
22 71 981
22 72 708
22 73 712
22 74 788
22 75 790
22 76 875
22 77 474
22 78 438
22 79 364
22 80 1016
22 81 831
22 82 183
22 83 829
22 84 779
22 85 790
22 86 646
22 87 844
22 88 928
22 89 447
22 90 651
22 91 926
22 92 1041
22 93 412
22 94 634
22 95 604
22 96 766
22 97 1127
22 98 181
22 99 502
22 100 869
23 1 918
23 2 896
23 3 651
23 4 882
23 5 188
23 6 415
23 7 431
23 8 864
23 9 968
23 10 1003
23 11 484
23 12 678
23 13 420
23 14 398
23 15 735
23 16 1011
23 17 922
23 18 755
23 19 278
23 20 916
23 21 854
23 22 1307
23 24 1043
23 25 849
23 26 550
23 27 325
23 28 874
23 29 757
23 30 542
23 31 897
23 32 113
23 33 852
23 34 331
23 35 448
23 36 879
23 37 655
23 38 1076
23 39 862
23 40 1207
23 41 480
23 42 996
23 43 985
23 44 114
23 45 722
23 46 1040
23 47 622
23 48 767
23 49 226
23 50 563
23 51 555
23 52 679
23 53 93
23 54 151
23 55 890
23 56 818
23 57 1207
23 58 514
23 59 496
23 60 704
23 61 818
23 62 163
23 63 682
23 64 440
23 65 861
23 66 816
23 67 646
23 68 374
23 69 424
23 70 844
23 71 830
23 72 670
23 73 852
23 74 818
23 75 579
23 76 469
23 77 987
23 78 946
23 79 1032
23 80 384
23 81 579
23 82 1134
23 83 479
23 84 927
23 85 864
23 86 714
23 87 547
23 88 831
23 89 895
23 90 709
23 91 413
23 92 273
23 93 901
23 94 911
23 95 710
23 96 568
23 97 182
23 98 1152
23 99 1011
23 100 924
24 1 130
24 2 165
24 3 765
24 4 171
24 5 886
24 6 941
24 7 649
24 8 596
24 9 82
24 10 150
24 11 866
24 12 366
24 13 662
24 14 656
24 15 848
24 16 77
24 17 998
24 18 891
24 19 819
24 20 934
24 21 733
24 22 368
24 23 1043
24 25 630
24 26 566
24 27 997
24 28 206
24 29 671
24 30 779
24 31 147
24 32 976
24 33 476
24 34 757
24 35 802
24 36 445
24 37 939
24 38 261
24 39 694
24 40 341
24 41 680
24 42 94
24 43 841
24 44 1030
24 45 726
24 46 400
24 47 505
24 48 660
24 49 1018
24 50 500
24 51 573
24 52 401
24 53 952
24 54 902
24 55 955
24 56 359
24 57 235
24 58 590
24 59 841
24 60 415
24 61 232
24 62 903
24 63 375
24 64 616
24 65 332
24 66 382
24 67 818
24 68 687
24 69 749
24 70 299
24 71 970
24 72 587
24 73 711
24 74 421
24 75 476
24 76 579
24 77 532
24 78 446
24 79 19
24 80 832
24 81 501
24 82 210
24 83 580
24 84 816
24 85 798
24 86 332
24 87 694
24 88 561
24 89 392
24 90 337
24 91 722
24 92 771
24 93 304
24 94 267
24 95 353
24 96 476
24 97 863
24 98 339
24 99 581
24 100 902
25 1 540
25 2 495
25 3 236
25 4 599
25 5 794
25 6 516
25 7 462
25 8 1006
25 9 563
25 10 488
25 11 418
25 12 497
25 13 467
25 14 647
25 15 254
25 16 555
25 17 369
25 18 288
25 19 791
25 20 305
25 21 104
25 22 642
25 23 849
25 24 630
25 26 728
25 27 615
25 28 449
25 29 100
25 30 327
25 31 552
25 32 740
25 33 155
25 34 754
25 35 413
25 36 890
25 37 378
25 38 446
25 39 65
25 40 526
25 41 375
25 42 537
25 43 232
25 44 770
25 45 159
25 46 311
25 47 730
25 48 87
25 49 692
25 50 429
25 51 745
25 52 645
25 53 767
25 54 706
25 55 326
25 56 764
25 57 614
25 58 386
25 59 394
25 60 707
25 61 485
25 62 689
25 63 433
25 64 498
25 65 303
25 66 263
25 67 276
25 68 526
25 69 425
25 70 724
25 71 350
25 72 195
25 73 82
25 74 824
25 75 598
25 76 597
25 77 178
25 78 209
25 79 611
25 80 476
25 81 662
25 82 543
25 83 471
25 84 193
25 85 169
25 86 545
25 87 303
25 88 957
25 89 240
25 90 546
25 91 441
25 92 644
25 93 327
25 94 756
25 95 418
25 96 531
25 97 697
25 98 463
25 99 177
25 100 273
26 1 464
26 2 464
26 3 676
26 4 395
26 5 366
26 6 661
26 7 350
26 8 355
26 9 508
26 10 587
26 11 641
26 12 269
26 13 357
26 14 178
26 15 793
26 16 562
26 17 1003
26 18 834
26 19 281
26 20 961
26 21 797
26 22 902
26 23 550
26 24 566
26 25 728
26 27 657
26 28 466
26 29 686
26 30 608
26 31 434
26 32 525
26 33 631
26 34 221
26 35 559
26 36 333
26 37 805
26 38 701
26 39 778
26 40 831
26 41 458
26 42 554
26 43 948
26 44 583
26 45 699
26 46 741
26 47 74
26 48 686
26 49 624
26 50 301
26 51 18
26 52 166
26 53 473
26 54 446
26 55 958
26 56 272
26 57 778
26 58 378
26 59 628
26 60 164
26 61 390
26 62 461
26 63 322
26 64 288
26 65 544
26 66 531
26 67 713
26 68 326
26 69 483
26 70 307
26 71 930
26 72 549
26 73 782
26 74 269
26 75 135
26 76 158
26 77 773
26 78 692
26 79 561
26 80 542
26 81 76
26 82 721
26 83 290
26 84 897
26 85 845
26 86 260
26 87 535
26 88 312
26 89 616
26 90 255
26 91 440
26 92 319
26 93 567
26 94 373
26 95 349
26 96 198
26 97 399
26 98 793
26 99 817
26 100 947
27 1 868
27 2 834
27 3 386
27 4 864
27 5 409
27 6 106
27 7 358
27 8 1010
27 9 916
27 10 914
27 11 200
27 12 653
27 13 346
27 14 480
27 15 441
27 16 944
27 17 610
27 18 453
27 19 477
27 20 612
27 21 590
27 22 1181
27 23 325
27 24 997
27 25 615
27 26 657
27 28 798
27 29 516
27 30 289
27 31 857
27 32 225
27 33 670
27 34 495
27 35 214
27 36 977
27 37 342
27 38 949
27 39 609
27 40 1069
27 41 321
27 42 927
27 43 701
27 44 212
27 45 465
27 46 871
27 47 716
27 48 528
27 49 102
27 50 503
27 51 669
27 52 722
27 53 293
27 54 264
27 55 582
27 56 881
27 57 1105
27 58 408
27 59 222
27 60 770
27 61 767
27 62 238
27 63 626
27 64 409
27 65 731
27 66 677
27 67 363
27 68 345
27 69 250
27 70 885
27 71 517
27 72 478
27 73 594
27 74 906
27 75 614
27 76 514
27 77 780
27 78 765
27 79 982
27 80 168
27 81 648
27 82 1028
27 83 435
27 84 646
27 85 585
27 86 706
27 87 339
27 88 968
27 89 737
27 90 702
27 91 276
27 92 348
27 93 773
27 94 948
27 95 645
27 96 569
27 97 300
27 98 1008
27 99 790
27 100 626
28 1 93
28 2 47
28 3 562
28 4 159
28 5 732
28 6 737
28 7 460
28 8 620
28 9 127
28 10 131
28 11 661
28 12 211
28 13 473
28 14 507
28 15 650
28 16 147
28 17 812
28 18 693
28 19 679
28 20 751
28 21 550
28 22 447
28 23 874
28 24 206
28 25 449
28 26 466
28 27 798
28 29 475
28 30 573
28 31 105
28 32 796
28 33 297
28 34 620
28 35 599
28 36 482
28 37 735
28 38 235
28 39 513
28 40 366
28 41 478
28 42 129
28 43 672
28 44 848
28 45 527
28 46 301
28 47 426
28 48 466
28 49 826
28 50 314
28 51 479
28 52 313
28 53 781
28 54 727
28 55 768
28 56 362
28 57 335
28 58 393
28 59 635
28 60 356
28 61 78
28 62 725
28 63 192
28 64 436
28 65 149
28 66 188
28 67 615
28 68 505
28 69 548
28 70 308
28 71 776
28 72 382
28 73 528
28 74 429
28 75 346
28 76 429
28 77 391
28 78 298
28 79 189
28 80 632
28 81 392
28 82 266
28 83 397
28 84 640
28 85 614
28 86 207
28 87 489
28 88 575
28 89 226
28 90 212
28 91 525
28 92 603
28 93 141
28 94 322
28 95 165
28 96 320
28 97 692
28 98 328
28 99 442
28 100 721
29 1 567
29 2 522
29 3 137
29 4 615
29 5 713
29 6 416
29 7 389
29 8 987
29 9 598
29 10 538
29 11 319
29 12 480
29 13 392
29 14 585
29 15 181
29 16 598
29 17 344
29 18 221
29 19 718
29 20 289
29 21 114
29 22 724
29 23 757
29 24 671
29 25 100
29 26 686
29 27 516
29 28 475
29 30 228
29 31 575
29 32 647
29 33 208
29 34 687
29 35 316
29 36 882
29 37 292
29 38 515
29 39 108
29 40 608
29 41 292
29 42 579
29 43 265
29 44 674
29 45 65
29 46 394
29 47 697
29 48 14
29 49 594
29 50 385
29 51 703
29 52 624
29 53 678
29 54 618
29 55 298
29 56 757
29 57 685
29 58 322
29 59 295
29 60 687
29 61 497
29 62 599
29 63 417
29 64 433
29 65 340
29 66 290
29 67 181
29 68 451
29 69 335
29 70 724
29 71 301
29 72 138
29 73 103
29 74 813
29 75 562
29 76 544
29 77 273
29 78 287
29 79 652
29 80 379
29 81 625
29 82 610
29 83 411
29 84 212
29 85 161
29 86 534
29 87 212
29 88 938
29 89 296
29 90 534
29 91 355
29 92 566
29 93 372
29 94 764
29 95 409
29 96 493
29 97 612
29 98 544
29 99 276
29 100 267
30 1 657
30 2 616
30 3 109
30 4 676
30 5 530
30 6 193
30 7 261
30 8 949
30 9 699
30 10 672
30 11 98
30 12 488
30 13 256
30 14 463
30 15 208
30 16 716
30 17 418
30 18 241
30 19 556
30 20 394
30 21 314
30 22 911
30 23 542
30 24 779
30 25 327
30 26 608
30 27 289
30 28 573
30 29 228
30 31 654
30 32 430
30 33 390
30 34 541
30 35 95
30 36 875
30 37 198
30 38 686
30 39 326
30 40 797
30 41 151
30 42 697
30 43 444
30 44 452
30 45 182
30 46 592
30 47 643
30 48 240
30 49 367
30 50 345
30 51 625
30 52 604
30 53 471
30 54 414
30 55 377
30 56 758
30 57 849
30 58 242
30 59 71
30 60 663
30 61 564
30 62 392
30 63 439
30 64 322
30 65 476
30 66 420
30 67 116
30 68 304
30 69 145
30 70 743
30 71 334
30 72 206
30 73 314
30 74 802
30 75 512
30 76 451
30 77 493
30 78 484
30 79 762
30 80 158
30 81 567
30 82 772
30 83 321
30 84 386
30 85 323
30 86 546
30 87 89
30 88 902
30 89 465
30 90 544
30 91 183
30 92 397
30 93 516
30 94 797
30 95 447
30 96 447
30 97 418
30 98 734
30 99 502
30 100 394
31 1 32
31 2 62
31 3 653
31 4 60
31 5 741
31 6 806
31 7 506
31 8 533
31 9 75
31 10 167
31 11 736
31 12 220
31 13 519
31 14 511
31 15 746
31 16 128
31 17 914
31 18 790
31 19 677
31 20 853
31 21 653
31 22 471
31 23 897
31 24 147
31 25 552
31 26 434
31 27 857
31 28 105
31 29 575
31 30 654
31 32 830
31 33 401
31 34 616
31 35 668
31 36 389
31 37 825
31 38 294
31 39 617
31 40 412
31 41 544
31 42 122
31 43 777
31 44 884
31 45 624
31 46 391
31 47 381
31 48 566
31 49 874
31 50 357
31 51 444
31 52 270
31 53 806
31 54 756
31 55 869
31 56 276
31 57 344
31 58 450
31 59 711
31 60 298
31 61 91
31 62 757
31 63 232
31 64 471
31 65 254
31 66 290
31 67 705
31 68 542
31 69 611
31 70 218
31 71 875
31 72 473
31 73 632
31 74 344
31 75 334
31 76 434
31 77 493
31 78 401
31 79 136
31 80 694
31 81 365
31 82 291
31 83 435
31 84 744
31 85 717
31 86 188
31 87 567
31 88 491
31 89 330
31 90 193
31 91 581
31 92 625
31 93 243
31 94 221
31 95 213
31 96 330
31 97 717
31 98 387
31 99 544
31 100 824
32 1 848
32 2 822
32 3 539
32 4 821
32 5 202
32 6 307
32 7 341
32 8 862
32 9 898
32 10 924
32 11 372
32 12 611
32 13 329
32 14 356
32 15 623
32 16 938
32 17 812
32 18 644
32 19 285
32 20 805
32 21 742
32 22 1221
32 23 113
32 24 976
32 25 740
32 26 525
32 27 225
32 28 796
32 29 647
32 30 430
32 31 830
32 33 751
32 34 323
32 35 336
32 36 857
32 37 546
32 38 988
32 39 751
32 40 1118
32 41 376
32 42 922
32 43 872
32 44 58
32 45 610
32 46 942
32 47 594
32 48 657
32 49 136
32 50 483
32 51 534
32 52 634
32 53 73
32 54 80
32 55 779
32 56 782
32 57 1126
32 58 421
32 59 384
32 60 668
32 61 746
32 62 73
32 63 606
32 64 361
32 65 770
32 66 723
32 67 534
32 68 291
32 69 316
32 70 801
32 71 720
32 72 565
32 73 741
32 74 792
32 75 528
32 76 417
32 77 883
32 78 846
32 79 964
32 80 272
32 81 541
32 82 1051
32 83 400
32 84 815
32 85 752
32 86 653
32 87 438
32 88 825
32 89 799
32 90 648
32 91 309
32 92 215
32 93 811
32 94 868
32 95 632
32 96 506
32 97 127
32 98 1061
32 99 904
32 100 813
33 1 387
33 2 342
33 3 331
33 4 451
33 5 765
33 6 581
33 7 430
33 8 878
33 9 409
33 10 336
33 11 487
33 12 378
33 13 439
33 14 584
33 15 387
33 16 401
33 17 523
33 18 427
33 19 744
33 20 459
33 21 258
33 22 525
33 23 852
33 24 476
33 25 155
33 26 631
33 27 670
33 28 297
33 29 208
33 30 390
33 31 401
33 32 751
33 34 699
33 35 456
33 36 754
33 37 497
33 38 309
33 39 219
33 40 409
33 41 375
33 42 383
33 43 377
33 44 790
33 45 270
33 46 203
33 47 621
33 48 195
33 49 730
33 50 351
33 51 648
33 52 525
33 53 764
33 54 703
33 55 480
33 56 628
33 57 478
33 58 346
33 59 461
33 60 584
33 61 340
33 62 690
33 63 315
33 64 448
33 65 149
33 66 117
33 67 381
33 68 494
33 69 442
33 70 584
33 71 498
33 72 193
33 73 236
33 74 691
33 75 496
33 76 521
33 77 147
33 78 97
33 79 457
33 80 511
33 81 560
33 82 403
33 83 413
33 84 344
33 85 322
33 86 418
33 87 331
33 88 830
33 89 90
33 90 420
33 91 442
33 92 615
33 93 173
33 94 611
33 95 294
33 96 435
33 97 684
33 98 346
33 99 187
33 100 427
34 1 641
34 2 630
34 3 633
34 4 588
34 5 145
34 6 529
34 7 299
34 8 540
34 9 690
34 10 749
34 11 540
34 12 410
34 13 297
34 14 118
34 15 745
34 16 740
34 17 958
34 18 781
34 19 63
34 20 928
34 21 799
34 22 1066
34 23 331
34 24 757
34 25 754
34 26 221
34 27 495
34 28 620
34 29 687
34 30 541
34 31 616
34 32 323
34 33 699
34 35 465
34 36 548
34 37 721
34 38 846
34 39 791
34 40 980
34 41 406
34 42 728
34 43 949
34 44 378
34 45 679
34 46 851
34 47 295
34 48 691
34 49 439
34 50 351
34 51 225
34 52 367
34 53 262
34 54 248
34 55 916
34 56 492
34 57 950
34 58 369
34 59 535
34 60 382
34 61 551
34 62 268
34 63 438
34 64 257
34 65 654
34 66 624
34 67 656
34 68 241
34 69 397
34 70 524
34 71 873
34 72 560
34 73 789
34 74 488
34 75 282
34 76 193
34 77 845
34 78 779
34 79 750
34 80 425
34 81 263
34 82 885
34 83 288
34 84 893
34 85 833
34 86 428
34 87 492
34 88 505
34 89 711
34 90 423
34 91 358
34 92 155
34 93 687
34 94 591
34 95 468
34 96 301
34 97 203
34 98 933
34 99 882
34 100 923
35 1 676
35 2 638
35 3 203
35 4 683
35 5 442
35 6 139
35 7 212
35 8 909
35 9 721
35 10 708
35 11 83
35 12 481
35 13 204
35 14 400
35 15 297
35 16 745
35 17 502
35 18 326
35 19 475
35 20 483
35 21 407
35 22 968
35 23 448
35 24 802
35 25 413
35 26 559
35 27 214
35 28 599
35 29 316
35 30 95
35 31 668
35 32 336
35 33 456
35 34 465
35 36 848
35 37 257
35 38 737
35 39 418
35 40 856
35 41 127
35 42 726
35 43 538
35 44 359
35 45 275
35 46 658
35 47 602
35 48 328
35 49 280
35 50 331
35 51 575
35 52 579
35 53 377
35 54 320
35 55 463
35 56 738
35 57 896
35 58 225
35 59 71
35 60 635
35 61 577
35 62 298
35 63 442
35 64 274
35 65 521
35 66 466
35 67 205
35 68 239
35 69 76
35 70 730
35 71 414
35 72 264
35 73 406
35 74 775
35 75 479
35 76 402
35 77 571
35 78 552
35 79 786
35 80 64
35 81 528
35 82 818
35 83 285
35 84 480
35 85 417
35 86 538
35 87 125
35 88 863
35 89 523
35 90 535
35 91 120
35 92 315
35 93 562
35 94 789
35 95 456
35 96 420
35 97 328
35 98 794
35 99 585
35 100 485
36 1 417
36 2 448
36 3 916
36 4 330
36 5 692
36 6 966
36 7 638
36 8 152
36 9 435
36 10 548
36 11 929
36 12 403
36 13 648
36 14 506
36 15 1027
36 16 487
36 17 1224
36 18 1072
36 19 603
36 20 1171
36 21 981
36 22 812
36 23 879
36 24 445
36 25 890
36 26 333
36 27 977
36 28 482
36 29 882
36 30 875
36 31 389
36 32 857
36 33 754
36 34 548
36 35 848
36 37 1070
36 38 677
36 39 952
36 40 781
36 41 729
36 42 491
36 43 1122
36 44 915
36 45 915
36 46 779
36 47 265
36 48 878
36 49 952
36 50 530
36 51 325
36 52 271
36 53 805
36 54 778
36 55 1177
36 56 127
36 57 679
36 58 633
36 59 911
36 60 213
36 61 419
36 62 792
36 63 465
36 64 578
36 65 619
36 66 638
36 67 962
36 68 634
36 69 774
36 70 174
36 71 1166
36 72 753
36 73 962
36 74 74
36 75 369
36 76 463
36 77 869
36 78 776
36 79 452
36 80 844
36 81 329
36 82 650
36 83 563
36 84 1080
36 85 1039
36 86 349
36 87 790
36 88 121
36 89 700
36 90 349
36 91 732
36 92 649
36 93 621
36 94 180
36 95 475
36 96 429
36 97 731
36 98 767
36 99 919
36 100 1148
37 1 824
37 2 781
37 3 175
37 4 854
37 5 688
37 6 241
37 7 456
37 8 1147
37 9 861
37 10 817
37 11 185
37 12 677
37 13 450
37 14 654
37 15 132
37 16 871
37 17 269
37 18 122
37 19 729
37 20 273
37 21 309
37 22 1016
37 23 655
37 24 939
37 25 378
37 26 805
37 27 342
37 28 735
37 29 292
37 30 198
37 31 825
37 32 546
37 33 497
37 34 721
37 35 257
37 36 1070
37 38 806
37 39 342
37 40 899
37 41 348
37 42 852
37 43 380
37 44 548
37 45 228
37 46 685
37 47 840
37 48 306
37 49 442
37 50 540
37 51 821
37 52 799
37 53 602
37 54 554
37 55 241
37 56 952
37 57 975
37 58 438
37 59 187
37 60 859
37 61 738
37 62 529
37 63 624
37 64 517
37 65 617
37 66 562
37 67 122
37 68 492
37 69 328
37 70 933
37 71 176
37 72 354
37 73 323
37 74 997
37 75 709
37 76 647
37 77 555
37 78 578
37 79 921
37 80 302
37 81 764
37 82 899
37 83 518
37 84 331
37 85 278
37 86 736
37 87 280
37 88 1099
37 89 584
37 90 734
37 91 371
37 92 570
37 93 653
37 94 984
37 95 628
37 96 643
37 97 571
37 98 836
37 99 546
37 100 292
38 1 264
38 2 245
38 3 638
38 4 352
38 5 949
38 6 871
38 7 647
38 8 824
38 9 243
38 10 130
38 11 782
38 12 441
38 13 659
38 14 730
38 15 693
38 16 196
38 17 804
38 18 731
38 19 903
38 20 737
38 21 545
38 22 234
38 23 1076
38 24 261
38 25 446
38 26 701
38 27 949
38 28 235
38 29 515
38 30 686
38 31 294
38 32 988
38 33 309
38 34 846
38 35 737
38 36 677
38 37 806
38 39 504
38 40 135
38 41 633
38 42 188
38 43 624
38 44 1035
38 45 578
38 46 154
38 47 658
38 48 502
38 49 995
38 50 516
38 51 713
38 52 546
38 53 983
38 54 926
38 55 765
38 56 569
38 57 170
38 58 568
38 59 755
38 60 584
38 61 311
38 62 919
38 63 409
38 64 638
38 65 220
38 66 273
38 67 689
38 68 702
38 69 705
38 70 510
38 71 795
38 72 480
38 73 524
38 74 637
38 75 579
38 76 653
38 77 304
38 78 238
38 79 245
38 80 784
38 81 626
38 82 98
38 83 598
38 84 611
38 85 608
38 86 441
38 87 614
38 88 783
38 89 223
38 90 446
38 91 692
38 92 811
38 93 179
38 94 501
38 95 379
38 96 546
38 97 895
38 98 95
38 99 348
38 100 701
39 1 605
39 2 560
39 3 224
39 4 664
39 5 821
39 6 506
39 7 494
39 8 1064
39 9 628
39 10 552
39 11 410
39 12 556
39 13 498
39 14 687
39 15 213
39 16 619
39 17 305
39 18 240
39 19 824
39 20 241
39 21 41
39 22 691
39 23 862
39 24 694
39 25 65
39 26 778
39 27 609
39 28 513
39 29 108
39 30 326
39 31 617
39 32 751
39 33 219
39 34 791
39 35 418
39 36 952
39 37 342
39 38 504
39 40 576
39 41 399
39 42 601
39 43 173
39 44 777
39 45 145
39 46 364
39 47 784
39 48 101
39 49 692
39 50 478
39 51 796
39 52 703
39 53 784
39 54 724
39 55 264
39 56 825
39 57 672
39 58 424
39 59 388
39 60 765
39 61 549
39 62 705
39 63 491
39 64 536
39 65 367
39 66 327
39 67 254
39 68 557
39 69 441
39 70 787
39 71 292
39 72 234
39 73 21
39 74 885
39 75 650
39 76 642
39 77 219
39 78 267
39 79 675
39 80 482
39 81 714
39 82 601
39 83 512
39 84 129
39 85 105
39 86 605
39 87 319
39 88 1016
39 89 304
39 90 606
39 91 462
39 92 673
39 93 391
39 94 820
39 95 478
39 96 582
39 97 719
39 98 514
39 99 204
39 100 208
40 1 381
40 2 370
40 3 738
40 4 467
40 5 1083
40 6 986
40 7 778
40 8 931
40 9 350
40 10 247
40 11 894
40 12 574
40 13 789
40 14 865
40 15 779
40 16 295
40 17 863
40 18 813
40 19 1037
40 20 796
40 21 617
40 22 117
40 23 1207
40 24 341
40 25 526
40 26 831
40 27 1069
40 28 366
40 29 608
40 30 797
40 31 412
40 32 1118
40 33 409
40 34 980
40 35 856
40 36 781
40 37 899
40 38 135
40 39 576
40 41 757
40 42 295
40 43 669
40 44 1164
40 45 672
40 46 215
40 47 786
40 48 594
40 49 1120
40 50 649
40 51 843
40 52 673
40 53 1115
40 54 1057
40 55 828
40 56 682
40 57 141
40 58 698
40 59 867
40 60 708
40 61 441
40 62 1050
40 63 543
40 64 771
40 65 348
40 66 397
40 67 787
40 68 834
40 69 828
40 70 621
40 71 866
40 72 594
40 73 597
40 74 747
40 75 711
40 76 788
40 77 360
40 78 322
40 79 331
40 80 905
40 81 757
40 82 132
40 83 731
40 84 667
40 85 675
40 86 572
40 87 731
40 88 892
40 89 333
40 90 576
40 91 818
40 92 944
40 93 308
40 94 602
40 95 513
40 96 680
40 97 1028
40 98 64
40 99 391
40 100 758
41 1 552
41 2 516
41 3 230
41 4 557
41 5 423
41 6 263
41 7 113
41 8 800
41 9 598
41 10 593
41 11 203
41 12 355
41 13 111
41 14 318
41 15 344
41 16 625
41 17 557
41 18 383
41 19 431
41 20 524
41 21 400
41 22 866
41 23 480
41 24 680
41 25 375
41 26 458
41 27 321
41 28 478
41 29 292
41 30 151
41 31 544
41 32 376
41 33 375
41 34 406
41 35 127
41 36 729
41 37 348
41 38 633
41 39 399
41 40 757
41 42 607
41 43 547
41 44 415
41 45 275
41 46 571
41 47 493
41 48 299
41 49 363
41 50 206
41 51 474
41 52 459
41 53 395
41 54 334
41 55 514
41 56 616
41 57 786
41 58 100
41 59 182
41 60 517
41 61 453
41 62 318
41 63 316
41 64 172
41 65 414
41 66 361
41 67 258
41 68 165
41 69 72
41 70 606
41 71 478
41 72 190
41 73 393
41 74 656
41 75 364
41 76 300
41 77 507
41 78 471
41 79 664
41 80 154
41 81 417
41 82 708
41 83 171
41 84 490
41 85 429
41 86 413
41 87 87
41 88 752
41 89 429
41 90 410
41 91 68
41 92 276
41 93 456
41 94 664
41 95 331
41 96 300
41 97 323
41 98 697
41 99 531
41 100 518
42 1 91
42 2 101
42 3 678
42 4 173
42 5 848
42 6 865
42 7 588
42 8 639
42 9 56
42 10 62
42 11 787
42 12 323
42 13 600
42 14 620
42 15 758
42 16 19
42 17 905
42 18 800
42 19 789
42 20 841
42 21 640
42 22 350
42 23 996
42 24 94
42 25 537
42 26 554
42 27 927
42 28 129
42 29 579
42 30 697
42 31 122
42 32 922
42 33 383
42 34 728
42 35 726
42 36 491
42 37 852
42 38 188
42 39 601
42 40 295
42 41 607
42 43 747
42 44 975
42 45 636
42 46 314
42 47 502
42 48 568
42 49 955
42 50 441
42 51 564
42 52 391
42 53 904
42 54 851
42 55 862
42 56 388
42 57 225
42 58 522
42 59 761
42 60 419
42 61 180
42 62 850
42 63 316
42 64 561
42 65 240
42 66 291
42 67 731
42 68 631
42 69 677
42 70 327
42 71 878
42 72 500
42 73 618
42 74 454
42 75 448
42 76 542
42 77 441
42 78 353
42 79 75
42 80 760
42 81 484
42 82 171
42 83 523
42 84 722
42 85 704
42 86 302
42 87 614
42 88 600
42 89 298
42 90 307
42 91 654
42 92 725
42 93 211
42 94 313
42 95 291
42 96 434
42 97 815
42 98 277
42 99 490
42 100 808
43 1 762
43 2 718
43 3 336
43 4 827
43 5 965
43 6 595
43 7 651
43 8 1236
43 9 780
43 10 693
43 11 508
43 12 728
43 13 653
43 14 850
43 15 260
43 16 764
43 17 206
43 18 258
43 19 978
43 20 144
43 21 152
43 22 778
43 23 985
43 24 841
43 25 232
43 26 948
43 27 701
43 28 672
43 29 265
43 30 444
43 31 777
43 32 872
43 33 377
43 34 949
43 35 538
43 36 1122
43 37 380
43 38 624
43 39 173
43 40 669
43 41 547
43 42 747
43 44 890
43 45 273
43 46 472
43 47 956
43 48 264
43 49 794
43 50 648
43 51 966
43 52 875
43 53 914
43 54 857
43 55 185
43 56 995
43 57 783
43 58 587
43 59 492
43 60 937
43 61 714
43 62 835
43 63 663
43 64 697
43 65 524
43 66 491
43 67 341
43 68 711
43 69 578
43 70 955
43 71 248
43 72 401
43 73 167
43 74 1056
43 75 821
43 76 808
43 77 320
43 78 397
43 79 822
43 80 601
43 81 886
43 82 720
43 83 676
43 84 59
43 85 122
43 86 776
43 87 462
43 88 1188
43 89 452
43 90 777
43 91 606
43 92 822
43 93 541
43 94 986
43 95 649
43 96 753
43 97 858
43 98 612
43 99 280
43 100 106
44 1 902
44 2 875
44 3 559
44 4 876
44 5 250
44 6 307
44 7 391
44 8 918
44 9 952
44 10 975
44 11 383
44 12 666
44 13 378
44 14 414
44 15 635
44 16 990
44 17 816
44 18 653
44 19 337
44 20 814
44 21 765
44 22 1269
44 23 114
44 24 1030
44 25 770
44 26 583
44 27 212
44 28 848
44 29 674
44 30 452
44 31 884
44 32 58
44 33 790
44 34 378
44 35 359
44 36 915
44 37 548
44 38 1035
44 39 777
44 40 1164
44 41 415
44 42 975
44 43 890
44 45 633
44 46 984
44 47 652
44 48 685
44 49 113
44 50 534
44 51 591
44 52 691
44 53 120
44 54 138
44 55 786
44 56 840
44 57 1176
44 58 467
44 59 399
44 60 726
44 61 800
44 62 129
44 63 659
44 64 415
44 65 817
44 66 768
44 67 549
44 68 344
44 69 350
44 70 859
44 71 723
44 72 601
44 73 765
44 74 849
44 75 585
44 76 475
44 77 918
44 78 885
44 79 1018
44 80 296
44 81 598
44 82 1101
44 83 452
44 84 833
44 85 770
44 86 709
44 87 470
44 88 881
44 89 841
44 90 704
44 91 349
44 92 273
44 93 858
44 94 926
44 95 685
44 96 562
44 97 185
44 98 1106
44 99 937
44 100 824
45 1 619
45 2 574
45 3 80
45 4 661
45 5 693
45 6 362
45 7 382
45 8 1013
45 9 651
45 10 597
45 11 266
45 12 512
45 13 383
45 14 584
45 15 123
45 16 655
45 17 310
45 18 166
45 19 706
45 20 263
45 21 133
45 22 788
45 23 722
45 24 726
45 25 159
45 26 699
45 27 465
45 28 527
45 29 65
45 30 182
45 31 624
45 32 610
45 33 270
45 34 679
45 35 275
45 36 915
45 37 228
45 38 578
45 39 145
45 40 672
45 41 275
45 42 636
45 43 273
45 44 633
45 46 459
45 47 717
45 48 78
45 49 548
45 50 402
45 51 716
45 52 652
45 53 646
45 54 588
45 55 264
45 56 791
45 57 748
45 58 325
45 59 243
45 60 714
45 61 543
45 62 567
45 63 451
45 64 432
45 65 397
45 66 345
45 67 118
45 68 440
45 69 306
45 70 762
45 71 254
45 72 163
45 73 132
45 74 845
45 75 581
45 76 551
45 77 335
45 78 351
45 79 708
45 80 339
45 81 643
45 82 672
45 83 416
45 84 215
45 85 155
45 86 568
45 87 190
45 88 964
45 89 358
45 90 568
45 91 333
45 92 550
45 93 432
45 94 805
45 95 447
45 96 511
45 97 587
45 98 608
45 99 334
45 100 249
46 1 365
46 2 331
46 3 526
46 4 451
46 5 936
46 6 784
46 7 610
46 8 920
46 9 362
46 10 252
46 11 689
46 12 473
46 13 621
46 14 734
46 15 565
46 16 327
46 17 657
46 18 599
46 19 903
46 20 590
46 21 405
46 22 331
46 23 1040
46 24 400
46 25 311
46 26 741
46 27 871
46 28 301
46 29 394
46 30 592
46 31 391
46 32 942
46 33 203
46 34 851
46 35 658
46 36 779
46 37 685
46 38 154
46 39 364
46 40 215
46 41 571
46 42 314
46 43 472
46 44 984
46 45 459
46 47 712
46 48 381
46 49 930
46 50 502
46 51 756
46 52 603
46 53 949
46 54 889
46 55 621
46 56 662
46 57 313
46 58 527
46 59 663
46 60 652
46 61 374
46 62 878
46 63 423
46 64 616
46 65 200
46 66 229
46 67 574
46 68 672
46 69 639
46 70 606
46 71 655
46 72 394
46 73 384
46 74 729
46 75 609
46 76 662
46 77 153
46 78 109
46 79 382
46 80 711
46 81 666
46 82 249
46 83 578
46 84 462
46 85 465
46 86 492
46 87 533
46 88 876
46 89 146
46 90 495
46 91 636
46 92 789
46 93 175
46 94 611
46 95 394
46 96 561
46 97 865
46 98 152
46 99 194
46 100 553
47 1 411
47 2 416
47 3 702
47 4 336
47 5 439
47 6 712
47 7 391
47 8 308
47 9 453
47 10 540
47 11 685
47 12 245
47 13 399
47 14 242
47 15 817
47 16 508
47 17 1025
47 18 860
47 19 355
47 20 979
47 21 806
47 22 851
47 23 622
47 24 505
47 25 730
47 26 74
47 27 716
47 28 426
47 29 697
47 30 643
47 31 381
47 32 594
47 33 621
47 34 295
47 35 602
47 36 265
47 37 840
47 38 658
47 39 784
47 40 786
47 41 493
47 42 502
47 43 956
47 44 652
47 45 717
47 46 712
47 48 696
47 49 688
47 50 315
47 51 74
47 52 113
47 53 545
47 54 515
47 55 979
47 56 198
47 57 724
47 58 405
47 59 669
47 60 94
47 61 348
47 62 528
47 63 306
47 64 329
47 65 519
47 66 514
47 67 742
47 68 377
47 69 527
47 70 236
47 71 956
47 72 561
47 73 790
47 74 198
47 75 137
47 76 204
47 77 758
47 78 673
47 79 502
47 80 591
47 81 76
47 82 671
47 83 323
47 84 907
47 85 858
47 86 222
47 87 565
47 88 261
47 89 595
47 90 218
47 91 484
47 92 385
47 93 538
47 94 301
47 95 329
47 96 206
47 97 468
47 98 752
47 99 804
47 100 962
48 1 558
48 2 513
48 3 151
48 4 607
48 5 721
48 6 429
48 7 394
48 8 984
48 9 588
48 10 526
48 11 332
48 12 476
48 13 398
48 14 588
48 15 193
48 16 587
48 17 351
48 18 233
48 19 724
48 20 294
48 21 112
48 22 711
48 23 767
48 24 660
48 25 87
48 26 686
48 27 528
48 28 466
48 29 14
48 30 240
48 31 566
48 32 657
48 33 195
48 34 691
48 35 328
48 36 878
48 37 306
48 38 502
48 39 101
48 40 594
48 41 299
48 42 568
48 43 264
48 44 685
48 45 78
48 46 381
48 47 696
48 49 606
48 50 385
48 51 703
48 52 621
48 53 687
48 54 627
48 55 305
48 56 752
48 57 672
48 58 325
48 59 308
48 60 683
48 61 489
48 62 608
48 63 413
48 64 437
48 65 329
48 66 280
48 67 195
48 68 456
48 69 344
48 70 718
48 71 311
48 72 138
48 73 99
48 74 809
48 75 561
48 76 545
48 77 259
48 78 273
48 79 641
48 80 390
48 81 625
48 82 597
48 83 414
48 84 212
48 85 163
48 86 529
48 87 221
48 88 935
48 89 284
48 90 530
48 91 363
48 92 573
48 93 361
48 94 757
48 95 404
48 96 492
48 97 620
48 98 531
48 99 263
48 100 271
49 1 889
49 2 858
49 3 470
49 4 874
49 5 333
49 6 202
49 7 369
49 8 971
49 9 938
49 10 948
49 11 287
49 12 661
49 13 356
49 14 448
49 15 536
49 16 971
49 17 710
49 18 550
49 19 411
49 20 710
49 21 677
49 22 1229
49 23 226
49 24 1018
49 25 692
49 26 624
49 27 102
49 28 826
49 29 594
49 30 367
49 31 874
49 32 136
49 33 730
49 34 439
49 35 280
49 36 952
49 37 442
49 38 995
49 39 692
49 40 1120
49 41 363
49 42 955
49 43 794
49 44 113
49 45 548
49 46 930
49 47 688
49 48 606
49 50 518
49 51 635
49 52 710
49 53 208
49 54 194
49 55 681
49 56 866
49 57 1145
49 58 434
49 59 306
49 60 752
49 61 786
49 62 172
49 63 644
49 64 409
49 65 776
49 66 724
49 67 454
49 68 339
49 69 292
49 70 877
49 71 617
49 72 538
49 73 679
49 74 884
49 75 602
49 76 495
49 77 850
49 78 827
49 79 1004
49 80 221
49 81 627
49 82 1068
49 83 442
49 84 738
49 85 676
49 86 710
49 87 401
49 88 932
49 89 791
49 90 706
49 91 305
49 92 306
49 93 817
49 94 943
49 95 666
49 96 566
49 97 238
49 98 1060
49 99 865
49 100 723
50 1 371
50 2 342
50 3 390
50 4 361
50 5 437
50 6 463
50 7 149
50 8 614
50 9 420
50 10 442
50 11 408
50 12 152
50 13 162
50 14 235
50 15 505
50 16 457
50 17 711
50 18 548
50 19 401
50 20 665
50 21 496
50 22 746
50 23 563
50 24 500
50 25 429
50 26 301
50 27 503
50 28 314
50 29 385
50 30 345
50 31 357
50 32 483
50 33 351
50 34 351
50 35 331
50 36 530
50 37 540
50 38 516
50 39 478
50 40 649
50 41 206
50 42 441
50 43 648
50 44 534
50 45 402
50 46 502
50 47 315
50 48 385
50 49 518
50 51 319
50 52 260
50 53 470
50 54 414
50 55 665
50 56 414
50 57 645
50 58 107
50 59 387
50 60 321
50 61 269
50 62 411
50 63 126
50 64 124
50 65 309
50 66 274
50 67 433
50 68 192
50 69 264
50 70 401
50 71 644
50 72 248
50 73 481
50 74 458
50 75 179
50 76 171
50 77 497
50 78 428
50 79 487
50 80 344
50 81 241
50 82 572
50 83 84
50 84 596
50 85 545
50 86 208
50 87 260
50 88 566
50 89 360
50 90 205
50 91 229
50 92 296
50 93 345
50 94 459
50 95 151
50 96 109
50 97 381
50 98 597
50 99 536
50 100 648
51 1 474
51 2 475
51 3 693
51 4 403
51 5 370
51 6 675
51 7 366
51 8 342
51 9 518
51 10 599
51 11 657
51 12 283
51 13 373
51 14 190
51 15 810
51 16 572
51 17 1020
51 18 851
51 19 284
51 20 979
51 21 815
51 22 913
51 23 555
51 24 573
51 25 745
51 26 18
51 27 669
51 28 479
51 29 703
51 30 625
51 31 444
51 32 534
51 33 648
51 34 225
51 35 575
51 36 325
51 37 821
51 38 713
51 39 796
51 40 843
51 41 474
51 42 564
51 43 966
51 44 591
51 45 716
51 46 756
51 47 74
51 48 703
51 49 635
51 50 319
51 52 174
51 53 480
51 54 455
51 55 975
51 56 271
51 57 788
51 58 395
51 59 644
51 60 167
51 61 402
51 62 470
51 63 338
51 64 304
51 65 559
51 66 547
51 67 730
51 68 340
51 69 499
51 70 309
51 71 947
51 72 566
51 73 799
51 74 263
51 75 152
51 76 175
51 77 789
51 78 708
51 79 569
51 80 556
51 81 91
51 82 732
51 83 307
51 84 914
51 85 862
51 86 272
51 87 552
51 88 299
51 89 631
51 90 268
51 91 455
51 92 329
51 93 582
51 94 374
51 95 364
51 96 215
51 97 408
51 98 806
51 99 834
51 100 964
52 1 300
52 2 304
52 3 648
52 4 230
52 5 505
52 6 702
52 7 373
52 8 363
52 9 344
52 10 428
52 11 660
52 12 149
52 13 384
52 14 282
52 15 761
52 16 398
52 17 961
52 18 805
52 19 429
52 20 911
52 21 729
52 22 740
52 23 679
52 24 401
52 25 645
52 26 166
52 27 722
52 28 313
52 29 624
52 30 604
52 31 270
52 32 634
52 33 525
52 34 367
52 35 579
52 36 271
52 37 799
52 38 546
52 39 703
52 40 673
52 41 459
52 42 391
52 43 875
52 44 691
52 45 652
52 46 603
52 47 113
52 48 621
52 49 710
52 50 260
52 51 174
52 53 594
52 54 555
52 55 915
52 56 160
52 57 614
52 58 363
52 59 641
52 60 63
52 61 236
52 62 563
52 63 213
52 64 315
52 65 414
52 66 414
52 67 692
52 68 378
52 69 506
52 70 168
52 71 900
52 72 491
52 73 711
52 74 198
52 75 109
52 76 217
52 77 657
52 78 570
52 79 396
52 80 580
52 81 104
52 82 559
52 83 296
52 84 829
52 85 784
52 86 112
52 87 520
52 88 314
52 89 492
52 90 109
52 91 466
52 92 419
52 93 430
52 94 235
52 95 232
52 96 160
52 97 510
52 98 640
52 99 705
52 100 891
53 1 827
53 2 804
53 3 579
53 4 792
53 5 131
53 6 368
53 7 340
53 8 801
53 9 877
53 10 911
53 11 423
53 12 587
53 13 329
53 14 312
53 15 670
53 16 919
53 17 866
53 18 694
53 19 218
53 20 855
53 21 778
53 22 1215
53 23 93
53 24 952
53 25 767
53 26 473
53 27 293
53 28 781
53 29 678
53 30 471
53 31 806
53 32 73
53 33 764
53 34 262
53 35 377
53 36 805
53 37 602
53 38 983
53 39 784
53 40 1115
53 41 395
53 42 904
53 43 914
53 44 120
53 45 646
53 46 949
53 47 545
53 48 687
53 49 208
53 50 470
53 51 480
53 52 594
53 54 62
53 55 831
53 56 737
53 57 1114
53 58 423
53 59 432
53 60 623
53 61 726
53 62 80
53 63 590
53 64 347
53 65 769
53 66 725
53 67 580
53 68 281
53 69 343
53 70 760
53 71 774
53 72 584
53 73 775
53 74 741
53 75 491
53 76 381
53 77 901
53 78 857
53 79 941
53 80 315
53 81 496
53 82 1041
53 83 387
53 84 856
53 85 793
53 86 624
53 87 466
53 88 766
53 89 804
53 90 619
53 91 328
53 92 181
53 93 808
53 94 828
53 95 617
53 96 478
53 97 90
53 98 1060
53 99 926
53 100 860
54 1 775
54 2 751
54 3 522
54 4 745
54 5 145
54 6 326
54 7 280
54 8 785
54 9 825
54 10 856
54 11 372
54 12 537
54 13 269
54 14 276
54 15 616
54 16 867
54 17 815
54 18 642
54 19 218
54 20 801
54 21 719
54 22 1158
54 23 151
54 24 902
54 25 706
54 26 446
54 27 264
54 28 727
54 29 618
54 30 414
54 31 756
54 32 80
54 33 703
54 34 248
54 35 320
54 36 778
54 37 554
54 38 926
54 39 724
54 40 1057
54 41 334
54 42 851
54 43 857
54 44 138
54 45 588
54 46 889
54 47 515
54 48 627
54 49 194
54 50 414
54 51 455
54 52 555
54 53 62
54 55 779
54 56 703
54 57 1059
54 58 363
54 59 379
54 60 588
54 61 674
54 62 27
54 63 536
54 64 292
54 65 710
54 66 665
54 67 525
54 68 224
54 69 283
54 70 722
54 71 724
54 72 523
54 73 715
54 74 712
54 75 449
54 76 339
54 77 839
54 78 796
54 79 891
54 80 261
54 81 461
54 82 986
54 83 331
54 84 799
54 85 736
54 86 577
54 87 406
54 88 747
54 89 744
54 90 572
54 91 267
54 92 136
54 93 750
54 94 789
54 95 563
54 96 430
54 97 47
54 98 1001
54 99 864
54 100 805
55 1 860
55 2 814
55 3 285
55 4 911
55 5 904
55 6 480
55 7 626
55 8 1276
55 9 886
55 10 814
55 11 409
55 12 775
55 13 624
55 14 831
55 15 171
55 16 880
55 17 47
55 18 138
55 19 933
55 20 42
55 21 224
55 22 941
55 23 890
55 24 955
55 25 326
55 26 958
55 27 582
55 28 768
55 29 298
55 30 377
55 31 869
55 32 779
55 33 480
55 34 916
55 35 463
55 36 1177
55 37 241
55 38 765
55 39 264
55 40 828
55 41 514
55 42 862
55 43 185
55 44 786
55 45 264
55 46 621
55 47 979
55 48 305
55 49 681
55 50 665
55 51 975
55 52 915
55 53 831
55 54 779
55 56 1053
55 57 931
55 58 581
55 59 401
55 60 977
55 61 794
55 62 755
55 63 713
55 64 682
55 65 625
55 66 580
55 67 261
55 68 676
55 69 521
55 70 1021
55 71 72
55 72 425
55 73 245
55 74 1107
55 75 843
55 76 806
55 77 470
55 78 529
55 79 936
55 80 519
55 81 905
55 82 863
55 83 671
55 84 164
55 85 159
55 86 830
55 87 429
55 88 1227
55 89 566
55 90 830
55 91 559
55 92 773
55 93 652
55 94 1061
55 95 706
55 96 774
55 97 790
55 98 768
55 99 440
55 100 79
56 1 306
56 2 332
56 3 795
56 4 218
56 5 636
56 6 861
56 7 532
56 8 259
56 9 333
56 10 441
56 11 818
56 12 279
56 13 543
56 14 427
56 15 904
56 16 388
56 17 1099
56 18 949
56 19 552
56 20 1045
56 21 855
56 22 725
56 23 818
56 24 359
56 25 764
56 26 272
56 27 881
56 28 362
56 29 757
56 30 758
56 31 276
56 32 782
56 33 628
56 34 492
56 35 738
56 36 127
56 37 952
56 38 569
56 39 825
56 40 682
56 41 616
56 42 388
56 43 995
56 44 840
56 45 791
56 46 662
56 47 198
56 48 752
56 49 866
56 50 414
56 51 271
56 52 160
56 53 737
56 54 703
56 55 1053
56 57 593
56 58 518
56 59 798
56 60 115
56 61 295
56 62 714
56 63 340
56 64 475
56 65 495
56 66 512
56 67 841
56 68 536
56 69 666
56 70 62
56 71 1042
56 72 629
56 73 835
56 74 68
56 75 267
56 76 371
56 77 745
56 78 653
56 79 362
56 80 740
56 81 242
56 82 555
56 83 455
56 84 953
56 85 913
56 86 224
56 87 673
56 88 215
56 89 576
56 90 224
56 91 625
56 92 569
56 93 499
56 94 110
56 95 348
56 96 319
56 97 657
56 98 662
56 99 795
56 100 1022
57 1 315
57 2 321
57 3 806
57 4 390
57 5 1066
57 6 1032
57 7 786
57 8 830
57 9 272
57 10 204
57 11 945
57 12 542
57 13 799
57 14 840
57 15 863
57 16 217
57 17 969
57 18 900
57 19 1010
57 20 902
57 21 713
57 22 134
57 23 1207
57 24 235
57 25 614
57 26 778
57 27 1105
57 28 335
57 29 685
57 30 849
57 31 344
57 32 1126
57 33 478
57 34 950
57 35 896
57 36 679
57 37 975
57 38 170
57 39 672
57 40 141
57 41 786
57 42 225
57 43 783
57 44 1176
57 45 748
57 46 313
57 47 724
57 48 672
57 49 1145
57 50 645
57 51 788
57 52 614
57 53 1114
57 54 1059
57 55 931
57 56 593
57 58 712
57 59 918
57 60 638
57 61 400
57 62 1055
57 63 526
57 64 768
57 65 376
57 66 432
57 67 857
57 68 836
57 69 858
57 70 532
57 71 963
57 72 644
57 73 692
57 74 655
57 75 671
57 76 761
57 77 465
57 78 406
57 79 231
57 80 938
57 81 708
57 82 78
57 83 729
57 84 774
57 85 775
57 86 525
57 87 775
57 88 795
57 89 391
57 90 530
57 91 841
57 92 937
57 93 334
57 94 501
57 95 498
57 96 653
57 97 1025
57 98 178
57 99 504
57 100 865
58 1 461
58 2 427
58 3 299
58 4 461
58 5 419
58 6 359
58 7 85
58 8 710
58 9 509
58 10 514
58 11 302
58 12 256
58 13 95
58 14 264
58 15 415
58 16 539
58 17 626
58 18 457
58 19 407
58 20 586
58 21 435
58 22 802
58 23 514
58 24 590
58 25 386
58 26 378
58 27 408
58 28 393
58 29 322
58 30 242
58 31 450
58 32 421
58 33 346
58 34 369
58 35 225
58 36 633
58 37 438
58 38 568
58 39 424
58 40 698
58 41 100
58 42 522
58 43 587
58 44 467
58 45 325
58 46 527
58 47 405
58 48 325
58 49 434
58 50 107
58 51 395
58 52 363
58 53 423
58 54 363
58 55 581
58 56 518
58 57 712
58 59 281
58 60 422
58 61 360
58 62 354
58 63 220
58 64 112
58 65 350
58 66 303
58 67 338
58 68 149
58 69 161
58 70 507
58 71 554
58 72 192
58 73 423
58 74 560
58 75 272
58 76 226
58 77 489
58 78 436
58 79 575
58 80 244
58 81 329
58 82 636
58 83 91
58 84 532
58 85 476
58 86 313
58 87 160
58 88 662
58 89 382
58 90 311
58 91 133
58 92 269
58 93 391
58 94 564
58 95 238
58 96 206
58 97 339
58 98 641
58 99 521
58 100 573
59 1 717
59 2 677
59 3 165
59 4 731
59 5 506
59 6 123
59 7 279
59 8 976
59 9 760
59 10 737
59 11 27
59 12 534
59 13 272
59 14 471
59 15 240
59 16 779
59 17 438
59 18 264
59 19 543
59 20 424
59 21 371
59 22 982
59 23 496
59 24 841
59 25 394
59 26 628
59 27 222
59 28 635
59 29 295
59 30 71
59 31 711
59 32 384
59 33 461
59 34 535
59 35 71
59 36 911
59 37 187
59 38 755
59 39 388
59 40 867
59 41 182
59 42 761
59 43 492
59 44 399
59 45 243
59 46 663
59 47 669
59 48 308
59 49 306
59 50 387
59 51 644
59 52 641
59 53 432
59 54 379
59 55 401
59 56 798
59 57 918
59 58 281
59 60 698
59 61 621
59 62 354
59 63 491
59 64 342
59 65 543
59 66 487
59 67 151
59 68 309
59 69 146
59 70 787
59 71 348
59 72 275
59 73 374
59 74 837
59 75 544
59 76 470
59 77 562
59 78 555
59 79 824
59 80 119
59 81 594
59 82 840
59 83 349
59 84 435
59 85 372
59 86 593
59 87 147
59 88 929
59 89 535
59 90 590
59 91 189
59 92 384
59 93 584
59 94 844
59 95 502
59 96 482
59 97 390
59 98 805
59 99 570
59 100 430
60 1 329
60 2 340
60 3 709
60 4 249
60 5 524
60 6 755
60 7 426
60 8 301
60 9 368
60 10 461
60 11 716
60 12 210
60 13 437
60 14 312
60 15 822
60 16 423
60 17 1024
60 18 866
60 19 443
60 20 974
60 21 791
60 22 767
60 23 704
60 24 415
60 25 707
60 26 164
60 27 770
60 28 356
60 29 687
60 30 663
60 31 298
60 32 668
60 33 584
60 34 382
60 35 635
60 36 213
60 37 859
60 38 584
60 39 765
60 40 708
60 41 517
60 42 419
60 43 937
60 44 726
60 45 714
60 46 652
60 47 94
60 48 683
60 49 752
60 50 321
60 51 167
60 52 63
60 53 623
60 54 588
60 55 977
60 56 115
60 57 638
60 58 422
60 59 698
60 61 280
60 62 599
60 63 274
60 64 367
60 65 467
60 66 471
60 67 753
60 68 425
60 69 561
60 70 144
60 71 961
60 72 553
60 73 773
60 74 140
60 75 157
60 76 258
60 77 713
60 78 624
60 79 413
60 80 633
60 81 128
60 82 589
60 83 351
60 84 891
60 85 846
60 86 167
60 87 580
60 88 252
60 89 546
60 90 165
60 91 520
60 92 454
60 93 480
60 94 210
60 95 291
60 96 217
60 97 542
60 98 678
60 99 762
60 100 953
61 1 103
61 2 80
61 3 567
61 4 119
61 5 669
61 6 715
61 7 417
61 8 552
61 9 153
61 10 200
61 11 645
61 12 143
61 13 430
61 14 441
61 15 664
61 16 194
61 17 839
61 18 708
61 19 611
61 20 781
61 21 582
61 22 517
61 23 818
61 24 232
61 25 485
61 26 390
61 27 767
61 28 78
61 29 497
61 30 564
61 31 91
61 32 746
61 33 340
61 34 551
61 35 577
61 36 419
61 37 738
61 38 311
61 39 549
61 40 441
61 41 453
61 42 180
61 43 714
61 44 800
61 45 543
61 46 374
61 47 348
61 48 489
61 49 786
61 50 269
61 51 402
61 52 236
61 53 726
61 54 674
61 55 794
61 56 295
61 57 400
61 58 360
61 59 621
61 60 280
61 62 674
61 63 143
61 64 386
61 65 201
61 66 224
61 67 619
61 68 456
61 69 520
61 70 246
61 71 796
61 72 388
61 73 562
61 74 361
61 75 273
61 76 362
61 77 451
61 78 358
61 79 219
61 80 603
61 81 316
61 82 336
61 83 348
61 84 677
61 85 645
61 86 131
61 87 477
61 88 506
61 89 282
61 90 136
61 91 491
61 92 546
61 93 205
61 94 272
61 95 123
61 96 255
61 97 636
61 98 405
61 99 501
61 100 753
62 1 776
62 2 750
62 3 500
62 4 748
62 5 171
62 6 299
62 7 273
62 8 803
62 9 826
62 10 853
62 11 347
62 12 538
62 13 261
62 14 288
62 15 592
62 16 866
62 17 790
62 18 617
62 19 241
62 20 777
62 21 699
62 22 1152
62 23 163
62 24 903
62 25 689
62 26 461
62 27 238
62 28 725
62 29 599
62 30 392
62 31 757
62 32 73
62 33 690
62 34 268
62 35 298
62 36 792
62 37 529
62 38 919
62 39 705
62 40 1050
62 41 318
62 42 850
62 43 835
62 44 129
62 45 567
62 46 878
62 47 528
62 48 608
62 49 172
62 50 411
62 51 470
62 52 563
62 53 80
62 54 27
62 55 755
62 56 714
62 57 1055
62 58 354
62 59 354
62 60 599
62 61 674
62 63 534
62 64 290
62 65 703
62 66 656
62 67 501
62 68 220
62 69 264
62 70 731
62 71 699
62 72 508
62 73 696
62 74 725
62 75 457
62 76 346
62 77 825
62 78 784
62 79 891
62 80 237
62 81 472
62 82 981
62 83 328
62 84 777
62 85 714
62 86 580
62 87 387
62 88 764
62 89 734
62 90 576
62 91 251
62 92 145
62 93 743
62 94 798
62 95 561
62 96 433
62 97 66
62 98 993
62 99 849
62 100 782
63 1 246
63 2 217
63 3 460
63 4 242
63 5 543
63 6 578
63 7 275
63 8 574
63 9 295
63 10 322
63 11 514
63 12 65
63 13 288
63 14 322
63 15 567
63 16 332
63 17 759
63 18 611
63 19 495
63 20 706
63 21 518
63 22 633
63 23 682
63 24 375
63 25 433
63 26 322
63 27 626
63 28 192
63 29 417
63 30 439
63 31 232
63 32 606
63 33 315
63 34 438
63 35 442
63 36 465
63 37 624
63 38 409
63 39 491
63 40 543
63 41 316
63 42 316
63 43 663
63 44 659
63 45 451
63 46 423
63 47 306
63 48 413
63 49 644
63 50 126
63 51 338
63 52 213
63 53 590
63 54 536
63 55 713
63 56 340
63 57 526
63 58 220
63 59 491
63 60 274
63 61 143
63 62 534
63 64 245
63 65 224
63 66 210
63 67 509
63 68 316
63 69 381
63 70 312
63 71 704
63 72 289
63 73 500
63 74 396
63 75 188
63 76 246
63 77 453
63 78 370
63 79 361
63 80 463
63 81 248
63 82 455
63 83 207
63 84 618
63 85 576
63 86 117
63 87 351
63 88 525
63 89 294
63 90 117
63 91 350
63 92 411
63 93 253
63 94 361
63 95 31
63 96 140
63 97 500
63 98 496
63 99 499
63 100 683
64 1 488
64 2 461
64 3 397
64 4 467
64 5 320
64 6 388
64 7 63
64 8 635
64 9 538
64 10 565
64 11 357
64 12 254
64 13 71
64 14 153
64 15 513
64 16 577
64 17 726
64 18 553
64 19 298
64 20 689
64 21 546
64 22 869
64 23 440
64 24 616
64 25 498
64 26 288
64 27 409
64 28 436
64 29 433
64 30 322
64 31 471
64 32 361
64 33 448
64 34 257
64 35 274
64 36 578
64 37 517
64 38 638
64 39 536
64 40 771
64 41 172
64 42 561
64 43 697
64 44 415
64 45 432
64 46 616
64 47 329
64 48 437
64 49 409
64 50 124
64 51 304
64 52 315
64 53 347
64 54 292
64 55 682
64 56 475
64 57 768
64 58 112
64 59 342
64 60 367
64 61 386
64 62 290
64 63 245
64 65 427
64 66 388
64 67 429
64 68 72
64 69 199
64 70 477
64 71 649
64 72 304
64 73 535
64 74 506
64 75 210
64 76 130
64 77 593
64 78 534
64 79 603
64 80 266
64 81 254
64 82 695
64 83 40
64 84 642
64 85 584
64 86 302
64 87 254
64 88 589
64 89 472
64 90 298
64 91 155
64 92 175
64 93 465
64 94 540
64 95 272
64 96 161
64 97 258
64 98 717
64 99 628
64 100 679
65 1 239
65 2 194
65 3 443
65 4 305
65 5 745
65 6 656
65 7 431
65 8 751
65 9 262
65 10 201
65 11 570
65 12 276
65 13 442
65 14 537
65 15 519
65 16 258
65 17 669
65 18 561
65 19 707
65 20 606
65 21 405
65 22 454
65 23 861
65 24 332
65 25 303
65 26 544
65 27 731
65 28 149
65 29 340
65 30 476
65 31 254
65 32 770
65 33 149
65 34 654
65 35 521
65 36 619
65 37 617
65 38 220
65 39 367
65 40 348
65 41 414
65 42 240
65 43 524
65 44 817
65 45 397
65 46 200
65 47 519
65 48 329
65 49 776
65 50 309
65 51 559
65 52 414
65 53 769
65 54 710
65 55 625
65 56 495
65 57 376
65 58 350
65 59 543
65 60 467
65 61 201
65 62 703
65 63 224
65 64 427
65 66 57
65 67 496
65 68 488
65 69 485
65 70 447
65 71 639
65 72 272
65 73 383
65 74 561
65 75 411
65 76 464
65 77 250
65 78 159
65 79 313
65 80 565
65 81 469
65 82 298
65 83 388
65 84 493
65 85 469
65 86 302
65 87 399
65 88 704
65 89 82
65 90 305
65 91 472
65 92 601
65 93 42
65 94 467
65 95 196
65 96 362
65 97 682
65 98 292
65 99 301
65 100 575
66 1 280
66 2 234
66 3 388
66 4 337
66 5 707
66 6 601
66 7 385
66 8 763
66 9 308
66 10 256
66 11 514
66 12 269
66 13 396
66 14 507
66 15 467
66 16 310
66 17 625
66 18 510
66 19 675
66 20 564
66 21 363
66 22 506
66 23 816
66 24 382
66 25 263
66 26 531
66 27 677
66 28 188
66 29 290
66 30 420
66 31 290
66 32 723
66 33 117
66 34 624
66 35 466
66 36 638
66 37 562
66 38 273
66 39 327
66 40 397
66 41 361
66 42 291
66 43 491
66 44 768
66 45 345
66 46 229
66 47 514
66 48 280
66 49 724
66 50 274
66 51 547
66 52 414
66 53 725
66 54 665
66 55 580
66 56 512
66 57 432
66 58 303
66 59 487
66 60 471
66 61 224
66 62 656
66 63 210
66 64 388
66 65 57
66 67 441
66 68 445
66 69 433
66 70 468
66 71 590
66 72 216
66 73 342
66 74 576
66 75 397
66 76 437
66 77 244
66 78 161
66 79 363
66 80 511
66 81 458
66 82 354
66 83 349
66 84 455
66 85 427
66 86 305
66 87 344
66 88 715
66 89 87
66 90 307
66 91 421
66 92 561
66 93 98
66 94 495
66 95 185
66 96 342
66 97 639
66 98 339
66 99 292
66 100 534
67 1 704
67 2 660
67 3 53
67 4 736
67 5 645
67 6 258
67 7 370
67 8 1046
67 9 740
67 10 696
67 11 167
67 12 564
67 13 367
67 14 575
67 15 92
67 16 750
67 17 302
67 18 126
67 19 672
67 20 278
67 21 230
67 22 903
67 23 646
67 24 818
67 25 276
67 26 713
67 27 363
67 28 615
67 29 181
67 30 116
67 31 705
67 32 534
67 33 381
67 34 656
67 35 205
67 36 962
67 37 122
67 38 689
67 39 254
67 40 787
67 41 258
67 42 731
67 43 341
67 44 549
67 45 118
67 46 574
67 47 742
67 48 195
67 49 454
67 50 433
67 51 730
67 52 692
67 53 580
67 54 525
67 55 261
67 56 841
67 57 857
67 58 338
67 59 151
67 60 753
67 61 619
67 62 501
67 63 509
67 64 429
67 65 496
67 66 441
67 68 417
67 69 261
67 70 820
67 71 220
67 72 233
67 73 237
67 74 889
67 75 608
67 76 557
67 77 453
67 78 466
67 79 800
67 80 265
67 81 666
67 82 781
67 83 423
67 84 285
67 85 222
67 86 622
67 87 178
67 88 998
67 89 466
67 90 621
67 91 298
67 92 512
67 93 533
67 94 869
67 95 511
67 96 540
67 97 532
67 98 723
67 99 451
67 100 281
68 1 559
68 2 532
68 3 393
68 4 537
68 5 272
68 6 336
68 7 65
68 8 679
68 9 609
68 10 633
68 11 320
68 12 325
68 13 60
68 14 162
68 15 506
68 16 647
68 17 719
68 18 543
68 19 268
68 20 688
68 21 562
68 22 934
68 23 374
68 24 687
68 25 526
68 26 326
68 27 345
68 28 505
68 29 451
68 30 304
68 31 542
68 32 291
68 33 494
68 34 241
68 35 239
68 36 634
68 37 492
68 38 702
68 39 557
68 40 834
68 41 165
68 42 631
68 43 711
68 44 344
68 45 440
68 46 672
68 47 377
68 48 456
68 49 339
68 50 192
68 51 340
68 52 378
68 53 281
68 54 224
68 55 676
68 56 536
68 57 836
68 58 149
68 59 309
68 60 425
68 61 456
68 62 220
68 63 316
68 64 72
68 65 488
68 66 445
68 67 417
68 69 165
68 70 542
68 71 637
68 72 332
68 73 553
68 74 562
68 75 270
68 76 173
68 77 637
68 78 584
68 79 674
68 80 217
68 81 306
68 82 762
68 83 109
68 84 654
68 85 594
68 86 372
68 87 252
68 88 635
68 89 527
68 90 368
68 91 122
68 92 121
68 93 528
68 94 606
68 95 342
68 96 228
68 97 195
68 98 779
68 99 668
68 100 682
69 1 621
69 2 585
69 3 246
69 4 621
69 5 389
69 6 200
69 7 137
69 8 833
69 9 667
69 10 664
69 11 159
69 12 415
69 13 128
69 14 326
69 15 352
69 16 695
69 17 562
69 18 385
69 19 412
69 20 537
69 21 437
69 22 938
69 23 424
69 24 749
69 25 425
69 26 483
69 27 250
69 28 548
69 29 335
69 30 145
69 31 611
69 32 316
69 33 442
69 34 397
69 35 76
69 36 774
69 37 328
69 38 705
69 39 441
69 40 828
69 41 72
69 42 677
69 43 578
69 44 350
69 45 306
69 46 639
69 47 527
69 48 344
69 49 292
69 50 264
69 51 499
69 52 506
69 53 343
69 54 283
69 55 521
69 56 666
69 57 858
69 58 161
69 59 146
69 60 561
69 61 520
69 62 264
69 63 381
69 64 199
69 65 485
69 66 433
69 67 261
69 68 165
69 70 660
69 71 477
69 72 252
69 73 433
69 74 701
69 75 405
69 76 326
69 77 569
69 78 538
69 79 733
69 80 84
69 81 452
69 82 780
69 83 211
69 84 520
69 85 457
69 86 471
69 87 123
69 88 787
69 89 499
69 90 468
69 91 44
69 92 252
69 93 527
69 94 720
69 95 398
69 96 347
69 97 281
69 98 768
69 99 589
69 100 536
70 1 247
70 2 276
70 3 771
70 4 159
70 5 666
70 6 858
70 7 530
70 8 316
70 9 272
70 10 381
70 11 808
70 12 256
70 13 542
70 14 448
70 15 878
70 16 327
70 17 1067
70 18 923
70 19 586
70 20 1012
70 21 818
70 22 664
70 23 844
70 24 299
70 25 724
70 26 307
70 27 885
70 28 308
70 29 724
70 30 743
70 31 218
70 32 801
70 33 584
70 34 524
70 35 730
70 36 174
70 37 933
70 38 510
70 39 787
70 40 621
70 41 606
70 42 327
70 43 955
70 44 859
70 45 762
70 46 606
70 47 236
70 48 718
70 49 877
70 50 401
70 51 309
70 52 168
70 53 760
70 54 722
70 55 1021
70 56 62
70 57 532
70 58 507
70 59 787
70 60 144
70 61 246
70 62 731
70 63 312
70 64 477
70 65 447
70 66 468
70 67 820
70 68 542
70 69 660
70 71 1015
70 72 600
70 73 798
70 74 127
70 75 275
70 76 385
70 77 696
70 78 603
70 79 301
70 80 737
70 81 265
70 82 494
70 83 452
70 84 915
70 85 878
70 86 198
70 87 656
70 88 274
70 89 528
70 90 199
70 91 621
70 92 587
70 93 447
70 94 68
70 95 316
70 96 317
70 97 677
70 98 602
70 99 746
70 100 987
71 1 868
71 2 823
71 3 255
71 4 914
71 5 853
71 6 416
71 7 590
71 8 1258
71 9 898
71 10 833
71 11 352
71 12 764
71 13 587
71 14 795
71 15 140
71 16 896
71 17 94
71 18 97
71 19 887
71 20 112
71 21 251
71 22 981
71 23 830
71 24 970
71 25 350
71 26 930
71 27 517
71 28 776
71 29 301
71 30 334
71 31 875
71 32 720
71 33 498
71 34 873
71 35 414
71 36 1166
71 37 176
71 38 795
71 39 292
71 40 866
71 41 478
71 42 878
71 43 248
71 44 723
71 45 254
71 46 655
71 47 956
71 48 311
71 49 617
71 50 644
71 51 947
71 52 900
71 53 774
71 54 724
71 55 72
71 56 1042
71 57 963
71 58 554
71 59 348
71 60 961
71 61 796
71 62 699
71 63 704
71 64 649
71 65 639
71 66 590
71 67 220
71 68 637
71 69 477
71 70 1015
71 72 415
71 73 272
71 74 1094
71 75 821
71 76 775
71 77 508
71 78 558
71 79 951
71 80 466
71 81 881
71 82 892
71 83 641
71 84 217
71 85 192
71 86 820
71 87 396
71 88 1209
71 89 587
71 90 820
71 91 517
71 92 727
71 93 669
71 94 1059
71 95 700
71 96 752
71 97 738
71 98 805
71 99 483
71 100 143
72 1 471
72 2 427
72 3 181
72 4 505
72 5 602
72 6 393
72 7 268
72 8 853
72 9 508
72 10 470
72 11 302
72 12 350
72 13 273
72 14 454
72 15 279
72 16 519
72 17 472
72 18 324
72 19 597
72 20 421
72 21 249
72 22 708
72 23 670
72 24 587
72 25 195
72 26 549
72 27 478
72 28 382
72 29 138
72 30 206
72 31 473
72 32 565
72 33 193
72 34 560
72 35 264
72 36 753
72 37 354
72 38 480
72 39 234
72 40 594
72 41 190
72 42 500
72 43 401
72 44 601
72 45 163
72 46 394
72 47 561
72 48 138
72 49 538
72 50 248
72 51 566
72 52 491
72 53 584
72 54 523
72 55 425
72 56 629
72 57 644
72 58 192
72 59 275
72 60 553
72 61 388
72 62 508
72 63 289
72 64 304
72 65 272
72 66 216
72 67 233
72 68 332
72 69 252
72 70 600
72 71 415
72 73 235
72 74 683
72 75 425
72 76 409
72 77 318
72 78 289
72 79 568
72 80 318
72 81 488
72 82 567
72 83 278
72 84 349
72 85 297
72 86 406
72 87 139
72 88 804
72 89 261
72 90 405
72 91 258
72 92 452
72 93 312
72 94 645
72 95 286
72 96 356
72 97 509
72 98 532
72 99 342
72 100 402
73 1 620
73 2 575
73 3 209
73 4 677
73 5 815
73 6 491
73 7 491
73 8 1073
73 9 644
73 10 569
73 11 395
73 12 564
73 13 494
73 14 686
73 15 193
73 16 636
73 17 287
73 18 220
73 19 821
73 20 224
73 21 22
73 22 712
73 23 852
73 24 711
73 25 82
73 26 782
73 27 594
73 28 528
73 29 103
73 30 314
73 31 632
73 32 741
73 33 236
73 34 789
73 35 406
73 36 962
73 37 323
73 38 524
73 39 21
73 40 597
73 41 393
73 42 618
73 43 167
73 44 765
73 45 132
73 46 384
73 47 790
73 48 99
73 49 679
73 50 481
73 51 799
73 52 711
73 53 775
73 54 715
73 55 245
73 56 835
73 57 692
73 58 423
73 59 374
73 60 773
73 61 562
73 62 696
73 63 500
73 64 535
73 65 383
73 66 342
73 67 237
73 68 553
73 69 433
73 70 798
73 71 272
73 72 235
73 74 894
73 75 655
73 76 643
73 77 240
73 78 287
73 79 692
73 80 470
73 81 719
73 82 621
73 83 512
73 84 119
73 85 87
73 86 614
73 87 312
73 88 1024
73 89 322
73 90 615
73 91 456
73 92 668
73 93 408
73 94 832
73 95 488
73 96 587
73 97 711
73 98 535
73 99 225
73 100 193
74 1 374
74 2 400
74 3 844
74 4 285
74 5 633
74 6 894
74 7 565
74 8 191
74 9 398
74 10 508
74 11 856
74 12 333
74 13 576
74 14 438
74 15 956
74 16 453
74 17 1154
74 18 1000
74 19 546
74 20 1101
74 21 913
74 22 788
74 23 818
74 24 421
74 25 824
74 26 269
74 27 906
74 28 429
74 29 813
74 30 802
74 31 344
74 32 792
74 33 691
74 34 488
74 35 775
74 36 74
74 37 997
74 38 637
74 39 885
74 40 747
74 41 656
74 42 454
74 43 1056
74 44 849
74 45 845
74 46 729
74 47 198
74 48 809
74 49 884
74 50 458
74 51 263
74 52 198
74 53 741
74 54 712
74 55 1107
74 56 68
74 57 655
74 58 560
74 59 837
74 60 140
74 61 361
74 62 725
74 63 396
74 64 506
74 65 561
74 66 576
74 67 889
74 68 562
74 69 701
74 70 127
74 71 1094
74 72 683
74 73 894
74 75 297
74 76 392
74 77 811
74 78 719
74 79 425
74 80 772
74 81 258
74 82 620
74 83 490
74 84 1013
74 85 971
74 86 281
74 87 717
74 88 148
74 89 642
74 90 280
74 91 659
74 92 581
74 93 566
74 94 159
74 95 407
74 96 356
74 97 665
74 98 729
74 99 861
74 100 1079
75 1 360
75 2 351
75 3 567
75 4 308
75 5 411
75 6 598
75 7 269
75 8 439
75 9 409
75 10 473
75 11 561
75 12 139
75 13 280
75 14 182
75 15 682
75 16 459
75 17 889
75 18 725
75 19 344
75 20 843
75 21 671
75 22 790
75 23 579
75 24 476
75 25 598
75 26 135
75 27 614
75 28 346
75 29 562
75 30 512
75 31 334
75 32 528
75 33 496
75 34 282
75 35 479
75 36 369
75 37 709
75 38 579
75 39 650
75 40 711
75 41 364
75 42 448
75 43 821
75 44 585
75 45 581
75 46 609
75 47 137
75 48 561
75 49 602
75 50 179
75 51 152
75 52 109
75 53 491
75 54 449
75 55 843
75 56 267
75 57 671
75 58 272
75 59 544
75 60 157
75 61 273
75 62 457
75 63 188
75 64 210
75 65 411
75 66 397
75 67 608
75 68 270
75 69 405
75 70 275
75 71 821
75 72 425
75 73 655
75 74 297
75 76 111
75 77 638
75 78 557
75 79 468
75 80 476
75 81 65
75 82 608
75 83 195
75 84 772
75 85 722
75 86 147
75 87 432
75 88 391
75 89 481
75 90 142
75 91 363
75 92 314
75 93 436
75 94 342
75 95 216
75 96 70
75 97 405
75 98 670
75 99 682
75 100 826
76 1 457
76 2 442
76 3 522
76 4 414
76 5 308
76 6 509
76 7 192
76 8 509
76 9 507
76 10 559
76 11 484
76 12 220
76 13 199
76 14 79
76 15 639
76 16 554
76 17 850
76 18 680
76 19 251
76 20 811
76 21 657
76 22 875
76 23 469
76 24 579
76 25 597
76 26 158
76 27 514
76 28 429
76 29 544
76 30 451
76 31 434
76 32 417
76 33 521
76 34 193
76 35 402
76 36 463
76 37 647
76 38 653
76 39 642
76 40 788
76 41 300
76 42 542
76 43 808
76 44 475
76 45 551
76 46 662
76 47 204
76 48 545
76 49 495
76 50 171
76 51 175
76 52 217
76 53 381
76 54 339
76 55 806
76 56 371
76 57 761
76 58 226
76 59 470
76 60 258
76 61 362
76 62 346
76 63 246
76 64 130
76 65 464
76 66 437
76 67 557
76 68 173
76 69 326
76 70 385
76 71 775
76 72 409
76 73 643
76 74 392
76 75 111
76 77 667
76 78 595
76 79 569
76 80 388
76 81 134
76 82 694
76 83 136
76 84 755
76 85 700
76 86 247
76 87 380
76 88 463
76 89 524
76 90 242
76 91 282
76 92 203
76 93 495
76 94 452
76 95 276
76 96 109
76 97 295
76 98 741
76 99 707
76 100 799
77 1 472
77 2 431
77 3 410
77 4 549
77 5 908
77 6 684
77 7 572
77 8 1000
77 9 481
77 10 383
77 11 587
77 12 513
77 13 580
77 14 730
77 15 429
77 16 456
77 17 506
77 18 459
77 19 890
77 20 439
77 21 259
77 22 474
77 23 987
77 24 532
77 25 178
77 26 773
77 27 780
77 28 391
77 29 273
77 30 493
77 31 493
77 32 883
77 33 147
77 34 845
77 35 571
77 36 869
77 37 555
77 38 304
77 39 219
77 40 360
77 41 507
77 42 441
77 43 320
77 44 918
77 45 335
77 46 153
77 47 758
77 48 259
77 49 850
77 50 497
77 51 789
77 52 657
77 53 901
77 54 839
77 55 470
77 56 745
77 57 465
77 58 489
77 59 562
77 60 713
77 61 451
77 62 825
77 63 453
77 64 593
77 65 250
77 66 244
77 67 453
77 68 637
77 69 569
77 70 696
77 71 508
77 72 318
77 73 240
77 74 811
77 75 638
77 76 667
77 78 93
77 79 514
77 80 630
77 81 700
77 82 401
77 83 559
77 84 310
77 85 316
77 86 547
77 87 451
77 88 954
77 89 169
77 90 550
77 91 575
77 92 758
77 93 251
77 94 712
77 95 429
77 96 579
77 97 823
77 98 299
77 99 52
77 100 401
78 1 380
78 2 339
78 3 418
78 4 456
78 5 852
78 6 676
78 7 521
78 8 909
78 9 391
78 10 297
78 11 581
78 12 428
78 13 530
78 14 662
78 15 460
78 16 370
78 17 568
78 18 496
78 19 827
78 20 502
78 21 308
78 22 438
78 23 946
78 24 446
78 25 209
78 26 692
78 27 765
78 28 298
78 29 287
78 30 484
78 31 401
78 32 846
78 33 97
78 34 779
78 35 552
78 36 776
78 37 578
78 38 238
78 39 267
78 40 322
78 41 471
78 42 353
78 43 397
78 44 885
78 45 351
78 46 109
78 47 673
78 48 273
78 49 827
78 50 428
78 51 708
78 52 570
78 53 857
78 54 796
78 55 529
78 56 653
78 57 406
78 58 436
78 59 555
78 60 624
78 61 358
78 62 784
78 63 370
78 64 534
78 65 159
78 66 161
78 67 466
78 68 584
78 69 538
78 70 603
78 71 558
78 72 289
78 73 287
78 74 719
78 75 557
78 76 595
78 77 93
78 79 427
78 80 607
78 81 618
78 82 335
78 83 497
78 84 377
78 85 371
78 86 458
78 87 428
78 88 862
78 89 79
78 90 461
78 91 537
78 92 703
78 93 158
78 94 619
78 95 344
78 96 502
78 97 775
78 98 258
78 99 144
78 100 466
79 1 116
79 2 149
79 3 747
79 4 166
79 5 876
79 6 924
79 7 635
79 8 603
79 9 67
79 10 132
79 11 849
79 12 355
79 13 648
79 14 646
79 15 830
79 16 58
79 17 979
79 18 872
79 19 811
79 20 915
79 21 714
79 22 364
79 23 1032
79 24 19
79 25 611
79 26 561
79 27 982
79 28 189
79 29 652
79 30 762
79 31 136
79 32 964
79 33 457
79 34 750
79 35 786
79 36 452
79 37 921
79 38 245
79 39 675
79 40 331
79 41 664
79 42 75
79 43 822
79 44 1018
79 45 708
79 46 382
79 47 502
79 48 641
79 49 1004
79 50 487
79 51 569
79 52 396
79 53 941
79 54 891
79 55 936
79 56 362
79 57 231
79 58 575
79 59 824
79 60 413
79 61 219
79 62 891
79 63 361
79 64 603
79 65 313
79 66 363
79 67 800
79 68 674
79 69 733
79 70 301
79 71 951
79 72 568
79 73 692
79 74 425
79 75 468
79 76 569
79 77 514
79 78 427
79 80 816
79 81 495
79 82 200
79 83 567
79 84 797
79 85 779
79 86 323
79 87 677
79 88 567
79 89 373
79 90 328
79 91 707
79 92 760
79 93 285
79 94 273
79 95 339
79 96 465
79 97 852
79 98 326
79 99 563
79 100 883
80 1 704
80 2 668
80 3 267
80 4 704
80 5 388
80 6 123
80 7 208
80 8 895
80 9 750
80 10 746
80 11 117
80 12 495
80 13 197
80 14 374
80 15 356
80 16 778
80 17 556
80 18 382
80 19 428
80 20 541
80 21 471
80 22 1016
80 23 384
80 24 832
80 25 476
80 26 542
80 27 168
80 28 632
80 29 379
80 30 158
80 31 694
80 32 272
80 33 511
80 34 425
80 35 64
80 36 844
80 37 302
80 38 784
80 39 482
80 40 905
80 41 154
80 42 760
80 43 601
80 44 296
80 45 339
80 46 711
80 47 591
80 48 390
80 49 221
80 50 344
80 51 556
80 52 580
80 53 315
80 54 261
80 55 519
80 56 740
80 57 938
80 58 244
80 59 119
80 60 633
80 61 603
80 62 237
80 63 463
80 64 266
80 65 565
80 66 511
80 67 265
80 68 217
80 69 84
80 70 737
80 71 466
80 72 318
80 73 470
80 74 772
80 75 476
80 76 388
80 77 630
80 78 607
80 79 816
80 81 518
80 82 861
80 83 285
80 84 543
80 85 480
80 86 551
80 87 181
80 88 850
80 89 574
80 90 548
80 91 117
80 92 272
80 93 607
80 94 798
80 95 481
80 96 422
80 97 272
80 98 844
80 99 646
80 100 545
81 1 394
81 2 391
81 3 627
81 4 331
81 5 403
81 6 640
81 7 316
81 8 383
81 9 440
81 10 515
81 11 610
81 12 194
81 13 325
81 14 185
81 15 742
81 16 493
81 17 950
81 18 785
81 19 325
81 20 906
81 21 735
81 22 831
81 23 579
81 24 501
81 25 662
81 26 76
81 27 648
81 28 392
81 29 625
81 30 567
81 31 365
81 32 541
81 33 560
81 34 263
81 35 528
81 36 329
81 37 764
81 38 626
81 39 714
81 40 757
81 41 417
81 42 484
81 43 886
81 44 598
81 45 643
81 46 666
81 47 76
81 48 625
81 49 627
81 50 241
81 51 91
81 52 104
81 53 496
81 54 461
81 55 905
81 56 242
81 57 708
81 58 329
81 59 594
81 60 128
81 61 316
81 62 472
81 63 248
81 64 254
81 65 469
81 66 458
81 67 666
81 68 306
81 69 452
81 70 265
81 71 881
81 72 488
81 73 719
81 74 258
81 75 65
81 76 134
81 77 700
81 78 618
81 79 495
81 80 518
81 82 649
81 83 247
81 84 836
81 85 785
81 86 186
81 87 489
81 88 336
81 89 541
81 90 181
81 91 409
81 92 327
81 93 492
81 94 333
81 95 274
81 96 133
81 97 415
81 98 719
81 99 745
81 100 889
82 1 260
82 2 258
82 3 729
82 4 343
82 5 997
82 6 954
82 7 711
82 8 801
82 9 224
82 10 136
82 11 867
82 12 476
82 13 723
82 14 772
82 15 788
82 16 168
82 17 901
82 18 827
82 19 944
82 20 835
82 21 642
82 22 183
82 23 1134
82 24 210
82 25 543
82 26 721
82 27 1028
82 28 266
82 29 610
82 30 772
82 31 291
82 32 1051
82 33 403
82 34 885
82 35 818
82 36 650
82 37 899
82 38 98
82 39 601
82 40 132
82 41 708
82 42 171
82 43 720
82 44 1101
82 45 672
82 46 249
82 47 671
82 48 597
82 49 1068
82 50 572
82 51 732
82 52 559
82 53 1041
82 54 986
82 55 863
82 56 555
82 57 78
82 58 636
82 59 840
82 60 589
82 61 336
82 62 981
82 63 455
82 64 695
82 65 298
82 66 354
82 67 781
82 68 762
82 69 780
82 70 494
82 71 892
82 72 567
82 73 621
82 74 620
82 75 608
82 76 694
82 77 401
82 78 335
82 79 200
82 80 861
82 81 649
82 83 655
82 84 708
82 85 705
82 86 464
82 87 697
82 88 763
82 89 315
82 90 469
82 91 764
82 92 865
82 93 256
82 94 471
82 95 426
82 96 586
82 97 953
82 98 139
82 99 442
82 100 798
83 1 451
83 2 423
83 3 387
83 4 433
83 5 358
83 6 407
83 7 79
83 8 629
83 9 501
83 10 525
83 11 366
83 12 220
83 13 91
83 14 177
83 15 504
83 16 539
83 17 715
83 18 545
83 19 332
83 20 676
83 21 524
83 22 829
83 23 479
83 24 580
83 25 471
83 26 290
83 27 435
83 28 397
83 29 411
83 30 321
83 31 435
83 32 400
83 33 413
83 34 288
83 35 285
83 36 563
83 37 518
83 38 598
83 39 512
83 40 731
83 41 171
83 42 523
83 43 676
83 44 452
83 45 416
83 46 578
83 47 323
83 48 414
83 49 442
83 50 84
83 51 307
83 52 296
83 53 387
83 54 331
83 55 671
83 56 455
83 57 729
83 58 91
83 59 349
83 60 351
83 61 348
83 62 328
83 63 207
83 64 40
83 65 388
83 66 349
83 67 423
83 68 109
83 69 211
83 70 452
83 71 641
83 72 278
83 73 512
83 74 490
83 75 195
83 76 136
83 77 559
83 78 497
83 79 567
83 80 285
83 81 247
83 82 655
83 84 622
83 85 566
83 86 271
83 87 246
83 88 582
83 89 434
83 90 268
83 91 170
83 92 214
83 93 426
83 94 515
83 95 233
83 96 137
83 97 298
83 98 678
83 99 595
83 100 664
84 1 731
84 2 686
84 3 278
84 4 792
84 5 907
84 6 540
84 7 594
84 8 1191
84 9 752
84 10 671
84 11 451
84 12 682
84 13 596
84 14 794
84 15 207
84 16 740
84 17 197
84 18 210
84 19 920
84 20 130
84 21 101
84 22 779
84 23 927
84 24 816
84 25 193
84 26 897
84 27 646
84 28 640
84 29 212
84 30 386
84 31 744
84 32 815
84 33 344
84 34 893
84 35 480
84 36 1080
84 37 331
84 38 611
84 39 129
84 40 667
84 41 490
84 42 722
84 43 59
84 44 833
84 45 215
84 46 462
84 47 907
84 48 212
84 49 738
84 50 596
84 51 914
84 52 829
84 53 856
84 54 799
84 55 164
84 56 953
84 57 774
84 58 532
84 59 435
84 60 891
84 61 677
84 62 777
84 63 618
84 64 642
84 65 493
84 66 455
84 67 285
84 68 654
84 69 520
84 70 915
84 71 217
84 72 349
84 73 119
84 74 1013
84 75 772
84 76 755
84 77 310
84 78 377
84 79 797
84 80 543
84 81 836
84 82 708
84 83 622
84 85 64
84 86 733
84 87 405
84 88 1142
84 89 425
84 90 733
84 91 548
84 92 764
84 93 514
84 94 948
84 95 606
84 96 703
84 97 800
84 98 608
84 99 277
84 100 92
85 1 706
85 2 660
85 3 215
85 4 761
85 5 845
85 6 479
85 7 535
85 8 1146
85 9 730
85 10 656
85 11 389
85 12 639
85 13 537
85 14 737
85 15 149
85 16 723
85 17 201
85 18 161
85 19 860
85 20 137
85 21 65
85 22 790
85 23 864
85 24 798
85 25 169
85 26 845
85 27 585
85 28 614
85 29 161
85 30 323
85 31 717
85 32 752
85 33 322
85 34 833
85 35 417
85 36 1039
85 37 278
85 38 608
85 39 105
85 40 675
85 41 429
85 42 704
85 43 122
85 44 770
85 45 155
85 46 465
85 47 858
85 48 163
85 49 676
85 50 545
85 51 862
85 52 784
85 53 793
85 54 736
85 55 159
85 56 913
85 57 775
85 58 476
85 59 372
85 60 846
85 61 645
85 62 714
85 63 576
85 64 584
85 65 469
85 66 427
85 67 222
85 68 594
85 69 457
85 70 878
85 71 192
85 72 297
85 73 87
85 74 971
85 75 722
85 76 700
85 77 316
85 78 371
85 79 779
85 80 480
85 81 785
85 82 705
85 83 566
85 84 64
85 86 691
85 87 344
85 88 1098
85 89 408
85 90 692
85 91 486
85 92 703
85 93 494
85 94 915
85 95 566
85 96 653
85 97 737
85 98 614
85 99 292
85 100 109
86 1 214
86 2 206
86 3 574
86 4 169
86 5 554
86 6 670
86 7 348
86 8 462
86 9 262
86 10 330
86 11 614
86 12 59
86 13 361
86 14 324
86 15 682
86 16 312
86 17 876
86 18 727
86 19 490
86 20 822
86 21 633
86 22 646
86 23 714
86 24 332
86 25 545
86 26 260
86 27 706
86 28 207
86 29 534
86 30 546
86 31 188
86 32 653
86 33 418
86 34 428
86 35 538
86 36 349
86 37 736
86 38 441
86 39 605
86 40 572
86 41 413
86 42 302
86 43 776
86 44 709
86 45 568
86 46 492
86 47 222
86 48 529
86 49 710
86 50 208
86 51 272
86 52 112
86 53 624
86 54 577
86 55 830
86 56 224
86 57 525
86 58 313
86 59 593
86 60 167
86 61 131
86 62 580
86 63 117
86 64 302
86 65 302
86 66 305
86 67 622
86 68 372
86 69 471
86 70 198
86 71 820
86 72 406
86 73 614
86 74 281
86 75 147
86 76 247
86 77 547
86 78 458
86 79 323
86 80 551
86 81 186
86 82 464
86 83 271
86 84 733
86 85 691
86 87 459
86 88 414
86 89 380
86 90 5
86 91 435
86 92 443
86 93 318
86 94 252
86 95 128
86 96 148
86 97 535
86 98 534
86 99 595
86 100 799
87 1 571
87 2 530
87 3 144
87 4 589
87 5 504
87 6 258
87 7 197
87 8 870
87 9 613
87 10 591
87 11 173
87 12 400
87 13 196
87 14 403
87 15 260
87 16 633
87 17 473
87 18 300
87 19 517
87 20 438
87 21 318
87 22 844
87 23 547
87 24 694
87 25 303
87 26 535
87 27 339
87 28 489
87 29 212
87 30 89
87 31 567
87 32 438
87 33 331
87 34 492
87 35 125
87 36 790
87 37 280
87 38 614
87 39 319
87 40 731
87 41 87
87 42 614
87 43 462
87 44 470
87 45 190
87 46 533
87 47 565
87 48 221
87 49 401
87 50 260
87 51 552
87 52 520
87 53 466
87 54 406
87 55 429
87 56 673
87 57 775
87 58 160
87 59 147
87 60 580
87 61 477
87 62 387
87 63 351
87 64 254
87 65 399
87 66 344
87 67 178
87 68 252
87 69 123
87 70 656
87 71 396
87 72 139
87 73 312
87 74 717
87 75 432
87 76 380
87 77 451
87 78 428
87 79 677
87 80 181
87 81 489
87 82 697
87 83 246
87 84 405
87 85 344
87 86 459
87 88 822
87 89 398
87 90 457
87 91 145
87 92 360
87 93 441
87 94 709
87 95 359
87 96 365
87 97 400
87 98 669
87 99 468
87 100 431
88 1 521
88 2 547
88 3 956
88 4 432
88 5 644
88 6 971
88 7 651
88 8 49
88 9 544
88 10 654
88 11 945
88 12 461
88 13 660
88 14 488
88 15 1070
88 16 598
88 17 1274
88 18 1114
88 19 553
88 20 1225
88 21 1042
88 22 928
88 23 831
88 24 561
88 25 957
88 26 312
88 27 968
88 28 575
88 29 938
88 30 902
88 31 491
88 32 825
88 33 830
88 34 505
88 35 863
88 36 121
88 37 1099
88 38 783
88 39 1016
88 40 892
88 41 752
88 42 600
88 43 1188
88 44 881
88 45 964
88 46 876
88 47 261
88 48 935
88 49 932
88 50 566
88 51 299
88 52 314
88 53 766
88 54 747
88 55 1227
88 56 215
88 57 795
88 58 662
88 59 929
88 60 252
88 61 506
88 62 764
88 63 525
88 64 589
88 65 704
88 66 715
88 67 998
88 68 635
88 69 787
88 70 274
88 71 1209
88 72 804
88 73 1024
88 74 148
88 75 391
88 76 463
88 77 954
88 78 862
88 79 567
88 80 850
88 81 336
88 82 763
88 83 582
88 84 1142
88 85 1098
88 86 414
88 87 822
88 89 785
88 90 412
88 91 744
88 92 627
88 93 711
88 94 295
88 95 540
88 96 458
88 97 700
88 98 875
88 99 1003
88 100 1204
89 1 312
89 2 269
89 3 415
89 4 384
89 5 792
89 6 654
89 7 465
89 8 832
89 9 329
89 10 248
89 11 562
89 12 351
89 13 476
89 14 594
89 15 476
89 16 316
89 17 608
89 18 515
89 19 761
89 20 544
89 21 343
89 22 447
89 23 895
89 24 392
89 25 240
89 26 616
89 27 737
89 28 226
89 29 296
89 30 465
89 31 330
89 32 799
89 33 90
89 34 711
89 35 523
89 36 700
89 37 584
89 38 223
89 39 304
89 40 333
89 41 429
89 42 298
89 43 452
89 44 841
89 45 358
89 46 146
89 47 595
89 48 284
89 49 791
89 50 360
89 51 631
89 52 492
89 53 804
89 54 744
89 55 566
89 56 576
89 57 391
89 58 382
89 59 535
89 60 546
89 61 282
89 62 734
89 63 294
89 64 472
89 65 82
89 66 87
89 67 466
89 68 527
89 69 499
89 70 528
89 71 587
89 72 261
89 73 322
89 74 642
89 75 481
89 76 524
89 77 169
89 78 79
89 79 373
89 80 574
89 81 541
89 82 315
89 83 434
89 84 425
89 85 408
89 86 380
89 87 398
89 88 785
89 90 383
89 91 493
89 92 644
89 93 90
89 94 547
89 95 268
89 96 428
89 97 720
89 98 271
89 99 220
89 100 511
90 1 219
90 2 211
90 3 573
90 4 173
90 5 549
90 6 667
90 7 345
90 8 460
90 9 267
90 10 334
90 11 612
90 12 58
90 13 357
90 14 319
90 15 682
90 16 317
90 17 876
90 18 727
90 19 485
90 20 823
90 21 634
90 22 651
90 23 709
90 24 337
90 25 546
90 26 255
90 27 702
90 28 212
90 29 534
90 30 544
90 31 193
90 32 648
90 33 420
90 34 423
90 35 535
90 36 349
90 37 734
90 38 446
90 39 606
90 40 576
90 41 410
90 42 307
90 43 777
90 44 704
90 45 568
90 46 495
90 47 218
90 48 530
90 49 706
90 50 205
90 51 268
90 52 109
90 53 619
90 54 572
90 55 830
90 56 224
90 57 530
90 58 311
90 59 590
90 60 165
90 61 136
90 62 576
90 63 117
90 64 298
90 65 305
90 66 307
90 67 621
90 68 368
90 69 468
90 70 199
90 71 820
90 72 405
90 73 615
90 74 280
90 75 142
90 76 242
90 77 550
90 78 461
90 79 328
90 80 548
90 81 181
90 82 469
90 83 268
90 84 733
90 85 692
90 86 5
90 87 457
90 88 412
90 89 383
90 91 432
90 92 439
90 93 322
90 94 254
90 95 129
90 96 143
90 97 531
90 98 539
90 99 598
90 100 800
91 1 593
91 2 559
91 3 279
91 4 589
91 5 360
91 6 237
91 7 94
91 8 790
91 9 641
91 10 644
91 11 202
91 12 380
91 13 85
91 14 283
91 15 388
91 16 671
91 17 600
91 18 424
91 19 377
91 20 573
91 21 462
91 22 926
91 23 413
91 24 722
91 25 441
91 26 440
91 27 276
91 28 525
91 29 355
91 30 183
91 31 581
91 32 309
91 33 442
91 34 358
91 35 120
91 36 732
91 37 371
91 38 692
91 39 462
91 40 818
91 41 68
91 42 654
91 43 606
91 44 349
91 45 333
91 46 636
91 47 484
91 48 363
91 49 305
91 50 229
91 51 455
91 52 466
91 53 328
91 54 267
91 55 559
91 56 625
91 57 841
91 58 133
91 59 189
91 60 520
91 61 491
91 62 251
91 63 350
91 64 155
91 65 472
91 66 421
91 67 298
91 68 122
91 69 44
91 70 621
91 71 517
91 72 258
91 73 456
91 74 659
91 75 363
91 76 282
91 77 575
91 78 537
91 79 707
91 80 117
91 81 409
91 82 764
91 83 170
91 84 548
91 85 486
91 86 435
91 87 145
91 88 744
91 89 493
91 90 432
91 92 218
91 93 514
91 94 682
91 95 369
91 96 307
91 97 257
91 98 759
91 99 599
91 100 569
92 1 646
92 2 624
92 3 496
92 4 612
92 5 151
92 6 375
92 7 186
92 8 667
92 9 696
92 10 733
92 11 388
92 12 406
92 13 179
92 14 144
92 15 604
92 16 739
92 17 814
92 18 637
92 19 160
92 20 789
92 21 676
92 22 1041
92 23 273
92 24 771
92 25 644
92 26 319
92 27 348
92 28 603
92 29 566
92 30 397
92 31 625
92 32 215
92 33 615
92 34 155
92 35 315
92 36 649
92 37 570
92 38 811
92 39 673
92 40 944
92 41 276
92 42 725
92 43 822
92 44 273
92 45 550
92 46 789
92 47 385
92 48 573
92 49 306
92 50 296
92 51 329
92 52 419
92 53 181
92 54 136
92 55 773
92 56 569
92 57 937
92 58 269
92 59 384
92 60 454
92 61 546
92 62 145
92 63 411
92 64 175
92 65 601
92 66 561
92 67 512
92 68 121
92 69 252
92 70 587
92 71 727
92 72 452
92 73 668
92 74 581
92 75 314
92 76 203
92 77 758
92 78 703
92 79 760
92 80 272
92 81 327
92 82 865
92 83 214
92 84 764
92 85 703
92 86 443
92 87 360
92 88 627
92 89 644
92 90 439
92 91 218
92 93 639
92 94 654
92 95 440
92 96 297
92 97 93
92 98 891
92 99 788
92 100 786
93 1 224
93 2 182
93 3 481
93 4 299
93 5 781
93 6 698
93 7 471
93 8 756
93 9 240
93 10 166
93 11 611
93 12 299
93 13 482
93 14 570
93 15 552
93 16 229
93 17 695
93 18 593
93 19 741
93 20 631
93 21 430
93 22 412
93 23 901
93 24 304
93 25 327
93 26 567
93 27 773
93 28 141
93 29 372
93 30 516
93 31 243
93 32 811
93 33 173
93 34 687
93 35 562
93 36 621
93 37 653
93 38 179
93 39 391
93 40 308
93 41 456
93 42 211
93 43 541
93 44 858
93 45 432
93 46 175
93 47 538
93 48 361
93 49 817
93 50 345
93 51 582
93 52 430
93 53 808
93 54 750
93 55 652
93 56 499
93 57 334
93 58 391
93 59 584
93 60 480
93 61 205
93 62 743
93 63 253
93 64 465
93 65 42
93 66 98
93 67 533
93 68 528
93 69 527
93 70 447
93 71 669
93 72 312
93 73 408
93 74 566
93 75 436
93 76 495
93 77 251
93 78 158
93 79 285
93 80 607
93 81 492
93 82 256
93 83 426
93 84 514
93 85 494
93 86 318
93 87 441
93 88 711
93 89 90
93 90 322
93 91 514
93 92 639
93 94 462
93 95 223
93 96 392
93 97 721
93 98 253
93 99 302
93 100 598
94 1 246
94 2 283
94 3 819
94 4 164
94 5 733
94 6 919
94 7 593
94 8 330
94 9 258
94 10 372
94 11 866
94 12 310
94 13 604
94 14 516
94 15 923
94 16 309
94 17 1107
94 18 968
94 19 653
94 20 1050
94 21 853
94 22 634
94 23 911
94 24 267
94 25 756
94 26 373
94 27 948
94 28 322
94 29 764
94 30 797
94 31 221
94 32 868
94 33 611
94 34 591
94 35 789
94 36 180
94 37 984
94 38 501
94 39 820
94 40 602
94 41 664
94 42 313
94 43 986
94 44 926
94 45 805
94 46 611
94 47 301
94 48 757
94 49 943
94 50 459
94 51 374
94 52 235
94 53 828
94 54 789
94 55 1061
94 56 110
94 57 501
94 58 564
94 59 844
94 60 210
94 61 272
94 62 798
94 63 361
94 64 540
94 65 467
94 66 495
94 67 869
94 68 606
94 69 720
94 70 68
94 71 1059
94 72 645
94 73 832
94 74 159
94 75 342
94 76 452
94 77 712
94 78 619
94 79 273
94 80 798
94 81 333
94 82 471
94 83 515
94 84 948
94 85 915
94 86 252
94 87 709
94 88 295
94 89 547
94 90 254
94 91 682
94 92 654
94 93 462
94 95 360
94 96 380
94 97 744
94 98 590
94 99 763
94 100 1023
95 1 224
95 2 192
95 3 461
95 4 230
95 5 573
95 6 593
95 7 298
95 8 588
95 9 272
95 10 294
95 11 526
95 12 85
95 13 311
95 14 352
95 15 564
95 16 307
95 17 752
95 18 609
95 19 525
95 20 698
95 21 507
95 22 604
95 23 710
95 24 353
95 25 418
95 26 349
95 27 645
95 28 165
95 29 409
95 30 447
95 31 213
95 32 632
95 33 294
95 34 468
95 35 456
95 36 475
95 37 628
95 38 379
95 39 478
95 40 513
95 41 331
95 42 291
95 43 649
95 44 685
95 45 447
95 46 394
95 47 329
95 48 404
95 49 666
95 50 151
95 51 364
95 52 232
95 53 617
95 54 563
95 55 706
95 56 348
95 57 498
95 58 238
95 59 502
95 60 291
95 61 123
95 62 561
95 63 31
95 64 272
95 65 196
95 66 185
95 67 511
95 68 342
95 69 398
95 70 316
95 71 700
95 72 286
95 73 488
95 74 407
95 75 216
95 76 276
95 77 429
95 78 344
95 79 339
95 80 481
95 81 274
95 82 426
95 83 233
95 84 606
95 85 566
95 86 128
95 87 359
95 88 540
95 89 268
95 90 129
95 91 369
95 92 440
95 93 223
95 94 360
95 96 170
95 97 528
95 98 465
95 99 476
95 100 674
96 1 352
96 2 334
96 3 498
96 4 316
96 5 415
96 6 544
96 7 215
96 8 506
96 9 402
96 10 451
96 11 500
96 12 112
96 13 226
96 14 187
96 15 613
96 16 447
96 17 819
96 18 656
96 19 359
96 20 774
96 21 602
96 22 766
96 23 568
96 24 476
96 25 531
96 26 198
96 27 569
96 28 320
96 29 493
96 30 447
96 31 330
96 32 506
96 33 435
96 34 301
96 35 420
96 36 429
96 37 643
96 38 546
96 39 582
96 40 680
96 41 300
96 42 434
96 43 753
96 44 562
96 45 511
96 46 561
96 47 206
96 48 492
96 49 566
96 50 109
96 51 215
96 52 160
96 53 478
96 54 430
96 55 774
96 56 319
96 57 653
96 58 206
96 59 482
96 60 217
96 61 255
96 62 433
96 63 140
96 64 161
96 65 362
96 66 342
96 67 540
96 68 228
96 69 347
96 70 317
96 71 752
96 72 356
96 73 587
96 74 356
96 75 70
96 76 109
96 77 579
96 78 502
96 79 465
96 80 422
96 81 133
96 82 586
96 83 137
96 84 703
96 85 653
96 86 148
96 87 365
96 88 458
96 89 428
96 90 143
96 91 307
96 92 297
96 93 392
96 94 380
96 95 170
96 97 389
96 98 634
96 99 622
96 100 757
97 1 737
97 2 714
97 3 524
97 4 704
97 5 117
97 6 351
97 7 255
97 8 738
97 9 787
97 10 822
97 11 387
97 12 497
97 13 246
97 14 230
97 15 624
97 16 829
97 17 827
97 18 652
97 19 178
97 20 810
97 21 717
97 22 1127
97 23 182
97 24 863
97 25 697
97 26 399
97 27 300
97 28 692
97 29 612
97 30 418
97 31 717
97 32 127
97 33 684
97 34 203
97 35 328
97 36 731
97 37 571
97 38 895
97 39 719
97 40 1028
97 41 323
97 42 815
97 43 858
97 44 185
97 45 587
97 46 865
97 47 468
97 48 620
97 49 238
97 50 381
97 51 408
97 52 510
97 53 90
97 54 47
97 55 790
97 56 657
97 57 1025
97 58 339
97 59 390
97 60 542
97 61 636
97 62 66
97 63 500
97 64 258
97 65 682
97 66 639
97 67 532
97 68 195
97 69 281
97 70 677
97 71 738
97 72 509
97 73 711
97 74 665
97 75 405
97 76 295
97 77 823
97 78 775
97 79 852
97 80 272
97 81 415
97 82 953
97 83 298
97 84 800
97 85 737
97 86 535
97 87 400
97 88 700
97 89 720
97 90 531
97 91 257
97 92 93
97 93 721
97 94 744
97 95 528
97 96 389
97 98 973
97 99 850
97 100 811
98 1 357
98 2 339
98 3 674
98 4 445
98 5 1032
98 6 924
98 7 722
98 8 915
98 9 333
98 10 222
98 11 831
98 12 532
98 13 733
98 14 817
98 15 716
98 16 282
98 17 803
98 18 750
98 19 990
98 20 737
98 21 555
98 22 181
98 23 1152
98 24 339
98 25 463
98 26 793
98 27 1008
98 28 328
98 29 544
98 30 734
98 31 387
98 32 1061
98 33 346
98 34 933
98 35 794
98 36 767
98 37 836
98 38 95
98 39 514
98 40 64
98 41 697
98 42 277
98 43 612
98 44 1106
98 45 608
98 46 152
98 47 752
98 48 531
98 49 1060
98 50 597
98 51 806
98 52 640
98 53 1060
98 54 1001
98 55 768
98 56 662
98 57 178
98 58 641
98 59 805
98 60 678
98 61 405
98 62 993
98 63 496
98 64 717
98 65 292
98 66 339
98 67 723
98 68 779
98 69 768
98 70 602
98 71 805
98 72 532
98 73 535
98 74 729
98 75 670
98 76 741
98 77 299
98 78 258
98 79 326
98 80 844
98 81 719
98 82 139
98 83 678
98 84 608
98 85 614
98 86 534
98 87 669
98 88 875
98 89 271
98 90 539
98 91 759
98 92 891
98 93 253
98 94 590
98 95 465
98 96 634
98 97 973
98 99 332
98 100 699
99 1 523
99 2 482
99 3 412
99 4 600
99 5 939
99 6 692
99 7 603
99 8 1050
99 9 531
99 10 432
99 11 594
99 12 560
99 13 610
99 14 768
99 15 417
99 16 506
99 17 473
99 18 443
99 19 925
99 20 406
99 21 241
99 22 502
99 23 1011
99 24 581
99 25 177
99 26 817
99 27 790
99 28 442
99 29 276
99 30 502
99 31 544
99 32 904
99 33 187
99 34 882
99 35 585
99 36 919
99 37 546
99 38 348
99 39 204
99 40 391
99 41 531
99 42 490
99 43 280
99 44 937
99 45 334
99 46 194
99 47 804
99 48 263
99 49 865
99 50 536
99 51 834
99 52 705
99 53 926
99 54 864
99 55 440
99 56 795
99 57 504
99 58 521
99 59 570
99 60 762
99 61 501
99 62 849
99 63 499
99 64 628
99 65 301
99 66 292
99 67 451
99 68 668
99 69 589
99 70 746
99 71 483
99 72 342
99 73 225
99 74 861
99 75 682
99 76 707
99 77 52
99 78 144
99 79 563
99 80 646
99 81 745
99 82 442
99 83 595
99 84 277
99 85 292
99 86 595
99 87 468
99 88 1003
99 89 220
99 90 598
99 91 599
99 92 788
99 93 302
99 94 763
99 95 476
99 96 622
99 97 850
99 98 332
99 100 368
100 1 812
100 2 767
100 3 291
100 4 869
100 5 923
100 6 522
100 7 627
100 8 1253
100 9 836
100 10 758
100 11 442
100 12 747
100 13 627
100 14 831
100 15 191
100 16 826
100 17 106
100 18 174
100 19 945
100 20 40
100 21 172
100 22 869
100 23 924
100 24 902
100 25 273
100 26 947
100 27 626
100 28 721
100 29 267
100 30 394
100 31 824
100 32 813
100 33 427
100 34 923
100 35 485
100 36 1148
100 37 292
100 38 701
100 39 208
100 40 758
100 41 518
100 42 808
100 43 106
100 44 824
100 45 249
100 46 553
100 47 962
100 48 271
100 49 723
100 50 648
100 51 964
100 52 891
100 53 860
100 54 805
100 55 79
100 56 1022
100 57 865
100 58 573
100 59 430
100 60 953
100 61 753
100 62 782
100 63 683
100 64 679
100 65 575
100 66 534
100 67 281
100 68 682
100 69 536
100 70 987
100 71 143
100 72 402
100 73 193
100 74 1079
100 75 826
100 76 799
100 77 401
100 78 466
100 79 883
100 80 545
100 81 889
100 82 798
100 83 664
100 84 92
100 85 109
100 86 799
100 87 431
100 88 1204
100 89 511
100 90 800
100 91 569
100 92 786
100 93 598
100 94 1023
100 95 674
100 96 757
100 97 811
100 98 699
100 99 368
