nnodes nedges type capacity P s t
100  4950  graph  1000 100 1 100 
nodename posx posy itemvalue itemweight
1 473 924 0 0
2 765 952 43 96
3 800 259 34 24
4 315 854 31 44
5 896 639 7 33
6 866 81 37 46
7 160 126 36 46
8 269 616 50 9
9 490 206 26 82
10 310 737 45 81
11 175 88 22 41
12 654 364 11 34
13 313 190 38 16
14 984 924 38 14
15 995 505 4 41
16 52 820 46 71
17 781 818 29 88
18 124 581 16 13
19 77 440 14 48
20 787 325 8 70
21 431 5 31 94
22 406 591 17 68
23 131 27 41 66
24 559 622 27 16
25 234 869 50 71
26 711 761 46 73
27 957 365 11 9
28 125 623 7 1
29 908 109 24 96
30 547 903 16 27
31 614 951 36 61
32 76 747 49 67
33 769 200 1 14
34 328 198 29 16
35 992 467 13 86
36 876 423 37 45
37 473 282 31 3
38 14 604 13 73
39 310 573 21 89
40 578 896 40 20
41 795 290 11 88
42 657 104 44 74
43 7 782 46 50
44 727 915 26 71
45 243 626 48 91
46 171 210 49 85
47 578 247 4 97
48 957 699 1 56
49 447 638 12 81
50 250 792 23 74
51 105 126 18 59
52 215 930 21 48
53 408 582 13 83
54 887 70 22 33
55 507 465 23 12
56 966 302 4 85
57 107 975 1 48
58 759 115 8 46
59 109 486 49 35
60 382 705 18 46
61 465 553 28 16
62 915 43 33 33
63 152 224 14 33
64 94 952 38 25
65 214 344 14 10
66 744 672 50 31
67 470 311 20 20
68 602 231 31 32
69 893 489 4 54
70 653 401 17 28
71 307 620 15 20
72 55 414 13 67
73 947 814 17 22
74 881 57 12 16
75 653 264 7 31
76 762 118 13 86
77 169 29 46 95
78 513 674 18 61
79 605 607 30 57
80 626 820 35 45
81 304 722 18 87
82 492 774 27 37
83 33 446 6 57
84 5 927 20 12
85 936 659 11 88
86 328 595 39 27
87 631 735 8 51
88 9 930 44 26
89 550 243 23 57
90 339 203 43 81
91 507 453 38 58
92 321 28 18 85
93 482 186 2 35
94 702 88 46 83
95 793 680 41 82
96 260 97 27 60
97 402 104 18 54
98 224 788 46 26
99 550 581 12 67
100 715 838 0 0
endpoint1 endpoint2 weight
1 2 294
1 3 742
1 4 173
1 5 511
1 6 931
1 7 858
1 8 370
1 9 719
1 10 249
1 11 888
1 12 589
1 13 752
1 14 511
1 15 670
1 16 434
1 17 326
1 18 490
1 19 626
1 20 677
1 21 920
1 22 340
1 23 960
1 24 315
1 25 246
1 26 289
1 27 740
1 28 461
1 29 924
1 30 77
1 31 144
1 32 435
1 33 783
1 34 741
1 35 692
1 36 643
1 37 642
1 38 560
1 39 388
1 40 109
1 41 712
1 42 841
1 43 488
1 44 255
1 45 377
1 46 776
1 47 686
1 48 534
1 49 288
1 50 260
1 51 879
1 52 259
1 53 349
1 54 950
1 55 461
1 56 794
1 57 370
1 58 859
1 59 570
1 60 238
1 61 372
1 62 986
1 63 771
1 64 381
1 65 636
1 66 371
1 67 614
1 68 705
1 69 605
1 70 554
1 71 347
1 72 660
1 73 487
1 74 959
1 75 685
1 76 857
1 77 946
1 78 254
1 79 344
1 80 185
1 81 264
1 82 152
1 83 650
1 84 469
1 85 534
1 86 360
1 87 247
1 88 465
1 89 686
1 90 734
1 91 473
1 92 909
1 93 739
1 94 867
1 95 403
1 96 854
1 97 824
1 98 284
1 99 352
1 100 257
2 1 294
2 3 694
2 4 461
2 5 340
2 6 877
2 7 1024
2 8 600
2 9 796
2 10 504
2 11 1047
2 12 599
2 13 886
2 14 221
2 15 503
2 16 726
2 17 135
2 18 741
2 19 858
2 20 628
2 21 1005
2 22 510
2 23 1122
2 24 390
2 25 538
2 26 199
2 27 618
2 28 720
2 29 856
2 30 224
2 31 152
2 32 719
2 33 753
2 34 872
2 35 536
2 36 541
2 37 731
2 38 828
2 39 593
2 40 196
2 41 663
2 42 855
2 43 777
2 44 54
2 45 616
2 46 951
2 47 730
2 48 318
2 49 447
2 50 540
2 51 1058
2 52 551
2 53 515
2 54 891
2 55 552
2 56 681
2 57 659
2 58 838
2 59 805
2 60 456
2 61 500
2 62 922
2 63 952
2 64 671
2 65 821
2 66 281
2 67 706
2 68 740
2 69 481
2 70 563
2 71 566
2 72 891
2 73 229
2 74 903
2 75 698
2 76 835
2 77 1099
2 78 376
2 79 381
2 80 192
2 81 516
2 82 326
2 83 890
2 84 761
2 85 340
2 86 565
2 87 256
2 88 757
2 89 741
2 90 862
2 91 562
2 92 1026
2 93 817
2 94 867
2 95 274
2 96 994
2 97 923
2 98 566
2 99 429
2 100 125
3 1 742
3 2 694
3 4 768
3 5 392
3 6 190
3 7 654
3 8 640
3 9 315
3 10 685
3 11 648
3 12 180
3 13 492
3 14 690
3 15 314
3 16 935
3 17 560
3 18 749
3 19 746
3 20 68
3 21 448
3 22 516
3 23 709
3 24 436
3 25 833
3 26 510
3 27 190
3 28 767
3 29 185
3 30 692
3 31 717
3 32 874
3 33 67
3 34 476
3 35 284
3 36 181
3 37 328
3 38 859
3 39 582
3 40 675
3 41 32
3 42 211
3 43 950
3 44 661
3 45 668
3 46 631
3 47 223
3 48 468
3 49 518
3 50 766
3 51 708
3 52 891
3 53 508
3 54 209
3 55 359
3 56 172
3 57 997
3 58 150
3 59 728
3 60 612
3 61 446
3 62 245
3 63 649
3 64 990
3 65 593
3 66 417
3 67 335
3 68 200
3 69 249
3 70 205
3 71 612
3 72 761
3 73 575
3 74 218
3 75 148
3 76 147
3 77 672
3 78 505
3 79 399
3 80 588
3 81 679
3 82 601
3 83 790
3 84 1039
3 85 423
3 86 580
3 87 506
3 88 1038
3 89 251
3 90 465
3 91 352
3 92 532
3 93 327
3 94 198
3 95 422
3 96 564
3 97 428
3 98 783
3 99 408
3 100 586
4 1 173
4 2 461
4 3 768
4 5 620
4 6 950
4 7 745
4 8 243
4 9 672
4 10 118
4 11 779
4 12 596
4 13 665
4 14 673
4 15 765
4 16 266
4 17 468
4 18 334
4 19 478
4 20 709
4 21 857
4 22 279
4 23 848
4 24 337
4 25 83
4 26 407
4 27 808
4 28 300
4 29 953
4 30 238
4 31 315
4 32 262
4 33 797
4 34 657
4 35 780
4 36 708
4 37 594
4 38 392
4 39 282
4 40 267
4 41 741
4 42 825
4 43 317
4 44 417
4 45 240
4 46 660
4 47 662
4 48 661
4 49 254
4 50 90
4 51 758
4 52 126
4 53 288
4 54 971
4 55 434
4 56 854
4 57 241
4 58 863
4 59 422
4 60 164
4 61 337
4 62 1009
4 63 651
4 64 242
4 65 520
4 66 467
4 67 565
4 68 686
4 69 684
4 70 566
4 71 235
4 72 512
4 73 634
4 74 978
4 75 680
4 76 862
4 77 838
4 78 268
4 79 381
4 80 313
4 81 133
4 82 195
4 83 496
4 84 319
4 85 651
4 86 260
4 87 338
4 88 316
4 89 655
4 90 652
4 91 445
4 92 827
4 93 689
4 94 859
4 95 509
4 96 759
4 97 756
4 98 113
4 99 361
4 100 401
5 1 511
5 2 340
5 3 392
5 4 620
5 6 559
5 7 898
5 8 628
5 9 594
5 10 595
5 11 908
5 12 367
5 13 736
5 14 299
5 15 167
5 16 864
5 17 213
5 18 775
5 19 843
5 20 333
5 21 787
5 22 493
5 23 980
5 24 338
5 25 701
5 26 222
5 27 281
5 28 772
5 29 531
5 30 438
5 31 421
5 32 828
5 33 458
5 34 720
5 35 197
5 36 217
5 37 554
5 38 883
5 39 590
5 40 409
5 41 364
5 42 586
5 43 901
5 44 324
5 45 654
5 46 843
5 47 505
5 48 86
5 49 450
5 50 664
5 51 943
5 52 741
5 53 492
5 54 570
5 55 427
5 56 345
5 57 858
5 58 542
5 59 802
5 60 519
5 61 440
5 62 597
5 63 852
5 64 861
5 65 744
5 66 156
5 67 538
5 68 503
5 69 151
5 70 341
5 71 590
5 72 871
5 73 183
5 74 583
5 75 447
5 76 538
5 77 950
5 78 385
5 79 293
5 80 326
5 81 598
5 82 426
5 83 885
5 84 937
5 85 45
5 86 570
5 87 282
5 88 934
5 89 526
5 90 708
5 91 432
5 92 840
5 93 614
5 94 585
5 95 111
5 96 836
5 97 729
5 98 689
5 99 351
5 100 270
6 1 931
6 2 877
6 3 190
6 4 950
6 5 559
6 7 708
6 8 802
6 9 397
6 10 860
6 11 692
6 12 354
6 13 564
6 14 852
6 15 444
6 16 1100
6 17 742
6 18 895
6 19 867
6 20 257
6 21 442
6 22 687
6 23 737
6 24 623
6 25 1011
6 26 698
6 27 299
6 28 919
6 29 51
6 30 882
6 31 906
6 32 1034
6 33 154
6 34 551
6 35 407
6 36 343
6 37 442
6 38 1000
6 39 743
6 40 865
6 41 221
6 42 211
6 43 1109
6 44 846
6 45 828
6 46 707
6 47 333
6 48 625
6 49 698
6 50 941
6 51 763
6 52 1070
6 53 679
6 54 24
6 55 526
6 56 243
6 57 1173
6 58 113
6 59 859
6 60 790
6 61 620
6 62 63
6 63 729
6 64 1164
6 65 704
6 66 604
6 67 458
6 68 304
6 69 409
6 70 385
6 71 777
6 72 877
6 73 738
6 74 29
6 75 281
6 76 111
6 77 699
6 78 691
6 79 588
6 80 777
6 81 853
6 82 788
6 83 910
6 84 1208
6 85 583
6 86 745
6 87 695
6 88 1207
6 89 356
6 90 541
6 91 517
6 92 548
6 93 399
6 94 165
6 95 604
6 96 607
6 97 465
6 98 955
6 99 592
6 100 772
7 1 858
7 2 1024
7 3 654
7 4 745
7 5 898
7 6 708
7 8 502
7 9 340
7 10 630
7 11 41
7 12 549
7 13 166
7 14 1148
7 15 917
7 16 703
7 17 930
7 18 457
7 19 325
7 20 658
7 21 297
7 22 527
7 23 104
7 24 637
7 25 747
7 26 841
7 27 833
7 28 499
7 29 749
7 30 869
7 31 942
7 32 627
7 33 614
7 34 183
7 35 900
7 36 776
7 37 350
7 38 500
7 39 472
7 40 877
7 41 656
7 42 498
7 43 674
7 44 972
7 45 507
7 46 85
7 47 436
7 48 982
7 49 587
7 50 673
7 51 55
7 52 806
7 53 520
7 54 730
7 55 486
7 56 825
7 57 851
7 58 600
7 59 364
7 60 621
7 61 525
7 62 760
7 63 99
7 64 829
7 65 225
7 66 800
7 67 362
7 68 455
7 69 818
7 70 565
7 71 516
7 72 307
7 73 1046
7 74 725
7 75 512
7 76 603
7 77 98
7 78 652
7 79 656
7 80 836
7 81 614
7 82 729
7 83 345
7 84 816
7 85 942
7 86 499
7 87 770
7 88 819
7 89 408
7 90 195
7 91 477
7 92 189
7 93 328
7 94 544
7 95 842
7 96 105
7 97 243
7 98 666
7 99 600
7 100 903
8 1 370
8 2 600
8 3 640
8 4 243
8 5 628
8 6 802
8 7 502
8 9 466
8 10 128
8 11 537
8 12 461
8 13 429
8 14 779
8 15 735
8 16 298
8 17 551
8 18 150
8 19 261
8 20 595
8 21 633
8 22 140
8 23 605
8 24 291
8 25 256
8 26 466
8 27 733
8 28 145
8 29 816
8 30 400
8 31 481
8 32 234
8 33 651
8 34 423
8 35 739
8 36 637
8 37 392
8 38 256
8 39 60
8 40 417
8 41 619
8 42 643
8 43 311
8 44 547
8 45 28
8 46 418
8 47 482
8 48 693
8 49 180
8 50 178
8 51 517
8 52 319
8 53 144
8 54 825
8 55 282
8 56 765
8 57 394
8 58 701
8 59 207
8 60 144
8 61 206
8 62 864
8 63 410
8 64 379
8 65 278
8 66 479
8 67 366
8 68 510
8 69 637
8 70 441
8 71 39
8 72 295
8 73 707
8 74 829
8 75 521
8 76 701
8 77 596
8 78 251
8 79 337
8 80 412
8 81 112
8 82 274
8 83 291
8 84 408
8 85 669
8 86 63
8 87 382
8 88 408
8 89 468
8 90 419
8 91 289
8 92 591
8 93 480
8 94 683
8 95 528
8 96 520
8 97 529
8 98 178
8 99 284
8 100 499
9 1 719
9 2 796
9 3 315
9 4 672
9 5 594
9 6 397
9 7 340
9 8 466
9 10 561
9 11 337
9 12 228
9 13 178
9 14 872
9 15 587
9 16 755
9 17 678
9 18 525
9 19 475
9 20 320
9 21 210
9 22 395
9 23 402
9 24 422
9 25 711
9 26 598
9 27 494
9 28 555
9 29 430
9 30 700
9 31 756
9 32 682
9 33 280
9 34 163
9 35 566
9 36 443
9 37 78
9 38 621
9 39 409
9 40 696
9 41 317
9 42 196
9 43 752
9 44 748
9 45 488
9 46 320
9 47 98
9 48 680
9 49 435
9 50 634
9 51 394
9 52 775
9 53 385
9 54 420
9 55 260
9 56 486
9 57 860
9 58 284
9 59 473
9 60 511
9 61 348
9 62 456
9 63 339
9 64 845
9 65 309
9 66 531
9 67 107
9 68 115
9 69 493
9 70 255
9 71 453
9 72 483
9 73 761
9 74 419
9 75 174
9 76 286
9 77 367
9 78 469
9 79 418
9 80 629
9 81 549
9 82 569
9 83 517
9 84 869
9 85 636
9 86 422
9 87 548
9 88 870
9 89 71
9 90 152
9 91 248
9 92 246
9 93 22
9 94 243
9 95 563
9 96 255
9 97 135
9 98 640
9 99 380
9 100 671
10 1 249
10 2 504
10 3 685
10 4 118
10 5 595
10 6 860
10 7 630
10 8 128
10 9 561
10 11 663
10 12 508
10 13 548
10 14 700
10 15 724
10 16 272
10 17 478
10 18 243
10 19 378
10 20 631
10 21 742
10 22 175
10 23 733
10 24 275
10 25 153
10 26 402
10 27 747
10 28 218
10 29 868
10 30 290
10 31 372
10 32 235
10 33 707
10 34 540
10 35 734
10 36 648
10 37 484
10 38 325
10 39 164
10 40 312
10 41 660
10 42 722
10 43 307
10 44 454
10 45 130
10 46 546
10 47 559
10 48 649
10 49 170
10 50 82
10 51 645
10 52 216
10 53 184
10 54 882
10 55 336
10 56 788
10 57 313
10 58 768
10 59 322
10 60 79
10 61 241
10 62 921
10 63 537
10 64 305
10 65 405
10 66 439
10 67 456
10 68 585
10 69 634
10 70 481
10 71 118
10 72 412
10 73 642
10 74 888
10 75 585
10 76 767
10 77 722
10 78 213
10 79 323
10 80 327
10 81 17
10 82 186
10 83 402
10 84 360
10 85 631
10 86 144
10 87 322
10 88 358
10 89 550
10 90 535
10 91 346
10 92 710
10 93 578
10 94 759
10 95 487
10 96 642
10 97 640
10 98 100
10 99 287
10 100 418
11 1 888
11 2 1047
11 3 648
11 4 779
11 5 908
11 6 692
11 7 41
11 8 537
11 9 337
11 10 663
11 12 553
11 13 172
11 14 1164
11 15 920
11 16 743
11 17 949
11 18 496
11 19 366
11 20 657
11 21 270
11 22 554
11 23 76
11 24 658
11 25 784
11 26 861
11 27 830
11 28 538
11 29 734
11 30 896
11 31 969
11 32 667
11 33 605
11 34 189
11 35 901
11 36 777
11 37 356
11 38 541
11 39 504
11 40 903
11 41 653
11 42 483
11 43 715
11 44 995
11 45 543
11 46 123
11 47 434
11 48 993
11 49 614
11 50 708
11 51 80
11 52 843
11 53 547
11 54 713
11 55 503
11 56 820
11 57 890
11 58 585
11 59 404
11 60 651
11 61 549
11 62 742
11 63 138
11 64 868
11 65 259
11 66 816
11 67 370
11 68 451
11 69 823
11 70 572
11 71 549
11 72 348
11 73 1060
11 74 707
11 75 510
11 76 588
11 77 60
11 78 677
11 79 674
11 80 860
11 81 647
11 82 756
11 83 386
11 84 857
11 85 952
11 86 530
11 87 792
11 88 859
11 89 406
11 90 201
11 91 494
11 92 158
11 93 323
11 94 527
11 95 856
11 96 86
11 97 228
11 98 702
11 99 620
11 100 925
12 1 589
12 2 599
12 3 180
12 4 596
12 5 367
12 6 354
12 7 549
12 8 461
12 9 228
12 10 508
12 11 553
12 13 383
12 14 650
12 15 370
12 16 756
12 17 472
12 18 573
12 19 582
12 20 139
12 21 423
12 22 337
12 23 623
12 24 275
12 25 657
12 26 402
12 27 304
12 28 590
12 29 360
12 30 550
12 31 589
12 32 694
12 33 201
12 34 366
12 35 354
12 36 230
12 37 199
12 38 684
12 39 403
12 40 538
12 41 160
12 42 261
12 43 771
12 44 556
12 45 488
12 46 507
12 47 140
12 48 452
12 49 344
12 50 589
12 51 599
12 52 717
12 53 329
12 54 376
12 55 179
12 56 319
12 57 821
12 58 271
12 59 559
12 60 437
12 61 268
12 62 414
12 63 522
12 64 812
12 65 441
12 66 321
12 67 192
12 68 143
12 69 270
12 70 38
12 71 432
12 72 602
12 73 537
12 74 382
12 75 101
12 76 269
12 77 590
12 78 341
12 79 248
12 80 457
12 81 501
12 82 441
12 83 627
12 84 860
12 85 409
12 86 400
12 87 372
12 88 859
12 89 160
12 90 354
12 91 172
12 92 474
12 93 248
12 94 281
12 95 346
12 96 476
12 97 363
12 98 604
12 99 241
12 100 478
13 1 752
13 2 886
13 3 492
13 4 665
13 5 736
13 6 564
13 7 166
13 8 429
13 9 178
13 10 548
13 11 172
13 12 383
13 14 995
13 15 752
13 16 682
13 17 784
13 18 435
13 19 344
13 20 493
13 21 220
13 22 412
13 23 245
13 24 498
13 25 684
13 26 697
13 27 668
13 28 473
13 29 601
13 30 751
13 31 819
13 32 606
13 33 457
13 34 17
13 35 734
13 36 610
13 37 185
13 38 511
13 39 384
13 40 755
13 41 493
13 42 355
13 43 667
13 44 835
13 45 442
13 46 144
13 47 272
13 48 821
13 49 468
13 50 606
13 51 218
13 52 747
13 53 404
13 54 587
13 55 337
13 56 663
13 57 812
13 58 453
13 59 360
13 60 520
13 61 394
13 62 620
13 63 165
13 64 793
13 65 184
13 66 647
13 67 199
13 68 292
13 69 653
13 70 401
13 71 431
13 72 342
13 73 890
13 74 584
13 75 348
13 76 455
13 77 217
13 78 524
13 79 510
13 80 704
13 81 533
13 82 611
13 83 380
13 84 799
13 85 780
13 86 406
13 87 631
13 88 801
13 89 243
13 90 30
13 91 327
13 92 163
13 93 170
13 94 403
13 95 686
13 96 108
13 97 124
13 98 605
13 99 458
13 100 763
14 1 511
14 2 221
14 3 690
14 4 673
14 5 299
14 6 852
14 7 1148
14 8 779
14 9 872
14 10 700
14 11 1164
14 12 650
14 13 995
14 15 420
14 16 938
14 17 230
14 18 926
14 19 1029
14 20 631
14 21 1073
14 22 668
14 23 1238
14 24 522
14 25 753
14 26 318
14 27 560
14 28 911
14 29 819
14 30 438
14 31 371
14 32 926
14 33 756
14 34 979
14 35 458
14 36 513
14 37 821
14 38 1022
14 39 760
14 40 407
14 41 662
14 42 883
14 43 988
14 44 258
14 45 799
14 46 1083
14 47 790
14 48 227
14 49 609
14 50 746
14 51 1188
14 52 770
14 53 670
14 54 860
14 55 662
14 56 623
14 57 879
14 58 840
14 59 979
14 60 641
14 61 638
14 62 884
14 63 1088
14 64 891
14 65 965
14 66 348
14 67 800
14 68 792
14 69 445
14 70 619
14 71 743
14 72 1060
14 73 117
14 74 874
14 75 739
14 76 837
14 77 1211
14 78 534
14 79 495
14 80 373
14 81 710
14 82 515
14 83 1065
14 84 980
14 85 270
14 86 734
14 87 401
14 88 976
14 89 808
14 90 968
14 91 671
14 92 1115
14 93 893
14 94 883
14 95 310
14 96 1100
14 97 1006
14 98 773
14 99 554
14 100 283
15 1 670
15 2 503
15 3 314
15 4 765
15 5 167
15 6 444
15 7 917
15 8 735
15 9 587
15 10 724
15 11 920
15 12 370
15 13 752
15 14 420
15 16 995
15 17 380
15 18 875
15 19 921
15 20 276
15 21 754
15 22 596
15 23 988
15 24 452
15 25 844
15 26 383
15 27 146
15 28 878
15 29 406
15 30 600
15 31 587
15 32 951
15 33 380
15 34 735
15 35 39
15 36 145
15 37 568
15 38 986
15 39 689
15 40 572
15 41 294
15 42 525
15 43 1027
15 44 490
15 45 762
15 46 876
15 47 491
15 48 198
15 49 564
15 50 799
15 51 968
15 52 889
15 53 593
15 54 449
15 55 490
15 56 206
15 57 1005
15 58 456
15 59 887
15 60 645
15 61 533
15 62 469
15 63 889
15 64 1006
15 65 798
15 66 302
15 67 560
15 68 480
15 69 104
15 70 358
15 71 698
15 72 945
15 73 313
15 74 463
15 75 419
15 76 452
15 77 954
15 78 511
15 79 404
15 80 486
15 81 725
15 82 571
15 83 964
15 84 1077
15 85 165
15 86 674
15 87 431
15 88 1074
15 89 517
15 90 723
15 91 491
15 92 826
15 93 605
15 94 510
15 95 268
15 96 841
15 97 716
15 98 822
15 99 452
15 100 436
16 1 434
16 2 726
16 3 935
16 4 266
16 5 864
16 6 1100
16 7 703
16 8 298
16 9 755
16 10 272
16 11 743
16 12 756
16 13 682
16 14 938
16 15 995
16 17 730
16 18 250
16 19 381
16 20 887
16 21 899
16 22 422
16 23 797
16 24 545
16 25 189
16 26 662
16 27 1013
16 28 211
16 29 1113
16 30 502
16 31 578
16 32 77
16 33 948
16 34 681
16 35 1005
16 36 915
16 37 684
16 38 220
16 39 358
16 40 532
16 41 913
16 42 938
16 43 59
16 44 682
16 45 273
16 46 622
16 47 778
16 48 914
16 49 435
16 50 200
16 51 697
16 52 197
16 53 429
16 54 1123
16 55 578
16 56 1051
16 57 165
16 58 999
16 59 339
16 60 350
16 61 492
16 62 1162
16 63 605
16 64 139
16 65 503
16 66 708
16 67 659
16 68 806
16 69 904
16 70 733
16 71 325
16 72 407
16 73 896
16 74 1127
16 75 819
16 76 999
16 77 800
16 78 484
16 79 593
16 80 574
16 81 271
16 82 443
16 83 375
16 84 117
16 85 899
16 86 357
16 87 586
16 88 119
16 89 763
16 90 681
16 91 585
16 92 837
16 93 767
16 94 979
16 95 755
16 96 753
16 97 797
16 98 175
16 99 553
16 100 664
17 1 326
17 2 135
17 3 560
17 4 468
17 5 213
17 6 742
17 7 930
17 8 551
17 9 678
17 10 478
17 11 949
17 12 472
17 13 784
17 14 230
17 15 380
17 16 730
17 18 699
17 19 800
17 20 494
17 21 886
17 22 439
17 23 1024
17 24 297
17 25 550
17 26 91
17 27 486
17 28 685
17 29 721
17 30 249
17 31 214
17 32 709
17 33 619
17 34 768
17 35 410
17 36 407
17 37 619
17 38 797
17 39 531
17 40 218
17 41 529
17 42 725
17 43 775
17 44 112
17 45 572
17 46 862
17 47 607
17 48 213
17 49 380
17 50 532
17 51 968
17 52 577
17 53 442
17 54 756
17 55 447
17 56 549
17 57 693
17 58 704
17 59 750
17 60 415
17 61 413
17 62 787
17 63 866
17 64 700
17 65 740
17 66 151
17 67 595
17 68 614
17 69 348
17 70 437
17 71 514
17 72 831
17 73 167
17 74 768
17 75 569
17 76 701
17 77 999
17 78 305
17 79 275
17 80 156
17 81 487
17 82 293
17 83 836
17 84 784
17 85 223
17 86 505
17 87 172
17 88 781
17 89 620
17 90 758
17 91 457
17 92 915
17 93 700
17 94 735
17 95 139
17 96 890
17 97 809
17 98 558
17 99 331
17 100 69
18 1 490
18 2 741
18 3 749
18 4 334
18 5 775
18 6 895
18 7 457
18 8 150
18 9 525
18 10 243
18 11 496
18 12 573
18 13 435
18 14 926
18 15 875
18 16 250
18 17 699
18 19 149
18 20 711
18 21 653
18 22 283
18 23 555
18 24 437
18 25 309
18 26 614
18 27 861
18 28 43
18 29 916
18 30 532
18 31 615
18 32 173
18 33 750
18 34 434
18 35 876
18 36 769
18 37 460
18 38 113
18 39 187
18 40 553
18 41 732
18 42 716
18 43 233
18 44 690
18 45 128
18 46 374
18 47 564
18 48 842
18 49 328
18 50 246
18 51 456
18 52 361
18 53 285
18 54 919
18 55 401
18 56 888
18 57 395
18 58 788
18 59 97
18 60 287
18 61 343
18 62 957
18 63 359
18 64 373
18 65 254
18 66 627
18 67 439
18 68 593
18 69 775
18 70 559
18 71 188
18 72 181
18 73 856
18 74 921
18 75 617
18 76 789
18 77 554
18 78 400
18 79 482
18 80 556
18 81 229
18 82 416
18 83 163
18 84 366
18 85 816
18 86 205
18 87 530
18 88 368
18 89 544
18 90 435
18 91 404
18 92 588
18 93 534
18 94 760
18 95 677
18 96 503
18 97 553
18 98 230
18 99 426
18 100 645
19 1 626
19 2 858
19 3 746
19 4 478
19 5 843
19 6 867
19 7 325
19 8 261
19 9 475
19 10 378
19 11 366
19 12 582
19 13 344
19 14 1029
19 15 921
19 16 381
19 17 800
19 18 149
19 20 720
19 21 561
19 22 362
19 23 417
19 24 516
19 25 457
19 26 711
19 27 884
19 28 190
19 29 895
19 30 660
19 31 742
19 32 308
19 33 733
19 34 349
19 35 916
19 36 800
19 37 427
19 38 176
19 39 269
19 40 678
19 41 734
19 42 671
19 43 350
19 44 806
19 45 250
19 46 249
19 47 537
19 48 918
19 49 420
19 50 393
19 51 316
19 52 510
19 53 361
19 54 891
19 55 431
19 56 900
19 57 536
19 58 756
19 59 57
19 60 405
19 61 405
19 62 928
19 63 229
19 64 513
19 65 168
19 66 707
19 67 414
19 68 566
19 69 818
19 70 578
19 71 293
19 72 35
19 73 947
19 74 891
19 75 603
19 76 757
19 77 422
19 78 495
19 79 554
19 80 668
19 81 363
19 82 533
19 83 45
19 84 493
19 85 887
19 86 296
19 87 628
19 88 495
19 89 513
19 90 354
19 91 431
19 92 479
19 93 479
19 94 718
19 95 756
19 96 389
19 97 468
19 98 378
19 99 494
19 100 752
20 1 677
20 2 628
20 3 68
20 4 709
20 5 333
20 6 257
20 7 658
20 8 595
20 9 320
20 10 631
20 11 657
20 12 139
20 13 493
20 14 631
20 15 276
20 16 887
20 17 494
20 18 711
20 19 720
20 21 479
20 22 465
20 23 721
20 24 375
20 25 776
20 26 443
20 27 175
20 28 726
20 29 248
20 30 626
20 31 650
20 32 827
20 33 127
20 34 477
20 35 250
20 36 133
20 37 317
20 38 822
20 39 538
20 40 609
20 41 36
20 42 257
20 43 905
20 44 594
20 45 622
20 46 627
20 47 224
20 48 411
20 49 463
20 50 712
20 51 711
20 52 833
20 53 458
20 54 274
20 55 314
20 56 181
20 57 941
20 58 212
20 59 697
20 60 556
20 61 395
20 62 310
20 63 643
20 64 935
20 65 574
20 66 350
20 67 318
20 68 208
20 69 196
20 70 155
20 71 564
20 72 738
20 73 515
20 74 285
20 75 148
20 76 209
20 77 686
20 78 444
20 79 336
20 80 521
20 81 626
20 82 538
20 83 764
20 84 987
20 85 366
20 86 533
20 87 439
20 88 986
20 89 251
20 90 465
20 91 308
20 92 553
20 93 336
20 94 252
20 95 356
20 96 575
20 97 444
20 98 729
20 99 349
20 100 519
21 1 920
21 2 1005
21 3 448
21 4 857
21 5 787
21 6 442
21 7 297
21 8 633
21 9 210
21 10 742
21 11 270
21 12 423
21 13 220
21 14 1073
21 15 754
21 16 899
21 17 886
21 18 653
21 19 561
21 20 479
21 22 587
21 23 301
21 24 631
21 25 887
21 26 807
21 27 638
21 28 690
21 29 489
21 30 906
21 31 964
21 32 823
21 33 391
21 34 219
21 35 727
21 36 611
21 37 281
21 38 730
21 39 581
21 40 904
21 41 463
21 42 247
21 43 886
21 44 957
21 45 649
21 46 332
21 47 284
21 48 871
21 49 634
21 50 808
21 51 348
21 52 950
21 53 578
21 54 461
21 55 467
21 56 612
21 57 1023
21 58 346
21 59 579
21 60 702
21 61 550
21 62 486
21 63 355
21 64 1006
21 65 403
21 66 737
21 67 309
21 68 284
21 69 670
21 70 454
21 71 628
21 72 556
21 73 960
21 74 453
21 75 342
21 76 350
21 77 264
21 78 675
21 79 627
21 80 839
21 81 729
21 82 772
21 83 595
21 84 1016
21 85 827
21 86 599
21 87 757
21 88 1017
21 89 267
21 90 219
21 91 455
21 92 113
21 93 189
21 94 284
21 95 766
21 96 195
21 97 104
21 98 810
21 99 589
21 100 881
22 1 340
22 2 510
22 3 516
22 4 279
22 5 493
22 6 687
22 7 527
22 8 140
22 9 395
22 10 175
22 11 554
22 12 337
22 13 412
22 14 668
22 15 596
22 16 422
22 17 439
22 18 283
22 19 362
22 20 465
22 21 587
22 23 628
22 24 157
22 25 327
22 26 350
22 27 596
22 28 283
22 29 696
22 30 343
22 31 416
22 32 366
22 33 534
22 34 401
22 35 599
22 36 500
22 37 317
22 38 393
22 39 98
22 40 351
22 41 492
22 42 548
22 43 443
22 44 457
22 45 167
22 46 448
22 47 385
22 48 562
22 49 63
22 50 255
22 51 554
22 52 390
22 53 10
22 54 710
22 55 162
22 56 631
22 57 487
22 58 593
22 59 316
22 60 117
22 61 71
22 62 748
22 63 447
22 64 478
22 65 313
22 66 348
22 67 288
22 68 410
22 69 498
22 70 312
22 71 104
22 72 394
22 73 586
22 74 715
22 75 410
22 76 593
22 77 610
22 78 136
22 79 200
22 80 318
22 81 167
22 82 203
22 83 401
22 84 524
22 85 535
22 86 79
22 87 268
22 88 523
22 89 377
22 90 394
22 91 172
22 92 570
22 93 413
22 94 584
22 95 398
22 96 516
22 97 488
22 98 269
22 99 145
22 100 396
23 1 960
23 2 1122
23 3 709
23 4 848
23 5 980
23 6 737
23 7 104
23 8 605
23 9 402
23 10 733
23 11 76
23 12 623
23 13 245
23 14 1238
23 15 988
23 16 797
23 17 1024
23 18 555
23 19 417
23 20 721
23 21 301
23 22 628
23 24 733
23 25 849
23 26 936
23 27 893
23 28 597
23 29 782
23 30 970
23 31 1043
23 32 723
23 33 662
23 34 261
23 35 967
23 36 844
23 37 427
23 38 589
23 39 575
23 40 978
23 41 715
23 42 532
23 43 766
23 44 1070
23 45 610
23 46 188
23 47 499
23 48 1065
23 49 688
23 50 775
23 51 103
23 52 907
23 53 621
23 54 758
23 55 578
23 56 880
23 57 949
23 58 635
23 59 460
23 60 723
23 61 624
23 62 785
23 63 199
23 64 926
23 65 328
23 66 890
23 67 443
23 68 514
23 69 892
23 70 643
23 71 619
23 72 395
23 73 1134
23 74 751
23 75 574
23 76 638
23 77 39
23 78 752
23 79 750
23 80 935
23 81 717
23 82 830
23 83 431
23 84 909
23 85 1024
23 86 602
23 87 867
23 88 912
23 89 472
23 90 273
23 91 569
23 92 191
23 93 386
23 94 575
23 95 930
23 96 147
23 97 282
23 98 767
23 99 695
23 100 1000
24 1 315
24 2 390
24 3 436
24 4 337
24 5 338
24 6 623
24 7 637
24 8 291
24 9 422
24 10 275
24 11 658
24 12 275
24 13 498
24 14 522
24 15 452
24 16 545
24 17 297
24 18 437
24 19 516
24 20 375
24 21 631
24 22 157
24 23 733
24 25 409
24 26 206
24 27 474
24 28 435
24 29 621
24 30 282
24 31 334
24 32 499
24 33 472
24 34 483
24 35 460
24 36 375
24 37 351
24 38 546
24 39 254
24 40 275
24 41 408
24 42 528
24 43 575
24 44 338
24 45 317
24 46 566
24 47 376
24 48 406
24 49 114
24 50 353
24 51 673
24 52 462
24 53 157
24 54 643
24 55 166
24 56 518
24 57 574
24 58 546
24 59 471
24 60 196
24 61 117
24 62 680
24 63 570
24 64 571
24 65 444
24 66 192
24 67 324
24 68 394
24 69 360
24 70 241
24 71 253
24 72 546
24 73 433
24 74 651
24 75 371
24 76 544
24 77 710
24 78 70
24 79 49
24 80 210
24 81 274
24 82 167
24 83 555
24 84 633
24 85 379
24 86 233
24 87 134
24 88 631
24 89 380
24 90 474
24 91 177
24 92 640
24 93 443
24 94 553
24 95 242
24 96 605
24 97 542
24 98 374
24 99 42
24 100 267
25 1 246
25 2 538
25 3 833
25 4 83
25 5 701
25 6 1011
25 7 747
25 8 256
25 9 711
25 10 153
25 11 784
25 12 657
25 13 684
25 14 753
25 15 844
25 16 189
25 17 550
25 18 309
25 19 457
25 20 776
25 21 887
25 22 327
25 23 849
25 24 409
25 26 490
25 27 882
25 28 270
25 29 1016
25 30 315
25 31 389
25 32 200
25 33 857
25 34 678
25 35 859
25 36 782
25 37 634
25 38 345
25 39 306
25 40 346
25 41 807
25 42 875
25 43 244
25 44 496
25 45 244
25 46 663
25 47 711
25 48 743
25 49 315
25 50 79
25 51 755
25 52 64
25 53 336
25 54 1032
25 55 488
25 56 926
25 57 166
25 58 919
25 59 403
25 60 221
25 61 392
25 62 1071
25 63 651
25 64 163
25 65 526
25 66 547
25 67 606
25 68 737
25 69 761
25 70 629
25 71 260
25 72 489
25 73 716
25 74 1039
25 75 736
25 76 919
25 77 843
25 78 341
25 79 455
25 80 396
25 81 163
25 82 275
25 83 469
25 84 237
25 85 733
25 86 290
25 87 420
25 88 234
25 89 702
25 90 675
25 91 498
25 92 846
25 93 727
25 94 911
25 95 591
25 96 773
25 97 784
25 98 82
25 99 428
25 100 482
26 1 289
26 2 199
26 3 510
26 4 407
26 5 222
26 6 698
26 7 841
26 8 466
26 9 598
26 10 402
26 11 861
26 12 402
26 13 697
26 14 318
26 15 383
26 16 662
26 17 91
26 18 614
26 19 711
26 20 443
26 21 807
26 22 350
26 23 936
26 24 206
26 25 490
26 27 467
26 28 603
26 29 682
26 30 217
26 31 214
26 32 636
26 33 564
26 34 681
26 35 407
26 36 377
26 37 535
26 38 715
26 39 443
26 40 190
26 41 479
26 42 660
26 43 705
26 44 155
26 45 488
26 46 772
26 47 531
26 48 254
26 49 292
26 50 463
26 51 878
26 52 525
26 53 352
26 54 714
26 55 360
26 56 526
26 57 641
26 58 648
26 59 662
26 60 334
26 61 323
26 62 747
26 63 776
26 64 646
26 65 649
26 66 95
26 67 511
26 68 542
26 69 328
26 70 365
26 71 428
26 72 743
26 73 242
26 74 725
26 75 501
26 76 646
26 77 911
26 78 217
26 79 187
26 80 104
26 81 409
26 82 220
26 83 748
26 84 726
26 85 248
26 86 418
26 87 85
26 88 723
26 89 543
26 90 671
26 91 370
26 92 831
26 93 619
26 94 674
26 95 116
26 96 803
26 97 727
26 98 488
26 99 242
26 100 78
27 1 740
27 2 618
27 3 190
27 4 808
27 5 281
27 6 299
27 7 833
27 8 733
27 9 494
27 10 747
27 11 830
27 12 304
27 13 668
27 14 560
27 15 146
27 16 1013
27 17 486
27 18 861
27 19 884
27 20 175
27 21 638
27 22 596
27 23 893
27 24 474
27 25 882
27 26 467
27 28 872
27 29 261
27 30 677
27 31 680
27 32 961
27 33 251
27 34 651
27 35 108
27 36 100
27 37 492
27 38 973
27 39 680
27 40 653
27 41 179
27 42 398
27 43 1038
27 44 597
27 45 761
27 46 802
27 47 397
27 48 334
27 49 579
27 50 826
27 51 885
27 52 933
27 53 591
27 54 304
27 55 461
27 56 64
27 57 1047
27 58 319
27 59 857
27 60 669
27 61 527
27 62 325
27 63 818
27 64 1044
27 65 744
27 66 374
27 67 490
27 68 380
27 69 140
27 70 307
27 71 699
27 72 904
27 73 450
27 74 318
27 75 321
27 76 315
27 77 857
27 78 541
27 79 428
27 80 563
27 81 745
27 82 620
27 83 928
27 84 1106
27 85 295
27 86 670
27 87 494
27 88 1104
27 89 425
27 90 639
27 91 459
27 92 720
27 93 508
27 94 377
27 95 356
27 96 747
27 97 614
27 98 847
27 99 461
27 100 532
28 1 461
28 2 720
28 3 767
28 4 300
28 5 772
28 6 919
28 7 499
28 8 145
28 9 555
28 10 218
28 11 538
28 12 590
28 13 473
28 14 911
28 15 878
28 16 211
28 17 685
28 18 43
28 19 190
28 20 726
28 21 690
28 22 283
28 23 597
28 24 435
28 25 270
28 26 603
28 27 872
28 29 937
28 30 507
28 31 589
28 32 134
28 33 771
28 34 471
28 35 881
28 36 778
28 37 488
28 38 113
28 39 192
28 40 529
28 41 749
28 42 744
28 43 199
28 44 670
28 45 119
28 46 416
28 47 589
28 48 836
28 49 323
28 50 211
28 51 498
28 52 320
28 53 286
28 54 942
28 55 414
28 56 901
28 57 353
28 58 813
28 59 138
28 60 270
28 61 348
28 62 981
28 63 400
28 64 331
28 65 293
28 66 621
28 67 466
28 68 618
28 69 780
28 70 573
28 71 183
28 72 221
28 73 844
28 74 945
28 75 639
28 76 813
28 77 596
28 78 392
28 79 481
28 80 539
28 81 205
28 82 397
28 83 200
28 84 327
28 85 812
28 86 205
28 87 519
28 88 329
28 89 571
28 90 472
28 91 419
28 92 627
28 93 565
28 94 787
28 95 671
28 96 544
28 97 589
28 98 193
28 99 428
28 100 628
29 1 924
29 2 856
29 3 185
29 4 953
29 5 531
29 6 51
29 7 749
29 8 816
29 9 430
29 10 868
29 11 734
29 12 360
29 13 601
29 14 819
29 15 406
29 16 1113
29 17 721
29 18 916
29 19 895
29 20 248
29 21 489
29 22 696
29 23 782
29 24 621
29 25 1016
29 26 682
29 27 261
29 28 937
29 30 873
29 31 892
29 32 1049
29 33 167
29 34 587
29 35 368
29 36 316
29 37 469
29 38 1022
29 39 757
29 40 854
29 41 214
29 42 252
29 43 1125
29 44 827
29 45 843
29 46 744
29 47 358
29 48 593
29 49 702
29 50 949
29 51 804
29 52 1075
29 53 689
29 54 45
29 55 537
29 56 202
29 57 1180
29 58 150
29 59 884
29 60 795
29 61 628
29 62 67
29 63 765
29 64 1172
29 65 733
29 66 587
29 67 483
29 68 330
29 69 381
29 70 388
29 71 789
29 72 906
29 73 707
29 74 59
29 75 299
29 76 147
29 77 744
29 78 690
29 79 583
29 80 765
29 81 861
29 82 785
29 83 938
29 84 1219
29 85 551
29 86 757
29 87 685
29 88 1218
29 89 383
29 90 577
29 91 529
29 92 593
29 93 433
29 94 208
29 95 583
29 96 649
29 97 507
29 98 964
29 99 593
29 100 755
30 1 77
30 2 224
30 3 692
30 4 238
30 5 438
30 6 882
30 7 869
30 8 400
30 9 700
30 10 290
30 11 896
30 12 550
30 13 751
30 14 438
30 15 600
30 16 502
30 17 249
30 18 532
30 19 660
30 20 626
30 21 906
30 22 343
30 23 970
30 24 282
30 25 315
30 26 217
30 27 677
30 28 507
30 29 873
30 31 83
30 32 497
30 33 738
30 34 739
30 35 623
30 36 582
30 37 626
30 38 612
30 39 407
30 40 32
30 41 662
30 42 807
30 43 554
30 44 181
30 45 412
30 46 789
30 47 657
30 48 458
30 49 284
30 50 318
30 51 894
30 52 334
30 53 350
30 54 900
30 55 440
30 56 733
30 57 446
30 58 817
30 59 605
30 60 258
30 61 360
30 62 936
30 63 786
30 64 456
30 65 651
30 66 304
30 67 597
30 68 675
30 69 540
30 70 514
30 71 372
30 72 694
30 73 410
30 74 910
30 75 648
30 76 814
30 77 953
30 78 232
30 79 302
30 80 115
30 81 304
30 82 141
30 83 688
30 84 543
30 85 460
30 86 378
30 87 188
30 88 539
30 89 661
30 90 731
30 91 452
30 92 904
30 93 720
30 94 830
30 95 333
30 96 856
30 97 813
30 98 343
30 99 323
30 100 181
31 1 144
31 2 152
31 3 717
31 4 315
31 5 421
31 6 906
31 7 942
31 8 481
31 9 756
31 10 372
31 11 969
31 12 589
31 13 819
31 14 371
31 15 587
31 16 578
31 17 214
31 18 615
31 19 742
31 20 650
31 21 964
31 22 416
31 23 1043
31 24 334
31 25 389
31 26 214
31 27 680
31 28 589
31 29 892
31 30 83
31 32 576
31 33 767
31 34 806
31 35 615
31 36 590
31 37 684
31 38 694
31 39 486
31 40 66
31 41 686
31 42 849
31 43 631
31 44 119
31 45 494
31 46 864
31 47 705
31 48 426
31 49 355
31 50 398
31 51 970
31 52 400
31 53 423
31 54 923
31 55 498
31 56 739
31 57 508
31 58 849
31 59 687
31 60 339
31 61 425
31 62 957
31 63 862
31 64 521
31 65 727
31 66 308
31 67 656
31 68 721
31 69 540
31 70 552
31 71 452
31 72 776
31 73 361
31 74 934
31 75 689
31 76 847
31 77 1024
31 78 295
31 79 345
31 80 132
31 81 386
31 82 215
31 83 770
31 84 610
31 85 435
31 86 457
31 87 217
31 88 606
31 89 711
31 90 797
31 91 510
31 92 969
31 93 777
31 94 868
31 95 325
31 96 925
31 97 874
31 98 423
31 99 376
31 100 152
32 1 435
32 2 719
32 3 874
32 4 262
32 5 828
32 6 1034
32 7 627
32 8 234
32 9 682
32 10 235
32 11 667
32 12 694
32 13 606
32 14 926
32 15 951
32 16 77
32 17 709
32 18 173
32 19 308
32 20 827
32 21 823
32 22 366
32 23 723
32 24 499
32 25 200
32 26 636
32 27 961
32 28 134
32 29 1049
32 30 497
32 31 576
32 33 883
32 34 605
32 35 958
32 36 864
32 37 612
32 38 156
32 39 292
32 40 524
32 41 852
32 42 867
32 43 78
32 44 673
32 45 207
32 46 546
32 47 709
32 48 883
32 49 387
32 50 180
32 51 622
32 52 230
32 53 371
32 54 1057
32 55 516
32 56 996
32 57 231
32 58 931
32 59 264
32 60 309
32 61 435
32 62 1096
32 63 529
32 64 206
32 65 426
32 66 673
32 67 588
32 68 737
32 69 857
32 70 673
32 71 264
32 72 334
32 73 874
32 74 1061
32 75 753
32 76 931
32 77 724
32 78 444
32 79 548
32 80 555
32 81 230
32 82 417
32 83 305
32 84 194
32 85 865
32 86 295
32 87 556
32 88 195
32 89 692
32 90 605
32 91 522
32 92 760
32 93 693
32 94 909
32 95 721
32 96 676
32 97 721
32 98 154
32 99 503
32 100 646
33 1 783
33 2 753
33 3 67
33 4 797
33 5 458
33 6 154
33 7 614
33 8 651
33 9 280
33 10 707
33 11 605
33 12 201
33 13 457
33 14 756
33 15 380
33 16 948
33 17 619
33 18 750
33 19 733
33 20 127
33 21 391
33 22 534
33 23 662
33 24 472
33 25 857
33 26 564
33 27 251
33 28 771
33 29 167
33 30 738
33 31 767
33 32 883
33 34 442
33 35 348
33 36 248
33 37 308
33 38 857
33 39 592
33 40 722
33 41 94
33 42 148
33 43 959
33 44 717
33 45 677
33 46 599
33 47 197
33 48 534
33 49 544
33 50 788
33 51 669
33 52 917
33 53 526
33 54 176
33 55 373
33 56 222
33 57 1020
33 58 86
33 59 720
33 60 637
33 61 466
33 62 215
33 63 618
33 64 1011
33 65 574
33 66 473
33 67 319
33 68 170
33 69 315
33 70 233
33 71 625
33 72 746
33 73 640
33 74 182
33 75 133
33 76 83
33 77 624
33 78 539
33 79 439
33 80 637
33 81 700
33 82 638
33 83 777
33 84 1055
33 85 489
33 86 593
33 87 553
33 88 1054
33 89 224
33 90 431
33 91 365
33 92 480
33 93 288
33 94 131
33 95 481
33 96 520
33 97 380
33 98 802
33 99 440
33 100 641
34 1 741
34 2 872
34 3 476
34 4 657
34 5 720
34 6 551
34 7 183
34 8 423
34 9 163
34 10 540
34 11 189
34 12 366
34 13 17
34 14 979
34 15 735
34 16 681
34 17 768
34 18 434
34 19 349
34 20 477
34 21 219
34 22 401
34 23 261
34 24 483
34 25 678
34 26 681
34 27 651
34 28 471
34 29 587
34 30 739
34 31 806
34 32 605
34 33 442
34 35 717
34 36 593
34 37 168
34 38 514
34 39 376
34 40 742
34 41 476
34 42 343
34 43 667
34 44 821
34 45 437
34 46 158
34 47 255
34 48 805
34 49 456
34 50 600
34 51 235
34 52 741
34 53 393
34 54 574
34 55 322
34 56 647
34 57 808
34 58 439
34 59 362
34 60 510
34 61 381
34 62 608
34 63 178
34 64 790
34 65 186
34 66 631
34 67 182
34 68 276
34 69 636
34 70 384
34 71 423
34 72 349
34 73 874
34 74 571
34 75 332
34 76 442
34 77 233
34 78 511
34 79 494
34 80 690
34 81 525
34 82 599
34 83 386
34 84 798
34 85 764
34 86 397
34 87 617
34 88 799
34 89 227
34 90 13
34 91 312
34 92 171
34 93 155
34 94 390
34 95 670
34 96 122
34 97 120
34 98 600
34 99 443
34 100 748
35 1 692
35 2 536
35 3 284
35 4 780
35 5 197
35 6 407
35 7 900
35 8 739
35 9 566
35 10 734
35 11 901
35 12 354
35 13 734
35 14 458
35 15 39
35 16 1005
35 17 410
35 18 876
35 19 916
35 20 250
35 21 727
35 22 599
35 23 967
35 24 460
35 25 859
35 26 407
35 27 108
35 28 881
35 29 368
35 30 623
35 31 615
35 32 958
35 33 348
35 34 717
35 36 125
35 37 551
35 38 988
35 39 691
35 40 597
35 41 265
35 42 494
35 43 1035
35 44 521
35 45 766
35 46 861
35 47 469
35 48 235
35 49 572
35 50 811
35 51 951
35 52 905
35 53 596
35 54 411
35 55 486
35 56 168
35 57 1021
35 58 423
35 59 884
35 60 655
35 61 534
35 62 431
35 63 875
35 64 1021
35 65 788
35 66 322
35 67 545
35 68 456
35 69 102
35 70 346
35 71 702
35 72 939
35 73 350
35 74 425
35 75 396
35 76 418
35 77 933
35 78 522
35 79 412
35 80 509
35 81 734
35 82 587
35 83 960
35 84 1089
35 85 200
35 86 677
35 87 450
35 88 1087
35 89 496
35 90 705
35 91 486
35 92 802
35 93 583
35 94 478
35 95 292
35 96 821
35 97 693
35 98 833
35 99 457
35 100 464
36 1 643
36 2 541
36 3 181
36 4 708
36 5 217
36 6 343
36 7 776
36 8 637
36 9 443
36 10 648
36 11 777
36 12 230
36 13 610
36 14 513
36 15 145
36 16 915
36 17 407
36 18 769
36 19 800
36 20 133
36 21 611
36 22 500
36 23 844
36 24 375
36 25 782
36 26 377
36 27 100
36 28 778
36 29 316
36 30 582
36 31 590
36 32 864
36 33 248
36 34 593
36 35 125
36 37 427
36 38 881
36 39 586
36 40 560
36 41 156
36 42 387
36 43 941
36 44 515
36 45 665
36 46 737
36 47 347
36 48 288
36 49 480
36 50 727
36 51 827
36 52 834
36 53 495
36 54 354
36 55 372
36 56 151
36 57 947
36 58 330
36 59 770
36 60 569
36 61 432
36 62 382
36 63 751
36 64 945
36 65 667
36 66 282
36 67 422
36 68 335
36 69 69
36 70 225
36 71 603
36 72 822
36 73 398
36 74 367
36 75 274
36 76 326
36 77 810
36 78 442
36 79 328
36 80 470
36 81 646
36 82 521
36 83 844
36 84 1007
36 85 244
36 86 575
36 87 397
36 88 1005
36 89 373
36 90 581
36 91 371
36 92 682
36 93 460
36 94 378
36 95 271
36 96 697
36 97 572
36 98 748
36 99 363
36 100 446
37 1 642
37 2 731
37 3 328
37 4 594
37 5 554
37 6 442
37 7 350
37 8 392
37 9 78
37 10 484
37 11 356
37 12 199
37 13 185
37 14 821
37 15 568
37 16 684
37 17 619
37 18 460
37 19 427
37 20 317
37 21 281
37 22 317
37 23 427
37 24 351
37 25 634
37 26 535
37 27 492
37 28 488
37 29 469
37 30 626
37 31 684
37 32 612
37 33 308
37 34 168
37 35 551
37 36 427
37 38 561
37 39 334
37 40 623
37 41 323
37 42 257
37 43 684
37 44 683
37 45 414
37 46 311
37 47 111
37 48 639
37 49 357
37 50 557
37 51 400
37 52 698
37 53 307
37 54 466
37 55 187
37 56 494
37 57 784
37 58 332
37 59 418
37 60 433
37 61 272
37 62 503
37 63 327
37 64 770
37 65 267
37 66 475
37 67 30
37 68 139
37 69 469
37 70 216
37 71 377
37 72 439
37 73 713
37 74 466
37 75 181
37 76 333
37 77 396
37 78 395
37 79 351
37 80 560
37 81 472
37 82 493
37 83 470
37 84 797
37 85 598
37 86 345
37 87 480
37 88 797
37 89 87
37 90 156
37 91 175
37 92 297
37 93 97
37 94 301
37 95 511
37 96 283
37 97 192
37 98 564
37 99 309
37 100 607
38 1 560
38 2 828
38 3 859
38 4 392
38 5 883
38 6 1000
38 7 500
38 8 256
38 9 621
38 10 325
38 11 541
38 12 684
38 13 511
38 14 1022
38 15 986
38 16 220
38 17 797
38 18 113
38 19 176
38 20 822
38 21 730
38 22 393
38 23 589
38 24 546
38 25 345
38 26 715
38 27 973
38 28 113
38 29 1022
38 30 612
38 31 694
38 32 156
38 33 857
38 34 514
38 35 988
38 36 881
38 37 561
38 39 298
38 40 636
38 41 842
38 42 815
38 43 179
38 44 778
38 45 231
38 46 425
38 47 668
38 48 948
38 49 435
38 50 302
38 51 487
38 52 383
38 53 395
38 54 1024
38 55 513
38 56 999
38 57 383
38 58 892
38 59 152
38 60 382
38 61 454
38 62 1062
38 63 405
38 64 358
38 65 329
38 66 734
38 67 543
38 68 697
38 69 887
38 70 671
38 71 294
38 72 195
38 73 957
38 74 1026
38 75 724
38 76 893
38 77 596
38 78 504
38 79 592
38 80 649
38 81 314
38 82 508
38 83 160
38 84 324
38 85 924
38 86 315
38 87 631
38 88 327
38 89 647
38 90 517
38 91 516
38 92 653
38 93 628
38 94 860
38 95 783
38 96 564
38 97 633
38 98 280
38 99 537
38 100 740
39 1 388
39 2 593
39 3 582
39 4 282
39 5 590
39 6 743
39 7 472
39 8 60
39 9 409
39 10 164
39 11 504
39 12 403
39 13 384
39 14 760
39 15 689
39 16 358
39 17 531
39 18 187
39 19 269
39 20 538
39 21 581
39 22 98
39 23 575
39 24 254
39 25 306
39 26 443
39 27 680
39 28 192
39 29 757
39 30 407
39 31 486
39 32 292
39 33 592
39 34 376
39 35 691
39 36 586
39 37 334
39 38 298
39 40 420
39 41 562
39 42 584
39 43 369
39 44 540
39 45 86
39 46 389
39 47 423
39 48 660
39 49 152
39 50 228
39 51 492
39 52 370
39 53 99
39 54 766
39 55 225
39 56 710
39 57 451
39 58 642
39 59 220
39 60 151
39 61 157
39 62 805
39 63 384
39 64 437
39 65 249
39 66 446
39 67 307
39 68 450
39 69 590
39 70 384
39 71 48
39 72 301
39 73 682
39 74 770
39 75 462
39 76 642
39 77 562
39 78 227
39 79 297
39 80 402
39 81 150
39 82 272
39 83 305
39 84 468
39 85 632
39 86 29
39 87 360
39 88 467
39 89 409
39 90 372
39 91 231
39 92 546
39 93 424
39 94 624
39 95 495
39 96 479
39 97 478
39 98 232
39 99 241
39 100 484
40 1 109
40 2 196
40 3 675
40 4 267
40 5 409
40 6 865
40 7 877
40 8 417
40 9 696
40 10 312
40 11 903
40 12 538
40 13 755
40 14 407
40 15 572
40 16 532
40 17 218
40 18 553
40 19 678
40 20 609
40 21 904
40 22 351
40 23 978
40 24 275
40 25 346
40 26 190
40 27 653
40 28 529
40 29 854
40 30 32
40 31 66
40 32 524
40 33 722
40 34 742
40 35 597
40 36 560
40 37 623
40 38 636
40 39 420
40 41 644
40 42 796
40 43 583
40 44 151
40 45 431
40 46 798
40 47 649
40 48 428
40 49 290
40 50 345
40 51 904
40 52 365
40 53 358
40 54 882
40 55 437
40 56 710
40 57 478
40 58 802
40 59 623
40 60 274
40 61 362
40 62 918
40 63 796
40 64 488
40 65 662
40 66 279
40 67 595
40 68 666
40 69 515
40 70 501
40 71 387
40 72 712
40 73 379
40 74 893
40 75 637
40 76 800
40 77 959
40 78 232
40 79 291
40 80 90
40 81 325
40 82 150
40 83 707
40 84 574
40 85 430
40 86 392
40 87 170
40 88 571
40 89 654
40 90 734
40 91 449
40 92 906
40 93 717
40 94 818
40 95 305
40 96 860
40 97 812
40 98 371
40 99 317
40 100 149
41 1 712
41 2 663
41 3 32
41 4 741
41 5 364
41 6 221
41 7 656
41 8 619
41 9 317
41 10 660
41 11 653
41 12 160
41 13 493
41 14 662
41 15 294
41 16 913
41 17 529
41 18 732
41 19 734
41 20 36
41 21 463
41 22 492
41 23 715
41 24 408
41 25 807
41 26 479
41 27 179
41 28 749
41 29 214
41 30 662
41 31 686
41 32 852
41 33 94
41 34 476
41 35 265
41 36 156
41 37 323
41 38 842
41 39 562
41 40 644
41 42 232
41 43 929
41 44 629
41 45 647
41 46 630
41 47 222
41 48 440
41 49 493
41 50 741
41 51 710
41 52 864
41 53 485
41 54 239
41 55 337
41 56 172
41 57 971
41 58 179
41 59 714
41 60 586
41 61 422
41 62 275
41 63 647
41 64 965
41 65 584
41 66 386
41 67 326
41 68 202
41 69 222
41 70 181
41 71 590
41 72 751
41 73 546
41 74 249
41 75 145
41 76 176
41 77 679
41 78 477
41 79 370
41 80 557
41 81 654
41 82 572
41 83 778
41 84 1015
41 85 396
41 86 558
41 87 475
41 88 1014
41 89 250
41 90 465
41 91 331
41 92 542
41 93 330
41 94 223
41 95 391
41 96 569
41 97 435
41 98 758
41 99 381
41 100 554
42 1 841
42 2 855
42 3 211
42 4 825
42 5 586
42 6 211
42 7 498
42 8 643
42 9 196
42 10 722
42 11 483
42 12 261
42 13 355
42 14 883
42 15 525
42 16 938
42 17 725
42 18 716
42 19 671
42 20 257
42 21 247
42 22 548
42 23 532
42 24 528
42 25 875
42 26 660
42 27 398
42 28 744
42 29 252
42 30 807
42 31 849
42 32 867
42 33 148
42 34 343
42 35 494
42 36 387
42 37 257
42 38 815
42 39 584
42 40 796
42 41 232
42 43 940
42 44 815
42 45 667
42 46 498
42 47 164
42 48 667
42 49 574
42 50 800
42 51 553
42 52 937
42 53 539
42 54 233
42 55 391
42 56 367
42 57 1031
42 58 103
42 59 669
42 60 661
42 61 489
42 62 266
42 63 520
42 64 1018
42 65 504
42 66 575
42 67 279
42 68 139
42 69 452
42 70 298
42 71 624
42 72 678
42 73 767
42 74 229
42 75 161
42 76 106
42 77 494
42 78 588
42 79 506
42 80 717
42 81 712
42 82 691
42 83 712
42 84 1050
42 85 622
42 86 592
42 87 632
42 88 1050
42 89 176
42 90 334
42 91 380
42 92 345
42 93 194
42 94 48
42 95 592
42 96 398
42 97 255
42 98 810
42 99 489
42 100 737
43 1 488
43 2 777
43 3 950
43 4 317
43 5 901
43 6 1109
43 7 674
43 8 311
43 9 752
43 10 307
43 11 715
43 12 771
43 13 667
43 14 988
43 15 1027
43 16 59
43 17 775
43 18 233
43 19 350
43 20 905
43 21 886
43 22 443
43 23 766
43 24 575
43 25 244
43 26 705
43 27 1038
43 28 199
43 29 1125
43 30 554
43 31 631
43 32 78
43 33 959
43 34 667
43 35 1035
43 36 941
43 37 684
43 38 179
43 39 369
43 40 583
43 41 929
43 42 940
43 44 733
43 45 283
43 46 596
43 47 783
43 48 954
43 49 463
43 50 244
43 51 664
43 52 256
43 53 449
43 54 1132
43 55 593
43 56 1073
43 57 218
43 58 1006
43 59 314
43 60 383
43 61 513
43 62 1171
43 63 577
43 64 191
43 65 485
43 66 746
43 67 661
43 68 811
43 69 934
43 70 750
43 71 341
43 72 372
43 73 941
43 74 1136
43 75 829
43 76 1006
43 77 771
43 78 518
43 79 624
43 80 621
43 81 303
43 82 486
43 83 338
43 84 146
43 85 938
43 86 372
43 87 626
43 88 149
43 89 766
43 90 668
43 91 599
43 92 817
43 93 763
43 94 983
43 95 793
43 96 731
43 97 785
43 98 218
43 99 580
43 100 711
44 1 255
44 2 54
44 3 661
44 4 417
44 5 324
44 6 846
44 7 972
44 8 547
44 9 748
44 10 454
44 11 995
44 12 556
44 13 835
44 14 258
44 15 490
44 16 682
44 17 112
44 18 690
44 19 806
44 20 594
44 21 957
44 22 457
44 23 1070
44 24 338
44 25 496
44 26 155
44 27 597
44 28 670
44 29 827
44 30 181
44 31 119
44 32 673
44 33 717
44 34 821
44 35 521
44 36 515
44 37 683
44 38 778
44 39 540
44 40 151
44 41 629
44 42 815
44 43 733
44 45 564
44 46 898
44 47 685
44 48 316
44 49 394
44 50 493
44 51 1005
44 52 513
44 53 462
44 54 861
44 55 501
44 56 658
44 57 623
44 58 801
44 59 753
44 60 404
44 61 447
44 62 893
44 63 899
44 64 635
44 65 768
44 66 244
44 67 657
44 68 696
44 69 458
44 70 520
44 71 514
44 72 839
44 73 243
44 74 872
44 75 656
44 76 798
44 77 1048
44 78 323
44 79 332
44 80 139
44 81 465
44 82 275
44 83 838
44 84 723
44 85 331
44 86 512
44 87 204
44 88 719
44 89 695
44 90 811
44 91 512
44 92 976
44 93 770
44 94 828
44 95 245
44 96 942
44 97 874
44 98 519
44 99 379
44 100 78
45 1 377
45 2 616
45 3 668
45 4 240
45 5 654
45 6 828
45 7 507
45 8 28
45 9 488
45 10 130
45 11 543
45 12 488
45 13 442
45 14 799
45 15 762
45 16 273
45 17 572
45 18 128
45 19 250
45 20 622
45 21 649
45 22 167
45 23 610
45 24 317
45 25 244
45 26 488
45 27 761
45 28 119
45 29 843
45 30 412
45 31 494
45 32 207
45 33 677
45 34 437
45 35 766
45 36 665
45 37 414
45 38 231
45 39 86
45 40 431
45 41 647
45 42 667
45 43 283
45 44 564
45 46 423
45 47 506
45 48 718
45 49 205
45 50 167
45 51 519
45 52 306
45 53 171
45 54 851
45 55 310
45 56 793
45 57 375
45 58 727
45 59 194
45 60 160
45 61 234
45 62 890
45 63 413
45 64 359
45 65 284
45 66 504
45 67 389
45 68 534
45 69 665
45 70 468
45 71 65
45 72 284
45 73 729
45 74 855
45 75 547
45 76 727
45 77 602
45 78 275
45 79 363
45 80 430
45 81 114
45 82 290
45 83 277
45 84 384
45 85 694
45 86 91
45 87 404
45 88 384
45 89 491
45 90 434
45 91 316
45 92 604
45 93 501
45 94 708
45 95 553
45 96 530
45 97 546
45 98 164
45 99 311
45 100 518
46 1 776
46 2 951
46 3 631
46 4 660
46 5 843
46 6 707
46 7 85
46 8 418
46 9 320
46 10 546
46 11 123
46 12 507
46 13 144
46 14 1083
46 15 876
46 16 622
46 17 862
46 18 374
46 19 249
46 20 627
46 21 332
46 22 448
46 23 188
46 24 566
46 25 663
46 26 772
46 27 802
46 28 416
46 29 744
46 30 789
46 31 864
46 32 546
46 33 599
46 34 158
46 35 861
46 36 737
46 37 311
46 38 425
46 39 389
46 40 798
46 41 630
46 42 498
46 43 596
46 44 898
46 45 423
46 47 409
46 48 926
46 49 510
46 50 588
46 51 107
46 52 722
46 53 442
46 54 730
46 55 422
46 56 801
46 57 768
46 58 596
46 59 283
46 60 539
46 61 452
46 62 763
46 63 24
46 64 746
46 65 141
46 66 737
46 67 316
46 68 432
46 69 775
46 70 519
46 71 432
46 72 235
46 73 984
46 74 727
46 75 486
46 76 599
46 77 182
46 78 577
46 79 589
46 80 762
46 81 529
46 82 649
46 83 274
46 84 736
46 85 888
46 86 416
46 87 699
46 88 738
46 89 381
46 90 169
46 91 415
46 92 236
46 93 312
46 94 545
46 95 780
46 96 144
46 97 255
46 98 581
46 99 531
46 100 831
47 1 686
47 2 730
47 3 223
47 4 662
47 5 505
47 6 333
47 7 436
47 8 482
47 9 98
47 10 559
47 11 434
47 12 140
47 13 272
47 14 790
47 15 491
47 16 778
47 17 607
47 18 564
47 19 537
47 20 224
47 21 284
47 22 385
47 23 499
47 24 376
47 25 711
47 26 531
47 27 397
47 28 589
47 29 358
47 30 657
47 31 705
47 32 709
47 33 197
47 34 255
47 35 469
47 36 347
47 37 111
47 38 668
47 39 423
47 40 649
47 41 222
47 42 164
47 43 783
47 44 685
47 45 506
47 46 409
47 48 590
47 49 413
47 50 637
47 51 489
47 52 774
47 53 376
47 54 357
47 55 230
47 56 392
47 57 868
47 58 225
47 59 527
47 60 499
47 61 327
47 62 394
47 63 427
47 64 856
47 65 377
47 66 457
47 67 126
47 68 29
47 69 398
47 70 172
47 71 462
47 72 550
47 73 677
47 74 358
47 75 77
47 76 225
47 77 464
47 78 432
47 79 362
47 80 576
47 81 549
47 82 534
47 83 581
47 84 890
47 85 546
47 86 429
47 87 491
47 88 889
47 89 29
47 90 244
47 91 218
47 92 338
47 93 114
47 94 202
47 95 484
47 96 352
47 97 227
47 98 647
47 99 336
47 100 607
48 1 534
48 2 318
48 3 468
48 4 661
48 5 86
48 6 625
48 7 982
48 8 693
48 9 680
48 10 649
48 11 993
48 12 452
48 13 821
48 14 227
48 15 198
48 16 914
48 17 213
48 18 842
48 19 918
48 20 411
48 21 871
48 22 562
48 23 1065
48 24 406
48 25 743
48 26 254
48 27 334
48 28 836
48 29 593
48 30 458
48 31 426
48 32 883
48 33 534
48 34 805
48 35 235
48 36 288
48 37 639
48 38 948
48 39 660
48 40 428
48 41 440
48 42 667
48 43 954
48 44 316
48 45 718
48 46 926
48 47 590
48 49 514
48 50 714
48 51 1027
48 52 778
48 53 562
48 54 633
48 55 508
48 56 398
48 57 894
48 58 617
48 59 875
48 60 576
48 61 514
48 62 658
48 63 935
48 64 900
48 65 824
48 66 215
48 67 623
48 68 588
48 69 220
48 70 426
48 71 655
48 72 946
48 73 116
48 74 647
48 75 531
48 76 613
48 77 1035
48 78 445
48 79 364
48 80 353
48 81 654
48 82 472
48 83 959
48 84 979
48 85 46
48 86 638
48 87 328
48 88 976
48 89 612
48 90 793
48 91 513
48 92 925
48 93 700
48 94 663
48 95 166
48 96 921
48 97 814
48 98 739
48 99 424
48 100 280
49 1 288
49 2 447
49 3 518
49 4 254
49 5 450
49 6 698
49 7 587
49 8 180
49 9 435
49 10 170
49 11 614
49 12 344
49 13 468
49 14 609
49 15 564
49 16 435
49 17 380
49 18 328
49 19 420
49 20 463
49 21 634
49 22 63
49 23 688
49 24 114
49 25 315
49 26 292
49 27 579
49 28 323
49 29 702
49 30 284
49 31 355
49 32 387
49 33 544
49 34 456
49 35 572
49 36 480
49 37 357
49 38 435
49 39 152
49 40 290
49 41 493
49 42 574
49 43 463
49 44 394
49 45 205
49 46 510
49 47 413
49 48 514
49 50 251
49 51 616
49 52 373
49 53 69
49 54 719
49 55 184
49 56 619
49 57 479
49 58 609
49 59 371
49 60 94
49 61 87
49 62 757
49 63 509
49 64 473
49 65 376
49 66 299
49 67 328
49 68 436
49 69 471
49 70 315
49 71 142
49 72 452
49 73 531
49 74 726
49 75 427
49 76 608
49 77 670
49 78 76
49 79 162
49 80 256
49 81 166
49 82 144
49 83 457
49 84 529
49 85 490
49 86 127
49 87 209
49 88 527
49 89 409
49 90 449
49 91 195
49 92 623
49 93 454
49 94 607
49 95 349
49 96 573
49 97 536
49 98 269
49 99 118
49 100 335
50 1 260
50 2 540
50 3 766
50 4 90
50 5 664
50 6 941
50 7 673
50 8 178
50 9 634
50 10 82
50 11 708
50 12 589
50 13 606
50 14 746
50 15 799
50 16 200
50 17 532
50 18 246
50 19 393
50 20 712
50 21 808
50 22 255
50 23 775
50 24 353
50 25 79
50 26 463
50 27 826
50 28 211
50 29 949
50 30 318
50 31 398
50 32 180
50 33 788
50 34 600
50 35 811
50 36 727
50 37 557
50 38 302
50 39 228
50 40 345
50 41 741
50 42 800
50 43 244
50 44 493
50 45 167
50 46 588
50 47 637
50 48 714
50 49 251
50 51 682
50 52 143
50 53 263
50 54 963
50 55 416
50 56 868
50 57 233
50 58 848
50 59 337
50 60 159
50 61 322
50 62 1002
50 63 577
50 64 224
50 65 450
50 66 509
50 67 529
50 68 663
50 69 711
50 70 562
50 71 182
50 72 426
50 73 698
50 74 969
50 75 665
50 76 847
50 77 768
50 78 289
50 79 401
50 80 378
50 81 89
50 82 243
50 83 409
50 84 280
50 85 699
50 86 212
50 87 386
50 88 278
50 89 626
50 90 596
50 91 426
50 92 768
50 93 649
50 94 837
50 95 555
50 96 696
50 97 705
50 98 27
50 99 367
50 100 468
51 1 879
51 2 1058
51 3 708
51 4 758
51 5 943
51 6 763
51 7 55
51 8 517
51 9 394
51 10 645
51 11 80
51 12 599
51 13 218
51 14 1188
51 15 968
51 16 697
51 17 968
51 18 456
51 19 316
51 20 711
51 21 348
51 22 554
51 23 103
51 24 673
51 25 755
51 26 878
51 27 885
51 28 498
51 29 804
51 30 894
51 31 970
51 32 622
51 33 669
51 34 235
51 35 951
51 36 827
51 37 400
51 38 487
51 39 492
51 40 904
51 41 710
51 42 553
51 43 664
51 44 1005
51 45 519
51 46 107
51 47 489
51 48 1027
51 49 616
51 50 682
51 52 812
51 53 548
51 54 785
51 55 526
51 56 879
51 57 850
51 58 655
51 59 361
51 60 642
51 61 559
51 62 815
51 63 109
51 64 827
51 65 244
51 66 841
51 67 410
51 68 508
51 69 868
51 70 614
51 71 534
51 72 293
51 73 1088
51 74 780
51 75 566
51 76 658
51 77 117
51 78 684
51 79 694
51 80 868
51 81 629
51 82 755
51 83 328
51 84 808
51 85 988
51 86 520
51 87 805
51 88 810
51 89 461
51 90 247
51 91 519
51 92 238
51 93 382
51 94 599
51 95 884
51 96 158
51 97 298
51 98 673
51 99 637
51 100 938
52 1 259
52 2 551
52 3 891
52 4 126
52 5 741
52 6 1070
52 7 806
52 8 319
52 9 775
52 10 216
52 11 843
52 12 717
52 13 747
52 14 770
52 15 889
52 16 197
52 17 577
52 18 361
52 19 510
52 20 833
52 21 950
52 22 390
52 23 907
52 24 462
52 25 64
52 26 525
52 27 933
52 28 320
52 29 1075
52 30 334
52 31 400
52 32 230
52 33 917
52 34 741
52 35 905
52 36 834
52 37 698
52 38 383
52 39 370
52 40 365
52 41 864
52 42 937
52 43 256
52 44 513
52 45 306
52 46 722
52 47 774
52 48 778
52 49 373
52 50 143
52 51 812
52 53 398
52 54 1092
52 55 550
52 56 979
52 57 117
52 58 980
52 59 457
52 60 281
52 61 453
52 62 1130
52 63 709
52 64 123
52 65 587
52 66 589
52 67 670
52 68 799
52 69 809
52 70 687
52 71 324
52 72 541
52 73 742
52 74 1099
52 75 798
52 76 980
52 77 903
52 78 393
52 79 507
52 80 426
52 81 227
52 82 318
52 83 518
52 84 211
52 85 771
52 86 354
52 87 460
52 88 206
52 89 765
52 90 738
52 91 560
52 92 909
52 93 791
52 94 973
52 95 630
52 96 835
52 97 847
52 98 143
52 99 484
52 100 509
53 1 349
53 2 515
53 3 508
53 4 288
53 5 492
53 6 679
53 7 520
53 8 144
53 9 385
53 10 184
53 11 547
53 12 329
53 13 404
53 14 670
53 15 593
53 16 429
53 17 442
53 18 285
53 19 361
53 20 458
53 21 578
53 22 10
53 23 621
53 24 157
53 25 336
53 26 352
53 27 591
53 28 286
53 29 689
53 30 350
53 31 423
53 32 371
53 33 526
53 34 393
53 35 596
53 36 495
53 37 307
53 38 395
53 39 99
53 40 358
53 41 485
53 42 539
53 43 449
53 44 462
53 45 171
53 46 442
53 47 376
53 48 562
53 49 69
53 50 263
53 51 548
53 52 398
53 54 702
53 55 154
53 56 625
53 57 496
53 58 585
53 59 315
53 60 126
53 61 64
53 62 740
53 63 441
53 64 486
53 65 308
53 66 348
53 67 279
53 68 402
53 69 494
53 70 305
53 71 108
53 72 391
53 73 587
53 74 707
53 75 402
53 76 584
53 77 603
53 78 140
53 79 199
53 80 323
53 81 175
53 82 210
53 83 399
53 84 531
53 85 534
53 86 82
53 87 271
53 88 530
53 89 368
53 90 386
53 91 163
53 92 561
53 93 403
53 94 575
53 95 398
53 96 508
53 97 479
53 98 277
53 99 143
53 100 400
54 1 950
54 2 891
54 3 209
54 4 971
54 5 570
54 6 24
54 7 730
54 8 825
54 9 420
54 10 882
54 11 713
54 12 376
54 13 587
54 14 860
54 15 449
54 16 1123
54 17 756
54 18 919
54 19 891
54 20 274
54 21 461
54 22 710
54 23 758
54 24 643
54 25 1032
54 26 714
54 27 304
54 28 942
54 29 45
54 30 900
54 31 923
54 32 1057
54 33 176
54 34 574
54 35 411
54 36 354
54 37 466
54 38 1024
54 39 766
54 40 882
54 41 239
54 42 233
54 43 1132
54 44 861
54 45 851
54 46 730
54 47 357
54 48 633
54 49 719
54 50 963
54 51 785
54 52 1092
54 53 702
54 55 549
54 56 246
54 57 1195
54 58 136
54 59 883
54 60 812
54 61 642
54 62 39
54 63 751
54 64 1187
54 65 727
54 66 619
54 67 482
54 68 328
54 69 420
54 70 406
54 71 800
54 72 901
54 73 747
54 74 15
54 75 304
54 76 134
54 77 720
54 78 711
54 79 607
54 80 795
54 81 875
54 82 808
54 83 934
54 84 1230
54 85 592
54 86 767
54 87 713
54 88 1230
54 89 379
54 90 564
54 91 540
54 92 568
54 93 422
54 94 186
54 95 618
54 96 628
54 97 487
54 98 978
54 99 613
54 100 788
55 1 461
55 2 552
55 3 359
55 4 434
55 5 427
55 6 526
55 7 486
55 8 282
55 9 260
55 10 336
55 11 503
55 12 179
55 13 337
55 14 662
55 15 490
55 16 578
55 17 447
55 18 401
55 19 431
55 20 314
55 21 467
55 22 162
55 23 578
55 24 166
55 25 488
55 26 360
55 27 461
55 28 414
55 29 537
55 30 440
55 31 498
55 32 516
55 33 373
55 34 322
55 35 486
55 36 372
55 37 187
55 38 513
55 39 225
55 40 437
55 41 337
55 42 391
55 43 593
55 44 501
55 45 310
55 46 422
55 47 230
55 48 508
55 49 184
55 50 416
55 51 526
55 52 550
55 53 154
55 54 549
55 56 488
55 57 649
55 58 432
55 59 399
55 60 271
55 61 98
55 62 587
55 63 430
55 64 639
55 65 318
55 66 315
55 67 159
55 68 253
55 69 387
55 70 160
55 71 254
55 72 455
55 73 562
55 74 554
55 75 249
55 76 431
55 77 552
55 78 210
55 79 173
55 80 375
55 81 328
55 82 310
55 83 475
55 84 683
55 85 471
55 86 222
55 87 298
55 88 682
55 89 227
55 90 312
55 91 12
55 92 475
55 93 281
55 94 425
55 95 358
55 96 444
55 97 376
55 98 430
55 99 124
55 100 428
56 1 794
56 2 681
56 3 172
56 4 854
56 5 345
56 6 243
56 7 825
56 8 765
56 9 486
56 10 788
56 11 820
56 12 319
56 13 663
56 14 623
56 15 206
56 16 1051
56 17 549
56 18 888
56 19 900
56 20 181
56 21 612
56 22 631
56 23 880
56 24 518
56 25 926
56 26 526
56 27 64
56 28 901
56 29 202
56 30 733
56 31 739
56 32 996
56 33 222
56 34 647
56 35 168
56 36 151
56 37 494
56 38 999
56 39 710
56 40 710
56 41 172
56 42 367
56 43 1073
56 44 658
56 45 793
56 46 801
56 47 392
56 48 398
56 49 619
56 50 868
56 51 879
56 52 979
56 53 625
56 54 246
56 55 488
56 57 1092
56 58 279
56 59 877
56 60 710
56 61 561
56 62 264
56 63 818
56 64 1088
56 65 754
56 66 432
56 67 497
56 68 371
56 69 201
56 70 329
56 71 732
56 72 918
56 73 513
56 74 260
56 75 316
56 76 275
56 77 843
56 78 587
56 79 473
56 80 620
56 81 784
56 82 669
56 83 945
56 84 1147
56 85 359
56 86 703
56 87 548
56 88 1145
56 89 421
56 90 635
56 91 484
56 92 701
56 93 498
56 94 340
56 95 416
56 96 736
56 97 598
56 98 887
56 99 501
56 100 592
57 1 370
57 2 659
57 3 997
57 4 241
57 5 858
57 6 1173
57 7 851
57 8 394
57 9 860
57 10 313
57 11 890
57 12 821
57 13 812
57 14 879
57 15 1005
57 16 165
57 17 693
57 18 395
57 19 536
57 20 941
57 21 1023
57 22 487
57 23 949
57 24 574
57 25 166
57 26 641
57 27 1047
57 28 353
57 29 1180
57 30 446
57 31 508
57 32 231
57 33 1020
57 34 808
57 35 1021
57 36 947
57 37 784
57 38 383
57 39 451
57 40 478
57 41 971
57 42 1031
57 43 218
57 44 623
57 45 375
57 46 768
57 47 868
57 48 894
57 49 479
57 50 233
57 51 850
57 52 117
57 53 496
57 54 1195
57 55 649
57 56 1092
57 58 1080
57 59 490
57 60 386
57 61 554
57 62 1234
57 63 753
57 64 27
57 65 641
57 66 706
57 67 757
57 68 894
57 69 925
57 70 793
57 71 408
57 72 564
57 73 856
57 74 1201
57 75 897
57 76 1079
57 77 949
57 78 506
57 79 620
57 80 542
57 81 321
57 82 435
57 83 535
57 84 113
57 85 888
57 86 440
57 87 577
57 88 108
57 89 856
57 90 807
57 91 658
57 92 971
57 93 874
57 94 1069
57 95 747
57 96 892
57 97 920
57 98 221
57 99 593
57 100 624
58 1 859
58 2 838
58 3 150
58 4 863
58 5 542
58 6 113
58 7 600
58 8 701
58 9 284
58 10 768
58 11 585
58 12 271
58 13 453
58 14 840
58 15 456
58 16 999
58 17 704
58 18 788
58 19 756
58 20 212
58 21 346
58 22 593
58 23 635
58 24 546
58 25 919
58 26 648
58 27 319
58 28 813
58 29 150
58 30 817
58 31 849
58 32 931
58 33 86
58 34 439
58 35 423
58 36 330
58 37 332
58 38 892
58 39 642
58 40 802
58 41 179
58 42 103
58 43 1006
58 44 801
58 45 727
58 46 596
58 47 225
58 48 617
58 49 609
58 50 848
58 51 655
58 52 980
58 53 585
58 54 136
58 55 432
58 56 279
58 57 1080
58 59 749
58 60 701
58 61 528
58 62 172
58 63 617
58 64 1070
58 65 592
58 66 558
58 67 350
58 68 196
58 69 398
58 70 306
58 71 678
58 72 765
58 73 724
58 74 136
58 75 183
58 76 5
58 77 597
58 78 611
58 79 516
58 80 718
58 81 759
58 82 712
58 83 798
58 84 1109
58 85 573
58 86 646
58 87 634
58 88 1108
58 89 246
58 90 430
58 91 422
58 92 447
58 93 286
58 94 64
58 95 567
58 96 500
58 97 358
58 98 860
58 99 511
58 100 725
59 1 570
59 2 805
59 3 728
59 4 422
59 5 802
59 6 859
59 7 364
59 8 207
59 9 473
59 10 322
59 11 404
59 12 559
59 13 360
59 14 979
59 15 887
59 16 339
59 17 750
59 18 97
59 19 57
59 20 697
59 21 579
59 22 316
59 23 460
59 24 471
59 25 403
59 26 662
59 27 857
59 28 138
59 29 884
59 30 605
59 31 687
59 32 264
59 33 720
59 34 362
59 35 884
59 36 770
59 37 418
59 38 152
59 39 220
59 40 623
59 41 714
59 42 669
59 43 314
59 44 753
59 45 194
59 46 283
59 47 527
59 48 875
59 49 371
59 50 337
59 51 361
59 52 457
59 53 315
59 54 883
59 55 399
59 56 877
59 57 490
59 58 749
59 60 350
59 61 363
59 62 920
59 63 266
59 64 467
59 65 177
59 66 662
59 67 402
59 68 556
59 69 785
59 70 551
59 71 240
59 72 90
59 73 900
59 74 884
59 75 588
59 76 750
59 77 461
59 78 446
59 79 511
59 80 616
59 81 307
59 82 480
59 83 86
59 84 454
59 85 845
59 86 245
59 87 579
59 88 456
59 89 504
59 90 365
59 91 400
59 92 505
59 93 479
59 94 715
59 95 711
59 96 418
59 97 482
59 98 324
59 99 452
59 100 701
60 1 238
60 2 456
60 3 612
60 4 164
60 5 519
60 6 790
60 7 621
60 8 144
60 9 511
60 10 79
60 11 651
60 12 437
60 13 520
60 14 641
60 15 645
60 16 350
60 17 415
60 18 287
60 19 405
60 20 556
60 21 702
60 22 117
60 23 723
60 24 196
60 25 221
60 26 334
60 27 669
60 28 270
60 29 795
60 30 258
60 31 339
60 32 309
60 33 637
60 34 510
60 35 655
60 36 569
60 37 433
60 38 382
60 39 151
60 40 274
60 41 586
60 42 661
60 43 383
60 44 404
60 45 160
60 46 539
60 47 499
60 48 576
60 49 94
60 50 159
60 51 642
60 52 281
60 53 126
60 54 812
60 55 271
60 56 710
60 57 386
60 58 701
60 59 350
60 61 174
60 62 850
60 63 534
60 64 380
60 65 399
60 66 364
60 67 404
60 68 523
60 69 555
60 70 408
60 71 114
60 72 438
60 73 576
60 74 818
60 75 518
60 76 700
60 77 709
60 78 135
60 79 244
60 80 270
60 81 80
60 82 130
60 83 435
60 84 438
60 85 556
60 86 123
60 87 251
60 88 436
60 89 492
60 90 504
60 91 282
60 92 680
60 93 529
60 94 696
60 95 412
60 96 621
60 97 602
60 98 179
60 99 209
60 100 359
61 1 372
61 2 500
61 3 446
61 4 337
61 5 440
61 6 620
61 7 525
61 8 206
61 9 348
61 10 241
61 11 549
61 12 268
61 13 394
61 14 638
61 15 533
61 16 492
61 17 413
61 18 343
61 19 405
61 20 395
61 21 550
61 22 71
61 23 624
61 24 117
61 25 392
61 26 323
61 27 527
61 28 348
61 29 628
61 30 360
61 31 425
61 32 435
61 33 466
61 34 381
61 35 534
61 36 432
61 37 272
61 38 454
61 39 157
61 40 362
61 41 422
61 42 489
61 43 513
61 44 447
61 45 234
61 46 452
61 47 327
61 48 514
61 49 87
61 50 322
61 51 559
61 52 453
61 53 64
61 54 642
61 55 98
61 56 561
61 57 554
61 58 528
61 59 363
61 60 174
61 62 681
61 63 455
61 64 545
61 65 327
61 66 304
61 67 243
61 68 350
61 69 433
61 70 242
61 71 172
61 72 433
61 73 549
61 74 648
61 75 345
61 76 527
61 77 602
61 78 131
61 79 151
61 80 312
61 81 234
61 82 223
61 83 446
61 84 593
61 85 483
61 86 144
61 87 247
61 88 592
61 89 322
61 90 372
61 91 109
61 92 545
61 93 368
61 94 522
61 95 352
61 96 500
61 97 454
61 98 337
61 99 90
61 100 380
62 1 986
62 2 922
62 3 245
62 4 1009
62 5 597
62 6 63
62 7 760
62 8 864
62 9 456
62 10 921
62 11 742
62 12 414
62 13 620
62 14 884
62 15 469
62 16 1162
62 17 787
62 18 957
62 19 928
62 20 310
62 21 486
62 22 748
62 23 785
62 24 680
62 25 1071
62 26 747
62 27 325
62 28 981
62 29 67
62 30 936
62 31 957
62 32 1096
62 33 215
62 34 608
62 35 431
62 36 382
62 37 503
62 38 1062
62 39 805
62 40 918
62 41 275
62 42 266
62 43 1171
62 44 893
62 45 890
62 46 763
62 47 394
62 48 658
62 49 757
62 50 1002
62 51 815
62 52 1130
62 53 740
62 54 39
62 55 587
62 56 264
62 57 1234
62 58 172
62 59 920
62 60 850
62 61 681
62 63 785
62 64 1225
62 65 763
62 66 652
62 67 520
62 68 366
62 69 447
62 70 444
62 71 839
62 72 937
62 73 772
62 74 37
62 75 343
62 76 171
62 77 747
62 78 749
62 79 644
62 80 830
62 81 914
62 82 845
62 83 970
62 84 1269
62 85 617
62 86 806
62 87 749
62 88 1268
62 89 417
62 90 598
62 91 579
62 92 595
62 93 457
62 94 218
62 95 649
62 96 658
62 97 517
62 98 1017
62 99 651
62 100 820
63 1 771
63 2 952
63 3 649
63 4 651
63 5 852
63 6 729
63 7 99
63 8 410
63 9 339
63 10 537
63 11 138
63 12 522
63 13 165
63 14 1088
63 15 889
63 16 605
63 17 866
63 18 359
63 19 229
63 20 643
63 21 355
63 22 447
63 23 199
63 24 570
63 25 651
63 26 776
63 27 818
63 28 400
63 29 765
63 30 786
63 31 862
63 32 529
63 33 618
63 34 178
63 35 875
63 36 751
63 37 327
63 38 405
63 39 384
63 40 796
63 41 647
63 42 520
63 43 577
63 44 899
63 45 413
63 46 24
63 47 427
63 48 935
63 49 509
63 50 577
63 51 109
63 52 709
63 53 441
63 54 751
63 55 430
63 56 818
63 57 753
63 58 617
63 59 266
63 60 534
63 61 455
63 62 785
63 64 731
63 65 136
63 66 743
63 67 330
63 68 451
63 69 787
63 70 532
63 71 426
63 72 214
63 73 991
63 74 748
63 75 503
63 76 620
63 77 196
63 78 577
63 79 594
63 80 762
63 81 521
63 82 647
63 83 252
63 84 719
63 85 897
63 86 411
63 87 701
63 88 721
63 89 399
63 90 189
63 91 423
63 92 259
63 93 333
63 94 567
63 95 787
63 96 167
63 97 278
63 98 569
63 99 535
63 100 834
64 1 381
64 2 671
64 3 990
64 4 242
64 5 861
64 6 1164
64 7 829
64 8 379
64 9 845
64 10 305
64 11 868
64 12 812
64 13 793
64 14 891
64 15 1006
64 16 139
64 17 700
64 18 373
64 19 513
64 20 935
64 21 1006
64 22 478
64 23 926
64 24 571
64 25 163
64 26 646
64 27 1044
64 28 331
64 29 1172
64 30 456
64 31 521
64 32 206
64 33 1011
64 34 790
64 35 1021
64 36 945
64 37 770
64 38 358
64 39 437
64 40 488
64 41 965
64 42 1018
64 43 191
64 44 635
64 45 359
64 46 746
64 47 856
64 48 900
64 49 473
64 50 224
64 51 827
64 52 123
64 53 486
64 54 1187
64 55 639
64 56 1088
64 57 27
64 58 1070
64 59 467
64 60 380
64 61 545
64 62 1225
64 63 731
64 65 620
64 66 708
64 67 744
64 68 882
64 69 924
64 70 785
64 71 395
64 72 540
64 73 865
64 74 1192
64 75 887
64 76 1069
64 77 927
64 78 503
64 79 617
64 80 549
64 81 312
64 82 436
64 83 510
64 84 93
64 85 892
64 86 427
64 87 580
64 88 88
64 89 843
64 90 789
64 91 648
64 92 952
64 93 859
64 94 1057
64 95 751
64 96 871
64 97 903
64 98 210
64 99 588
64 100 632
65 1 636
65 2 821
65 3 593
65 4 520
65 5 744
65 6 704
65 7 225
65 8 278
65 9 309
65 10 405
65 11 259
65 12 441
65 13 184
65 14 965
65 15 798
65 16 503
65 17 740
65 18 254
65 19 168
65 20 574
65 21 403
65 22 313
65 23 328
65 24 444
65 25 526
65 26 649
65 27 744
65 28 293
65 29 733
65 30 651
65 31 727
65 32 426
65 33 574
65 34 186
65 35 788
65 36 667
65 37 267
65 38 329
65 39 249
65 40 662
65 41 584
65 42 504
65 43 485
65 44 768
65 45 284
65 46 141
65 47 377
65 48 824
65 49 376
65 50 450
65 51 244
65 52 587
65 53 308
65 54 727
65 55 318
65 56 754
65 57 641
65 58 592
65 59 177
65 60 399
65 61 327
65 62 763
65 63 136
65 64 620
65 66 624
65 67 259
65 68 405
65 69 695
65 70 443
65 71 292
65 72 174
65 73 871
65 74 727
65 75 447
65 76 593
65 77 319
65 78 446
65 79 472
65 80 630
65 81 389
65 82 513
65 83 208
65 84 620
65 85 788
65 86 276
65 87 572
65 88 621
65 89 351
65 90 189
65 91 313
65 92 334
65 93 312
65 94 552
65 95 670
65 96 252
65 97 305
65 98 445
65 99 412
65 100 704
66 1 371
66 2 281
66 3 417
66 4 467
66 5 156
66 6 604
66 7 800
66 8 479
66 9 531
66 10 439
66 11 816
66 12 321
66 13 647
66 14 348
66 15 302
66 16 708
66 17 151
66 18 627
66 19 707
66 20 350
66 21 737
66 22 348
66 23 890
66 24 192
66 25 547
66 26 95
66 27 374
66 28 621
66 29 587
66 30 304
66 31 308
66 32 673
66 33 473
66 34 631
66 35 322
66 36 282
66 37 475
66 38 734
66 39 446
66 40 279
66 41 386
66 42 575
66 43 746
66 44 244
66 45 504
66 46 737
66 47 457
66 48 215
66 49 299
66 50 509
66 51 841
66 52 589
66 53 348
66 54 619
66 55 315
66 56 432
66 57 706
66 58 558
66 59 662
66 60 364
66 61 304
66 62 652
66 63 743
66 64 708
66 65 624
66 67 454
66 68 464
66 69 236
66 70 286
66 71 441
66 72 736
66 73 248
66 74 631
66 75 419
66 76 555
66 77 863
66 78 232
66 79 154
66 80 190
66 81 443
66 82 272
66 83 747
66 84 782
66 85 193
66 86 424
66 87 130
66 88 779
66 89 471
66 90 620
66 91 323
66 92 771
66 93 553
66 94 586
66 95 50
66 96 752
66 97 664
66 98 533
66 99 215
66 100 169
67 1 614
67 2 706
67 3 335
67 4 565
67 5 538
67 6 458
67 7 362
67 8 366
67 9 107
67 10 456
67 11 370
67 12 192
67 13 199
67 14 800
67 15 560
67 16 659
67 17 595
67 18 439
67 19 414
67 20 318
67 21 309
67 22 288
67 23 443
67 24 324
67 25 606
67 26 511
67 27 490
67 28 466
67 29 483
67 30 597
67 31 656
67 32 588
67 33 319
67 34 182
67 35 545
67 36 422
67 37 30
67 38 543
67 39 307
67 40 595
67 41 326
67 42 279
67 43 661
67 44 657
67 45 389
67 46 316
67 47 126
67 48 623
67 49 328
67 50 529
67 51 410
67 52 670
67 53 279
67 54 482
67 55 159
67 56 497
67 57 757
67 58 350
67 59 402
67 60 404
67 61 243
67 62 520
67 63 330
67 64 744
67 65 259
67 66 454
67 68 155
67 69 459
67 70 204
67 71 350
67 72 428
67 73 694
67 74 484
67 75 189
67 76 351
67 77 413
67 78 366
67 79 326
67 80 533
67 81 444
67 82 464
67 83 458
67 84 772
67 85 582
67 86 318
67 87 454
67 88 772
67 89 105
67 90 170
67 91 147
67 92 320
67 93 126
67 94 322
67 95 491
67 96 300
67 97 218
67 98 537
67 99 282
67 100 582
68 1 705
68 2 740
68 3 200
68 4 686
68 5 503
68 6 304
68 7 455
68 8 510
68 9 115
68 10 585
68 11 451
68 12 143
68 13 292
68 14 792
68 15 480
68 16 806
68 17 614
68 18 593
68 19 566
68 20 208
68 21 284
68 22 410
68 23 514
68 24 394
68 25 737
68 26 542
68 27 380
68 28 618
68 29 330
68 30 675
68 31 721
68 32 737
68 33 170
68 34 276
68 35 456
68 36 335
68 37 139
68 38 697
68 39 450
68 40 666
68 41 202
68 42 139
68 43 811
68 44 696
68 45 534
68 46 432
68 47 29
68 48 588
68 49 436
68 50 663
68 51 508
68 52 799
68 53 402
68 54 328
68 55 253
68 56 371
68 57 894
68 58 196
68 59 556
68 60 523
68 61 350
68 62 366
68 63 451
68 64 882
68 65 405
68 66 464
68 67 155
68 69 389
68 70 178
68 71 489
68 72 577
68 73 678
68 74 329
68 75 61
68 76 196
68 77 478
68 78 452
68 79 377
68 80 590
68 81 575
68 82 555
68 83 609
68 84 917
68 85 543
68 86 456
68 87 505
68 88 917
68 89 54
68 90 265
68 91 242
68 92 347
68 93 129
68 94 175
68 95 488
68 96 368
68 97 237
68 98 674
68 99 354
68 100 618
69 1 605
69 2 481
69 3 249
69 4 684
69 5 151
69 6 409
69 7 818
69 8 637
69 9 493
69 10 634
69 11 823
69 12 270
69 13 653
69 14 445
69 15 104
69 16 904
69 17 348
69 18 775
69 19 818
69 20 196
69 21 670
69 22 498
69 23 892
69 24 360
69 25 761
69 26 328
69 27 140
69 28 780
69 29 381
69 30 540
69 31 540
69 32 857
69 33 315
69 34 636
69 35 102
69 36 69
69 37 469
69 38 887
69 39 590
69 40 515
69 41 222
69 42 452
69 43 934
69 44 458
69 45 665
69 46 775
69 47 398
69 48 220
69 49 471
69 50 711
69 51 868
69 52 809
69 53 494
69 54 420
69 55 387
69 56 201
69 57 925
69 58 398
69 59 785
69 60 555
69 61 433
69 62 447
69 63 787
69 64 924
69 65 695
69 66 236
69 67 459
69 68 389
69 70 256
69 71 601
69 72 842
69 73 330
69 74 433
69 75 329
69 76 394
69 77 858
69 78 423
69 79 312
69 80 426
69 81 634
69 82 492
69 83 862
69 84 991
69 85 176
69 86 575
69 87 360
69 88 988
69 89 423
69 90 624
69 91 388
69 92 735
69 93 511
69 94 445
69 95 216
69 96 745
69 97 624
69 98 733
69 99 356
69 100 392
70 1 554
70 2 563
70 3 205
70 4 566
70 5 341
70 6 385
70 7 565
70 8 441
70 9 255
70 10 481
70 11 572
70 12 38
70 13 401
70 14 619
70 15 358
70 16 733
70 17 437
70 18 559
70 19 578
70 20 155
70 21 454
70 22 312
70 23 643
70 24 241
70 25 629
70 26 365
70 27 307
70 28 573
70 29 388
70 30 514
70 31 552
70 32 673
70 33 233
70 34 384
70 35 346
70 36 225
70 37 216
70 38 671
70 39 384
70 40 501
70 41 181
70 42 298
70 43 750
70 44 520
70 45 468
70 46 519
70 47 172
70 48 426
70 49 315
70 50 562
70 51 614
70 52 687
70 53 305
70 54 406
70 55 160
70 56 329
70 57 793
70 58 306
70 59 551
70 60 408
70 61 242
70 62 444
70 63 532
70 64 785
70 65 443
70 66 286
70 67 204
70 68 178
70 69 256
70 71 410
70 72 599
70 73 507
70 74 413
70 75 137
70 76 304
70 77 611
70 78 307
70 79 212
70 80 420
70 81 475
70 82 407
70 83 622
70 84 835
70 85 383
70 86 379
70 87 335
70 88 834
70 89 189
70 90 372
70 91 155
70 92 500
70 93 275
70 94 317
70 95 313
70 96 497
70 97 389
70 98 578
70 99 208
70 100 442
71 1 347
71 2 566
71 3 612
71 4 235
71 5 590
71 6 777
71 7 516
71 8 39
71 9 453
71 10 118
71 11 549
71 12 432
71 13 431
71 14 743
71 15 698
71 16 325
71 17 514
71 18 188
71 19 293
71 20 564
71 21 628
71 22 104
71 23 619
71 24 253
71 25 260
71 26 428
71 27 699
71 28 183
71 29 789
71 30 372
71 31 452
71 32 264
71 33 625
71 34 423
71 35 702
71 36 603
71 37 377
71 38 294
71 39 48
71 40 387
71 41 590
71 42 624
71 43 341
71 44 514
71 45 65
71 46 432
71 47 462
71 48 655
71 49 142
71 50 182
71 51 534
71 52 324
71 53 108
71 54 800
71 55 254
71 56 732
71 57 408
71 58 678
71 59 240
71 60 114
71 61 172
71 62 839
71 63 426
71 64 395
71 65 292
71 66 441
71 67 350
71 68 489
71 69 601
71 70 410
71 72 326
71 73 669
71 74 805
71 75 497
71 76 678
71 77 607
71 78 213
71 79 299
71 80 377
71 81 103
71 82 241
71 83 325
71 84 431
71 85 631
71 86 33
71 87 344
71 88 431
71 89 449
71 90 419
71 91 261
71 92 593
71 93 468
71 94 663
71 95 490
71 96 526
71 97 525
71 98 188
71 99 247
71 100 463
72 1 660
72 2 891
72 3 761
72 4 512
72 5 871
72 6 877
72 7 307
72 8 295
72 9 483
72 10 412
72 11 348
72 12 602
72 13 342
72 14 1060
72 15 945
72 16 407
72 17 831
72 18 181
72 19 35
72 20 738
72 21 556
72 22 394
72 23 395
72 24 546
72 25 489
72 26 743
72 27 904
72 28 221
72 29 906
72 30 694
72 31 776
72 32 334
72 33 746
72 34 349
72 35 939
72 36 822
72 37 439
72 38 195
72 39 301
72 40 712
72 41 751
72 42 678
72 43 372
72 44 839
72 45 284
72 46 235
72 47 550
72 48 946
72 49 452
72 50 426
72 51 293
72 52 541
72 53 391
72 54 901
72 55 455
72 56 918
72 57 564
72 58 765
72 59 90
72 60 438
72 61 433
72 62 937
72 63 214
72 64 540
72 65 174
72 66 736
72 67 428
72 68 577
72 69 842
72 70 599
72 71 326
72 73 978
72 74 900
72 75 617
72 76 767
72 77 402
72 78 527
72 79 583
72 80 701
72 81 397
72 82 567
72 83 39
72 84 516
72 85 915
72 86 328
72 87 660
72 88 519
72 89 524
72 90 354
72 91 454
72 92 469
72 93 485
72 94 725
72 95 785
72 96 378
72 97 466
72 98 411
72 99 523
72 100 785
73 1 487
73 2 229
73 3 575
73 4 634
73 5 183
73 6 738
73 7 1046
73 8 707
73 9 761
73 10 642
73 11 1060
73 12 537
73 13 890
73 14 117
73 15 313
73 16 896
73 17 167
73 18 856
73 19 947
73 20 515
73 21 960
73 22 586
73 23 1134
73 24 433
73 25 716
73 26 242
73 27 450
73 28 844
73 29 707
73 30 410
73 31 361
73 32 874
73 33 640
73 34 874
73 35 350
73 36 398
73 37 713
73 38 957
73 39 682
73 40 379
73 41 546
73 42 767
73 43 941
73 44 243
73 45 729
73 46 984
73 47 677
73 48 116
73 49 531
73 50 698
73 51 1088
73 52 742
73 53 587
73 54 747
73 55 562
73 56 513
73 57 856
73 58 724
73 59 900
73 60 576
73 61 549
73 62 772
73 63 991
73 64 865
73 65 871
73 66 248
73 67 694
73 68 678
73 69 330
73 70 507
73 71 669
73 72 978
73 74 760
73 75 624
73 76 721
73 77 1106
73 78 457
73 79 400
73 80 322
73 81 650
73 82 457
73 83 986
73 84 949
73 85 156
73 86 657
73 87 326
73 88 946
73 89 696
73 90 862
73 91 570
73 92 1005
73 93 782
73 94 767
73 95 205
73 96 994
73 97 896
73 98 724
73 99 461
73 100 234
74 1 959
74 2 903
74 3 218
74 4 978
74 5 583
74 6 29
74 7 725
74 8 829
74 9 419
74 10 888
74 11 707
74 12 382
74 13 584
74 14 874
74 15 463
74 16 1127
74 17 768
74 18 921
74 19 891
74 20 285
74 21 453
74 22 715
74 23 751
74 24 651
74 25 1039
74 26 725
74 27 318
74 28 945
74 29 59
74 30 910
74 31 934
74 32 1061
74 33 182
74 34 571
74 35 425
74 36 367
74 37 466
74 38 1026
74 39 770
74 40 893
74 41 249
74 42 229
74 43 1136
74 44 872
74 45 855
74 46 727
74 47 358
74 48 647
74 49 726
74 50 969
74 51 780
74 52 1099
74 53 707
74 54 15
74 55 554
74 56 260
74 57 1201
74 58 136
74 59 884
74 60 818
74 61 648
74 62 37
74 63 748
74 64 1192
74 65 727
74 66 631
74 67 484
74 68 329
74 69 433
74 70 413
74 71 805
74 72 900
74 73 760
74 75 308
74 76 134
74 77 713
74 78 719
74 79 616
74 80 805
74 81 881
74 82 816
74 83 933
74 84 1235
74 85 605
74 86 772
74 87 723
74 88 1234
74 89 380
74 90 562
74 91 545
74 92 561
74 93 420
74 94 182
74 95 630
74 96 623
74 97 482
74 98 983
74 99 620
74 100 799
75 1 685
75 2 698
75 3 148
75 4 680
75 5 447
75 6 281
75 7 512
75 8 521
75 9 174
75 10 585
75 11 510
75 12 101
75 13 348
75 14 739
75 15 419
75 16 819
75 17 569
75 18 617
75 19 603
75 20 148
75 21 342
75 22 410
75 23 574
75 24 371
75 25 736
75 26 501
75 27 321
75 28 639
75 29 299
75 30 648
75 31 689
75 32 753
75 33 133
75 34 332
75 35 396
75 36 274
75 37 181
75 38 724
75 39 462
75 40 637
75 41 145
75 42 161
75 43 829
75 44 656
75 45 547
75 46 486
75 47 77
75 48 531
75 49 427
75 50 665
75 51 566
75 52 798
75 53 402
75 54 304
75 55 249
75 56 316
75 57 897
75 58 183
75 59 588
75 60 518
75 61 345
75 62 343
75 63 503
75 64 887
75 65 447
75 66 419
75 67 189
75 68 61
75 69 329
75 70 137
75 71 497
75 72 617
75 73 624
75 74 308
75 76 183
75 77 539
75 78 434
75 79 347
75 80 557
75 81 576
75 82 535
75 83 647
75 84 928
75 85 486
75 86 464
75 87 472
75 88 927
75 89 106
75 90 320
75 91 239
75 92 408
75 93 188
75 94 183
75 95 439
75 96 428
75 97 298
75 98 678
75 99 334
75 100 578
76 1 857
76 2 835
76 3 147
76 4 862
76 5 538
76 6 111
76 7 603
76 8 701
76 9 286
76 10 767
76 11 588
76 12 269
76 13 455
76 14 837
76 15 452
76 16 999
76 17 701
76 18 789
76 19 757
76 20 209
76 21 350
76 22 593
76 23 638
76 24 544
76 25 919
76 26 646
76 27 315
76 28 813
76 29 147
76 30 814
76 31 847
76 32 931
76 33 83
76 34 442
76 35 418
76 36 326
76 37 333
76 38 893
76 39 642
76 40 800
76 41 176
76 42 106
76 43 1006
76 44 798
76 45 727
76 46 599
76 47 225
76 48 613
76 49 608
76 50 847
76 51 658
76 52 980
76 53 584
76 54 134
76 55 431
76 56 275
76 57 1079
76 58 5
76 59 750
76 60 700
76 61 527
76 62 171
76 63 620
76 64 1069
76 65 593
76 66 555
76 67 351
76 68 196
76 69 394
76 70 304
76 71 678
76 72 767
76 73 721
76 74 134
76 75 183
76 77 600
76 78 610
76 79 514
76 80 716
76 81 759
76 82 710
76 83 800
76 84 1108
76 85 569
76 86 645
76 87 631
76 88 1108
76 89 247
76 90 432
76 91 422
76 92 451
76 93 289
76 94 68
76 95 563
76 96 503
76 97 361
76 98 860
76 99 510
76 100 722
77 1 946
77 2 1099
77 3 672
77 4 838
77 5 950
77 6 699
77 7 98
77 8 596
77 9 367
77 10 722
77 11 60
77 12 590
77 13 217
77 14 1211
77 15 954
77 16 800
77 17 999
77 18 554
77 19 422
77 20 686
77 21 264
77 22 610
77 23 39
77 24 710
77 25 843
77 26 911
77 27 857
77 28 596
77 29 744
77 30 953
77 31 1024
77 32 724
77 33 624
77 34 233
77 35 933
77 36 810
77 37 396
77 38 596
77 39 562
77 40 959
77 41 679
77 42 494
77 43 771
77 44 1048
77 45 602
77 46 182
77 47 464
77 48 1035
77 49 670
77 50 768
77 51 117
77 52 903
77 53 603
77 54 720
77 55 552
77 56 843
77 57 949
77 58 597
77 59 461
77 60 709
77 61 602
77 62 747
77 63 196
77 64 927
77 65 319
77 66 863
77 67 413
77 68 478
77 69 858
77 70 611
77 71 607
77 72 402
77 73 1106
77 74 713
77 75 539
77 76 600
77 78 731
77 79 725
77 80 914
77 81 707
77 82 813
77 83 439
77 84 913
77 85 993
77 86 588
77 87 844
77 88 916
77 89 437
77 90 244
77 91 543
77 92 153
77 93 351
77 94 537
77 95 902
77 96 114
77 97 245
77 98 761
77 99 671
77 100 977
78 1 254
78 2 376
78 3 505
78 4 268
78 5 385
78 6 691
78 7 652
78 8 251
78 9 469
78 10 213
78 11 677
78 12 341
78 13 524
78 14 534
78 15 511
78 16 484
78 17 305
78 18 400
78 19 495
78 20 444
78 21 675
78 22 136
78 23 752
78 24 70
78 25 341
78 26 217
78 27 541
78 28 392
78 29 690
78 30 232
78 31 295
78 32 444
78 33 539
78 34 511
78 35 522
78 36 442
78 37 395
78 38 504
78 39 227
78 40 232
78 41 477
78 42 588
78 43 518
78 44 323
78 45 275
78 46 577
78 47 432
78 48 445
78 49 76
78 50 289
78 51 684
78 52 393
78 53 140
78 54 711
78 55 210
78 56 587
78 57 506
78 58 611
78 59 446
78 60 135
78 61 131
78 62 749
78 63 577
78 64 503
78 65 446
78 66 232
78 67 366
78 68 452
78 69 423
78 70 307
78 71 213
78 72 527
78 73 457
78 74 719
78 75 434
78 76 610
78 77 731
78 79 114
78 80 185
78 81 215
78 82 103
78 83 532
78 84 568
78 85 424
78 86 202
78 87 133
78 88 566
78 89 433
78 90 503
78 91 222
78 92 674
78 93 489
78 94 616
78 95 281
78 96 631
78 97 581
78 98 311
78 99 101
78 100 261
79 1 344
79 2 381
79 3 399
79 4 381
79 5 293
79 6 588
79 7 656
79 8 337
79 9 418
79 10 323
79 11 674
79 12 248
79 13 510
79 14 495
79 15 404
79 16 593
79 17 275
79 18 482
79 19 554
79 20 336
79 21 627
79 22 200
79 23 750
79 24 49
79 25 455
79 26 187
79 27 428
79 28 481
79 29 583
79 30 302
79 31 345
79 32 548
79 33 439
79 34 494
79 35 412
79 36 328
79 37 351
79 38 592
79 39 297
79 40 291
79 41 370
79 42 506
79 43 624
79 44 332
79 45 363
79 46 589
79 47 362
79 48 364
79 49 162
79 50 401
79 51 694
79 52 507
79 53 199
79 54 607
79 55 173
79 56 473
79 57 620
79 58 516
79 59 511
79 60 244
79 61 151
79 62 644
79 63 594
79 64 617
79 65 472
79 66 154
79 67 326
79 68 377
79 69 312
79 70 212
79 71 299
79 72 583
79 73 400
79 74 616
79 75 347
79 76 514
79 77 725
79 78 114
79 80 215
79 81 323
79 82 202
79 83 595
79 84 680
79 85 336
79 86 278
79 87 131
79 88 678
79 89 369
79 90 484
79 91 183
79 92 645
79 93 439
79 94 528
79 95 202
79 96 616
79 97 543
79 98 422
79 99 61
79 100 256
80 1 185
80 2 192
80 3 588
80 4 313
80 5 326
80 6 777
80 7 836
80 8 412
80 9 629
80 10 327
80 11 860
80 12 457
80 13 704
80 14 373
80 15 486
80 16 574
80 17 156
80 18 556
80 19 668
80 20 521
80 21 839
80 22 318
80 23 935
80 24 210
80 25 396
80 26 104
80 27 563
80 28 539
80 29 765
80 30 115
80 31 132
80 32 555
80 33 637
80 34 690
80 35 509
80 36 470
80 37 560
80 38 649
80 39 402
80 40 90
80 41 557
80 42 717
80 43 621
80 44 139
80 45 430
80 46 762
80 47 576
80 48 353
80 49 256
80 50 378
80 51 868
80 52 426
80 53 323
80 54 795
80 55 375
80 56 620
80 57 542
80 58 718
80 59 616
80 60 270
80 61 312
80 62 830
80 63 762
80 64 549
80 65 630
80 66 190
80 67 533
80 68 590
80 69 426
80 70 420
80 71 377
80 72 701
80 73 322
80 74 805
80 75 557
80 76 716
80 77 914
80 78 185
80 79 215
80 81 337
80 82 142
80 83 702
80 84 631
80 85 350
80 86 374
80 87 86
80 88 627
80 89 582
80 90 681
80 91 386
80 92 849
80 93 651
80 94 736
80 95 218
80 96 811
80 97 751
80 98 404
80 99 251
80 100 91
81 1 264
81 2 516
81 3 679
81 4 133
81 5 598
81 6 853
81 7 614
81 8 112
81 9 549
81 10 17
81 11 647
81 12 501
81 13 533
81 14 710
81 15 725
81 16 271
81 17 487
81 18 229
81 19 363
81 20 626
81 21 729
81 22 167
81 23 717
81 24 274
81 25 163
81 26 409
81 27 745
81 28 205
81 29 861
81 30 304
81 31 386
81 32 230
81 33 700
81 34 525
81 35 734
81 36 646
81 37 472
81 38 314
81 39 150
81 40 325
81 41 654
81 42 712
81 43 303
81 44 465
81 45 114
81 46 529
81 47 549
81 48 654
81 49 166
81 50 89
81 51 629
81 52 227
81 53 175
81 54 875
81 55 328
81 56 784
81 57 321
81 58 759
81 59 307
81 60 80
81 61 234
81 62 914
81 63 521
81 64 312
81 65 389
81 66 443
81 67 444
81 68 575
81 69 634
81 70 475
81 71 103
81 72 397
81 73 650
81 74 881
81 75 576
81 76 759
81 77 707
81 78 215
81 79 323
81 80 337
81 82 196
81 83 387
81 84 363
81 85 636
81 86 130
81 87 328
81 88 361
81 89 539
81 90 521
81 91 338
81 92 695
81 93 565
81 94 749
81 95 491
81 96 627
81 97 626
81 98 104
81 99 284
81 100 428
82 1 152
82 2 326
82 3 601
82 4 195
82 5 426
82 6 788
82 7 729
82 8 274
82 9 569
82 10 186
82 11 756
82 12 441
82 13 611
82 14 515
82 15 571
82 16 443
82 17 293
82 18 416
82 19 533
82 20 538
82 21 772
82 22 203
82 23 830
82 24 167
82 25 275
82 26 220
82 27 620
82 28 397
82 29 785
82 30 141
82 31 215
82 32 417
82 33 638
82 34 599
82 35 587
82 36 521
82 37 493
82 38 508
82 39 272
82 40 150
82 41 572
82 42 691
82 43 486
82 44 275
82 45 290
82 46 649
82 47 534
82 48 472
82 49 144
82 50 243
82 51 755
82 52 318
82 53 210
82 54 808
82 55 310
82 56 669
82 57 435
82 58 712
82 59 480
82 60 130
82 61 223
82 62 845
82 63 647
82 64 436
82 65 513
82 66 272
82 67 464
82 68 555
82 69 492
82 70 407
82 71 241
82 72 567
82 73 457
82 74 816
82 75 535
82 76 710
82 77 813
82 78 103
82 79 202
82 80 142
82 81 196
82 83 565
82 84 511
82 85 459
82 86 243
82 87 145
82 88 508
82 89 535
82 90 592
82 91 322
82 92 766
82 93 589
82 94 718
82 95 316
82 96 716
82 97 677
82 98 269
82 99 202
82 100 233
83 1 650
83 2 890
83 3 790
83 4 496
83 5 885
83 6 910
83 7 345
83 8 291
83 9 517
83 10 402
83 11 386
83 12 627
83 13 380
83 14 1065
83 15 964
83 16 375
83 17 836
83 18 163
83 19 45
83 20 764
83 21 595
83 22 401
83 23 431
83 24 555
83 25 469
83 26 748
83 27 928
83 28 200
83 29 938
83 30 688
83 31 770
83 32 305
83 33 777
83 34 386
83 35 960
83 36 844
83 37 470
83 38 160
83 39 305
83 40 707
83 41 778
83 42 712
83 43 338
83 44 838
83 45 277
83 46 274
83 47 581
83 48 959
83 49 457
83 50 409
83 51 328
83 52 518
83 53 399
83 54 934
83 55 475
83 56 945
83 57 535
83 58 798
83 59 86
83 60 435
83 61 446
83 62 970
83 63 252
83 64 510
83 65 208
83 66 747
83 67 458
83 68 609
83 69 862
83 70 622
83 71 325
83 72 39
83 73 986
83 74 933
83 75 647
83 76 800
83 77 439
83 78 532
83 79 595
83 80 702
83 81 387
83 82 565
83 84 482
83 85 928
83 86 331
83 87 665
83 88 485
83 89 556
83 90 391
83 91 475
83 92 508
83 93 519
83 94 759
83 95 796
83 96 417
83 97 504
83 98 392
83 99 535
83 100 787
84 1 469
84 2 761
84 3 1039
84 4 319
84 5 937
84 6 1208
84 7 816
84 8 408
84 9 869
84 10 360
84 11 857
84 12 860
84 13 799
84 14 980
84 15 1077
84 16 117
84 17 784
84 18 366
84 19 493
84 20 987
84 21 1016
84 22 524
84 23 909
84 24 633
84 25 237
84 26 726
84 27 1106
84 28 327
84 29 1219
84 30 543
84 31 610
84 32 194
84 33 1055
84 34 798
84 35 1089
84 36 1007
84 37 797
84 38 324
84 39 468
84 40 574
84 41 1015
84 42 1050
84 43 146
84 44 723
84 45 384
84 46 736
84 47 890
84 48 979
84 49 529
84 50 280
84 51 808
84 52 211
84 53 531
84 54 1230
84 55 683
84 56 1147
84 57 113
84 58 1109
84 59 454
84 60 438
84 61 593
84 62 1269
84 63 719
84 64 93
84 65 620
84 66 782
84 67 772
84 68 917
84 69 991
84 70 835
84 71 431
84 72 516
84 73 949
84 74 1235
84 75 928
84 76 1108
84 77 913
84 78 568
84 79 680
84 80 631
84 81 363
84 82 511
84 83 482
84 85 969
84 86 464
84 87 655
84 88 5
84 89 875
84 90 798
84 91 691
84 92 953
84 93 882
84 94 1091
84 95 826
84 96 869
84 97 914
84 98 260
84 99 646
84 100 716
85 1 534
85 2 340
85 3 423
85 4 651
85 5 45
85 6 583
85 7 942
85 8 669
85 9 636
85 10 631
85 11 952
85 12 409
85 13 780
85 14 270
85 15 165
85 16 899
85 17 223
85 18 816
85 19 887
85 20 366
85 21 827
85 22 535
85 23 1024
85 24 379
85 25 733
85 26 248
85 27 295
85 28 812
85 29 551
85 30 460
85 31 435
85 32 865
85 33 489
85 34 764
85 35 200
85 36 244
85 37 598
85 38 924
85 39 632
85 40 430
85 41 396
85 42 622
85 43 938
85 44 331
85 45 694
85 46 888
85 47 546
85 48 46
85 49 490
85 50 699
85 51 988
85 52 771
85 53 534
85 54 592
85 55 471
85 56 359
85 57 888
85 58 573
85 59 845
85 60 556
85 61 483
85 62 617
85 63 897
85 64 892
85 65 788
85 66 193
85 67 582
85 68 543
85 69 176
85 70 383
85 71 631
85 72 915
85 73 156
85 74 605
85 75 486
85 76 569
85 77 993
85 78 424
85 79 336
85 80 350
85 81 636
85 82 459
85 83 928
85 84 969
85 86 612
85 87 315
85 88 966
85 89 568
85 90 752
85 91 476
85 92 882
85 93 656
85 94 618
85 95 145
85 96 880
85 97 771
85 98 724
85 99 394
85 100 285
86 1 360
86 2 565
86 3 580
86 4 260
86 5 570
86 6 745
86 7 499
86 8 63
86 9 422
86 10 144
86 11 530
86 12 400
86 13 406
86 14 734
86 15 674
86 16 357
86 17 505
86 18 205
86 19 296
86 20 533
86 21 599
86 22 79
86 23 602
86 24 233
86 25 290
86 26 418
86 27 670
86 28 205
86 29 757
86 30 378
86 31 457
86 32 295
86 33 593
86 34 397
86 35 677
86 36 575
86 37 345
86 38 315
86 39 29
86 40 392
86 41 558
86 42 592
86 43 372
86 44 512
86 45 91
86 46 416
86 47 429
86 48 638
86 49 127
86 50 212
86 51 520
86 52 354
86 53 82
86 54 767
86 55 222
86 56 703
86 57 440
86 58 646
86 59 245
86 60 123
86 61 144
86 62 806
86 63 411
86 64 427
86 65 276
86 66 424
86 67 318
86 68 456
86 69 575
86 70 379
86 71 33
86 72 328
86 73 657
86 74 772
86 75 464
86 76 645
86 77 588
86 78 202
86 79 278
86 80 374
86 81 130
86 82 243
86 83 331
86 84 464
86 85 612
86 87 334
86 88 463
86 89 417
86 90 393
86 91 229
86 92 568
86 93 438
86 94 631
86 95 473
86 96 503
86 97 497
86 98 220
86 99 223
86 100 457
87 1 247
87 2 256
87 3 506
87 4 338
87 5 282
87 6 695
87 7 770
87 8 382
87 9 548
87 10 322
87 11 792
87 12 372
87 13 631
87 14 401
87 15 431
87 16 586
87 17 172
87 18 530
87 19 628
87 20 439
87 21 757
87 22 268
87 23 867
87 24 134
87 25 420
87 26 85
87 27 494
87 28 519
87 29 685
87 30 188
87 31 217
87 32 556
87 33 553
87 34 617
87 35 450
87 36 397
87 37 480
87 38 631
87 39 360
87 40 170
87 41 475
87 42 632
87 43 626
87 44 204
87 45 404
87 46 699
87 47 491
87 48 328
87 49 209
87 50 386
87 51 805
87 52 460
87 53 271
87 54 713
87 55 298
87 56 548
87 57 577
87 58 634
87 59 579
87 60 251
87 61 247
87 62 749
87 63 701
87 64 580
87 65 572
87 66 130
87 67 454
87 68 505
87 69 360
87 70 335
87 71 344
87 72 660
87 73 326
87 74 723
87 75 472
87 76 631
87 77 844
87 78 133
87 79 131
87 80 86
87 81 328
87 82 145
87 83 665
87 84 655
87 85 315
87 86 334
87 88 652
87 89 499
87 90 607
87 91 309
87 92 772
87 93 569
87 94 651
87 95 172
87 96 739
87 97 672
87 98 411
87 99 175
87 100 133
88 1 465
88 2 757
88 3 1038
88 4 316
88 5 934
88 6 1207
88 7 819
88 8 408
88 9 870
88 10 358
88 11 859
88 12 859
88 13 801
88 14 976
88 15 1074
88 16 119
88 17 781
88 18 368
88 19 495
88 20 986
88 21 1017
88 22 523
88 23 912
88 24 631
88 25 234
88 26 723
88 27 1104
88 28 329
88 29 1218
88 30 539
88 31 606
88 32 195
88 33 1054
88 34 799
88 35 1087
88 36 1005
88 37 797
88 38 327
88 39 467
88 40 571
88 41 1014
88 42 1050
88 43 149
88 44 719
88 45 384
88 46 738
88 47 889
88 48 976
88 49 527
88 50 278
88 51 810
88 52 206
88 53 530
88 54 1230
88 55 682
88 56 1145
88 57 108
88 58 1108
88 59 456
88 60 436
88 61 592
88 62 1268
88 63 721
88 64 88
88 65 621
88 66 779
88 67 772
88 68 917
88 69 988
88 70 834
88 71 431
88 72 519
88 73 946
88 74 1234
88 75 927
88 76 1108
88 77 916
88 78 566
88 79 678
88 80 627
88 81 361
88 82 508
88 83 485
88 84 5
88 85 966
88 86 463
88 87 652
88 89 875
88 90 799
88 91 690
88 92 955
88 93 882
88 94 1091
88 95 823
88 96 870
88 97 915
88 98 258
88 99 644
88 100 712
89 1 686
89 2 741
89 3 251
89 4 655
89 5 526
89 6 356
89 7 408
89 8 468
89 9 71
89 10 550
89 11 406
89 12 160
89 13 243
89 14 808
89 15 517
89 16 763
89 17 620
89 18 544
89 19 513
89 20 251
89 21 267
89 22 377
89 23 472
89 24 380
89 25 702
89 26 543
89 27 425
89 28 571
89 29 383
89 30 661
89 31 711
89 32 692
89 33 224
89 34 227
89 35 496
89 36 373
89 37 87
89 38 647
89 39 409
89 40 654
89 41 250
89 42 176
89 43 766
89 44 695
89 45 491
89 46 381
89 47 29
89 48 612
89 49 409
89 50 626
89 51 461
89 52 765
89 53 368
89 54 379
89 55 227
89 56 421
89 57 856
89 58 246
89 59 504
89 60 492
89 61 322
89 62 417
89 63 399
89 64 843
89 65 351
89 66 471
89 67 105
89 68 54
89 69 423
89 70 189
89 71 449
89 72 524
89 73 696
89 74 380
89 75 106
89 76 247
89 77 437
89 78 433
89 79 369
89 80 582
89 81 539
89 82 535
89 83 556
89 84 875
89 85 568
89 86 417
89 87 499
89 88 875
89 90 215
89 91 215
89 92 315
89 93 89
89 94 218
89 95 501
89 96 325
89 97 204
89 98 636
89 99 338
89 100 618
90 1 734
90 2 862
90 3 465
90 4 652
90 5 708
90 6 541
90 7 195
90 8 419
90 9 152
90 10 535
90 11 201
90 12 354
90 13 30
90 14 968
90 15 723
90 16 681
90 17 758
90 18 435
90 19 354
90 20 465
90 21 219
90 22 394
90 23 273
90 24 474
90 25 675
90 26 671
90 27 639
90 28 472
90 29 577
90 30 731
90 31 797
90 32 605
90 33 431
90 34 13
90 35 705
90 36 581
90 37 156
90 38 517
90 39 372
90 40 734
90 41 465
90 42 334
90 43 668
90 44 811
90 45 434
90 46 169
90 47 244
90 48 793
90 49 449
90 50 596
90 51 247
90 52 738
90 53 386
90 54 564
90 55 312
90 56 635
90 57 807
90 58 430
90 59 365
90 60 504
90 61 372
90 62 598
90 63 189
90 64 789
90 65 189
90 66 620
90 67 170
90 68 265
90 69 624
90 70 372
90 71 419
90 72 354
90 73 862
90 74 562
90 75 320
90 76 432
90 77 244
90 78 503
90 79 484
90 80 681
90 81 521
90 82 592
90 83 391
90 84 798
90 85 752
90 86 393
90 87 607
90 88 799
90 89 215
90 91 302
90 92 176
90 93 145
90 94 381
90 95 659
90 96 133
90 97 118
90 98 597
90 99 433
90 100 738
91 1 473
91 2 562
91 3 352
91 4 445
91 5 432
91 6 517
91 7 477
91 8 289
91 9 248
91 10 346
91 11 494
91 12 172
91 13 327
91 14 671
91 15 491
91 16 585
91 17 457
91 18 404
91 19 431
91 20 308
91 21 455
91 22 172
91 23 569
91 24 177
91 25 498
91 26 370
91 27 459
91 28 419
91 29 529
91 30 452
91 31 510
91 32 522
91 33 365
91 34 312
91 35 486
91 36 371
91 37 175
91 38 516
91 39 231
91 40 449
91 41 331
91 42 380
91 43 599
91 44 512
91 45 316
91 46 415
91 47 218
91 48 513
91 49 195
91 50 426
91 51 519
91 52 560
91 53 163
91 54 540
91 55 12
91 56 484
91 57 658
91 58 422
91 59 400
91 60 282
91 61 109
91 62 579
91 63 423
91 64 648
91 65 313
91 66 323
91 67 147
91 68 242
91 69 388
91 70 155
91 71 261
91 72 454
91 73 570
91 74 545
91 75 239
91 76 422
91 77 543
91 78 222
91 79 183
91 80 386
91 81 338
91 82 322
91 83 475
91 84 691
91 85 476
91 86 229
91 87 309
91 88 690
91 89 215
91 90 302
91 92 464
91 93 269
91 94 414
91 95 366
91 96 434
91 97 365
91 98 439
91 99 136
91 100 438
92 1 909
92 2 1026
92 3 532
92 4 827
92 5 840
92 6 548
92 7 189
92 8 591
92 9 246
92 10 710
92 11 158
92 12 474
92 13 163
92 14 1115
92 15 826
92 16 837
92 17 915
92 18 588
92 19 479
92 20 553
92 21 113
92 22 570
92 23 191
92 24 640
92 25 846
92 26 831
92 27 720
92 28 627
92 29 593
92 30 904
92 31 969
92 32 760
92 33 480
92 34 171
92 35 802
92 36 682
92 37 297
92 38 653
92 39 546
92 40 906
92 41 542
92 42 345
92 43 817
92 44 976
92 45 604
92 46 236
92 47 338
92 48 925
92 49 623
92 50 768
92 51 238
92 52 909
92 53 561
92 54 568
92 55 475
92 56 701
92 57 971
92 58 447
92 59 505
92 60 680
92 61 545
92 62 595
92 63 259
92 64 952
92 65 334
92 66 771
92 67 320
92 68 347
92 69 735
92 70 500
92 71 593
92 72 469
92 73 1005
92 74 561
92 75 408
92 76 451
92 77 153
92 78 674
92 79 645
92 80 849
92 81 695
92 82 766
92 83 508
92 84 953
92 85 882
92 86 568
92 87 772
92 88 955
92 89 315
92 90 176
92 91 464
92 93 226
92 94 386
92 95 805
92 96 93
92 97 112
92 98 767
92 99 599
92 100 901
93 1 739
93 2 817
93 3 327
93 4 689
93 5 614
93 6 399
93 7 328
93 8 480
93 9 22
93 10 578
93 11 323
93 12 248
93 13 170
93 14 893
93 15 605
93 16 767
93 17 700
93 18 534
93 19 479
93 20 336
93 21 189
93 22 413
93 23 386
93 24 443
93 25 727
93 26 619
93 27 508
93 28 565
93 29 433
93 30 720
93 31 777
93 32 693
93 33 288
93 34 155
93 35 583
93 36 460
93 37 97
93 38 628
93 39 424
93 40 717
93 41 330
93 42 194
93 43 763
93 44 770
93 45 501
93 46 312
93 47 114
93 48 700
93 49 454
93 50 649
93 51 382
93 52 791
93 53 403
93 54 422
93 55 281
93 56 498
93 57 874
93 58 286
93 59 479
93 60 529
93 61 368
93 62 457
93 63 333
93 64 859
93 65 312
93 66 553
93 67 126
93 68 129
93 69 511
93 70 275
93 71 468
93 72 485
93 73 782
93 74 420
93 75 188
93 76 289
93 77 351
93 78 489
93 79 439
93 80 651
93 81 565
93 82 589
93 83 519
93 84 882
93 85 656
93 86 438
93 87 569
93 88 882
93 89 89
93 90 145
93 91 269
93 92 226
93 94 241
93 95 584
93 96 240
93 97 115
93 98 655
93 99 401
93 100 693
94 1 867
94 2 867
94 3 198
94 4 859
94 5 585
94 6 165
94 7 544
94 8 683
94 9 243
94 10 759
94 11 527
94 12 281
94 13 403
94 14 883
94 15 510
94 16 979
94 17 735
94 18 760
94 19 718
94 20 252
94 21 284
94 22 584
94 23 575
94 24 553
94 25 911
94 26 674
94 27 377
94 28 787
94 29 208
94 30 830
94 31 868
94 32 909
94 33 131
94 34 390
94 35 478
94 36 378
94 37 301
94 38 860
94 39 624
94 40 818
94 41 223
94 42 48
94 43 983
94 44 828
94 45 708
94 46 545
94 47 202
94 48 663
94 49 607
94 50 837
94 51 599
94 52 973
94 53 575
94 54 186
94 55 425
94 56 340
94 57 1069
94 58 64
94 59 715
94 60 696
94 61 522
94 62 218
94 63 567
94 64 1057
94 65 552
94 66 586
94 67 322
94 68 175
94 69 445
94 70 317
94 71 663
94 72 725
94 73 767
94 74 182
94 75 183
94 76 68
94 77 537
94 78 616
94 79 528
94 80 736
94 81 749
94 82 718
94 83 759
94 84 1091
94 85 618
94 86 631
94 87 651
94 88 1091
94 89 218
94 90 381
94 91 414
94 92 386
94 93 241
94 95 599
94 96 443
94 97 301
94 98 848
94 99 516
94 100 751
95 1 403
95 2 274
95 3 422
95 4 509
95 5 111
95 6 604
95 7 842
95 8 528
95 9 563
95 10 487
95 11 856
95 12 346
95 13 686
95 14 310
95 15 268
95 16 755
95 17 139
95 18 677
95 19 756
95 20 356
95 21 766
95 22 398
95 23 930
95 24 242
95 25 591
95 26 116
95 27 356
95 28 671
95 29 583
95 30 333
95 31 325
95 32 721
95 33 481
95 34 670
95 35 292
95 36 271
95 37 511
95 38 783
95 39 495
95 40 305
95 41 391
95 42 592
95 43 793
95 44 245
95 45 553
95 46 780
95 47 484
95 48 166
95 49 349
95 50 555
95 51 884
95 52 630
95 53 398
95 54 618
95 55 358
95 56 416
95 57 747
95 58 567
95 59 711
95 60 412
95 61 352
95 62 649
95 63 787
95 64 751
95 65 670
95 66 50
95 67 491
95 68 488
95 69 216
95 70 313
95 71 490
95 72 785
95 73 205
95 74 630
95 75 439
95 76 563
95 77 902
95 78 281
95 79 202
95 80 218
95 81 491
95 82 316
95 83 796
95 84 826
95 85 145
95 86 473
95 87 172
95 88 823
95 89 501
95 90 659
95 91 366
95 92 805
95 93 584
95 94 599
95 96 790
95 97 697
95 98 580
95 99 263
95 100 177
96 1 854
96 2 994
96 3 564
96 4 759
96 5 836
96 6 607
96 7 105
96 8 520
96 9 255
96 10 642
96 11 86
96 12 476
96 13 108
96 14 1100
96 15 841
96 16 753
96 17 890
96 18 503
96 19 389
96 20 575
96 21 195
96 22 516
96 23 147
96 24 605
96 25 773
96 26 803
96 27 747
96 28 544
96 29 649
96 30 856
96 31 925
96 32 676
96 33 520
96 34 122
96 35 821
96 36 697
96 37 283
96 38 564
96 39 479
96 40 860
96 41 569
96 42 398
96 43 731
96 44 942
96 45 530
96 46 144
96 47 352
96 48 921
96 49 573
96 50 696
96 51 158
96 52 835
96 53 508
96 54 628
96 55 444
96 56 736
96 57 892
96 58 500
96 59 418
96 60 621
96 61 500
96 62 658
96 63 167
96 64 871
96 65 252
96 66 752
96 67 300
96 68 368
96 69 745
96 70 497
96 71 526
96 72 378
96 73 994
96 74 623
96 75 428
96 76 503
96 77 114
96 78 631
96 79 616
96 80 811
96 81 627
96 82 716
96 83 417
96 84 869
96 85 880
96 86 503
96 87 739
96 88 870
96 89 325
96 90 133
96 91 434
96 92 93
96 93 240
96 94 443
96 95 790
96 97 143
96 98 692
96 99 565
96 100 870
97 1 824
97 2 923
97 3 428
97 4 756
97 5 729
97 6 465
97 7 243
97 8 529
97 9 135
97 10 640
97 11 228
97 12 363
97 13 124
97 14 1006
97 15 716
97 16 797
97 17 809
97 18 553
97 19 468
97 20 444
97 21 104
97 22 488
97 23 282
97 24 542
97 25 784
97 26 727
97 27 614
97 28 589
97 29 507
97 30 813
97 31 874
97 32 721
97 33 380
97 34 120
97 35 693
97 36 572
97 37 192
97 38 633
97 39 478
97 40 812
97 41 435
97 42 255
97 43 785
97 44 874
97 45 546
97 46 255
97 47 227
97 48 814
97 49 536
97 50 705
97 51 298
97 52 847
97 53 479
97 54 487
97 55 376
97 56 598
97 57 920
97 58 358
97 59 482
97 60 602
97 61 454
97 62 517
97 63 278
97 64 903
97 65 305
97 66 664
97 67 218
97 68 237
97 69 624
97 70 389
97 71 525
97 72 466
97 73 896
97 74 482
97 75 298
97 76 361
97 77 245
97 78 581
97 79 543
97 80 751
97 81 626
97 82 677
97 83 504
97 84 914
97 85 771
97 86 497
97 87 672
97 88 915
97 89 204
97 90 118
97 91 365
97 92 112
97 93 115
97 94 301
97 95 697
97 96 143
97 98 707
97 99 500
97 100 798
98 1 284
98 2 566
98 3 783
98 4 113
98 5 689
98 6 955
98 7 666
98 8 178
98 9 640
98 10 100
98 11 702
98 12 604
98 13 605
98 14 773
98 15 822
98 16 175
98 17 558
98 18 230
98 19 378
98 20 729
98 21 810
98 22 269
98 23 767
98 24 374
98 25 82
98 26 488
98 27 847
98 28 193
98 29 964
98 30 343
98 31 423
98 32 154
98 33 802
98 34 600
98 35 833
98 36 748
98 37 564
98 38 280
98 39 232
98 40 371
98 41 758
98 42 810
98 43 218
98 44 519
98 45 164
98 46 581
98 47 647
98 48 739
98 49 269
98 50 27
98 51 673
98 52 143
98 53 277
98 54 978
98 55 430
98 56 887
98 57 221
98 58 860
98 59 324
98 60 179
98 61 337
98 62 1017
98 63 569
98 64 210
98 65 445
98 66 533
98 67 537
98 68 674
98 69 733
98 70 578
98 71 188
98 72 411
98 73 724
98 74 983
98 75 678
98 76 860
98 77 761
98 78 311
98 79 422
98 80 404
98 81 104
98 82 269
98 83 392
98 84 260
98 85 724
98 86 220
98 87 411
98 88 258
98 89 636
98 90 597
98 91 439
98 92 767
98 93 655
98 94 848
98 95 580
98 96 692
98 97 707
98 99 387
98 100 494
99 1 352
99 2 429
99 3 408
99 4 361
99 5 351
99 6 592
99 7 600
99 8 284
99 9 380
99 10 287
99 11 620
99 12 241
99 13 458
99 14 554
99 15 452
99 16 553
99 17 331
99 18 426
99 19 494
99 20 349
99 21 589
99 22 145
99 23 695
99 24 42
99 25 428
99 26 242
99 27 461
99 28 428
99 29 593
99 30 323
99 31 376
99 32 503
99 33 440
99 34 443
99 35 457
99 36 363
99 37 309
99 38 537
99 39 241
99 40 317
99 41 381
99 42 489
99 43 580
99 44 379
99 45 311
99 46 531
99 47 336
99 48 424
99 49 118
99 50 367
99 51 637
99 52 484
99 53 143
99 54 613
99 55 124
99 56 501
99 57 593
99 58 511
99 59 452
99 60 209
99 61 90
99 62 651
99 63 535
99 64 588
99 65 412
99 66 215
99 67 282
99 68 354
99 69 356
99 70 208
99 71 247
99 72 523
99 73 461
99 74 620
99 75 334
99 76 510
99 77 671
99 78 101
99 79 61
99 80 251
99 81 284
99 82 202
99 83 535
99 84 646
99 85 394
99 86 223
99 87 175
99 88 644
99 89 338
99 90 433
99 91 136
99 92 599
99 93 401
99 94 516
99 95 263
99 96 565
99 97 500
99 98 387
99 100 306
100 1 257
100 2 125
100 3 586
100 4 401
100 5 270
100 6 772
100 7 903
100 8 499
100 9 671
100 10 418
100 11 925
100 12 478
100 13 763
100 14 283
100 15 436
100 16 664
100 17 69
100 18 645
100 19 752
100 20 519
100 21 881
100 22 396
100 23 1000
100 24 267
100 25 482
100 26 78
100 27 532
100 28 628
100 29 755
100 30 181
100 31 152
100 32 646
100 33 641
100 34 748
100 35 464
100 36 446
100 37 607
100 38 740
100 39 484
100 40 149
100 41 554
100 42 737
100 43 711
100 44 78
100 45 518
100 46 831
100 47 607
100 48 280
100 49 335
100 50 468
100 51 938
100 52 509
100 53 400
100 54 788
100 55 428
100 56 592
100 57 624
100 58 725
100 59 701
100 60 359
100 61 380
100 62 820
100 63 834
100 64 632
100 65 704
100 66 169
100 67 582
100 68 618
100 69 392
100 70 442
100 71 463
100 72 785
100 73 234
100 74 799
100 75 578
100 76 722
100 77 977
100 78 261
100 79 256
100 80 91
100 81 428
100 82 233
100 83 787
100 84 716
100 85 285
100 86 457
100 87 133
100 88 712
100 89 618
100 90 738
100 91 438
100 92 901
100 93 693
100 94 751
100 95 177
100 96 870
100 97 798
100 98 494
100 99 306
