nnodes nedges type capacity P s t
100  4950  graph  1000 100 1 100 
nodename posx posy itemvalue itemweight
1 955 104 0 0
2 221 459 34 209
3 739 240 26 5
4 175 881 5 233
5 946 759 47 174
6 941 685 40 38
7 379 199 55 215
8 736 786 96 22
9 75 687 36 33
10 123 578 37 241
11 282 49 54 65
12 288 608 71 126
13 933 359 71 122
14 167 196 70 21
15 98 787 60 5
16 681 53 9 74
17 891 254 8 92
18 512 631 34 185
19 495 39 47 90
20 512 441 19 245
21 798 453 64 8
22 479 529 32 70
23 5 215 75 27
24 315 80 43 60
25 902 438 61 231
26 658 536 2 65
27 839 947 95 75
28 144 772 92 117
29 658 663 96 61
30 320 756 89 55
31 451 353 17 98
32 809 342 30 226
33 608 674 91 215
34 325 103 61 137
35 713 190 5 31
36 896 864 33 170
37 995 375 89 14
38 393 0 89 215
39 591 61 42 34
40 80 845 76 155
41 499 91 14 27
42 382 339 21 161
43 390 878 1 112
44 463 400 77 47
45 542 136 24 16
46 156 993 3 190
47 489 317 15 183
48 687 97 67 5
49 991 13 47 29
50 552 57 94 201
51 203 449 10 226
52 273 198 22 200
53 824 18 42 63
54 551 767 64 233
55 79 983 46 39
56 613 931 37 109
57 74 347 67 207
58 622 816 19 18
59 225 437 20 148
60 216 767 16 193
61 573 724 13 118
62 112 63 34 229
63 42 152 2 1
64 512 385 83 49
65 165 65 79 226
66 794 720 51 88
67 866 67 2 73
68 270 690 37 43
69 438 821 87 52
70 810 517 77 82
71 805 423 90 116
72 800 231 42 7
73 770 422 22 61
74 400 347 76 94
75 860 968 60 41
76 115 433 36 74
77 693 579 8 20
78 848 87 2 60
79 731 361 22 34
80 472 248 10 150
81 778 619 60 162
82 320 644 40 63
83 686 943 36 126
84 334 124 7 72
85 116 496 28 83
86 994 921 53 119
87 919 794 48 195
88 505 41 77 122
89 569 257 7 102
90 389 429 15 166
91 225 856 94 102
92 214 918 89 4
93 787 415 23 40
94 5 871 63 94
95 776 830 25 124
96 119 906 44 36
97 449 792 35 185
98 550 487 48 223
99 735 236 10 54
100 964 851 0 0
endpoint1 endpoint2 weight
1 2 816
1 3 256
1 4 1101
1 5 656
1 6 582
1 7 584
1 8 717
1 9 1056
1 10 958
1 11 676
1 12 837
1 13 256
1 14 794
1 15 1096
1 16 279
1 17 164
1 18 689
1 19 465
1 20 557
1 21 383
1 22 639
1 23 957
1 24 641
1 25 339
1 26 525
1 27 851
1 28 1051
1 29 634
1 30 911
1 31 563
1 32 280
1 33 668
1 34 631
1 35 257
1 36 763
1 37 274
1 38 572
1 39 367
1 40 1147
1 41 457
1 42 620
1 43 959
1 44 575
1 45 415
1 46 1196
1 47 513
1 48 269
1 49 98
1 50 406
1 51 828
1 52 689
1 53 157
1 54 777
1 55 1241
1 56 895
1 57 914
1 58 787
1 59 803
1 60 993
1 61 729
1 62 844
1 63 915
1 64 525
1 65 791
1 66 637
1 67 97
1 68 902
1 69 884
1 70 438
1 71 353
1 72 201
1 73 368
1 74 606
1 75 870
1 76 903
1 77 543
1 78 109
1 79 341
1 80 505
1 81 545
1 82 834
1 83 882
1 84 622
1 85 927
1 86 818
1 87 691
1 88 455
1 89 416
1 90 653
1 91 1049
1 92 1101
1 93 354
1 94 1221
1 95 748
1 96 1159
1 97 855
1 98 558
1 99 257
1 100 748
2 1 816
2 3 563
2 4 425
2 5 785
2 6 755
2 7 305
2 8 611
2 9 271
2 10 155
2 11 415
2 12 164
2 13 719
2 14 269
2 15 351
2 16 614
2 17 701
2 18 339
2 19 502
2 20 292
2 21 578
2 22 268
2 23 326
2 24 391
2 25 682
2 26 444
2 27 788
2 28 323
2 29 483
2 30 314
2 31 254
2 32 600
2 33 443
2 34 371
2 35 561
2 36 788
2 37 779
2 38 491
2 39 544
2 40 411
2 41 462
2 42 201
2 43 452
2 44 250
2 45 456
2 46 538
2 47 304
2 48 591
2 49 890
2 50 521
2 51 21
2 52 267
2 53 748
2 54 452
2 55 543
2 56 614
2 57 185
2 58 537
2 59 23
2 60 309
2 61 441
2 62 411
2 63 356
2 64 301
2 65 398
2 66 630
2 67 755
2 68 237
2 69 423
2 70 592
2 71 586
2 72 623
2 73 551
2 74 212
2 75 817
2 76 110
2 77 488
2 78 730
2 79 520
2 80 328
2 81 580
2 82 210
2 83 672
2 84 354
2 85 112
2 86 901
2 87 775
2 88 506
2 89 403
2 90 171
2 91 398
2 92 460
2 93 568
2 94 466
2 95 668
2 96 459
2 97 404
2 98 331
2 99 561
2 100 841
3 1 256
3 2 563
3 4 854
3 5 559
3 6 489
3 7 363
3 8 547
3 9 801
3 10 703
3 11 496
3 12 583
3 13 228
3 14 574
3 15 843
3 16 196
3 17 153
3 18 453
3 19 317
3 20 304
3 21 222
3 22 389
3 23 735
3 24 454
3 25 257
3 26 307
3 27 715
3 28 799
3 29 431
3 30 665
3 31 310
3 32 124
3 33 454
3 34 437
3 35 57
3 36 644
3 37 290
3 38 422
3 39 233
3 40 895
3 41 283
3 42 371
3 43 728
3 44 320
3 45 223
3 46 953
3 47 262
3 48 153
3 49 340
3 50 262
3 51 576
3 52 468
3 53 238
3 54 560
3 55 994
3 56 703
3 57 674
3 58 588
3 59 551
3 60 743
3 61 512
3 62 652
3 63 703
3 64 270
3 65 601
3 66 484
3 67 215
3 68 650
3 69 655
3 70 286
3 71 195
3 72 62
3 73 185
3 74 356
3 75 738
3 76 654
3 77 343
3 78 188
3 79 122
3 80 268
3 81 382
3 82 583
3 83 705
3 84 422
3 85 674
3 86 728
3 87 583
3 88 308
3 89 171
3 90 398
3 91 803
3 92 858
3 93 182
3 94 968
3 95 592
3 96 910
3 97 624
3 98 312
3 99 6
3 100 652
4 1 1101
4 2 425
4 3 854
4 5 781
4 6 791
4 7 712
4 8 569
4 9 219
4 10 308
4 11 839
4 12 296
4 13 921
4 14 686
4 15 122
4 16 971
4 17 952
4 18 420
4 19 901
4 20 555
4 21 756
4 22 466
4 23 688
4 24 814
4 25 852
4 26 594
4 27 668
4 28 114
4 29 530
4 30 192
4 31 596
4 32 833
4 33 480
4 34 793
4 35 876
4 36 722
4 37 964
4 38 908
4 39 920
4 40 102
4 41 854
4 42 581
4 43 216
4 44 561
4 45 831
4 46 114
4 47 646
4 48 937
4 49 1192
4 50 907
4 51 433
4 52 690
4 53 1080
4 54 393
4 55 141
4 56 441
4 57 544
4 58 452
4 59 447
4 60 122
4 61 428
4 62 821
4 63 742
4 64 600
4 65 817
4 66 640
4 67 1068
4 68 214
4 69 270
4 70 732
4 71 779
4 72 902
4 73 752
4 74 580
4 75 691
4 76 452
4 77 600
4 78 1041
4 79 762
4 80 700
4 81 658
4 82 278
4 83 515
4 84 774
4 85 390
4 86 820
4 87 750
4 88 903
4 89 738
4 90 501
4 91 56
4 92 54
4 93 770
4 94 171
4 95 604
4 96 62
4 97 289
4 98 544
4 99 855
4 100 790
5 1 656
5 2 785
5 3 559
5 4 781
5 6 75
5 7 797
5 8 212
5 9 874
5 10 843
5 11 973
5 12 676
5 13 401
5 14 962
5 15 849
5 16 755
5 17 508
5 18 453
5 19 850
5 20 539
5 21 340
5 22 521
5 23 1087
5 24 927
5 25 325
5 26 365
5 27 217
5 28 803
5 29 304
5 30 627
5 31 641
5 32 439
5 33 349
5 34 904
5 35 615
5 36 117
5 37 388
5 38 940
5 39 784
5 40 871
5 41 804
5 42 704
5 43 569
5 44 602
5 45 743
5 46 824
5 47 636
5 48 711
5 49 748
5 50 806
5 51 806
5 52 877
5 53 751
5 54 396
5 55 896
5 56 375
5 57 965
5 58 329
5 59 790
5 60 731
5 61 375
5 62 1087
5 63 1089
5 64 573
5 65 1045
5 66 157
5 67 697
5 68 680
5 69 512
5 70 278
5 71 365
5 72 548
5 73 381
5 74 685
5 75 227
5 76 893
5 77 311
5 78 680
5 79 453
5 80 697
5 81 219
5 82 637
5 83 319
5 84 882
5 85 871
5 86 169
5 87 45
5 88 843
5 89 628
5 90 648
5 91 728
5 92 750
5 93 379
5 94 948
5 95 185
5 96 840
5 97 499
5 98 481
5 99 564
5 100 94
6 1 582
6 2 755
6 3 489
6 4 791
6 5 75
6 7 743
6 8 229
6 9 867
6 10 825
6 11 916
6 12 658
6 13 327
6 14 916
6 15 850
6 16 684
6 17 434
6 18 433
6 19 786
6 20 494
6 21 273
6 22 488
6 23 1048
6 24 871
6 25 251
6 26 320
6 27 282
6 28 802
6 29 284
6 30 626
6 31 592
6 32 368
6 33 334
6 34 848
6 35 545
6 36 185
6 37 315
6 38 878
6 39 716
6 40 876
6 41 741
6 42 658
6 43 584
6 44 557
6 45 679
6 46 844
6 47 583
6 48 641
6 49 674
6 50 739
6 51 775
6 52 827
6 53 678
6 54 399
6 55 913
6 56 410
6 57 931
6 58 345
6 59 758
6 60 730
6 61 371
6 62 1037
6 63 1046
6 64 524
6 65 994
6 66 152
6 67 623
6 68 672
6 69 522
6 70 214
6 71 296
6 72 476
6 73 314
6 74 638
6 75 295
6 76 864
6 77 270
6 78 606
6 79 387
6 80 642
6 81 176
6 82 623
6 83 363
6 84 827
6 85 847
6 86 242
6 87 112
6 88 778
6 89 568
6 90 609
6 91 737
6 92 764
6 93 311
6 94 955
6 95 220
6 96 852
6 97 504
6 98 439
6 99 495
6 100 168
7 1 584
7 2 305
7 3 363
7 4 712
7 5 797
7 6 743
7 8 688
7 9 575
7 10 458
7 11 179
7 12 420
7 13 577
7 14 213
7 15 652
7 16 336
7 17 515
7 18 453
7 19 198
7 20 277
7 21 490
7 22 345
7 23 375
7 24 136
7 25 576
7 26 438
7 27 879
7 28 620
7 29 542
7 30 561
7 31 170
7 32 454
7 33 528
7 34 111
7 35 335
7 36 843
7 37 641
7 38 200
7 39 253
7 40 712
7 41 162
7 42 141
7 43 680
7 44 218
7 45 175
7 46 825
7 47 162
7 48 325
7 49 640
7 50 224
7 51 306
7 52 107
7 53 481
7 54 594
7 55 840
7 56 769
7 57 340
7 58 664
7 59 284
7 60 591
7 61 560
7 62 300
7 63 341
7 64 229
7 65 253
7 66 667
7 67 505
7 68 503
7 69 625
7 70 536
7 71 482
7 72 423
7 73 451
7 74 150
7 75 908
7 76 353
7 77 493
7 78 483
7 79 388
7 80 106
7 81 580
7 82 449
7 83 805
7 84 88
7 85 397
7 86 949
7 87 804
7 88 203
7 89 199
7 90 231
7 91 675
7 92 738
7 93 462
7 94 770
7 95 746
7 96 754
7 97 598
7 98 335
7 99 358
7 100 876
8 1 717
8 2 611
8 3 547
8 4 569
8 5 212
8 6 229
8 7 688
8 9 669
8 10 648
8 11 866
8 12 483
8 13 471
8 14 820
8 15 639
8 16 736
8 17 555
8 18 273
8 19 785
8 20 412
8 21 339
8 22 364
8 23 928
8 24 822
8 25 386
8 26 262
8 27 192
8 28 593
8 29 146
8 30 418
8 31 519
8 32 450
8 33 171
8 34 798
8 35 597
8 36 178
8 37 486
8 38 858
8 39 740
8 40 659
8 41 735
8 42 571
8 43 359
8 44 473
8 45 679
8 46 616
8 47 531
8 48 691
8 49 814
8 50 752
8 51 631
8 52 749
8 53 774
8 54 186
8 55 686
8 56 191
8 57 795
8 58 118
8 59 619
8 60 521
8 61 175
8 62 956
8 63 940
8 64 460
8 65 920
8 66 88
8 67 731
8 68 476
8 69 301
8 70 279
8 71 370
8 72 559
8 73 366
8 74 553
8 75 221
8 76 715
8 77 212
8 78 708
8 79 426
8 80 600
8 81 173
8 82 440
8 83 165
8 84 775
8 85 685
8 86 292
8 87 184
8 88 780
8 89 555
8 90 498
8 91 516
8 92 539
8 93 375
8 94 736
8 95 60
8 96 629
8 97 288
8 98 353
8 99 551
8 100 238
9 1 1056
9 2 271
9 3 801
9 4 219
9 5 874
9 6 867
9 7 575
9 8 669
9 10 120
9 11 671
9 12 228
9 13 919
9 14 500
9 15 103
9 16 878
9 17 924
9 18 441
9 19 773
9 20 502
9 21 760
9 22 434
9 23 478
9 24 653
9 25 864
9 26 603
9 27 808
9 28 110
9 29 584
9 30 255
9 31 503
9 32 812
9 33 534
9 34 636
9 35 809
9 36 840
9 37 972
9 38 758
9 39 812
9 40 159
9 41 732
9 42 465
9 43 369
9 44 483
9 45 723
9 46 317
9 47 556
9 48 851
9 49 1138
9 50 791
9 51 271
9 52 528
9 53 1005
9 54 483
9 55 297
9 56 591
9 57 341
9 58 563
9 59 292
9 60 163
9 61 500
9 62 626
9 63 537
9 64 532
9 65 629
9 66 720
9 67 1006
9 68 196
9 69 387
9 70 755
9 71 777
9 72 857
9 73 744
9 74 471
9 75 834
9 76 258
9 77 628
9 78 979
9 79 733
9 80 592
9 81 707
9 82 249
9 83 663
9 84 620
9 85 196
9 86 949
9 87 851
9 88 777
9 89 655
9 90 407
9 91 226
9 92 270
9 93 763
9 94 197
9 95 716
9 96 224
9 97 389
9 98 516
9 99 800
9 100 905
10 1 958
10 2 155
10 3 703
10 4 308
10 5 843
10 6 825
10 7 458
10 8 648
10 9 120
10 11 553
10 12 168
10 13 840
10 14 385
10 15 211
10 16 767
10 17 834
10 18 393
10 19 655
10 20 413
10 21 687
10 22 360
10 23 382
10 24 534
10 25 792
10 26 537
10 27 806
10 28 196
10 29 542
10 30 266
10 31 398
10 32 726
10 33 495
10 34 517
10 35 707
10 36 825
10 37 896
10 38 638
10 39 698
10 40 271
10 41 616
10 42 353
10 43 402
10 44 384
10 45 610
10 46 417
10 47 450
10 48 742
10 49 1036
10 50 675
10 51 152
10 52 409
10 53 898
10 54 468
10 55 408
10 56 604
10 57 237
10 58 553
10 59 175
10 60 211
10 61 474
10 62 516
10 63 434
10 64 435
10 65 515
10 66 686
10 67 902
10 68 185
10 69 398
10 70 690
10 71 700
10 72 761
10 73 666
10 74 361
10 75 834
10 76 146
10 77 571
10 78 876
10 79 646
10 80 481
10 81 657
10 82 208
10 83 671
10 84 501
10 85 83
10 86 937
10 87 825
10 88 660
10 89 550
10 90 305
10 91 297
10 92 352
10 93 684
10 94 316
10 95 700
10 96 329
10 97 390
10 98 437
10 99 702
10 100 885
11 1 676
11 2 415
11 3 496
11 4 839
11 5 973
11 6 916
11 7 179
11 8 866
11 9 671
11 10 553
11 12 560
11 13 722
11 14 187
11 15 761
11 16 400
11 17 643
11 18 626
11 19 214
11 20 455
11 21 656
11 22 519
11 23 323
11 24 46
11 25 732
11 26 616
11 27 1057
11 28 737
11 29 720
11 30 709
11 31 348
11 32 603
11 33 705
11 34 70
11 35 454
11 36 1021
11 37 784
11 38 122
11 39 310
11 40 822
11 41 222
11 42 307
11 43 837
11 44 395
11 45 275
11 46 953
11 47 339
11 48 408
11 49 710
11 50 271
11 51 408
11 52 150
11 53 543
11 54 767
11 55 956
11 56 943
11 57 364
11 58 839
11 59 393
11 60 722
11 61 736
11 62 171
11 63 262
11 64 408
11 65 119
11 66 845
11 67 585
11 68 642
11 69 788
11 70 706
11 71 643
11 72 550
11 73 615
11 74 321
11 75 1086
11 76 419
11 77 671
11 78 568
11 79 547
11 80 276
11 81 756
11 82 597
11 83 982
11 84 92
11 85 477
11 86 1126
11 87 981
11 88 224
11 89 355
11 90 395
11 91 810
11 92 872
11 93 624
11 94 868
11 95 925
11 96 873
11 97 762
11 98 514
11 99 491
11 100 1053
12 1 837
12 2 164
12 3 583
12 4 296
12 5 676
12 6 658
12 7 420
12 8 483
12 9 228
12 10 168
12 11 560
12 13 692
12 14 430
12 15 262
12 16 681
12 17 700
12 18 226
12 19 606
12 20 280
12 21 534
12 22 207
12 23 485
12 24 529
12 25 638
12 26 377
12 27 647
12 28 219
12 29 375
12 30 152
12 31 303
12 32 585
12 33 327
12 34 507
12 35 597
12 36 660
12 37 745
12 38 617
12 39 626
12 40 316
12 41 559
12 42 285
12 43 289
12 44 272
12 45 537
12 46 407
12 47 354
12 48 649
12 49 921
12 50 611
12 51 181
12 52 411
12 53 798
12 54 308
12 55 430
12 56 459
12 57 338
12 58 394
12 59 183
12 60 175
12 61 308
12 62 573
12 63 519
12 64 317
12 65 557
12 66 519
12 67 792
12 68 84
12 69 261
12 70 530
12 71 550
12 72 636
12 73 517
12 74 285
12 75 676
12 76 247
12 77 407
12 78 765
12 79 508
12 80 405
12 81 491
12 82 49
12 83 521
12 84 487
12 85 206
12 86 773
12 87 658
12 88 608
12 89 450
12 90 206
12 91 256
12 92 319
12 93 536
12 94 387
12 95 537
12 96 343
12 97 245
12 98 289
12 99 582
12 100 719
13 1 256
13 2 719
13 3 228
13 4 921
13 5 401
13 6 327
13 7 577
13 8 471
13 9 919
13 10 840
13 11 722
13 12 692
13 14 784
13 15 939
13 16 397
13 17 114
13 18 502
13 19 543
13 20 429
13 21 165
13 22 485
13 23 940
13 24 679
13 25 85
13 26 328
13 27 596
13 28 891
13 29 410
13 30 731
13 31 483
13 32 126
13 33 453
13 34 660
13 35 278
13 36 507
13 37 65
13 38 649
13 39 454
13 40 982
13 41 511
13 42 552
13 43 752
13 44 472
13 45 451
13 46 1003
13 47 446
13 48 360
13 49 351
13 50 487
13 51 736
13 52 680
13 53 358
13 54 559
13 55 1058
13 56 656
13 57 860
13 58 553
13 59 713
13 60 825
13 61 513
13 62 873
13 63 915
13 64 422
13 65 823
13 66 387
13 67 300
13 68 742
13 69 678
13 70 201
13 71 144
13 72 185
13 73 175
13 74 534
13 75 614
13 76 822
13 77 326
13 78 285
13 79 203
13 80 475
13 81 303
13 82 677
13 83 635
13 84 644
13 85 829
13 86 566
13 87 436
13 88 534
13 89 379
13 90 549
13 91 866
13 92 911
13 93 157
13 94 1060
13 95 497
13 96 981
13 97 650
13 98 404
13 99 234
13 100 493
14 1 794
14 2 269
14 3 574
14 4 686
14 5 962
14 6 916
14 7 213
14 8 820
14 9 500
14 10 385
14 11 187
14 12 430
14 13 784
14 15 596
14 16 534
14 17 727
14 18 556
14 19 364
14 20 424
14 21 682
14 22 457
14 23 164
14 24 189
14 25 774
14 26 598
14 27 1008
14 28 577
14 29 678
14 30 581
14 31 325
14 32 659
14 33 651
14 34 184
14 35 547
14 36 989
14 37 848
14 38 300
14 39 445
14 40 655
14 41 349
14 42 259
14 43 718
14 44 360
14 45 380
14 46 798
14 47 344
14 48 530
14 49 845
14 50 410
14 51 256
14 52 107
14 53 681
14 54 689
14 55 792
14 56 860
14 57 178
14 58 770
14 59 248
14 60 574
14 61 667
14 62 144
14 63 133
14 64 394
14 65 132
14 66 818
14 67 711
14 68 505
14 69 682
14 70 719
14 71 678
14 72 634
14 73 644
14 74 278
14 75 1038
14 76 243
14 77 651
14 78 690
14 79 588
14 80 310
14 81 744
14 82 474
14 83 910
14 84 182
14 85 305
14 86 1100
14 87 961
14 88 372
14 89 407
14 90 322
14 91 663
14 92 724
14 93 658
14 94 695
14 95 880
14 96 712
14 97 660
14 98 482
14 99 570
14 100 1032
15 1 1096
15 2 351
15 3 843
15 4 122
15 5 849
15 6 850
15 7 652
15 8 639
15 9 103
15 10 211
15 11 761
15 12 262
15 13 939
15 14 596
15 16 938
15 17 956
15 18 443
15 19 847
15 20 540
15 21 776
15 22 461
15 23 580
15 24 740
15 25 877
15 26 614
15 27 759
15 28 49
15 29 574
15 30 225
15 31 560
15 32 839
15 33 523
15 34 721
15 35 858
15 36 802
15 37 988
15 38 841
15 39 878
15 40 61
15 41 804
15 42 531
15 43 306
15 44 532
15 45 788
15 46 215
15 47 612
15 48 908
15 49 1182
15 50 860
15 51 354
15 52 615
15 53 1058
15 54 454
15 55 197
15 56 535
15 57 441
15 58 525
15 59 373
15 60 120
15 61 480
15 62 725
15 63 638
15 64 578
15 65 726
15 66 700
15 67 1053
15 68 198
15 69 342
15 70 762
15 71 796
15 72 896
15 73 765
15 74 534
15 75 784
15 76 355
15 77 631
15 78 1026
15 79 763
15 80 657
15 81 701
15 82 265
15 83 609
15 84 704
15 85 292
15 86 906
15 87 822
15 88 850
15 89 710
15 90 462
15 91 145
15 92 175
15 93 784
15 94 126
15 95 680
15 96 121
15 97 352
15 98 543
15 99 843
15 100 869
16 1 279
16 2 614
16 3 196
16 4 971
16 5 755
16 6 684
16 7 336
16 8 736
16 9 878
16 10 767
16 11 400
16 12 681
16 13 397
16 14 534
16 15 938
16 17 291
16 18 603
16 19 187
16 20 424
16 21 417
16 22 518
16 23 696
16 24 367
16 25 444
16 26 484
16 27 908
16 28 898
16 29 611
16 30 791
16 31 379
16 32 317
16 33 626
16 34 360
16 35 141
16 36 840
16 37 450
16 38 293
16 39 91
16 40 995
16 41 186
16 42 414
16 43 875
16 44 410
16 45 162
16 46 1077
16 47 327
16 48 45
16 49 313
16 50 130
16 51 621
16 52 433
16 53 148
16 54 726
16 55 1108
16 56 881
16 57 675
16 58 766
16 59 597
16 60 853
16 61 680
16 62 570
16 63 647
16 64 373
16 65 517
16 66 677
16 67 186
16 68 759
16 69 806
16 70 482
16 71 391
16 72 215
16 73 380
16 74 407
16 75 933
16 76 682
16 77 527
16 78 171
16 79 313
16 80 286
16 81 575
16 82 693
16 83 891
16 84 355
16 85 718
16 86 923
16 87 779
16 88 177
16 89 233
16 90 477
16 91 924
16 92 984
16 93 378
16 94 1062
16 95 783
16 96 1022
16 97 775
16 98 454
16 99 191
16 100 847
17 1 164
17 2 701
17 3 153
17 4 952
17 5 508
17 6 434
17 7 515
17 8 555
17 9 924
17 10 834
17 11 643
17 12 700
17 13 114
17 14 727
17 15 956
17 16 291
17 18 535
17 19 451
17 20 423
17 21 220
17 22 496
17 23 887
17 24 602
17 25 185
17 26 366
17 27 695
17 28 910
17 29 471
17 30 761
17 31 451
17 32 121
17 33 507
17 34 586
17 35 190
17 36 611
17 37 160
17 38 560
17 39 357
17 40 1004
17 41 425
17 42 517
17 43 801
17 44 453
17 45 369
17 46 1043
17 47 407
17 48 258
17 49 261
17 50 393
17 51 716
17 52 621
17 53 246
17 54 616
17 55 1092
17 56 732
17 57 823
17 58 624
17 59 691
17 60 848
17 61 568
17 62 803
17 63 856
17 64 402
17 65 751
17 66 476
17 67 189
17 68 759
17 69 726
17 70 276
17 71 190
17 72 94
17 73 208
17 74 500
17 75 715
17 76 797
17 77 381
17 78 173
17 79 193
17 80 420
17 81 383
17 82 692
17 83 719
17 84 572
17 85 812
17 86 675
17 87 541
17 88 441
17 89 323
17 90 532
17 91 898
17 92 949
17 93 192
17 94 1080
17 95 588
17 96 1011
17 97 697
17 98 414
17 99 158
17 100 602
18 1 689
18 2 339
18 3 453
18 4 420
18 5 453
18 6 433
18 7 453
18 8 273
18 9 441
18 10 393
18 11 626
18 12 226
18 13 502
18 14 556
18 15 443
18 16 603
18 17 535
18 19 593
18 20 190
18 21 337
18 22 108
18 23 656
18 24 586
18 25 436
18 26 175
18 27 455
18 28 395
18 29 150
18 30 230
18 31 285
18 32 415
18 33 106
18 34 561
18 35 485
18 36 450
18 37 547
18 38 643
18 39 576
18 40 483
18 41 541
18 42 320
18 43 276
18 44 237
18 45 496
18 46 508
18 47 315
18 48 562
18 49 782
18 50 576
18 51 359
18 52 495
18 53 688
18 54 142
18 55 559
18 56 317
18 57 523
18 58 216
18 59 347
18 60 326
18 61 112
18 62 695
18 63 672
18 64 246
18 65 664
18 66 296
18 67 666
18 68 250
18 69 204
18 70 320
18 71 360
18 72 493
18 73 333
18 74 306
18 75 485
18 76 444
18 77 189
18 78 640
18 79 348
18 80 386
18 81 267
18 82 193
18 83 358
18 84 538
18 85 419
18 86 563
18 87 439
18 88 591
18 89 379
18 90 237
18 91 365
18 92 414
18 93 350
18 94 561
18 95 331
18 96 480
18 97 173
18 98 149
18 99 454
18 100 503
19 1 465
19 2 502
19 3 317
19 4 901
19 5 850
19 6 786
19 7 198
19 8 785
19 9 773
19 10 655
19 11 214
19 12 606
19 13 543
19 14 364
19 15 847
19 16 187
19 17 451
19 18 593
19 20 403
19 21 514
19 22 491
19 23 521
19 24 185
19 25 570
19 26 524
19 27 971
19 28 813
19 29 645
19 30 739
19 31 318
19 32 437
19 33 645
19 34 182
19 35 266
19 36 918
19 37 603
19 38 110
19 39 99
19 40 907
19 41 53
19 42 321
19 43 846
19 44 363
19 45 108
19 46 1013
19 47 279
19 48 201
19 49 497
19 50 60
19 51 504
19 52 274
19 53 330
19 54 731
19 55 1032
19 56 900
19 57 522
19 58 788
19 59 481
19 60 780
19 61 690
19 62 384
19 63 467
19 64 347
19 65 332
19 66 744
19 67 373
19 68 689
19 69 785
19 70 573
19 71 494
19 72 361
19 73 472
19 74 323
19 75 999
19 76 548
19 77 576
19 78 357
19 79 400
19 80 211
19 81 646
19 82 630
19 83 924
19 84 183
19 85 594
19 86 1014
19 87 866
19 88 11
19 89 231
19 90 405
19 91 861
19 92 923
19 93 477
19 94 966
19 95 840
19 96 946
19 97 755
19 98 452
19 99 311
19 100 938
20 1 557
20 2 292
20 3 304
20 4 555
20 5 539
20 6 494
20 7 277
20 8 412
20 9 502
20 10 413
20 11 455
20 12 280
20 13 429
20 14 424
20 15 540
20 16 424
20 17 423
20 18 190
20 19 403
20 21 287
20 22 94
20 23 556
20 24 412
20 25 391
20 26 175
20 27 603
20 28 495
20 29 266
20 30 369
20 31 108
20 32 314
20 33 253
20 34 387
20 35 322
20 36 572
20 37 488
20 38 457
20 39 389
20 40 592
20 41 351
20 42 166
20 43 454
20 44 64
20 45 307
20 46 657
20 47 127
20 48 386
20 49 643
20 50 387
20 51 310
20 52 341
20 53 526
20 54 329
20 55 694
20 56 501
20 57 448
20 58 391
20 59 288
20 60 441
20 61 290
20 62 551
20 63 552
20 64 56
20 65 512
20 66 397
20 67 515
20 68 348
20 69 388
20 70 308
20 71 294
20 72 357
20 73 259
20 74 147
20 75 632
20 76 398
20 77 228
20 78 489
20 79 234
20 80 198
20 81 321
20 82 280
20 83 532
20 84 364
20 85 400
20 86 681
20 87 539
20 88 401
20 89 193
20 90 124
20 91 505
20 92 563
20 93 277
20 94 665
20 95 471
20 96 609
20 97 357
20 98 60
20 99 303
20 100 611
21 1 383
21 2 578
21 3 222
21 4 756
21 5 340
21 6 273
21 7 490
21 8 339
21 9 760
21 10 687
21 11 656
21 12 534
21 13 165
21 14 682
21 15 776
21 16 417
21 17 220
21 18 337
21 19 514
21 20 287
21 22 328
21 23 828
21 24 611
21 25 106
21 26 163
21 27 496
21 28 728
21 29 253
21 30 566
21 31 362
21 32 112
21 33 292
21 34 589
21 35 277
21 36 423
21 37 212
21 38 608
21 39 444
21 40 819
21 41 470
21 42 432
21 43 590
21 44 340
21 45 408
21 46 839
21 47 338
21 48 373
21 49 481
21 50 467
21 51 596
21 52 584
21 53 436
21 54 400
21 55 894
21 56 513
21 57 732
21 58 404
21 59 574
21 60 662
21 61 353
21 62 790
21 63 814
21 64 294
21 65 743
21 66 268
21 67 392
21 68 579
21 69 515
21 70 66
21 71 31
21 72 223
21 73 42
21 74 412
21 75 519
21 76 684
21 77 165
21 78 370
21 79 114
21 80 386
21 81 168
21 82 515
21 83 503
21 84 569
21 85 684
21 86 508
21 87 362
21 88 506
21 89 302
21 90 410
21 91 701
21 92 747
21 93 40
21 94 897
21 95 378
21 96 817
21 97 487
21 98 251
21 99 226
21 100 432
22 1 639
22 2 268
22 3 389
22 4 466
22 5 521
22 6 488
22 7 345
22 8 364
22 9 434
22 10 360
22 11 519
22 12 207
22 13 485
22 14 457
22 15 461
22 16 518
22 17 496
22 18 108
22 19 491
22 20 94
22 21 328
22 23 569
22 24 479
22 25 433
22 26 180
22 27 552
22 28 414
22 29 224
22 30 278
22 31 179
22 32 380
22 33 195
22 34 453
22 35 412
22 36 535
22 37 539
22 38 536
22 39 482
22 40 509
22 41 439
22 42 214
22 43 361
22 44 130
22 45 399
22 46 566
22 47 213
22 48 480
22 49 727
22 50 478
22 51 288
22 52 390
22 53 617
22 54 249
22 55 606
22 56 424
22 57 445
22 58 321
22 59 271
22 60 355
22 61 217
22 62 594
22 63 578
22 64 148
22 65 561
22 66 369
22 67 603
22 68 264
22 69 295
22 70 332
22 71 343
22 72 439
22 73 311
22 74 199
22 75 582
22 76 377
22 77 220
22 78 576
22 79 303
22 80 282
22 81 313
22 82 197
22 83 463
22 84 431
22 85 365
22 86 648
22 87 514
22 88 489
22 89 287
22 90 135
22 91 415
22 92 471
22 93 329
22 94 585
22 95 423
22 96 522
22 97 265
22 98 83
22 99 390
22 100 583
23 1 957
23 2 326
23 3 735
23 4 688
23 5 1087
23 6 1048
23 7 375
23 8 928
23 9 478
23 10 382
23 11 323
23 12 485
23 13 940
23 14 164
23 15 580
23 16 696
23 17 887
23 18 656
23 19 521
23 20 556
23 21 828
23 22 569
23 24 339
23 25 925
23 26 728
23 27 1110
23 28 575
23 29 792
23 30 627
23 31 467
23 32 814
23 33 758
23 34 340
23 35 709
23 36 1103
23 37 1003
23 38 444
23 39 606
23 40 635
23 41 510
23 42 397
23 43 767
23 44 494
23 45 543
23 46 793
23 47 495
23 48 693
23 49 1007
23 50 570
23 51 307
23 52 269
23 53 843
23 54 777
23 55 772
23 56 940
23 57 149
23 58 862
23 59 313
23 60 591
23 61 763
23 62 186
23 63 74
23 64 535
23 65 220
23 66 937
23 67 874
23 68 544
23 69 745
23 70 860
23 71 827
23 72 796
23 73 793
23 74 417
23 75 1140
23 76 245
23 77 779
23 78 853
23 79 741
23 80 469
23 81 873
23 82 533
23 83 997
23 84 342
23 85 303
23 86 1216
23 87 1082
23 88 530
23 89 566
23 90 440
23 91 678
23 92 734
23 93 808
23 94 656
23 95 987
23 96 701
23 97 729
23 98 610
23 99 731
23 100 1151
24 1 641
24 2 391
24 3 454
24 4 814
24 5 927
24 6 871
24 7 136
24 8 822
24 9 653
24 10 534
24 11 46
24 12 529
24 13 679
24 14 189
24 15 740
24 16 367
24 17 602
24 18 586
24 19 185
24 20 412
24 21 611
24 22 479
24 23 339
24 25 688
24 26 571
24 27 1014
24 28 713
24 29 677
24 30 677
24 31 305
24 32 560
24 33 663
24 34 26
24 35 413
24 36 976
24 37 742
24 38 112
24 39 277
24 40 801
24 41 185
24 42 268
24 43 802
24 44 353
24 45 234
24 46 927
24 47 295
24 48 373
24 49 680
24 50 239
24 51 386
24 52 126
24 53 513
24 54 727
24 55 934
24 56 902
24 57 360
24 58 798
24 59 369
24 60 695
24 61 694
24 62 204
24 63 283
24 64 364
24 65 151
24 66 800
24 67 552
24 68 612
24 69 752
24 70 661
24 71 599
24 72 508
24 73 570
24 74 281
24 75 1042
24 76 406
24 77 627
24 78 534
24 79 503
24 80 230
24 81 711
24 82 565
24 83 940
24 84 48
24 85 462
24 86 1081
24 87 936
24 88 194
24 89 310
24 90 357
24 91 782
24 92 845
24 93 579
24 94 850
24 95 881
24 96 849
24 97 725
24 98 470
24 99 449
24 100 1008
25 1 339
25 2 682
25 3 257
25 4 852
25 5 325
25 6 251
25 7 576
25 8 386
25 9 864
25 10 792
25 11 732
25 12 638
25 13 85
25 14 774
25 15 877
25 16 444
25 17 185
25 18 436
25 19 570
25 20 391
25 21 106
25 22 433
25 23 925
25 24 688
25 26 263
25 27 513
25 28 829
25 29 332
25 30 664
25 31 459
25 32 134
25 33 378
25 34 668
25 35 312
25 36 427
25 37 113
25 38 672
25 39 489
25 40 918
25 41 532
25 42 530
25 43 676
25 44 441
25 45 470
25 46 930
25 47 431
25 48 404
25 49 435
25 50 518
25 51 700
25 52 674
25 53 428
25 54 482
25 55 988
25 56 572
25 57 833
25 58 471
25 59 678
25 60 761
25 61 436
25 62 875
25 63 907
25 64 394
25 65 827
25 66 302
25 67 373
25 68 681
25 69 602
25 70 122
25 71 99
25 72 231
25 73 133
25 74 511
25 75 532
25 76 788
25 77 253
25 78 356
25 79 188
25 80 471
25 81 220
25 82 618
25 83 550
25 84 650
25 85 789
25 86 492
25 87 357
25 88 562
25 89 380
25 90 514
25 91 796
25 92 839
25 93 118
25 94 997
25 95 412
25 96 913
25 97 575
25 98 356
25 99 263
25 100 418
26 1 525
26 2 444
26 3 307
26 4 594
26 5 365
26 6 320
26 7 438
26 8 262
26 9 603
26 10 537
26 11 616
26 12 377
26 13 328
26 14 598
26 15 614
26 16 484
26 17 366
26 18 175
26 19 524
26 20 175
26 21 163
26 22 180
26 23 728
26 24 571
26 25 263
26 27 450
26 28 566
26 29 127
26 30 404
26 31 277
26 32 246
26 33 147
26 34 547
26 35 351
26 36 406
26 37 374
26 38 598
26 39 480
26 40 656
26 41 473
26 42 340
26 43 435
26 44 238
26 45 417
26 46 679
26 47 277
26 48 440
26 49 621
26 50 491
26 51 464
26 52 513
26 53 544
26 54 255
26 55 732
26 56 398
26 57 614
26 58 283
26 59 445
26 60 499
26 61 207
26 62 723
26 63 726
26 64 211
26 65 682
26 66 229
26 67 514
26 68 418
26 69 361
26 70 154
26 71 186
26 72 337
26 73 160
26 74 320
26 75 477
26 76 553
26 77 56
26 78 488
26 79 190
26 80 343
26 81 146
26 82 355
26 83 408
26 84 525
26 85 544
26 86 511
26 87 367
26 88 519
26 89 293
26 90 290
26 91 539
26 92 586
26 93 177
26 94 734
26 95 317
26 96 654
26 97 331
26 98 119
26 99 310
26 100 440
27 1 851
27 2 788
27 3 715
27 4 668
27 5 217
27 6 282
27 7 879
27 8 192
27 9 808
27 10 806
27 11 1057
27 12 647
27 13 596
27 14 1008
27 15 759
27 16 908
27 17 695
27 18 455
27 19 971
27 20 603
27 21 496
27 22 552
27 23 1110
27 24 1014
27 25 513
27 26 450
27 28 717
27 29 337
27 30 554
27 31 710
27 32 606
27 33 358
27 34 989
27 35 768
27 36 101
27 37 593
27 38 1047
27 39 921
27 40 766
27 41 922
27 42 761
27 43 455
27 44 664
27 45 864
27 46 685
27 47 721
27 48 864
27 49 947
27 50 936
27 51 808
27 52 939
27 53 930
27 54 340
27 55 761
27 56 227
27 57 973
27 58 254
27 59 799
27 60 649
27 61 348
27 62 1145
27 63 1126
27 64 651
27 65 1111
27 66 232
27 67 881
27 68 625
27 69 421
27 70 431
27 71 526
27 72 718
27 73 530
27 74 744
27 75 30
27 76 888
27 77 396
27 78 861
27 79 596
27 80 790
27 81 334
27 82 601
27 83 154
27 84 966
27 85 853
27 86 158
27 87 173
27 88 966
27 89 741
27 90 687
27 91 621
27 92 626
27 93 535
27 94 838
27 95 133
27 96 722
27 97 420
27 98 544
27 99 719
27 100 158
28 1 1051
28 2 323
28 3 799
28 4 114
28 5 803
28 6 802
28 7 620
28 8 593
28 9 110
28 10 196
28 11 737
28 12 219
28 13 891
28 14 577
28 15 49
28 16 898
28 17 910
28 18 395
28 19 813
28 20 495
28 21 728
28 22 414
28 23 575
28 24 713
28 25 829
28 26 566
28 27 717
28 29 526
28 30 177
28 31 520
28 32 792
28 33 475
28 34 694
28 35 814
28 36 758
28 37 940
28 38 812
28 39 840
28 40 98
28 41 768
28 42 495
28 43 268
28 44 491
28 45 751
28 46 222
28 47 572
28 48 867
28 49 1138
28 50 824
28 51 329
28 52 589
28 53 1016
28 54 408
28 55 221
28 56 496
28 57 431
28 58 481
28 59 345
28 60 73
28 61 432
28 62 710
28 63 629
28 64 535
28 65 708
28 66 653
28 67 1010
28 68 151
28 69 299
28 70 714
28 71 748
28 72 851
28 73 718
28 74 497
28 75 743
28 76 341
28 77 582
28 78 983
28 79 717
28 80 619
28 81 653
28 82 218
28 83 569
28 84 676
28 85 278
28 86 863
28 87 776
28 88 816
28 89 668
28 90 422
28 91 117
28 92 162
28 93 736
28 94 171
28 95 635
28 96 137
28 97 306
28 98 497
28 99 798
28 100 824
29 1 634
29 2 483
29 3 431
29 4 530
29 5 304
29 6 284
29 7 542
29 8 146
29 9 584
29 10 542
29 11 720
29 12 375
29 13 410
29 14 678
29 15 574
29 16 611
29 17 471
29 18 150
29 19 645
29 20 266
29 21 253
29 22 224
29 23 792
29 24 677
29 25 332
29 26 127
29 27 337
29 28 526
29 30 351
29 31 373
29 32 355
29 33 52
29 34 652
29 35 477
29 36 312
29 37 444
29 38 714
29 39 606
29 40 606
29 41 594
29 42 426
29 43 344
29 44 328
29 45 540
29 46 601
29 47 386
29 48 567
29 49 731
29 50 616
29 51 503
29 52 604
29 53 667
29 54 150
29 55 662
29 56 272
29 57 665
29 58 158
29 59 489
29 60 455
29 61 105
29 62 812
29 63 801
29 64 315
29 65 776
29 66 148
29 67 632
29 68 389
29 69 271
29 70 211
29 71 282
29 72 455
29 73 266
29 74 408
29 75 366
29 76 590
29 77 91
29 78 607
29 79 311
29 80 455
29 81 128
29 82 339
29 83 282
29 84 629
29 85 568
29 86 424
29 87 293
29 88 641
29 89 416
29 90 357
29 91 475
29 92 513
29 93 280
29 94 686
29 95 205
29 96 592
29 97 246
29 98 207
29 99 434
29 100 360
30 1 911
30 2 314
30 3 665
30 4 192
30 5 627
30 6 626
30 7 561
30 8 418
30 9 255
30 10 266
30 11 709
30 12 152
30 13 731
30 14 581
30 15 225
30 16 791
30 17 761
30 18 230
30 19 739
30 20 369
30 21 566
30 22 278
30 23 627
30 24 677
30 25 664
30 26 404
30 27 554
30 28 177
30 29 351
30 31 424
30 32 641
30 33 300
30 34 654
30 35 690
30 36 587
30 37 776
30 38 760
30 39 746
30 40 256
30 41 689
30 42 422
30 43 141
30 44 384
30 45 659
30 46 289
30 47 471
30 48 755
30 49 1002
30 50 737
30 51 329
30 52 560
30 53 894
30 54 232
30 55 332
30 56 342
30 57 478
30 58 308
30 59 333
30 60 105
30 61 256
30 62 724
30 63 665
30 64 418
30 65 709
30 66 476
30 67 880
30 68 83
30 69 135
30 70 546
30 71 589
30 72 712
30 73 561
30 74 417
30 75 581
30 76 383
30 77 413
30 78 853
30 79 571
30 80 531
30 81 479
30 82 112
30 83 412
30 84 633
30 85 331
30 86 694
30 87 601
30 88 739
30 89 558
30 90 335
30 91 138
30 92 194
30 93 579
30 94 336
30 95 462
30 96 251
30 97 134
30 98 354
30 99 666
30 100 651
31 1 563
31 2 254
31 3 310
31 4 596
31 5 641
31 6 592
31 7 170
31 8 519
31 9 503
31 10 398
31 11 348
31 12 303
31 13 483
31 14 325
31 15 560
31 16 379
31 17 451
31 18 285
31 19 318
31 20 108
31 21 362
31 22 179
31 23 467
31 24 305
31 25 459
31 26 277
31 27 710
31 28 520
31 29 373
31 30 424
31 32 359
31 33 358
31 34 280
31 35 309
31 36 678
31 37 545
31 38 358
31 39 324
31 40 617
31 41 267
31 42 71
31 43 529
31 44 49
31 45 236
31 46 705
31 47 53
31 48 349
31 49 639
31 50 313
31 51 266
31 52 237
31 53 502
31 54 426
31 55 732
31 56 601
31 57 378
31 58 494
31 59 242
31 60 477
31 61 391
31 62 447
31 63 456
31 64 69
31 65 406
31 66 503
31 67 505
31 68 383
31 69 469
31 70 395
31 71 361
31 72 370
31 73 327
31 74 52
31 75 739
31 76 346
31 77 332
31 78 478
31 79 281
31 80 108
31 81 422
31 82 320
31 83 636
31 84 258
31 85 365
31 86 786
31 87 644
31 88 317
31 89 153
31 90 99
31 91 552
31 92 613
31 93 342
31 94 684
31 95 578
31 96 646
31 97 440
31 98 167
31 99 308
31 100 715
32 1 280
32 2 600
32 3 124
32 4 833
32 5 439
32 6 368
32 7 454
32 8 450
32 9 812
32 10 726
32 11 603
32 12 585
32 13 126
32 14 659
32 15 839
32 16 317
32 17 121
32 18 415
32 19 437
32 20 314
32 21 112
32 22 380
32 23 814
32 24 560
32 25 134
32 26 246
32 27 606
32 28 792
32 29 355
32 30 641
32 31 359
32 33 389
32 34 540
32 35 180
32 36 530
32 37 189
32 38 539
32 39 356
32 40 886
32 41 399
32 42 428
32 43 681
32 44 351
32 45 338
32 46 923
32 47 321
32 48 274
32 49 376
32 50 384
32 51 616
32 52 556
32 53 325
32 54 498
32 55 972
32 56 621
32 57 736
32 58 510
32 59 592
32 60 730
32 61 450
32 62 751
32 63 791
32 64 301
32 65 702
32 66 379
32 67 281
32 68 642
32 69 606
32 70 176
32 71 82
32 72 112
32 73 89
32 74 410
32 75 629
32 76 700
32 77 264
32 78 258
32 79 81
32 80 350
32 81 279
32 82 575
32 83 614
32 84 523
32 85 710
32 86 608
32 87 466
32 88 428
32 89 255
32 90 429
32 91 778
32 92 829
32 93 77
32 94 963
32 95 490
32 96 892
32 97 577
32 98 297
32 99 130
32 100 533
33 1 668
33 2 443
33 3 454
33 4 480
33 5 349
33 6 334
33 7 528
33 8 171
33 9 534
33 10 495
33 11 705
33 12 327
33 13 453
33 14 651
33 15 523
33 16 626
33 17 507
33 18 106
33 19 645
33 20 253
33 21 292
33 22 195
33 23 758
33 24 663
33 25 378
33 26 147
33 27 358
33 28 475
33 29 52
33 30 300
33 31 358
33 32 389
33 34 638
33 35 496
33 36 346
33 37 490
33 38 708
33 39 614
33 40 555
33 41 594
33 42 405
33 43 299
33 44 311
33 45 543
33 46 554
33 47 377
33 48 583
33 49 764
33 50 620
33 51 464
33 52 583
33 53 691
33 54 110
33 55 613
33 56 258
33 57 627
33 58 143
33 59 451
33 60 403
33 61 62
33 62 787
33 63 770
33 64 305
33 65 754
33 66 192
33 67 660
33 68 339
33 69 225
33 70 256
33 71 320
33 72 483
33 73 300
33 74 388
33 75 388
33 76 549
33 77 128
33 78 635
33 79 337
33 80 448
33 81 179
33 82 290
33 83 281
33 84 615
33 85 524
33 86 459
33 87 334
33 88 642
33 89 419
33 90 329
33 91 425
33 92 464
33 93 315
33 94 635
33 95 230
33 96 542
33 97 199
33 98 196
33 99 457
33 100 398
34 1 631
34 2 371
34 3 437
34 4 793
34 5 904
34 6 848
34 7 111
34 8 798
34 9 636
34 10 517
34 11 70
34 12 507
34 13 660
34 14 184
34 15 721
34 16 360
34 17 586
34 18 561
34 19 182
34 20 387
34 21 589
34 22 453
34 23 340
34 24 26
34 25 668
34 26 547
34 27 989
34 28 694
34 29 652
34 30 654
34 31 280
34 32 540
34 33 638
34 35 398
34 36 952
34 37 724
34 38 124
34 39 270
34 40 782
34 41 175
34 42 243
34 43 778
34 44 328
34 45 220
34 46 906
34 47 270
34 48 363
34 49 673
34 50 232
34 51 367
34 52 109
34 53 507
34 54 702
34 55 914
34 56 877
34 57 351
34 58 773
34 59 349
34 60 673
34 61 669
34 62 217
34 63 288
34 64 339
34 65 165
34 66 776
34 67 543
34 68 590
34 69 727
34 70 638
34 71 577
34 72 492
34 73 548
34 74 256
34 75 1018
34 76 392
34 77 602
34 78 524
34 79 482
34 80 207
34 81 687
34 82 542
34 83 915
34 84 23
34 85 446
34 86 1057
34 87 912
34 88 191
34 89 289
34 90 333
34 91 760
34 92 823
34 93 558
34 94 832
34 95 856
34 96 830
34 97 701
34 98 446
34 99 432
34 100 984
35 1 257
35 2 561
35 3 57
35 4 876
35 5 615
35 6 545
35 7 335
35 8 597
35 9 809
35 10 707
35 11 454
35 12 597
35 13 278
35 14 547
35 15 858
35 16 141
35 17 190
35 18 485
35 19 266
35 20 322
35 21 277
35 22 412
35 23 709
35 24 413
35 25 312
35 26 351
35 27 768
35 28 814
35 29 477
35 30 690
35 31 309
35 32 180
35 33 496
35 34 398
35 36 699
35 37 338
35 38 373
35 39 178
35 40 911
35 41 236
35 42 363
35 43 761
35 44 327
35 45 180
35 46 978
35 47 258
35 48 97
35 49 330
35 50 209
35 51 572
35 52 441
35 53 205
35 54 600
35 55 1016
35 56 748
35 57 659
35 58 633
35 59 547
35 60 762
35 61 553
35 62 615
35 63 673
35 64 281
35 65 563
35 66 537
35 67 197
35 68 669
35 69 689
35 70 342
35 71 251
35 72 97
35 73 239
35 74 351
35 75 792
35 76 646
35 77 390
35 78 170
35 79 172
35 80 248
35 81 434
35 82 601
35 83 754
35 84 385
35 85 671
35 86 784
35 87 639
35 88 256
35 89 159
35 90 403
35 91 826
35 92 883
35 93 237
35 94 983
35 95 644
35 96 931
35 97 658
35 98 339
35 99 51
35 100 708
36 1 763
36 2 788
36 3 644
36 4 722
36 5 117
36 6 185
36 7 843
36 8 178
36 9 840
36 10 825
36 11 1021
36 12 660
36 13 507
36 14 989
36 15 802
36 16 840
36 17 611
36 18 450
36 19 918
36 20 572
36 21 423
36 22 535
36 23 1103
36 24 976
36 25 427
36 26 406
36 27 101
36 28 758
36 29 312
36 30 587
36 31 678
36 32 530
36 33 346
36 34 952
36 35 699
36 37 499
36 38 1000
36 39 859
36 40 817
36 41 869
36 42 735
36 43 507
36 44 635
36 45 810
36 46 752
36 47 682
36 48 795
36 49 857
36 50 878
36 51 808
36 52 912
36 53 850
36 54 359
36 55 826
36 56 291
36 57 972
36 58 279
36 59 796
36 60 687
36 61 353
36 62 1121
36 63 1112
36 64 614
36 65 1083
36 66 177
36 67 798
36 68 650
36 69 461
36 70 358
36 71 451
36 72 641
36 73 460
36 74 717
36 75 111
36 76 893
36 77 350
36 78 779
36 79 530
36 80 748
36 81 272
36 82 617
36 83 225
36 84 930
36 85 863
36 86 114
36 87 74
36 88 912
36 89 690
36 90 669
36 91 672
36 92 685
36 93 463
36 94 892
36 95 125
36 96 779
36 97 453
36 98 512
36 99 649
36 100 70
37 1 274
37 2 779
37 3 290
37 4 964
37 5 388
37 6 315
37 7 641
37 8 486
37 9 972
37 10 896
37 11 784
37 12 745
37 13 65
37 14 848
37 15 988
37 16 450
37 17 160
37 18 547
37 19 603
37 20 488
37 21 212
37 22 539
37 23 1003
37 24 742
37 25 113
37 26 374
37 27 593
37 28 940
37 29 444
37 30 776
37 31 545
37 32 189
37 33 490
37 34 724
37 35 338
37 36 499
37 38 710
37 39 512
37 40 1029
37 41 572
37 42 615
37 43 787
37 44 533
37 45 513
37 46 1043
37 47 510
37 48 415
37 49 363
37 50 546
37 51 796
37 52 744
37 53 396
37 54 593
37 55 1100
37 56 675
37 57 922
37 58 578
37 59 773
37 60 873
37 61 548
37 62 937
37 63 979
37 64 484
37 65 887
37 66 400
37 67 334
37 68 791
37 69 714
37 70 234
37 71 196
37 72 243
37 73 230
37 74 596
37 75 609
37 76 882
37 77 365
37 78 324
37 79 265
37 80 539
37 81 327
37 82 727
37 83 647
37 84 708
37 85 888
37 86 547
37 87 426
37 88 594
37 89 443
37 90 609
37 91 908
37 92 952
37 93 212
37 94 1108
37 95 505
37 96 1025
37 97 688
37 98 459
37 99 295
37 100 478
38 1 572
38 2 491
38 3 422
38 4 908
38 5 940
38 6 878
38 7 200
38 8 858
38 9 758
38 10 638
38 11 122
38 12 617
38 13 649
38 14 300
38 15 841
38 16 293
38 17 560
38 18 643
38 19 110
38 20 457
38 21 608
38 22 536
38 23 444
38 24 112
38 25 672
38 26 598
38 27 1047
38 28 812
38 29 714
38 30 760
38 31 358
38 32 539
38 33 708
38 34 124
38 35 373
38 36 1000
38 37 710
38 39 208
38 40 902
38 41 140
38 42 340
38 43 879
38 44 407
38 45 202
38 46 1021
38 47 332
38 48 310
38 49 599
38 50 169
38 51 488
38 52 232
38 53 432
38 54 784
38 55 1032
38 56 957
38 57 472
38 58 848
38 59 469
38 60 788
38 61 747
38 62 288
38 63 383
38 64 403
38 65 238
38 66 825
38 67 478
38 68 701
38 69 823
38 70 665
38 71 591
38 72 468
38 73 566
38 74 348
38 75 1075
38 76 515
38 77 653
38 78 464
38 79 495
38 80 261
38 81 729
38 82 649
38 83 988
38 84 138
38 85 569
38 86 1100
38 87 953
38 88 120
38 89 312
38 90 430
38 91 873
38 92 936
38 93 573
38 94 954
38 95 915
38 96 947
38 97 794
38 98 512
38 99 416
38 100 1025
39 1 367
39 2 544
39 3 233
39 4 920
39 5 784
39 6 716
39 7 253
39 8 740
39 9 812
39 10 698
39 11 310
39 12 626
39 13 454
39 14 445
39 15 878
39 16 91
39 17 357
39 18 576
39 19 99
39 20 389
39 21 444
39 22 482
39 23 606
39 24 277
39 25 489
39 26 480
39 27 921
39 28 840
39 29 606
39 30 746
39 31 324
39 32 356
39 33 614
39 34 270
39 35 178
39 36 859
39 37 512
39 38 208
39 40 936
39 41 97
39 42 348
39 43 842
39 44 363
39 45 90
39 46 1029
39 47 276
39 48 103
39 49 403
39 50 40
39 51 549
39 52 347
39 53 237
39 54 708
39 55 1055
39 56 871
39 57 591
39 58 756
39 59 525
39 60 800
39 61 664
39 62 480
39 63 557
39 64 334
39 65 427
39 66 690
39 67 276
39 68 707
39 69 776
39 70 506
39 71 421
39 72 270
39 73 403
39 74 344
39 75 947
39 76 605
39 77 528
39 78 259
39 79 332
39 80 222
39 81 589
39 82 643
39 83 888
39 84 265
39 85 645
39 86 950
39 87 804
39 88 89
39 89 198
39 90 420
39 91 876
39 92 937
39 93 405
39 94 1000
39 95 791
39 96 968
39 97 745
39 98 428
39 99 227
39 100 874
40 1 1147
40 2 411
40 3 895
40 4 102
40 5 871
40 6 876
40 7 712
40 8 659
40 9 159
40 10 271
40 11 822
40 12 316
40 13 982
40 14 655
40 15 61
40 16 995
40 17 1004
40 18 483
40 19 907
40 20 592
40 21 819
40 22 509
40 23 635
40 24 801
40 25 918
40 26 656
40 27 766
40 28 98
40 29 606
40 30 256
40 31 617
40 32 886
40 33 555
40 34 782
40 35 911
40 36 817
40 37 1029
40 38 902
40 39 936
40 41 863
40 42 590
40 43 312
40 44 588
40 45 847
40 46 167
40 47 668
40 48 964
40 49 1234
40 50 919
40 51 415
40 52 676
40 53 1113
40 54 478
40 55 139
40 56 540
40 57 499
40 58 543
40 59 433
40 60 157
40 61 508
40 62 783
40 63 695
40 64 632
40 65 785
40 66 725
40 67 1106
40 68 246
40 69 359
40 70 801
40 71 839
40 72 947
40 73 810
40 74 592
40 75 790
40 76 414
40 77 669
40 78 1080
40 79 812
40 80 715
40 81 734
40 82 314
40 83 614
40 84 765
40 85 351
40 86 918
40 87 841
40 88 910
40 89 765
40 90 519
40 91 146
40 92 153
40 93 828
40 94 80
40 95 697
40 96 73
40 97 373
40 98 591
40 99 895
40 100 885
41 1 457
41 2 462
41 3 283
41 4 854
41 5 804
41 6 741
41 7 162
41 8 735
41 9 732
41 10 616
41 11 222
41 12 559
41 13 511
41 14 349
41 15 804
41 16 186
41 17 425
41 18 541
41 19 53
41 20 351
41 21 470
41 22 439
41 23 510
41 24 185
41 25 532
41 26 473
41 27 922
41 28 768
41 29 594
41 30 689
41 31 267
41 32 399
41 33 594
41 34 175
41 35 236
41 36 869
41 37 572
41 38 140
41 39 97
41 40 863
41 42 275
41 43 795
41 44 312
41 45 63
41 46 966
41 47 227
41 48 189
41 49 499
41 50 63
41 51 465
41 52 251
41 53 334
41 54 678
41 55 986
41 56 848
41 57 497
41 58 736
41 59 442
41 60 733
41 61 638
41 62 389
41 63 462
41 64 295
41 65 336
41 66 695
41 67 368
41 68 642
41 69 733
41 70 528
41 71 452
41 72 332
41 73 428
41 74 275
41 75 949
41 76 515
41 77 526
41 78 350
41 79 356
41 80 160
41 81 598
41 82 582
41 83 873
41 84 169
41 85 558
41 86 967
41 87 819
41 88 51
41 89 181
41 90 356
41 91 813
41 92 875
41 93 434
41 94 924
41 95 790
41 96 900
41 97 703
41 98 400
41 99 277
41 100 891
42 1 620
42 2 201
42 3 371
42 4 581
42 5 704
42 6 658
42 7 141
42 8 571
42 9 465
42 10 353
42 11 307
42 12 285
42 13 552
42 14 259
42 15 531
42 16 414
42 17 517
42 18 320
42 19 321
42 20 166
42 21 432
42 22 214
42 23 397
42 24 268
42 25 530
42 26 340
42 27 761
42 28 495
42 29 426
42 30 422
42 31 71
42 32 428
42 33 405
42 34 243
42 35 363
42 36 735
42 37 615
42 38 340
42 39 348
42 40 590
42 41 275
42 43 540
42 44 102
42 45 259
42 46 692
42 47 110
42 48 390
42 49 691
42 50 330
42 51 211
42 52 179
42 53 547
42 54 461
42 55 712
42 56 636
42 57 309
42 58 534
42 59 186
42 60 460
42 61 430
42 62 387
42 63 389
42 64 138
42 65 350
42 66 562
42 67 556
42 68 369
42 69 486
42 70 464
42 71 432
42 72 432
42 73 397
42 74 20
42 75 791
42 76 284
42 77 393
42 78 530
42 79 350
42 80 128
42 81 485
42 82 312
42 83 677
42 84 221
42 85 309
42 86 845
42 87 704
42 88 323
42 89 205
42 90 91
42 91 541
42 92 603
42 93 413
42 94 653
42 95 630
42 96 626
42 97 458
42 98 224
42 99 368
42 100 776
43 1 959
43 2 452
43 3 728
43 4 216
43 5 569
43 6 584
43 7 680
43 8 359
43 9 369
43 10 402
43 11 837
43 12 289
43 13 752
43 14 718
43 15 306
43 16 875
43 17 801
43 18 276
43 19 846
43 20 454
43 21 590
43 22 361
43 23 767
43 24 802
43 25 676
43 26 435
43 27 455
43 28 268
43 29 344
43 30 141
43 31 529
43 32 681
43 33 299
43 34 778
43 35 761
43 36 507
43 37 787
43 38 879
43 39 842
43 40 312
43 41 795
43 42 540
43 44 484
43 45 758
43 46 261
43 47 570
43 48 836
43 49 1054
43 50 837
43 51 468
43 52 690
43 53 964
43 54 196
43 55 329
43 56 230
43 57 618
43 58 241
43 59 471
43 60 207
43 61 240
43 62 862
43 63 806
43 64 508
43 65 844
43 66 434
43 67 941
43 68 224
43 69 75
43 70 554
43 71 616
43 72 766
43 73 594
43 74 532
43 75 479
43 76 524
43 77 426
43 78 915
43 79 620
43 80 636
43 81 467
43 82 245
43 83 304
43 84 757
43 85 471
43 86 606
43 87 536
43 88 845
43 89 647
43 90 450
43 91 167
43 92 181
43 93 610
43 94 386
43 95 389
43 96 273
43 97 105
43 98 423
43 99 729
43 100 575
44 1 575
44 2 250
44 3 320
44 4 561
44 5 602
44 6 557
44 7 218
44 8 473
44 9 483
44 10 384
44 11 395
44 12 272
44 13 472
44 14 360
44 15 532
44 16 410
44 17 453
44 18 237
44 19 363
44 20 64
44 21 340
44 22 130
44 23 494
44 24 353
44 25 441
44 26 238
44 27 664
44 28 491
44 29 328
44 30 384
44 31 49
44 32 351
44 33 311
44 34 328
44 35 327
44 36 635
44 37 533
44 38 407
44 39 363
44 40 588
44 41 312
44 42 102
44 43 484
44 45 276
44 46 668
44 47 87
44 48 377
44 49 655
44 50 355
44 51 265
44 52 278
44 53 526
44 54 378
44 55 699
44 56 552
44 57 393
44 58 446
44 59 241
44 60 443
44 61 343
44 62 487
44 63 489
44 64 52
44 65 449
44 66 461
44 67 523
44 68 349
44 69 422
44 70 367
44 71 343
44 72 378
44 73 308
44 74 83
44 75 693
44 76 350
44 77 292
44 78 497
44 79 271
44 80 153
44 81 384
44 82 283
44 83 588
44 84 305
44 85 361
44 86 744
44 87 603
44 88 362
44 89 179
44 90 80
44 91 515
44 92 575
44 93 325
44 94 657
44 95 532
44 96 612
44 97 393
44 98 124
44 99 318
44 100 675
45 1 415
45 2 456
45 3 223
45 4 831
45 5 743
45 6 679
45 7 175
45 8 679
45 9 723
45 10 610
45 11 275
45 12 537
45 13 451
45 14 380
45 15 788
45 16 162
45 17 369
45 18 496
45 19 108
45 20 307
45 21 408
45 22 399
45 23 543
45 24 234
45 25 470
45 26 417
45 27 864
45 28 751
45 29 540
45 30 659
45 31 236
45 32 338
45 33 543
45 34 220
45 35 180
45 36 810
45 37 513
45 38 202
45 39 90
45 40 847
45 41 63
45 42 259
45 43 758
45 44 276
45 46 940
45 47 189
45 48 151
45 49 466
45 50 80
45 51 462
45 52 277
45 53 306
45 54 632
45 55 966
45 56 799
45 57 514
45 58 685
45 59 438
45 60 711
45 61 589
45 62 437
45 63 501
45 64 251
45 65 384
45 66 637
45 67 332
45 68 618
45 69 693
45 70 466
45 71 390
45 72 275
45 73 366
45 74 255
45 75 891
45 76 521
45 77 469
45 78 310
45 79 294
45 80 133
45 81 538
45 82 555
45 83 820
45 84 209
45 85 558
45 86 906
45 87 759
45 88 102
45 89 124
45 90 331
45 91 787
45 92 849
45 93 372
45 94 911
45 95 733
45 96 879
45 97 663
45 98 352
45 99 218
45 100 831
46 1 1196
46 2 538
46 3 953
46 4 114
46 5 824
46 6 844
46 7 825
46 8 616
46 9 317
46 10 417
46 11 953
46 12 407
46 13 1003
46 14 798
46 15 215
46 16 1077
46 17 1043
46 18 508
46 19 1013
46 20 657
46 21 839
46 22 566
46 23 793
46 24 927
46 25 930
46 26 679
46 27 685
46 28 222
46 29 601
46 30 289
46 31 705
46 32 923
46 33 554
46 34 906
46 35 978
46 36 752
46 37 1043
46 38 1021
46 39 1029
46 40 167
46 41 966
46 42 692
46 43 261
46 44 668
46 45 940
46 47 754
46 48 1042
46 49 1288
46 50 1017
46 51 547
46 52 804
46 53 1182
46 54 456
46 55 78
46 56 462
46 57 652
46 58 499
46 59 561
46 60 234
46 61 497
46 62 932
46 63 849
46 64 705
46 65 929
46 66 694
46 67 1167
46 68 324
46 69 331
46 70 809
46 71 864
46 72 998
46 73 839
46 74 691
46 75 705
46 76 562
46 77 679
46 78 1141
46 79 855
46 80 810
46 81 726
46 82 386
46 83 533
46 84 888
46 85 499
46 86 842
46 87 789
46 88 1014
46 89 844
46 90 611
46 91 154
46 92 95
46 93 856
46 94 195
46 95 642
46 96 95
46 97 356
46 98 642
46 99 954
46 100 821
47 1 513
47 2 304
47 3 262
47 4 646
47 5 636
47 6 583
47 7 162
47 8 531
47 9 556
47 10 450
47 11 339
47 12 354
47 13 446
47 14 344
47 15 612
47 16 327
47 17 407
47 18 315
47 19 279
47 20 127
47 21 338
47 22 213
47 23 495
47 24 295
47 25 431
47 26 277
47 27 721
47 28 572
47 29 386
47 30 471
47 31 53
47 32 321
47 33 377
47 34 270
47 35 258
47 36 682
47 37 510
47 38 332
47 39 276
47 40 668
47 41 227
47 42 110
47 43 570
47 44 87
47 45 189
47 46 754
47 48 296
47 49 587
47 50 268
47 51 315
47 52 247
47 53 450
47 54 455
47 55 783
47 56 627
47 57 417
47 58 517
47 59 290
47 60 527
47 61 416
47 62 455
47 63 477
47 64 72
47 65 411
47 66 506
47 67 453
47 68 433
47 69 507
47 70 379
47 71 334
47 72 323
47 73 300
47 74 94
47 75 750
47 76 392
47 77 333
47 78 427
47 79 246
47 80 72
47 81 419
47 82 369
47 83 657
47 84 248
47 85 414
47 86 788
47 87 643
47 88 277
47 89 100
47 90 151
47 91 601
47 92 661
47 93 314
47 94 736
47 95 588
47 96 696
47 97 477
47 98 181
47 99 259
47 100 715
48 1 269
48 2 591
48 3 153
48 4 937
48 5 711
48 6 641
48 7 325
48 8 691
48 9 851
48 10 742
48 11 408
48 12 649
48 13 360
48 14 530
48 15 908
48 16 45
48 17 258
48 18 562
48 19 201
48 20 386
48 21 373
48 22 480
48 23 693
48 24 373
48 25 404
48 26 440
48 27 864
48 28 867
48 29 567
48 30 755
48 31 349
48 32 274
48 33 583
48 34 363
48 35 97
48 36 795
48 37 415
48 38 310
48 39 103
48 40 964
48 41 189
48 42 390
48 43 836
48 44 377
48 45 151
48 46 1042
48 47 296
48 49 316
48 50 141
48 51 599
48 52 427
48 53 159
48 54 684
48 55 1075
48 56 838
48 57 663
48 58 722
48 59 574
48 60 819
48 61 638
48 62 577
48 63 648
48 64 337
48 65 523
48 66 633
48 67 182
48 68 725
48 69 766
48 70 438
48 71 347
48 72 176
48 73 336
48 74 381
48 75 889
48 76 664
48 77 483
48 78 162
48 79 268
48 80 263
48 81 530
48 82 659
48 83 847
48 84 355
48 85 697
48 86 880
48 87 735
48 88 191
48 89 199
48 90 447
48 91 889
48 92 948
48 93 334
48 94 1032
48 95 739
48 96 989
48 97 735
48 98 414
48 99 148
48 100 804
49 1 98
49 2 890
49 3 340
49 4 1192
49 5 748
49 6 674
49 7 640
49 8 814
49 9 1138
49 10 1036
49 11 710
49 12 921
49 13 351
49 14 845
49 15 1182
49 16 313
49 17 261
49 18 782
49 19 497
49 20 643
49 21 481
49 22 727
49 23 1007
49 24 680
49 25 435
49 26 621
49 27 947
49 28 1138
49 29 731
49 30 1002
49 31 639
49 32 376
49 33 764
49 34 673
49 35 330
49 36 857
49 37 363
49 38 599
49 39 403
49 40 1234
49 41 499
49 42 691
49 43 1054
49 44 655
49 45 466
49 46 1288
49 47 587
49 48 316
49 50 442
49 51 901
49 52 742
49 53 168
49 54 873
49 55 1332
49 56 993
49 57 976
49 58 884
49 59 876
49 60 1082
49 61 825
49 62 881
49 63 960
49 64 607
49 65 828
49 66 734
49 67 137
49 68 990
49 69 980
49 70 536
49 71 451
49 72 290
49 73 465
49 74 679
49 75 964
49 76 972
49 77 640
49 78 162
49 79 435
49 80 570
49 81 643
49 82 922
49 83 979
49 84 667
49 85 1000
49 86 909
49 87 785
49 88 487
49 89 488
49 90 732
49 91 1140
49 92 1193
49 93 451
49 94 1308
49 95 845
49 96 1249
49 97 950
49 98 648
49 99 340
49 100 839
50 1 406
50 2 521
50 3 262
50 4 907
50 5 806
50 6 739
50 7 224
50 8 752
50 9 791
50 10 675
50 11 271
50 12 611
50 13 487
50 14 410
50 15 860
50 16 130
50 17 393
50 18 576
50 19 60
50 20 387
50 21 467
50 22 478
50 23 570
50 24 239
50 25 518
50 26 491
50 27 936
50 28 824
50 29 616
50 30 737
50 31 313
50 32 384
50 33 620
50 34 232
50 35 209
50 36 878
50 37 546
50 38 169
50 39 40
50 40 919
50 41 63
50 42 330
50 43 837
50 44 355
50 45 80
50 46 1017
50 47 268
50 48 141
50 49 442
50 51 525
50 52 313
50 53 275
50 54 711
50 55 1040
50 56 877
50 57 560
50 58 763
50 59 502
50 60 786
50 61 668
50 62 441
50 63 519
50 64 331
50 65 388
50 66 706
50 67 315
50 68 693
50 69 773
50 70 528
50 71 445
50 72 303
50 73 426
50 74 328
50 75 962
50 76 577
50 77 541
50 78 298
50 79 353
50 80 208
50 81 606
50 82 632
50 83 897
50 84 229
50 85 619
50 86 971
50 87 824
50 88 50
50 89 201
50 90 407
50 91 864
50 92 925
50 93 429
50 94 981
50 95 805
50 96 954
50 97 743
50 98 431
50 99 256
50 100 895
51 1 828
51 2 21
51 3 576
51 4 433
51 5 806
51 6 775
51 7 306
51 8 631
51 9 271
51 10 152
51 11 408
51 12 181
51 13 736
51 14 256
51 15 354
51 16 621
51 17 716
51 18 359
51 19 504
51 20 310
51 21 596
51 22 288
51 23 307
51 24 386
51 25 700
51 26 464
51 27 808
51 28 329
51 29 503
51 30 329
51 31 266
51 32 616
51 33 464
51 34 367
51 35 572
51 36 808
51 37 796
51 38 488
51 39 549
51 40 415
51 41 465
51 42 211
51 43 468
51 44 265
51 45 462
51 46 547
51 47 315
51 48 599
51 49 901
51 50 525
51 52 261
51 53 756
51 54 472
51 55 549
51 56 633
51 57 165
51 58 558
51 59 26
51 60 319
51 61 462
51 62 397
51 63 338
51 64 316
51 65 386
51 66 651
51 67 766
51 68 251
51 69 441
51 70 611
51 71 603
51 72 636
51 73 568
51 74 222
51 75 838
51 76 90
51 77 507
51 78 740
51 79 536
51 80 336
51 81 600
51 82 228
51 83 691
51 84 351
51 85 99
51 86 922
51 87 795
51 88 508
51 89 414
51 90 188
51 91 408
51 92 470
51 93 585
51 94 467
51 95 689
51 96 465
51 97 423
51 98 350
51 99 574
51 100 861
52 1 689
52 2 267
52 3 468
52 4 690
52 5 877
52 6 827
52 7 107
52 8 749
52 9 528
52 10 409
52 11 150
52 12 411
52 13 680
52 14 107
52 15 615
52 16 433
52 17 621
52 18 495
52 19 274
52 20 341
52 21 584
52 22 390
52 23 269
52 24 126
52 25 674
52 26 513
52 27 939
52 28 589
52 29 604
52 30 560
52 31 237
52 32 556
52 33 583
52 34 109
52 35 441
52 36 912
52 37 744
52 38 232
52 39 347
52 40 676
52 41 251
52 42 179
52 43 690
52 44 278
52 45 277
52 46 804
52 47 247
52 48 427
52 49 742
52 50 313
52 51 261
52 53 580
52 54 634
52 55 809
52 56 809
52 57 249
52 58 710
52 59 244
52 60 572
52 61 606
52 62 211
52 63 236
52 64 304
52 65 172
52 66 738
52 67 608
52 68 493
52 69 645
52 70 625
52 71 578
52 72 529
52 73 546
52 74 196
52 75 969
52 76 284
52 77 568
52 78 586
52 79 487
52 80 206
52 81 658
52 82 449
52 83 852
52 84 96
52 85 337
52 86 1022
52 87 879
52 88 281
52 89 302
52 90 259
52 91 660
52 92 723
52 93 558
52 94 725
52 95 808
52 96 725
52 97 620
52 98 401
52 99 464
52 100 951
53 1 157
53 2 748
53 3 238
53 4 1080
53 5 751
53 6 678
53 7 481
53 8 774
53 9 1005
53 10 898
53 11 543
53 12 798
53 13 358
53 14 681
53 15 1058
53 16 148
53 17 246
53 18 688
53 19 330
53 20 526
53 21 436
53 22 617
53 23 843
53 24 513
53 25 428
53 26 544
53 27 930
53 28 1016
53 29 667
53 30 894
53 31 502
53 32 325
53 33 691
53 34 507
53 35 205
53 36 850
53 37 396
53 38 432
53 39 237
53 40 1113
53 41 334
53 42 547
53 43 964
53 44 526
53 45 306
53 46 1182
53 47 450
53 48 159
53 49 168
53 50 275
53 51 756
53 52 580
53 54 798
53 55 1220
53 56 938
53 57 819
53 58 824
53 59 732
53 60 965
53 61 750
53 62 714
53 63 794
53 64 482
53 65 661
53 66 703
53 67 65
53 68 871
53 69 891
53 70 500
53 71 406
53 72 215
53 73 408
53 74 537
53 75 951
53 76 822
53 77 577
53 78 74
53 79 356
53 80 421
53 81 603
53 82 804
53 83 936
53 84 502
53 85 855
53 86 919
53 87 782
53 88 320
53 89 350
53 90 599
53 91 1031
53 92 1088
53 93 399
53 94 1183
53 95 814
53 96 1134
53 97 861
53 98 544
53 99 236
53 100 845
54 1 777
54 2 452
54 3 560
54 4 393
54 5 396
54 6 399
54 7 594
54 8 186
54 9 483
54 10 468
54 11 767
54 12 308
54 13 559
54 14 689
54 15 454
54 16 726
54 17 616
54 18 142
54 19 731
54 20 329
54 21 400
54 22 249
54 23 777
54 24 727
54 25 482
54 26 255
54 27 340
54 28 408
54 29 150
54 30 232
54 31 426
54 32 498
54 33 110
54 34 702
54 35 600
54 36 359
54 37 593
54 38 784
54 39 708
54 40 478
54 41 678
54 42 461
54 43 196
54 44 378
54 45 632
54 46 456
54 47 455
54 48 684
54 49 873
54 50 711
54 51 472
54 52 634
54 53 798
54 55 520
54 56 176
54 57 636
54 58 87
54 59 464
54 60 335
54 61 49
54 62 830
54 63 799
54 64 384
54 65 802
54 66 248
54 67 768
54 68 292
54 69 126
54 70 360
54 71 428
54 72 592
54 73 409
54 74 447
54 75 369
54 76 550
54 77 236
54 78 743
54 79 445
54 80 525
54 81 271
54 82 262
54 83 222
54 84 679
54 85 513
54 86 470
54 87 369
54 88 728
54 89 511
54 90 375
54 91 338
54 92 370
54 93 424
54 94 556
54 95 234
54 96 454
54 97 106
54 98 281
54 99 562
54 100 422
55 1 1241
55 2 543
55 3 994
55 4 141
55 5 896
55 6 913
55 7 840
55 8 686
55 9 297
55 10 408
55 11 956
55 12 430
55 13 1058
55 14 792
55 15 197
55 16 1108
55 17 1092
55 18 559
55 19 1032
55 20 694
55 21 894
55 22 606
55 23 772
55 24 934
55 25 988
55 26 732
55 27 761
55 28 221
55 29 662
55 30 332
55 31 732
55 32 972
55 33 613
55 34 914
55 35 1016
55 36 826
55 37 1100
55 38 1032
55 39 1055
55 40 139
55 41 986
55 42 712
55 43 329
55 44 699
55 45 966
55 46 78
55 47 783
55 48 1075
55 49 1332
55 50 1040
55 51 549
55 52 809
55 53 1220
55 54 520
55 56 537
55 57 637
55 58 569
55 59 566
55 60 256
55 61 558
55 62 921
55 63 832
55 64 739
55 65 923
55 66 762
55 67 1208
55 68 350
55 69 394
55 70 867
55 71 917
55 72 1042
55 73 891
55 74 713
55 75 782
55 76 552
55 77 735
55 78 1181
55 79 902
55 80 834
55 81 789
55 82 416
55 83 609
55 84 897
55 85 489
55 86 918
55 87 861
55 88 1034
55 89 876
55 90 635
55 91 194
55 92 150
55 93 908
55 94 135
55 95 714
55 96 87
55 97 417
55 98 685
55 99 995
55 100 895
56 1 895
56 2 614
56 3 703
56 4 441
56 5 375
56 6 410
56 7 769
56 8 191
56 9 591
56 10 604
56 11 943
56 12 459
56 13 656
56 14 860
56 15 535
56 16 881
56 17 732
56 18 317
56 19 900
56 20 501
56 21 513
56 22 424
56 23 940
56 24 902
56 25 572
56 26 398
56 27 227
56 28 496
56 29 272
56 30 342
56 31 601
56 32 621
56 33 258
56 34 877
56 35 748
56 36 291
56 37 675
56 38 957
56 39 871
56 40 540
56 41 848
56 42 636
56 43 230
56 44 552
56 45 799
56 46 462
56 47 627
56 48 838
56 49 993
56 50 877
56 51 633
56 52 809
56 53 938
56 54 176
56 55 537
56 57 795
56 58 116
56 59 629
56 60 430
56 61 211
56 62 1003
56 63 966
56 64 556
56 65 976
56 66 278
56 67 901
56 68 420
56 69 207
56 70 459
56 71 544
56 72 725
56 73 533
56 74 622
56 75 250
56 76 705
56 77 361
56 78 877
56 79 583
56 80 698
56 81 353
56 82 411
56 83 74
56 84 854
56 85 661
56 86 382
56 87 336
56 88 897
56 89 676
56 90 550
56 91 396
56 92 400
56 93 545
56 94 611
56 95 192
56 96 495
56 97 215
56 98 449
56 99 706
56 100 361
57 1 914
57 2 185
57 3 674
57 4 544
57 5 965
57 6 931
57 7 340
57 8 795
57 9 341
57 10 237
57 11 364
57 12 338
57 13 860
57 14 178
57 15 441
57 16 675
57 17 823
57 18 523
57 19 522
57 20 448
57 21 732
57 22 445
57 23 149
57 24 360
57 25 833
57 26 614
57 27 973
57 28 431
57 29 665
57 30 478
57 31 378
57 32 736
57 33 627
57 34 351
57 35 659
57 36 972
57 37 922
57 38 472
57 39 591
57 40 499
57 41 497
57 42 309
57 43 618
57 44 393
57 45 514
57 46 652
57 47 417
57 48 663
57 49 976
57 50 560
57 51 165
57 52 249
57 53 819
57 54 636
57 55 637
57 56 795
57 58 722
57 59 176
57 60 444
57 61 626
57 62 287
57 63 198
57 64 440
57 65 297
57 66 811
57 67 841
57 68 396
57 69 598
57 70 756
57 71 735
57 72 736
57 73 701
57 74 326
57 75 1002
57 76 96
57 77 662
57 78 817
57 79 658
57 80 411
57 81 755
57 82 386
57 83 855
57 84 343
57 85 155
57 86 1085
57 87 956
57 88 529
57 89 504
57 90 326
57 91 531
57 92 588
57 93 717
57 94 529
57 95 853
57 96 561
57 97 582
57 98 497
57 99 671
57 100 1023
58 1 787
58 2 537
58 3 588
58 4 452
58 5 329
58 6 345
58 7 664
58 8 118
58 9 563
58 10 553
58 11 839
58 12 394
58 13 553
58 14 770
58 15 525
58 16 766
58 17 624
58 18 216
58 19 788
58 20 391
58 21 404
58 22 321
58 23 862
58 24 798
58 25 471
58 26 283
58 27 254
58 28 481
58 29 158
58 30 308
58 31 494
58 32 510
58 33 143
58 34 773
58 35 633
58 36 279
58 37 578
58 38 848
58 39 756
58 40 543
58 41 736
58 42 534
58 43 241
58 44 446
58 45 685
58 46 499
58 47 517
58 48 722
58 49 884
58 50 763
58 51 558
58 52 710
58 53 824
58 54 87
58 55 569
58 56 116
58 57 722
58 59 549
58 60 409
58 61 105
58 62 910
58 63 882
58 64 445
58 65 880
58 66 197
58 67 788
58 68 374
58 69 185
58 70 354
58 71 434
58 72 612
58 73 421
58 74 519
58 75 283
58 76 636
58 77 248
58 78 764
58 79 468
58 80 588
58 81 252
58 82 348
58 83 143
58 84 750
58 85 599
58 86 387
58 87 298
58 88 784
58 89 562
58 90 452
58 91 400
58 92 421
58 93 434
58 94 620
58 95 155
58 96 511
58 97 175
58 98 337
58 99 591
58 100 344
59 1 803
59 2 23
59 3 551
59 4 447
59 5 790
59 6 758
59 7 284
59 8 619
59 9 292
59 10 175
59 11 393
59 12 183
59 13 713
59 14 248
59 15 373
59 16 597
59 17 691
59 18 347
59 19 481
59 20 288
59 21 574
59 22 271
59 23 313
59 24 369
59 25 678
59 26 445
59 27 799
59 28 345
59 29 489
59 30 333
59 31 242
59 32 592
59 33 451
59 34 349
59 35 547
59 36 796
59 37 773
59 38 469
59 39 525
59 40 433
59 41 442
59 42 186
59 43 471
59 44 241
59 45 438
59 46 561
59 47 290
59 48 574
59 49 876
59 50 502
59 51 26
59 52 244
59 53 732
59 54 464
59 55 566
59 56 629
59 57 176
59 58 549
59 60 331
59 61 452
59 62 391
59 63 339
59 64 292
59 65 377
59 66 636
59 67 741
59 68 257
59 69 440
59 70 591
59 71 581
59 72 611
59 73 546
59 74 197
59 75 828
59 76 111
59 77 490
59 78 715
59 79 512
59 80 312
59 81 583
59 82 228
59 83 685
59 84 332
59 85 124
59 86 909
59 87 781
59 88 485
59 89 389
59 90 165
59 91 419
59 92 482
59 93 563
59 94 487
59 95 677
59 96 481
59 97 420
59 98 329
59 99 549
59 100 848
60 1 993
60 2 309
60 3 743
60 4 122
60 5 731
60 6 730
60 7 591
60 8 521
60 9 163
60 10 211
60 11 722
60 12 175
60 13 825
60 14 574
60 15 120
60 16 853
60 17 848
60 18 326
60 19 780
60 20 441
60 21 662
60 22 355
60 23 591
60 24 695
60 25 761
60 26 499
60 27 649
60 28 73
60 29 455
60 30 105
60 31 477
60 32 730
60 33 403
60 34 673
60 35 762
60 36 687
60 37 873
60 38 788
60 39 800
60 40 157
60 41 733
60 42 460
60 43 207
60 44 443
60 45 711
60 46 234
60 47 527
60 48 819
60 49 1082
60 50 786
60 51 319
60 52 572
60 53 965
60 54 335
60 55 256
60 56 430
60 57 444
60 58 409
60 59 331
60 61 360
60 62 712
60 63 640
60 64 484
60 65 704
60 66 580
60 67 956
60 68 95
60 69 229
60 70 645
60 71 683
60 72 793
60 73 653
60 74 459
60 75 675
60 76 349
60 77 513
60 78 929
60 79 656
60 80 579
60 81 582
60 82 162
60 83 502
60 84 654
60 85 289
60 86 794
60 87 704
60 88 782
60 89 621
60 90 380
60 91 90
60 92 152
60 93 671
60 94 236
60 95 564
60 96 170
60 97 235
60 98 436
60 99 743
60 100 753
61 1 729
61 2 441
61 3 512
61 4 428
61 5 375
61 6 371
61 7 560
61 8 175
61 9 500
61 10 474
61 11 736
61 12 308
61 13 513
61 14 667
61 15 480
61 16 680
61 17 568
61 18 112
61 19 690
61 20 290
61 21 353
61 22 217
61 23 763
61 24 694
61 25 436
61 26 207
61 27 348
61 28 432
61 29 105
61 30 256
61 31 391
61 32 450
61 33 62
61 34 669
61 35 553
61 36 353
61 37 548
61 38 747
61 39 664
61 40 508
61 41 638
61 42 430
61 43 240
61 44 343
61 45 589
61 46 497
61 47 416
61 48 638
61 49 825
61 50 668
61 51 462
61 52 606
61 53 750
61 54 49
61 55 558
61 56 211
61 57 626
61 58 105
61 59 452
61 60 360
61 62 806
61 63 781
61 64 345
61 65 776
61 66 222
61 67 720
61 68 305
61 69 167
61 70 315
61 71 381
61 72 543
61 73 361
61 74 415
61 75 377
61 76 543
61 77 189
61 78 694
61 79 396
61 80 487
61 81 231
61 82 266
61 83 247
61 84 646
61 85 511
61 86 465
61 87 354
61 88 687
61 89 468
61 90 348
61 91 373
61 92 409
61 93 376
61 94 587
61 95 230
61 96 490
61 97 142
61 98 239
61 99 515
61 100 412
62 1 844
62 2 411
62 3 652
62 4 821
62 5 1087
62 6 1037
62 7 300
62 8 956
62 9 626
62 10 516
62 11 171
62 12 573
62 13 873
62 14 144
62 15 725
62 16 570
62 17 803
62 18 695
62 19 384
62 20 551
62 21 790
62 22 594
62 23 186
62 24 204
62 25 875
62 26 723
62 27 1145
62 28 710
62 29 812
62 30 724
62 31 447
62 32 751
62 33 787
62 34 217
62 35 615
62 36 1121
62 37 937
62 38 288
62 39 480
62 40 783
62 41 389
62 42 387
62 43 862
62 44 487
62 45 437
62 46 932
62 47 455
62 48 577
62 49 881
62 50 441
62 51 397
62 52 211
62 53 714
62 54 830
62 55 921
62 56 1003
62 57 287
62 58 910
62 59 391
62 60 712
62 61 806
62 63 114
62 64 514
62 65 54
62 66 947
62 67 755
62 68 647
62 69 826
62 70 833
62 71 781
62 72 709
62 73 750
62 74 405
62 75 1175
62 76 371
62 77 778
62 78 737
62 79 687
62 80 405
62 81 868
62 82 618
62 83 1051
62 84 231
62 85 434
62 86 1231
62 87 1089
62 88 394
62 89 497
62 90 460
62 91 802
62 92 862
62 93 762
62 94 816
62 95 1015
62 96 844
62 97 804
62 98 610
62 99 647
62 100 1161
63 1 915
63 2 356
63 3 703
63 4 742
63 5 1089
63 6 1046
63 7 341
63 8 940
63 9 537
63 10 434
63 11 262
63 12 519
63 13 915
63 14 133
63 15 638
63 16 647
63 17 856
63 18 672
63 19 467
63 20 552
63 21 814
63 22 578
63 23 74
63 24 283
63 25 907
63 26 726
63 27 1126
63 28 629
63 29 801
63 30 665
63 31 456
63 32 791
63 33 770
63 34 288
63 35 673
63 36 1112
63 37 979
63 38 383
63 39 557
63 40 695
63 41 462
63 42 389
63 43 806
63 44 489
63 45 501
63 46 849
63 47 477
63 48 648
63 49 960
63 50 519
63 51 338
63 52 236
63 53 794
63 54 799
63 55 832
63 56 966
63 57 198
63 58 882
63 59 339
63 60 640
63 61 781
63 62 114
63 64 525
63 65 151
63 66 943
63 67 829
63 68 585
63 69 778
63 70 851
63 71 810
63 72 763
63 73 777
63 74 408
63 75 1156
63 76 291
63 77 779
63 78 809
63 79 721
63 80 441
63 81 872
63 82 566
63 83 1021
63 84 294
63 85 352
63 86 1224
63 87 1087
63 88 477
63 89 538
63 90 445
63 91 728
63 92 786
63 93 791
63 94 720
63 95 1000
63 96 758
63 97 759
63 98 609
63 99 699
63 100 1158
64 1 525
64 2 301
64 3 270
64 4 600
64 5 573
64 6 524
64 7 229
64 8 460
64 9 532
64 10 435
64 11 408
64 12 317
64 13 422
64 14 394
64 15 578
64 16 373
64 17 402
64 18 246
64 19 347
64 20 56
64 21 294
64 22 148
64 23 535
64 24 364
64 25 394
64 26 211
64 27 651
64 28 535
64 29 315
64 30 418
64 31 69
64 32 301
64 33 305
64 34 339
64 35 281
64 36 614
64 37 484
64 38 403
64 39 334
64 40 632
64 41 295
64 42 138
64 43 508
64 44 52
64 45 251
64 46 705
64 47 72
64 48 337
64 49 607
64 50 331
64 51 316
64 52 304
64 53 482
64 54 384
64 55 739
64 56 556
64 57 440
64 58 445
64 59 292
64 60 484
64 61 345
64 62 514
64 63 525
64 65 473
64 66 438
64 67 476
64 68 390
64 69 443
64 70 326
64 71 296
64 72 327
64 73 261
64 74 119
64 75 679
64 76 400
64 77 266
64 78 450
64 79 221
64 80 143
64 81 355
64 82 323
64 83 585
64 84 316
64 85 412
64 86 721
64 87 578
64 88 345
64 89 141
64 90 131
64 91 552
64 92 611
64 93 277
64 94 703
64 95 518
64 96 653
64 97 412
64 98 109
64 99 269
64 100 650
65 1 791
65 2 398
65 3 601
65 4 817
65 5 1045
65 6 994
65 7 253
65 8 920
65 9 629
65 10 515
65 11 119
65 12 557
65 13 823
65 14 132
65 15 726
65 16 517
65 17 751
65 18 664
65 19 332
65 20 512
65 21 743
65 22 561
65 23 220
65 24 151
65 25 827
65 26 682
65 27 1111
65 28 708
65 29 776
65 30 709
65 31 406
65 32 702
65 33 754
65 34 165
65 35 563
65 36 1083
65 37 887
65 38 238
65 39 427
65 40 785
65 41 336
65 42 350
65 43 844
65 44 449
65 45 384
65 46 929
65 47 411
65 48 523
65 49 828
65 50 388
65 51 386
65 52 172
65 53 661
65 54 802
65 55 923
65 56 976
65 57 297
65 58 880
65 59 377
65 60 704
65 61 776
65 62 54
65 63 151
65 64 473
65 66 909
65 67 702
65 68 634
65 69 804
65 70 788
65 71 734
65 72 657
65 73 703
65 74 368
65 75 1140
65 76 372
65 77 737
65 78 684
65 79 639
65 80 358
65 81 827
65 82 600
65 83 1021
65 84 180
65 85 434
65 86 1192
65 87 1049
65 88 341
65 89 448
65 90 428
65 91 794
65 92 855
65 93 714
65 94 822
65 95 980
65 96 843
65 97 781
65 98 572
65 99 596
65 100 1121
66 1 637
66 2 630
66 3 484
66 4 640
66 5 157
66 6 152
66 7 667
66 8 88
66 9 720
66 10 686
66 11 845
66 12 519
66 13 387
66 14 818
66 15 700
66 16 677
66 17 476
66 18 296
66 19 744
66 20 397
66 21 268
66 22 369
66 23 937
66 24 800
66 25 302
66 26 229
66 27 232
66 28 653
66 29 148
66 30 476
66 31 503
66 32 379
66 33 192
66 34 776
66 35 537
66 36 177
66 37 400
66 38 825
66 39 690
66 40 725
66 41 695
66 42 562
66 43 434
66 44 461
66 45 637
66 46 694
66 47 506
66 48 633
66 49 734
66 50 706
66 51 651
66 52 738
66 53 703
66 54 248
66 55 762
66 56 278
66 57 811
66 58 197
66 59 636
66 60 580
66 61 222
66 62 947
66 63 943
66 64 438
66 65 909
66 67 657
66 68 525
66 69 371
66 70 204
66 71 298
66 72 490
66 73 299
66 74 543
66 75 257
66 76 738
66 77 174
66 78 636
66 79 365
66 80 572
66 81 103
66 82 481
66 83 248
66 84 753
66 85 715
66 86 284
66 87 146
66 88 738
66 89 515
66 90 499
66 91 586
66 92 613
66 93 306
66 94 804
66 95 112
66 96 701
66 97 353
66 98 338
66 99 488
66 100 215
67 1 97
67 2 755
67 3 215
67 4 1068
67 5 697
67 6 623
67 7 505
67 8 731
67 9 1006
67 10 902
67 11 585
67 12 792
67 13 300
67 14 711
67 15 1053
67 16 186
67 17 189
67 18 666
67 19 373
67 20 515
67 21 392
67 22 603
67 23 874
67 24 552
67 25 373
67 26 514
67 27 881
67 28 1010
67 29 632
67 30 880
67 31 505
67 32 281
67 33 660
67 34 543
67 35 197
67 36 798
67 37 334
67 38 478
67 39 276
67 40 1106
67 41 368
67 42 556
67 43 941
67 44 523
67 45 332
67 46 1167
67 47 453
67 48 182
67 49 137
67 50 315
67 51 766
67 52 608
67 53 65
67 54 768
67 55 1208
67 56 901
67 57 841
67 58 788
67 59 741
67 60 956
67 61 720
67 62 755
67 63 829
67 64 476
67 65 702
67 66 657
67 68 863
67 69 868
67 70 454
67 71 362
67 72 177
67 73 368
67 74 544
67 75 902
67 76 836
67 77 541
67 78 27
67 79 324
67 80 434
67 81 559
67 82 795
67 83 895
67 84 536
67 85 865
67 86 864
67 87 729
67 88 362
67 89 353
67 90 599
67 91 1017
67 92 1073
67 93 357
67 94 1179
67 95 769
67 96 1124
67 97 837
67 98 526
67 99 214
67 100 791
68 1 902
68 2 237
68 3 650
68 4 214
68 5 680
68 6 672
68 7 503
68 8 476
68 9 196
68 10 185
68 11 642
68 12 84
68 13 742
68 14 505
68 15 198
68 16 759
68 17 759
68 18 250
68 19 689
68 20 348
68 21 579
68 22 264
68 23 544
68 24 612
68 25 681
68 26 418
68 27 625
68 28 151
68 29 389
68 30 83
68 31 383
68 32 642
68 33 339
68 34 590
68 35 669
68 36 650
68 37 791
68 38 701
68 39 707
68 40 246
68 41 642
68 42 369
68 43 224
68 44 349
68 45 618
68 46 324
68 47 433
68 48 725
68 49 990
68 50 693
68 51 251
68 52 493
68 53 871
68 54 292
68 55 350
68 56 420
68 57 396
68 58 374
68 59 257
68 60 95
68 61 305
68 62 647
68 63 585
68 64 390
68 65 634
68 66 525
68 67 863
68 69 214
68 70 568
68 71 598
68 72 702
68 73 568
68 74 367
68 75 653
68 76 301
68 77 438
68 78 836
68 79 567
68 80 486
68 81 513
68 82 68
68 83 487
68 84 570
68 85 248
68 86 760
68 87 658
68 88 691
68 89 527
68 90 287
68 91 172
68 92 235
68 93 586
68 94 321
68 95 526
68 96 264
68 97 207
68 98 346
68 99 650
68 100 713
69 1 884
69 2 423
69 3 655
69 4 270
69 5 512
69 6 522
69 7 625
69 8 301
69 9 387
69 10 398
69 11 788
69 12 261
69 13 678
69 14 682
69 15 342
69 16 806
69 17 726
69 18 204
69 19 785
69 20 388
69 21 515
69 22 295
69 23 745
69 24 752
69 25 602
69 26 361
69 27 421
69 28 299
69 29 271
69 30 135
69 31 469
69 32 606
69 33 225
69 34 727
69 35 689
69 36 461
69 37 714
69 38 823
69 39 776
69 40 359
69 41 733
69 42 486
69 43 75
69 44 422
69 45 693
69 46 331
69 47 507
69 48 766
69 49 980
69 50 773
69 51 441
69 52 645
69 53 891
69 54 126
69 55 394
69 56 207
69 57 598
69 58 185
69 59 440
69 60 229
69 61 167
69 62 826
69 63 778
69 64 443
69 65 804
69 66 371
69 67 868
69 68 214
69 70 481
69 71 542
69 72 693
69 73 520
69 74 476
69 75 447
69 76 505
69 77 352
69 78 841
69 79 546
69 80 575
69 81 396
69 82 213
69 83 277
69 84 705
69 85 458
69 86 565
69 87 482
69 88 783
69 89 580
69 90 396
69 91 216
69 92 245
69 93 536
69 94 436
69 95 339
69 96 331
69 97 32
69 98 353
69 99 657
69 100 527
70 1 438
70 2 592
70 3 286
70 4 732
70 5 278
70 6 214
70 7 536
70 8 279
70 9 755
70 10 690
70 11 706
70 12 530
70 13 201
70 14 719
70 15 762
70 16 482
70 17 276
70 18 320
70 19 573
70 20 308
70 21 66
70 22 332
70 23 860
70 24 661
70 25 122
70 26 154
70 27 431
70 28 714
70 29 211
70 30 546
70 31 395
70 32 176
70 33 256
70 34 638
70 35 342
70 36 358
70 37 234
70 38 665
70 39 506
70 40 801
70 41 528
70 42 464
70 43 554
70 44 367
70 45 466
70 46 809
70 47 379
70 48 438
70 49 536
70 50 528
70 51 611
70 52 625
70 53 500
70 54 360
70 55 867
70 56 459
70 57 756
70 58 354
70 59 591
70 60 645
70 61 315
70 62 833
70 63 851
70 64 326
70 65 788
70 66 204
70 67 454
70 68 568
70 69 481
70 71 95
70 72 287
70 73 104
70 74 444
70 75 454
70 76 701
70 77 133
70 78 432
70 79 175
70 80 432
70 81 107
70 82 507
70 83 444
70 84 618
70 85 695
70 86 444
70 87 298
70 88 566
70 89 355
70 90 431
70 91 677
70 92 719
70 93 105
70 94 880
70 95 315
70 96 793
70 97 454
70 98 262
70 99 291
70 100 368
71 1 353
71 2 586
71 3 195
71 4 779
71 5 365
71 6 296
71 7 482
71 8 370
71 9 777
71 10 700
71 11 643
71 12 550
71 13 144
71 14 678
71 15 796
71 16 391
71 17 190
71 18 360
71 19 494
71 20 294
71 21 31
71 22 343
71 23 827
71 24 599
71 25 99
71 26 186
71 27 526
71 28 748
71 29 282
71 30 589
71 31 361
71 32 82
71 33 320
71 34 577
71 35 251
71 36 451
71 37 196
71 38 591
71 39 421
71 40 839
71 41 452
71 42 432
71 43 616
71 44 343
71 45 390
71 46 864
71 47 334
71 48 347
71 49 451
71 50 445
71 51 603
71 52 578
71 53 406
71 54 428
71 55 917
71 56 544
71 57 735
71 58 434
71 59 581
71 60 683
71 61 381
71 62 781
71 63 810
71 64 296
71 65 734
71 66 298
71 67 362
71 68 598
71 69 542
71 70 95
71 72 193
71 73 36
71 74 413
71 75 548
71 76 691
71 77 193
71 78 339
71 79 97
71 80 377
71 81 198
71 82 533
71 83 534
71 84 558
71 85 693
71 86 533
71 87 389
71 88 486
71 89 289
71 90 417
71 91 724
71 92 771
71 93 20
71 94 917
71 95 409
71 96 839
71 97 513
71 98 263
71 99 200
71 100 457
72 1 201
72 2 623
72 3 62
72 4 902
72 5 548
72 6 476
72 7 423
72 8 559
72 9 857
72 10 761
72 11 550
72 12 636
72 13 185
72 14 634
72 15 896
72 16 215
72 17 94
72 18 493
72 19 361
72 20 357
72 21 223
72 22 439
72 23 796
72 24 508
72 25 231
72 26 337
72 27 718
72 28 851
72 29 455
72 30 712
72 31 370
72 32 112
72 33 483
72 34 492
72 35 97
72 36 641
72 37 243
72 38 468
72 39 270
72 40 947
72 41 332
72 42 432
72 43 766
72 44 378
72 45 275
72 46 998
72 47 323
72 48 176
72 49 290
72 50 303
72 51 636
72 52 529
72 53 215
72 54 592
72 55 1042
72 56 725
72 57 736
72 58 612
72 59 611
72 60 793
72 61 543
72 62 709
72 63 763
72 64 327
72 65 657
72 66 490
72 67 177
72 68 702
72 69 693
72 70 287
72 71 193
72 73 194
72 74 417
72 75 740
72 76 715
72 77 365
72 78 152
72 79 148
72 80 329
72 81 389
72 82 634
72 83 722
72 84 479
72 85 734
72 86 717
72 87 576
72 88 351
72 89 233
72 90 457
72 91 850
72 92 903
72 93 185
72 94 1021
72 95 600
72 96 959
72 97 662
72 98 358
72 99 66
72 100 642
73 1 368
73 2 551
73 3 185
73 4 752
73 5 381
73 6 314
73 7 451
73 8 366
73 9 744
73 10 666
73 11 615
73 12 517
73 13 175
73 14 644
73 15 765
73 16 380
73 17 208
73 18 333
73 19 472
73 20 259
73 21 42
73 22 311
73 23 793
73 24 570
73 25 133
73 26 160
73 27 530
73 28 718
73 29 266
73 30 561
73 31 327
73 32 89
73 33 300
73 34 548
73 35 239
73 36 460
73 37 230
73 38 566
73 39 403
73 40 810
73 41 428
73 42 397
73 43 594
73 44 308
73 45 366
73 46 839
73 47 300
73 48 336
73 49 465
73 50 426
73 51 568
73 52 546
73 53 408
73 54 409
73 55 891
73 56 533
73 57 701
73 58 421
73 59 546
73 60 653
73 61 361
73 62 750
73 63 777
73 64 261
73 65 703
73 66 299
73 67 368
73 68 568
73 69 520
73 70 104
73 71 36
73 72 194
73 74 378
73 75 554
73 76 656
73 77 175
73 78 344
73 79 73
73 80 346
73 81 198
73 82 502
73 83 528
73 84 529
73 85 659
73 86 547
73 87 401
73 88 465
73 89 261
73 90 382
73 91 697
73 92 746
73 93 19
73 94 888
73 95 409
73 96 812
73 97 490
73 98 230
73 99 190
73 100 471
74 1 606
74 2 212
74 3 356
74 4 580
74 5 685
74 6 638
74 7 150
74 8 553
74 9 471
74 10 361
74 11 321
74 12 285
74 13 534
74 14 278
74 15 534
74 16 407
74 17 500
74 18 306
74 19 323
74 20 147
74 21 412
74 22 199
74 23 417
74 24 281
74 25 511
74 26 320
74 27 744
74 28 497
74 29 408
74 30 417
74 31 52
74 32 410
74 33 388
74 34 256
74 35 351
74 36 717
74 37 596
74 38 348
74 39 344
74 40 592
74 41 275
74 42 20
74 43 532
74 44 83
74 45 255
74 46 691
74 47 94
74 48 381
74 49 679
74 50 328
74 51 222
74 52 196
74 53 537
74 54 447
74 55 713
74 56 622
74 57 326
74 58 519
74 59 197
74 60 459
74 61 415
74 62 405
74 63 408
74 64 119
74 65 368
74 66 543
74 67 544
74 68 367
74 69 476
74 70 444
74 71 413
74 72 417
74 73 378
74 75 773
74 76 298
74 77 374
74 78 518
74 79 332
74 80 123
74 81 466
74 82 308
74 83 662
74 84 233
74 85 321
74 86 827
74 87 685
74 88 324
74 89 192
74 90 83
74 91 539
74 92 601
74 93 393
74 94 657
74 95 613
74 96 626
74 97 448
74 98 206
74 99 353
74 100 757
75 1 870
75 2 817
75 3 738
75 4 691
75 5 227
75 6 295
75 7 908
75 8 221
75 9 834
75 10 834
75 11 1086
75 12 676
75 13 614
75 14 1038
75 15 784
75 16 933
75 17 715
75 18 485
75 19 999
75 20 632
75 21 519
75 22 582
75 23 1140
75 24 1042
75 25 532
75 26 477
75 27 30
75 28 743
75 29 366
75 30 581
75 31 739
75 32 629
75 33 388
75 34 1018
75 35 792
75 36 111
75 37 609
75 38 1075
75 39 947
75 40 790
75 41 949
75 42 791
75 43 479
75 44 693
75 45 891
75 46 705
75 47 750
75 48 889
75 49 964
75 50 962
75 51 838
75 52 969
75 53 951
75 54 369
75 55 782
75 56 250
75 57 1002
75 58 283
75 59 828
75 60 675
75 61 377
75 62 1175
75 63 1156
75 64 679
75 65 1140
75 66 257
75 67 902
75 68 653
75 69 447
75 70 454
75 71 548
75 72 740
75 73 554
75 74 773
75 76 918
75 77 424
75 78 882
75 79 621
75 80 818
75 81 359
75 82 630
75 83 176
75 84 995
75 85 882
75 86 143
75 87 184
75 88 993
75 89 769
75 90 716
75 91 645
75 92 648
75 93 558
75 94 861
75 95 162
75 96 744
75 97 448
75 98 573
75 99 743
75 100 157
76 1 903
76 2 110
76 3 654
76 4 452
76 5 893
76 6 864
76 7 353
76 8 715
76 9 258
76 10 146
76 11 419
76 12 247
76 13 822
76 14 243
76 15 355
76 16 682
76 17 797
76 18 444
76 19 548
76 20 398
76 21 684
76 22 377
76 23 245
76 24 406
76 25 788
76 26 553
76 27 888
76 28 341
76 29 590
76 30 383
76 31 346
76 32 700
76 33 549
76 34 392
76 35 646
76 36 893
76 37 882
76 38 515
76 39 605
76 40 414
76 41 515
76 42 284
76 43 524
76 44 350
76 45 521
76 46 562
76 47 392
76 48 664
76 49 972
76 50 577
76 51 90
76 52 284
76 53 822
76 54 550
76 55 552
76 56 705
76 57 96
76 58 636
76 59 111
76 60 349
76 61 543
76 62 371
76 63 291
76 64 400
76 65 372
76 66 738
76 67 836
76 68 301
76 69 505
76 70 701
76 71 691
76 72 715
76 73 656
76 74 298
76 75 918
76 77 597
76 78 811
76 79 621
76 80 403
76 81 689
76 82 295
76 83 766
76 84 379
76 85 64
76 86 1006
76 87 882
76 88 553
76 89 487
76 90 275
76 91 438
76 92 496
76 93 673
76 94 452
76 95 772
76 96 474
76 97 491
76 98 439
76 99 651
76 100 947
77 1 543
77 2 488
77 3 343
77 4 600
77 5 311
77 6 270
77 7 493
77 8 212
77 9 628
77 10 571
77 11 671
77 12 407
77 13 326
77 14 651
77 15 631
77 16 527
77 17 381
77 18 189
77 19 576
77 20 228
77 21 165
77 22 220
77 23 779
77 24 627
77 25 253
77 26 56
77 27 396
77 28 582
77 29 91
77 30 413
77 31 332
77 32 264
77 33 128
77 34 602
77 35 390
77 36 350
77 37 365
77 38 653
77 39 528
77 40 669
77 41 526
77 42 393
77 43 426
77 44 292
77 45 469
77 46 679
77 47 333
77 48 483
77 49 640
77 50 541
77 51 507
77 52 568
77 53 577
77 54 236
77 55 735
77 56 361
77 57 662
77 58 248
77 59 490
77 60 513
77 61 189
77 62 778
77 63 779
77 64 266
77 65 737
77 66 174
77 67 541
77 68 438
77 69 352
77 70 133
77 71 193
77 72 365
77 73 175
77 74 374
77 75 424
77 76 597
77 78 516
77 79 222
77 80 398
77 81 94
77 82 379
77 83 365
77 84 580
77 85 583
77 86 456
77 87 312
77 88 570
77 89 346
77 90 339
77 91 544
77 92 587
77 93 190
77 94 748
77 95 265
77 96 661
77 97 324
77 98 171
77 99 346
77 100 384
78 1 109
78 2 730
78 3 188
78 4 1041
78 5 680
78 6 606
78 7 483
78 8 708
78 9 979
78 10 876
78 11 568
78 12 765
78 13 285
78 14 690
78 15 1026
78 16 171
78 17 173
78 18 640
78 19 357
78 20 489
78 21 370
78 22 576
78 23 853
78 24 534
78 25 356
78 26 488
78 27 861
78 28 983
78 29 607
78 30 853
78 31 478
78 32 258
78 33 635
78 34 524
78 35 170
78 36 779
78 37 324
78 38 464
78 39 259
78 40 1080
78 41 350
78 42 530
78 43 915
78 44 497
78 45 310
78 46 1141
78 47 427
78 48 162
78 49 162
78 50 298
78 51 740
78 52 586
78 53 74
78 54 743
78 55 1181
78 56 877
78 57 817
78 58 764
78 59 715
78 60 929
78 61 694
78 62 737
78 63 809
78 64 450
78 65 684
78 66 636
78 67 27
78 68 836
78 69 841
78 70 432
78 71 339
78 72 152
78 73 344
78 74 518
78 75 882
78 76 811
78 77 516
78 79 298
78 80 410
78 81 537
78 82 768
78 83 872
78 84 516
78 85 839
78 86 847
78 87 711
78 88 347
78 89 327
78 90 573
78 91 990
78 92 1046
78 93 334
78 94 1152
78 95 747
78 96 1097
78 97 811
78 98 499
78 99 188
78 100 773
79 1 341
79 2 520
79 3 122
79 4 762
79 5 453
79 6 387
79 7 388
79 8 426
79 9 733
79 10 646
79 11 547
79 12 508
79 13 203
79 14 588
79 15 763
79 16 313
79 17 193
79 18 348
79 19 400
79 20 234
79 21 114
79 22 303
79 23 741
79 24 503
79 25 188
79 26 190
79 27 596
79 28 717
79 29 311
79 30 571
79 31 281
79 32 81
79 33 337
79 34 482
79 35 172
79 36 530
79 37 265
79 38 495
79 39 332
79 40 812
79 41 356
79 42 350
79 43 620
79 44 271
79 45 294
79 46 855
79 47 246
79 48 268
79 49 435
79 50 353
79 51 536
79 52 487
79 53 356
79 54 445
79 55 902
79 56 583
79 57 658
79 58 468
79 59 512
79 60 656
79 61 396
79 62 687
79 63 721
79 64 221
79 65 639
79 66 365
79 67 324
79 68 567
79 69 546
79 70 175
79 71 97
79 72 148
79 73 73
79 74 332
79 75 621
79 76 621
79 77 222
79 78 298
79 80 283
79 81 263
79 82 500
79 83 584
79 84 463
79 85 630
79 86 619
79 87 473
79 88 392
79 89 193
79 90 349
79 91 708
79 92 760
79 93 78
79 94 888
79 95 472
79 96 820
79 97 516
79 98 221
79 99 126
79 100 543
80 1 505
80 2 328
80 3 268
80 4 700
80 5 697
80 6 642
80 7 106
80 8 600
80 9 592
80 10 481
80 11 276
80 12 405
80 13 475
80 14 310
80 15 657
80 16 286
80 17 420
80 18 386
80 19 211
80 20 198
80 21 386
80 22 282
80 23 469
80 24 230
80 25 471
80 26 343
80 27 790
80 28 619
80 29 455
80 30 531
80 31 108
80 32 350
80 33 448
80 34 207
80 35 248
80 36 748
80 37 539
80 38 261
80 39 222
80 40 715
80 41 160
80 42 128
80 43 636
80 44 153
80 45 133
80 46 810
80 47 72
80 48 263
80 49 570
80 50 208
80 51 336
80 52 206
80 53 421
80 54 525
80 55 834
80 56 698
80 57 411
80 58 588
80 59 312
80 60 579
80 61 487
80 62 405
80 63 441
80 64 143
80 65 358
80 66 572
80 67 434
80 68 486
80 69 575
80 70 432
80 71 377
80 72 329
80 73 346
80 74 123
80 75 818
80 76 403
80 77 398
80 78 410
80 79 283
80 81 481
80 82 425
80 83 728
80 84 186
80 85 434
80 86 852
80 87 706
80 88 210
80 89 98
80 90 200
80 91 657
80 92 718
80 93 357
80 94 779
80 95 657
80 96 747
80 97 545
80 98 252
80 99 264
80 100 779
81 1 545
81 2 580
81 3 382
81 4 658
81 5 219
81 6 176
81 7 580
81 8 173
81 9 707
81 10 657
81 11 756
81 12 491
81 13 303
81 14 744
81 15 701
81 16 575
81 17 383
81 18 267
81 19 646
81 20 321
81 21 168
81 22 313
81 23 873
81 24 711
81 25 220
81 26 146
81 27 334
81 28 653
81 29 128
81 30 479
81 31 422
81 32 279
81 33 179
81 34 687
81 35 434
81 36 272
81 37 327
81 38 729
81 39 589
81 40 734
81 41 598
81 42 485
81 43 467
81 44 384
81 45 538
81 46 726
81 47 419
81 48 530
81 49 643
81 50 606
81 51 600
81 52 658
81 53 603
81 54 271
81 55 789
81 56 353
81 57 755
81 58 252
81 59 583
81 60 582
81 61 231
81 62 868
81 63 872
81 64 355
81 65 827
81 66 103
81 67 559
81 68 513
81 69 396
81 70 107
81 71 198
81 72 389
81 73 198
81 74 466
81 75 359
81 76 689
81 77 94
81 78 537
81 79 263
81 80 481
81 82 459
81 83 337
81 84 665
81 85 674
81 86 372
81 87 225
81 88 640
81 89 419
81 90 433
81 91 602
81 92 639
81 93 205
81 94 814
81 95 212
81 96 719
81 97 372
81 98 264
81 99 386
81 100 298
82 1 834
82 2 210
82 3 583
82 4 278
82 5 637
82 6 623
82 7 449
82 8 440
82 9 249
82 10 208
82 11 597
82 12 49
82 13 677
82 14 474
82 15 265
82 16 693
82 17 692
82 18 193
82 19 630
82 20 280
82 21 515
82 22 197
82 23 533
82 24 565
82 25 618
82 26 355
82 27 601
82 28 218
82 29 339
82 30 112
82 31 320
82 32 575
82 33 290
82 34 542
82 35 601
82 36 617
82 37 727
82 38 649
82 39 643
82 40 314
82 41 582
82 42 312
82 43 245
82 44 283
82 45 555
82 46 386
82 47 369
82 48 659
82 49 922
82 50 632
82 51 228
82 52 449
82 53 804
82 54 262
82 55 416
82 56 411
82 57 386
82 58 348
82 59 228
82 60 162
82 61 266
82 62 618
82 63 566
82 64 323
82 65 600
82 66 481
82 67 795
82 68 68
82 69 213
82 70 507
82 71 533
82 72 634
82 73 502
82 74 308
82 75 630
82 76 295
82 77 379
82 78 768
82 79 500
82 80 425
82 81 459
82 83 473
82 84 521
82 85 253
82 86 729
82 87 618
82 88 631
82 89 461
82 90 226
82 91 233
82 92 294
82 93 521
82 94 389
82 95 493
82 96 331
82 97 197
82 98 279
82 99 582
82 100 677
83 1 882
83 2 672
83 3 705
83 4 515
83 5 319
83 6 363
83 7 805
83 8 165
83 9 663
83 10 671
83 11 982
83 12 521
83 13 635
83 14 910
83 15 609
83 16 891
83 17 719
83 18 358
83 19 924
83 20 532
83 21 503
83 22 463
83 23 997
83 24 940
83 25 550
83 26 408
83 27 154
83 28 569
83 29 282
83 30 412
83 31 636
83 32 614
83 33 281
83 34 915
83 35 754
83 36 225
83 37 647
83 38 988
83 39 888
83 40 614
83 41 873
83 42 677
83 43 304
83 44 588
83 45 820
83 46 533
83 47 657
83 48 847
83 49 979
83 50 897
83 51 691
83 52 852
83 53 936
83 54 222
83 55 609
83 56 74
83 57 855
83 58 143
83 59 685
83 60 502
83 61 247
83 62 1051
83 63 1021
83 64 585
83 65 1021
83 66 248
83 67 895
83 68 487
83 69 277
83 70 444
83 71 534
83 72 722
83 73 528
83 74 662
83 75 176
83 76 766
83 77 365
83 78 872
83 79 584
83 80 728
83 81 337
83 82 473
83 84 892
83 85 725
83 86 309
83 87 277
83 88 920
83 89 696
83 90 594
83 91 470
83 92 473
83 93 538
83 94 685
83 95 145
83 96 569
83 97 282
83 98 476
83 99 709
83 100 293
84 1 622
84 2 354
84 3 422
84 4 774
84 5 882
84 6 827
84 7 88
84 8 775
84 9 620
84 10 501
84 11 92
84 12 487
84 13 644
84 14 182
84 15 704
84 16 355
84 17 572
84 18 538
84 19 183
84 20 364
84 21 569
84 22 431
84 23 342
84 24 48
84 25 650
84 26 525
84 27 966
84 28 676
84 29 629
84 30 633
84 31 258
84 32 523
84 33 615
84 34 23
84 35 385
84 36 930
84 37 708
84 38 138
84 39 265
84 40 765
84 41 169
84 42 221
84 43 757
84 44 305
84 45 209
84 46 888
84 47 248
84 48 355
84 49 667
84 50 229
84 51 351
84 52 96
84 53 502
84 54 679
84 55 897
84 56 854
84 57 343
84 58 750
84 59 332
84 60 654
84 61 646
84 62 231
84 63 294
84 64 316
84 65 180
84 66 753
84 67 536
84 68 570
84 69 705
84 70 618
84 71 558
84 72 479
84 73 529
84 74 233
84 75 995
84 76 379
84 77 580
84 78 516
84 79 463
84 80 186
84 81 665
84 82 521
84 83 892
84 85 432
84 86 1035
84 87 890
84 88 191
84 89 271
84 90 310
84 91 741
84 92 804
84 93 539
84 94 817
84 95 833
84 96 812
84 97 678
84 98 423
84 99 417
84 100 962
85 1 927
85 2 112
85 3 674
85 4 390
85 5 871
85 6 847
85 7 397
85 8 685
85 9 196
85 10 83
85 11 477
85 12 206
85 13 829
85 14 305
85 15 292
85 16 718
85 17 812
85 18 419
85 19 594
85 20 400
85 21 684
85 22 365
85 23 303
85 24 462
85 25 789
85 26 544
85 27 853
85 28 278
85 29 568
85 30 331
85 31 365
85 32 710
85 33 524
85 34 446
85 35 671
85 36 863
85 37 888
85 38 569
85 39 645
85 40 351
85 41 558
85 42 309
85 43 471
85 44 361
85 45 558
85 46 499
85 47 414
85 48 697
85 49 1000
85 50 619
85 51 99
85 52 337
85 53 855
85 54 513
85 55 489
85 56 661
85 57 155
85 58 599
85 59 124
85 60 289
85 61 511
85 62 434
85 63 352
85 64 412
85 65 434
85 66 715
85 67 865
85 68 248
85 69 458
85 70 695
85 71 693
85 72 734
85 73 659
85 74 321
85 75 882
85 76 64
85 77 583
85 78 839
85 79 630
85 80 434
85 81 674
85 82 253
85 83 725
85 84 432
85 86 976
85 87 857
85 88 599
85 89 513
85 90 282
85 91 377
85 92 434
85 93 676
85 94 392
85 95 740
85 96 411
85 97 446
85 98 435
85 99 672
85 100 920
86 1 818
86 2 901
86 3 728
86 4 820
86 5 169
86 6 242
86 7 949
86 8 292
86 9 949
86 10 937
86 11 1126
86 12 773
86 13 566
86 14 1100
86 15 906
86 16 923
86 17 675
86 18 563
86 19 1014
86 20 681
86 21 508
86 22 648
86 23 1216
86 24 1081
86 25 492
86 26 511
86 27 158
86 28 863
86 29 424
86 30 694
86 31 786
86 32 608
86 33 459
86 34 1057
86 35 784
86 36 114
86 37 547
86 38 1100
86 39 950
86 40 918
86 41 967
86 42 845
86 43 606
86 44 744
86 45 906
86 46 842
86 47 788
86 48 880
86 49 909
86 50 971
86 51 922
86 52 1022
86 53 919
86 54 470
86 55 918
86 56 382
86 57 1085
86 58 387
86 59 909
86 60 794
86 61 465
86 62 1231
86 63 1224
86 64 721
86 65 1192
86 66 284
86 67 864
86 68 760
86 69 565
86 70 444
86 71 533
86 72 717
86 73 547
86 74 827
86 75 143
86 76 1006
86 77 456
86 78 847
86 79 619
86 80 852
86 81 372
86 82 729
86 83 309
86 84 1035
86 85 976
86 87 148
86 88 1007
86 89 789
86 90 780
86 91 772
86 92 781
86 93 547
86 94 991
86 95 237
86 96 876
86 97 561
86 98 621
86 99 733
86 100 77
87 1 691
87 2 775
87 3 583
87 4 750
87 5 45
87 6 112
87 7 804
87 8 184
87 9 851
87 10 825
87 11 981
87 12 658
87 13 436
87 14 961
87 15 822
87 16 779
87 17 541
87 18 439
87 19 866
87 20 539
87 21 362
87 22 514
87 23 1082
87 24 936
87 25 357
87 26 367
87 27 173
87 28 776
87 29 293
87 30 601
87 31 644
87 32 466
87 33 334
87 34 912
87 35 639
87 36 74
87 37 426
87 38 953
87 39 804
87 40 841
87 41 819
87 42 704
87 43 536
87 44 603
87 45 759
87 46 789
87 47 643
87 48 735
87 49 785
87 50 824
87 51 795
87 52 879
87 53 782
87 54 369
87 55 861
87 56 336
87 57 956
87 58 298
87 59 781
87 60 704
87 61 354
87 62 1089
87 63 1087
87 64 578
87 65 1049
87 66 146
87 67 729
87 68 658
87 69 482
87 70 298
87 71 389
87 72 576
87 73 401
87 74 685
87 75 184
87 76 882
87 77 312
87 78 711
87 79 473
87 80 706
87 81 225
87 82 618
87 83 277
87 84 890
87 85 857
87 86 148
87 88 860
87 89 641
87 90 644
87 91 697
87 92 716
87 93 402
87 94 918
87 95 148
87 96 808
87 97 471
87 98 481
87 99 588
87 100 73
88 1 455
88 2 506
88 3 308
88 4 903
88 5 843
88 6 778
88 7 203
88 8 780
88 9 777
88 10 660
88 11 224
88 12 608
88 13 534
88 14 372
88 15 850
88 16 177
88 17 441
88 18 591
88 19 11
88 20 401
88 21 506
88 22 489
88 23 530
88 24 194
88 25 562
88 26 519
88 27 966
88 28 816
88 29 641
88 30 739
88 31 317
88 32 428
88 33 642
88 34 191
88 35 256
88 36 912
88 37 594
88 38 120
88 39 89
88 40 910
88 41 51
88 42 323
88 43 845
88 44 362
88 45 102
88 46 1014
88 47 277
88 48 191
88 49 487
88 50 50
88 51 508
88 52 281
88 53 320
88 54 728
88 55 1034
88 56 897
88 57 529
88 58 784
88 59 485
88 60 782
88 61 687
88 62 394
88 63 477
88 64 345
88 65 341
88 66 738
88 67 362
88 68 691
88 69 783
88 70 566
88 71 486
88 72 351
88 73 465
88 74 324
88 75 993
88 76 553
88 77 570
88 78 347
88 79 392
88 80 210
88 81 640
88 82 631
88 83 920
88 84 191
88 85 599
88 86 1007
88 87 860
88 89 226
88 90 405
88 91 862
88 92 925
88 93 469
88 94 969
88 95 835
88 96 948
88 97 754
88 98 449
88 99 302
88 100 932
89 1 416
89 2 403
89 3 171
89 4 738
89 5 628
89 6 568
89 7 199
89 8 555
89 9 655
89 10 550
89 11 355
89 12 450
89 13 379
89 14 407
89 15 710
89 16 233
89 17 323
89 18 379
89 19 231
89 20 193
89 21 302
89 22 287
89 23 566
89 24 310
89 25 380
89 26 293
89 27 741
89 28 668
89 29 416
89 30 558
89 31 153
89 32 255
89 33 419
89 34 289
89 35 159
89 36 690
89 37 443
89 38 312
89 39 198
89 40 765
89 41 181
89 42 205
89 43 647
89 44 179
89 45 124
89 46 844
89 47 100
89 48 199
89 49 488
89 50 201
89 51 414
89 52 302
89 53 350
89 54 511
89 55 876
89 56 676
89 57 504
89 58 562
89 59 389
89 60 621
89 61 468
89 62 497
89 63 538
89 64 141
89 65 448
89 66 515
89 67 353
89 68 527
89 69 580
89 70 355
89 71 289
89 72 233
89 73 261
89 74 192
89 75 769
89 76 487
89 77 346
89 78 327
89 79 193
89 80 98
89 81 419
89 82 461
89 83 696
89 84 271
89 85 513
89 86 789
89 87 641
89 88 226
89 90 249
89 91 691
89 92 751
89 93 270
89 94 834
89 95 610
89 96 790
89 97 549
89 98 231
89 99 168
89 100 714
90 1 653
90 2 171
90 3 398
90 4 501
90 5 648
90 6 609
90 7 231
90 8 498
90 9 407
90 10 305
90 11 395
90 12 206
90 13 549
90 14 322
90 15 462
90 16 477
90 17 532
90 18 237
90 19 405
90 20 124
90 21 410
90 22 135
90 23 440
90 24 357
90 25 514
90 26 290
90 27 687
90 28 422
90 29 357
90 30 335
90 31 99
90 32 429
90 33 329
90 34 333
90 35 403
90 36 669
90 37 609
90 38 430
90 39 420
90 40 519
90 41 356
90 42 91
90 43 450
90 44 80
90 45 331
90 46 611
90 47 151
90 48 447
90 49 732
90 50 407
90 51 188
90 52 259
90 53 599
90 54 375
90 55 635
90 56 550
90 57 326
90 58 452
90 59 165
90 60 380
90 61 348
90 62 460
90 63 445
90 64 131
90 65 428
90 66 499
90 67 599
90 68 287
90 69 396
90 70 431
90 71 417
90 72 457
90 73 382
90 74 83
90 75 716
90 76 275
90 77 339
90 78 573
90 79 349
90 80 200
90 81 433
90 82 226
90 83 594
90 84 310
90 85 282
90 86 780
90 87 644
90 88 405
90 89 249
90 91 458
90 92 520
90 93 399
90 94 586
90 95 558
90 96 549
90 97 368
90 98 172
90 99 397
90 100 714
91 1 1049
91 2 398
91 3 803
91 4 56
91 5 728
91 6 737
91 7 675
91 8 516
91 9 226
91 10 297
91 11 810
91 12 256
91 13 866
91 14 663
91 15 145
91 16 924
91 17 898
91 18 365
91 19 861
91 20 505
91 21 701
91 22 415
91 23 678
91 24 782
91 25 796
91 26 539
91 27 621
91 28 117
91 29 475
91 30 138
91 31 552
91 32 778
91 33 425
91 34 760
91 35 826
91 36 672
91 37 908
91 38 873
91 39 876
91 40 146
91 41 813
91 42 541
91 43 167
91 44 515
91 45 787
91 46 154
91 47 601
91 48 889
91 49 1140
91 50 864
91 51 408
91 52 660
91 53 1031
91 54 338
91 55 194
91 56 396
91 57 531
91 58 400
91 59 419
91 60 90
91 61 373
91 62 802
91 63 728
91 64 552
91 65 794
91 66 586
91 67 1017
91 68 172
91 69 216
91 70 677
91 71 724
91 72 850
91 73 697
91 74 539
91 75 645
91 76 438
91 77 544
91 78 990
91 79 708
91 80 657
91 81 602
91 82 233
91 83 470
91 84 741
91 85 377
91 86 772
91 87 697
91 88 862
91 89 691
91 90 458
91 92 63
91 93 715
91 94 221
91 95 552
91 96 118
91 97 233
91 98 492
91 99 803
91 100 740
92 1 1101
92 2 460
92 3 858
92 4 54
92 5 750
92 6 764
92 7 738
92 8 539
92 9 270
92 10 352
92 11 872
92 12 319
92 13 911
92 14 724
92 15 175
92 16 984
92 17 949
92 18 414
92 19 923
92 20 563
92 21 747
92 22 471
92 23 734
92 24 845
92 25 839
92 26 586
92 27 626
92 28 162
92 29 513
92 30 194
92 31 613
92 32 829
92 33 464
92 34 823
92 35 883
92 36 685
92 37 952
92 38 936
92 39 937
92 40 153
92 41 875
92 42 603
92 43 181
92 44 575
92 45 849
92 46 95
92 47 661
92 48 948
92 49 1193
92 50 925
92 51 470
92 52 723
92 53 1088
92 54 370
92 55 150
92 56 400
92 57 588
92 58 421
92 59 482
92 60 152
92 61 409
92 62 862
92 63 786
92 64 611
92 65 855
92 66 613
92 67 1073
92 68 235
92 69 245
92 70 719
92 71 771
92 72 903
92 73 746
92 74 601
92 75 648
92 76 496
92 77 587
92 78 1046
92 79 760
92 80 718
92 81 639
92 82 294
92 83 473
92 84 804
92 85 434
92 86 781
92 87 716
92 88 925
92 89 751
92 90 520
92 91 63
92 93 763
92 94 215
92 95 569
92 96 96
92 97 267
92 98 547
92 99 859
92 100 753
93 1 354
93 2 568
93 3 182
93 4 770
93 5 379
93 6 311
93 7 462
93 8 375
93 9 763
93 10 684
93 11 624
93 12 536
93 13 157
93 14 658
93 15 784
93 16 378
93 17 192
93 18 350
93 19 477
93 20 277
93 21 40
93 22 329
93 23 808
93 24 579
93 25 118
93 26 177
93 27 535
93 28 736
93 29 280
93 30 579
93 31 342
93 32 77
93 33 315
93 34 558
93 35 237
93 36 463
93 37 212
93 38 573
93 39 405
93 40 828
93 41 434
93 42 413
93 43 610
93 44 325
93 45 372
93 46 856
93 47 314
93 48 334
93 49 451
93 50 429
93 51 585
93 52 558
93 53 399
93 54 424
93 55 908
93 56 545
93 57 717
93 58 434
93 59 563
93 60 671
93 61 376
93 62 762
93 63 791
93 64 277
93 65 714
93 66 306
93 67 357
93 68 586
93 69 536
93 70 105
93 71 20
93 72 185
93 73 19
93 74 393
93 75 558
93 76 673
93 77 190
93 78 334
93 79 78
93 80 357
93 81 205
93 82 521
93 83 538
93 84 539
93 85 676
93 86 547
93 87 402
93 88 469
93 89 270
93 90 399
93 91 715
93 92 763
93 94 906
93 95 416
93 96 830
93 97 507
93 98 248
93 99 187
93 100 471
94 1 1221
94 2 466
94 3 968
94 4 171
94 5 948
94 6 955
94 7 770
94 8 736
94 9 197
94 10 316
94 11 868
94 12 387
94 13 1060
94 14 695
94 15 126
94 16 1062
94 17 1080
94 18 561
94 19 966
94 20 665
94 21 897
94 22 585
94 23 656
94 24 850
94 25 997
94 26 734
94 27 838
94 28 171
94 29 686
94 30 336
94 31 684
94 32 963
94 33 635
94 34 832
94 35 983
94 36 892
94 37 1108
94 38 954
94 39 1000
94 40 80
94 41 924
94 42 653
94 43 386
94 44 657
94 45 911
94 46 195
94 47 736
94 48 1032
94 49 1308
94 50 981
94 51 467
94 52 725
94 53 1183
94 54 556
94 55 135
94 56 611
94 57 529
94 58 620
94 59 487
94 60 236
94 61 587
94 62 816
94 63 720
94 64 703
94 65 822
94 66 804
94 67 1179
94 68 321
94 69 436
94 70 880
94 71 917
94 72 1021
94 73 888
94 74 657
94 75 861
94 76 452
94 77 748
94 78 1152
94 79 888
94 80 779
94 81 814
94 82 389
94 83 685
94 84 817
94 85 392
94 86 991
94 87 918
94 88 969
94 89 834
94 90 586
94 91 221
94 92 215
94 93 906
94 95 773
94 96 120
94 97 451
94 98 667
94 99 968
94 100 960
95 1 748
95 2 668
95 3 592
95 4 604
95 5 185
95 6 220
95 7 746
95 8 60
95 9 716
95 10 700
95 11 925
95 12 537
95 13 497
95 14 880
95 15 680
95 16 783
95 17 588
95 18 331
95 19 840
95 20 471
95 21 378
95 22 423
95 23 987
95 24 881
95 25 412
95 26 317
95 27 133
95 28 635
95 29 205
95 30 462
95 31 578
95 32 490
95 33 230
95 34 856
95 35 644
95 36 125
95 37 505
95 38 915
95 39 791
95 40 697
95 41 790
95 42 630
95 43 389
95 44 532
95 45 733
95 46 642
95 47 588
95 48 739
95 49 845
95 50 805
95 51 689
95 52 808
95 53 814
95 54 234
95 55 714
95 56 192
95 57 853
95 58 155
95 59 677
95 60 564
95 61 230
95 62 1015
95 63 1000
95 64 518
95 65 980
95 66 112
95 67 769
95 68 526
95 69 339
95 70 315
95 71 409
95 72 600
95 73 409
95 74 613
95 75 162
95 76 772
95 77 265
95 78 747
95 79 472
95 80 657
95 81 212
95 82 493
95 83 145
95 84 833
95 85 740
95 86 237
95 87 148
95 88 835
95 89 610
95 90 558
95 91 552
95 92 569
95 93 416
95 94 773
95 96 662
95 97 330
95 98 411
95 99 596
95 100 190
96 1 1159
96 2 459
96 3 910
96 4 62
96 5 840
96 6 852
96 7 754
96 8 629
96 9 224
96 10 329
96 11 873
96 12 343
96 13 981
96 14 712
96 15 121
96 16 1022
96 17 1011
96 18 480
96 19 946
96 20 609
96 21 817
96 22 522
96 23 701
96 24 849
96 25 913
96 26 654
96 27 722
96 28 137
96 29 592
96 30 251
96 31 646
96 32 892
96 33 542
96 34 830
96 35 931
96 36 779
96 37 1025
96 38 947
96 39 968
96 40 73
96 41 900
96 42 626
96 43 273
96 44 612
96 45 879
96 46 95
96 47 696
96 48 989
96 49 1249
96 50 954
96 51 465
96 52 725
96 53 1134
96 54 454
96 55 87
96 56 495
96 57 561
96 58 511
96 59 481
96 60 170
96 61 490
96 62 844
96 63 758
96 64 653
96 65 843
96 66 701
96 67 1124
96 68 264
96 69 331
96 70 793
96 71 839
96 72 959
96 73 812
96 74 626
96 75 744
96 76 474
96 77 661
96 78 1097
96 79 820
96 80 747
96 81 719
96 82 331
96 83 569
96 84 812
96 85 411
96 86 876
96 87 808
96 88 948
96 89 790
96 90 549
96 91 118
96 92 96
96 93 830
96 94 120
96 95 662
96 97 350
96 98 602
96 99 911
96 100 847
97 1 855
97 2 404
97 3 624
97 4 289
97 5 499
97 6 504
97 7 598
97 8 288
97 9 389
97 10 390
97 11 762
97 12 245
97 13 650
97 14 660
97 15 352
97 16 775
97 17 697
97 18 173
97 19 755
97 20 357
97 21 487
97 22 265
97 23 729
97 24 725
97 25 575
97 26 331
97 27 420
97 28 306
97 29 246
97 30 134
97 31 440
97 32 577
97 33 199
97 34 701
97 35 658
97 36 453
97 37 688
97 38 794
97 39 745
97 40 373
97 41 703
97 42 458
97 43 105
97 44 393
97 45 663
97 46 356
97 47 477
97 48 735
97 49 950
97 50 743
97 51 423
97 52 620
97 53 861
97 54 106
97 55 417
97 56 215
97 57 582
97 58 175
97 59 420
97 60 235
97 61 142
97 62 804
97 63 759
97 64 412
97 65 781
97 66 353
97 67 837
97 68 207
97 69 32
97 70 454
97 71 513
97 72 662
97 73 490
97 74 448
97 75 448
97 76 491
97 77 324
97 78 811
97 79 516
97 80 545
97 81 372
97 82 197
97 83 282
97 84 678
97 85 446
97 86 561
97 87 471
97 88 754
97 89 549
97 90 368
97 91 233
97 92 267
97 93 507
97 94 451
97 95 330
97 96 350
97 98 322
97 99 626
97 100 519
98 1 558
98 2 331
98 3 312
98 4 544
98 5 481
98 6 439
98 7 335
98 8 353
98 9 516
98 10 437
98 11 514
98 12 289
98 13 404
98 14 482
98 15 543
98 16 454
98 17 414
98 18 149
98 19 452
98 20 60
98 21 251
98 22 83
98 23 610
98 24 470
98 25 356
98 26 119
98 27 544
98 28 497
98 29 207
98 30 354
98 31 167
98 32 297
98 33 196
98 34 446
98 35 339
98 36 512
98 37 459
98 38 512
98 39 428
98 40 591
98 41 400
98 42 224
98 43 423
98 44 124
98 45 352
98 46 642
98 47 181
98 48 414
98 49 648
98 50 431
98 51 350
98 52 401
98 53 544
98 54 281
98 55 685
98 56 449
98 57 497
98 58 337
98 59 329
98 60 436
98 61 239
98 62 610
98 63 609
98 64 109
98 65 572
98 66 338
98 67 526
98 68 346
98 69 353
98 70 262
98 71 263
98 72 358
98 73 230
98 74 206
98 75 573
98 76 439
98 77 171
98 78 499
98 79 221
98 80 252
98 81 264
98 82 279
98 83 476
98 84 423
98 85 435
98 86 621
98 87 481
98 88 449
98 89 231
98 90 172
98 91 492
98 92 547
98 93 248
98 94 667
98 95 411
98 96 602
98 97 322
98 99 312
98 100 552
99 1 257
99 2 561
99 3 6
99 4 855
99 5 564
99 6 495
99 7 358
99 8 551
99 9 800
99 10 702
99 11 491
99 12 582
99 13 234
99 14 570
99 15 843
99 16 191
99 17 158
99 18 454
99 19 311
99 20 303
99 21 226
99 22 390
99 23 731
99 24 449
99 25 263
99 26 310
99 27 719
99 28 798
99 29 434
99 30 666
99 31 308
99 32 130
99 33 457
99 34 432
99 35 51
99 36 649
99 37 295
99 38 416
99 39 227
99 40 895
99 41 277
99 42 368
99 43 729
99 44 318
99 45 218
99 46 954
99 47 259
99 48 148
99 49 340
99 50 256
99 51 574
99 52 464
99 53 236
99 54 562
99 55 995
99 56 706
99 57 671
99 58 591
99 59 549
99 60 743
99 61 515
99 62 647
99 63 699
99 64 269
99 65 596
99 66 488
99 67 214
99 68 650
99 69 657
99 70 291
99 71 200
99 72 66
99 73 190
99 74 353
99 75 743
99 76 651
99 77 346
99 78 188
99 79 126
99 80 264
99 81 386
99 82 582
99 83 709
99 84 417
99 85 672
99 86 733
99 87 588
99 88 302
99 89 168
99 90 397
99 91 803
99 92 859
99 93 187
99 94 968
99 95 596
99 96 911
99 97 626
99 98 312
99 100 657
100 1 748
100 2 841
100 3 652
100 4 790
100 5 94
100 6 168
100 7 876
100 8 238
100 9 905
100 10 885
100 11 1053
100 12 719
100 13 493
100 14 1032
100 15 869
100 16 847
100 17 602
100 18 503
100 19 938
100 20 611
100 21 432
100 22 583
100 23 1151
100 24 1008
100 25 418
100 26 440
100 27 158
100 28 824
100 29 360
100 30 651
100 31 715
100 32 533
100 33 398
100 34 984
100 35 708
100 36 70
100 37 478
100 38 1025
100 39 874
100 40 885
100 41 891
100 42 776
100 43 575
100 44 675
100 45 831
100 46 821
100 47 715
100 48 804
100 49 839
100 50 895
100 51 861
100 52 951
100 53 845
100 54 422
100 55 895
100 56 361
100 57 1023
100 58 344
100 59 848
100 60 753
100 61 412
100 62 1161
100 63 1158
100 64 650
100 65 1121
100 66 215
100 67 791
100 68 713
100 69 527
100 70 368
100 71 457
100 72 642
100 73 471
100 74 757
100 75 157
100 76 947
100 77 384
100 78 773
100 79 543
100 80 779
100 81 298
100 82 677
100 83 293
100 84 962
100 85 920
100 86 77
100 87 73
100 88 932
100 89 714
100 90 714
100 91 740
100 92 753
100 93 471
100 94 960
100 95 190
100 96 847
100 97 519
100 98 552
100 99 657
