nnodes nedges type capacity P s t
100  4950  graph  1000 100 1 100 
nodename posx posy itemvalue itemweight
1 490 269 0 0
2 501 774 79 72
3 310 408 10 36
4 305 656 69 83
5 611 788 47 32
6 912 998 32 10
7 602 0 96 8
8 545 352 82 89
9 788 427 92 59
10 236 679 91 8
11 557 127 72 18
12 227 973 81 9
13 352 364 22 1
14 872 177 50 64
15 606 275 46 31
16 533 448 76 76
17 896 34 32 6
18 222 558 100 41
19 442 879 42 68
20 566 406 75 40
21 668 478 51 58
22 404 622 49 46
23 478 301 66 83
24 974 619 34 9
25 729 562 41 25
26 650 638 68 12
27 689 877 94 48
28 612 393 20 67
29 241 484 100 22
30 571 199 82 46
31 111 456 4 58
32 647 359 73 35
33 491 222 63 72
34 917 933 28 56
35 453 483 39 2
36 339 121 96 89
37 962 95 12 96
38 95 792 86 29
39 749 421 78 72
40 411 478 89 70
41 984 62 48 57
42 116 25 81 93
43 291 80 4 53
44 419 533 60 4
45 916 342 26 41
46 84 379 1 29
47 798 84 50 73
48 738 641 63 65
49 658 655 45 90
50 575 111 20 35
51 491 266 44 15
52 585 453 76 55
53 714 680 63 61
54 245 815 83 40
55 454 9 32 23
56 293 438 10 31
57 71 761 79 42
58 463 362 24 83
59 194 234 46 83
60 247 110 38 71
61 576 684 75 38
62 842 727 51 25
63 768 580 62 14
64 368 778 89 6
65 588 295 55 60
66 889 79 93 98
67 914 474 27 68
68 884 980 4 89
69 507 129 28 38
70 795 961 80 12
71 138 440 61 41
72 751 561 94 39
73 553 214 35 17
74 276 747 73 80
75 801 523 51 10
76 210 729 3 26
77 559 404 47 5
78 456 679 2 9
79 984 177 18 42
80 457 924 66 25
81 472 347 1 58
82 3 738 22 27
83 173 887 77 78
84 718 32 15 57
85 369 865 15 95
86 993 859 68 75
87 657 744 87 61
88 421 211 66 21
89 311 49 30 38
90 310 112 53 80
91 924 872 48 7
92 193 484 5 46
93 276 650 11 6
94 163 261 6 29
95 827 621 47 24
96 185 651 5 100
97 320 541 33 26
98 742 845 26 10
99 780 460 55 41
100 878 149 0 0
endpoint1 endpoint2 weight
1 2 506
1 3 228
1 4 429
1 5 533
1 6 843
1 7 292
1 8 100
1 9 338
1 10 483
1 11 158
1 12 752
1 13 168
1 14 393
1 15 117
1 16 185
1 17 470
1 18 395
1 19 612
1 20 157
1 21 275
1 22 364
1 23 35
1 24 598
1 25 379
1 26 403
1 27 640
1 28 174
1 29 329
1 30 108
1 31 423
1 32 181
1 33 48
1 34 790
1 35 218
1 36 212
1 37 504
1 38 656
1 39 301
1 40 224
1 41 536
1 42 447
1 43 275
1 44 274
1 45 433
1 46 421
1 47 360
1 48 448
1 49 421
1 50 180
1 51 4
1 52 208
1 53 469
1 54 599
1 55 263
1 56 260
1 57 647
1 58 97
1 59 299
1 60 291
1 61 424
1 62 578
1 63 418
1 64 524
1 65 102
1 66 442
1 67 471
1 68 813
1 69 142
1 70 757
1 71 392
1 72 392
1 73 84
1 74 524
1 75 402
1 76 539
1 77 152
1 78 412
1 79 503
1 80 656
1 81 81
1 82 677
1 83 695
1 84 329
1 85 609
1 86 776
1 87 504
1 88 91
1 89 284
1 90 239
1 91 743
1 92 367
1 93 437
1 94 328
1 95 488
1 96 489
1 97 321
1 98 629
1 99 348
1 100 407
2 1 506
2 3 413
2 4 229
2 5 111
2 6 469
2 7 781
2 8 425
2 9 451
2 10 282
2 11 650
2 12 339
2 13 437
2 14 703
2 15 510
2 16 328
2 17 839
2 18 353
2 19 121
2 20 374
2 21 340
2 22 181
2 23 474
2 24 498
2 25 312
2 26 202
2 27 215
2 28 397
2 29 390
2 30 580
2 31 504
2 32 440
2 33 553
2 34 446
2 35 295
2 36 673
2 37 821
2 38 407
2 39 432
2 40 310
2 41 861
2 42 843
2 43 726
2 44 255
2 45 600
2 46 575
2 47 752
2 48 272
2 49 198
2 50 668
2 51 509
2 52 332
2 53 233
2 54 260
2 55 767
2 56 396
2 57 431
2 58 414
2 59 622
2 60 711
2 61 118
2 62 345
2 63 331
2 64 134
2 65 487
2 66 796
2 67 511
2 68 435
2 69 646
2 70 349
2 71 494
2 72 329
2 73 563
2 74 227
2 75 392
2 76 295
2 77 375
2 78 106
2 79 768
2 80 157
2 81 428
2 82 500
2 83 347
2 84 774
2 85 161
2 86 500
2 87 159
2 88 569
2 89 750
2 90 690
2 91 435
2 92 424
2 93 257
2 94 615
2 95 361
2 96 340
2 97 296
2 98 252
2 99 421
2 100 730
3 1 228
3 2 413
3 4 249
3 5 485
3 6 843
3 7 502
3 8 242
3 9 479
3 10 281
3 11 375
3 12 572
3 13 61
3 14 608
3 15 325
3 16 227
3 17 696
3 18 174
3 19 490
3 20 257
3 21 365
3 22 234
3 23 200
3 24 697
3 25 447
3 26 411
3 27 603
3 28 303
3 29 103
3 30 335
3 31 205
3 32 341
3 33 260
3 34 803
3 35 162
3 36 289
3 37 724
3 38 441
3 39 440
3 40 123
3 41 758
3 42 430
3 43 329
3 44 166
3 45 610
3 46 228
3 47 586
3 48 488
3 49 427
3 50 399
3 51 231
3 52 279
3 53 488
3 54 413
3 55 425
3 56 35
3 57 427
3 58 160
3 59 210
3 60 305
3 61 384
3 62 621
3 63 490
3 64 375
3 65 301
3 66 666
3 67 608
3 68 811
3 69 342
3 70 736
3 71 175
3 72 467
3 73 311
3 74 341
3 75 505
3 76 337
3 77 250
3 78 308
3 79 713
3 80 537
3 81 174
3 82 451
3 83 499
3 84 555
3 85 461
3 86 819
3 87 484
3 88 227
3 89 360
3 90 296
3 91 770
3 92 140
3 93 245
3 94 208
3 95 560
3 96 274
3 97 134
3 98 615
3 99 473
3 100 625
4 1 429
4 2 229
4 3 249
4 5 334
4 6 697
4 7 721
4 8 388
4 9 535
4 10 73
4 11 586
4 12 327
4 13 296
4 14 743
4 15 486
4 16 309
4 17 859
4 18 129
4 19 262
4 20 362
4 21 405
4 22 105
4 23 395
4 24 671
4 25 435
4 26 346
4 27 444
4 28 405
4 29 184
4 30 529
4 31 279
4 32 453
4 33 473
4 34 672
4 35 228
4 36 537
4 37 864
4 38 251
4 39 503
4 40 208
4 41 903
4 42 659
4 43 577
4 44 168
4 45 687
4 46 355
4 47 756
4 48 434
4 49 354
4 50 609
4 51 433
4 52 346
4 53 410
4 54 170
4 55 664
4 56 219
4 57 257
4 58 334
4 59 437
4 60 550
4 61 273
4 62 542
4 63 470
4 64 138
4 65 459
4 66 821
4 67 636
4 68 664
4 69 565
4 70 578
4 71 274
4 72 457
4 73 507
4 74 96
4 75 514
4 76 120
4 77 358
4 78 153
4 79 831
4 80 309
4 81 352
4 82 313
4 83 267
4 84 749
4 85 219
4 86 718
4 87 363
4 88 460
4 89 608
4 90 545
4 91 656
4 92 206
4 93 30
4 94 420
4 95 524
4 96 121
4 97 116
4 98 477
4 99 514
4 100 766
5 1 533
5 2 111
5 3 485
5 4 334
5 6 368
5 7 789
5 8 441
5 9 403
5 10 391
5 11 664
5 12 427
5 13 497
5 14 665
5 15 514
5 16 349
5 17 807
5 18 452
5 19 192
5 20 385
5 21 316
5 22 266
5 23 505
5 24 401
5 25 255
5 26 155
5 27 119
5 28 396
5 29 479
5 30 591
5 31 601
5 32 431
5 33 579
5 34 339
5 35 344
5 36 721
5 37 777
5 38 517
5 39 393
5 40 369
5 41 817
5 42 910
5 43 777
5 44 320
5 45 541
5 46 668
5 47 729
5 48 195
5 49 142
5 50 678
5 51 536
5 52 337
5 53 150
5 54 367
5 55 795
5 56 473
5 57 541
5 58 451
5 59 694
5 60 770
5 61 110
5 62 239
5 63 261
5 64 244
5 65 494
5 66 762
5 67 437
5 68 334
5 69 668
5 70 253
5 71 588
5 72 267
5 73 577
5 74 338
5 75 327
5 76 406
5 77 388
5 78 190
5 79 716
5 80 206
5 81 463
5 82 611
5 83 450
5 84 764
5 85 254
5 86 389
5 87 64
5 88 608
5 89 798
5 90 740
5 91 325
5 92 517
5 93 363
5 94 692
5 95 274
5 96 448
5 97 382
5 98 143
5 99 369
5 100 693
6 1 843
6 2 469
6 3 843
6 4 697
6 5 368
6 7 1046
6 8 743
6 9 585
6 10 748
6 11 941
6 12 686
6 13 846
6 14 822
6 15 786
6 16 668
6 17 965
6 18 819
6 19 485
6 20 686
6 21 575
6 22 633
6 23 822
6 24 385
6 25 473
6 26 446
6 27 254
6 28 676
6 29 846
6 30 869
6 31 968
6 32 692
6 33 883
6 34 66
6 35 690
6 36 1048
6 37 905
6 38 843
6 39 600
6 40 723
6 41 939
6 42 1258
6 43 1109
6 44 678
6 45 657
6 46 1034
6 47 922
6 48 398
6 49 427
6 50 949
6 51 845
6 52 636
6 53 375
6 54 692
6 55 1090
6 56 835
6 57 874
6 58 779
6 59 1049
6 60 1110
6 61 460
6 62 280
6 63 443
6 64 587
6 65 775
6 66 920
6 67 525
6 68 34
6 69 959
6 70 123
6 71 955
6 72 466
6 73 863
6 74 684
6 75 488
6 76 752
6 77 691
6 78 557
6 79 825
6 80 461
6 81 786
6 82 946
6 83 748
6 84 986
6 85 560
6 86 161
6 87 360
6 88 928
6 89 1124
6 90 1072
6 91 127
6 92 884
6 93 725
6 94 1051
6 95 387
6 96 806
6 97 748
6 98 229
6 99 554
6 100 850
7 1 292
7 2 781
7 3 502
7 4 721
7 5 789
7 6 1046
7 8 357
7 9 466
7 10 772
7 11 135
7 12 1043
7 13 442
7 14 323
7 15 276
7 16 454
7 17 296
7 18 676
7 19 894
7 20 408
7 21 483
7 22 653
7 23 326
7 24 723
7 25 577
7 26 640
7 27 882
7 28 394
7 29 604
7 30 202
7 31 671
7 32 362
7 33 249
7 34 985
7 35 506
7 36 290
7 37 373
7 38 941
7 39 446
7 40 515
7 41 387
7 42 487
7 43 322
7 44 564
7 45 465
7 46 642
7 47 214
7 48 656
7 49 658
7 50 115
7 51 289
7 52 454
7 53 690
7 54 890
7 55 149
7 56 537
7 57 928
7 58 388
7 59 471
7 60 372
7 61 685
7 62 766
7 63 604
7 64 813
7 65 296
7 66 298
7 67 568
7 68 1020
7 69 161
7 70 981
7 71 640
7 72 581
7 73 220
7 74 816
7 75 560
7 76 828
7 77 407
7 78 695
7 79 422
7 80 936
7 81 371
7 82 951
7 83 986
7 84 121
7 85 896
7 86 944
7 87 747
7 88 278
7 89 296
7 90 313
7 91 930
7 92 634
7 93 728
7 94 511
7 95 661
7 96 774
7 97 611
7 98 857
7 99 494
7 100 314
8 1 100
8 2 425
8 3 242
8 4 388
8 5 441
8 6 743
8 7 357
8 9 255
8 10 450
8 11 226
8 12 698
8 13 194
8 14 371
8 15 99
8 16 97
8 17 474
8 18 384
8 19 537
8 20 58
8 21 177
8 22 305
8 23 85
8 24 506
8 25 280
8 26 305
8 27 545
8 28 79
8 29 332
8 30 156
8 31 447
8 32 103
8 33 141
8 34 690
8 35 161
8 36 310
8 37 490
8 38 630
8 39 216
8 40 184
8 41 527
8 42 540
8 43 373
8 44 221
8 45 372
8 46 462
8 47 369
8 48 348
8 49 324
8 50 243
8 51 102
8 52 109
8 53 369
8 54 552
8 55 355
8 56 267
8 57 627
8 58 83
8 59 371
8 60 384
8 61 334
8 62 479
8 63 319
8 64 462
8 65 72
8 66 440
8 67 389
8 68 714
8 69 227
8 70 659
8 71 417
8 72 294
8 73 139
8 74 478
8 75 308
8 76 505
8 77 54
8 78 339
8 79 473
8 80 579
8 81 74
8 82 666
8 83 652
8 84 364
8 85 543
8 86 677
8 87 408
8 88 188
8 89 383
8 90 336
8 91 644
8 92 376
8 93 402
8 94 393
8 95 390
8 96 468
8 97 294
8 98 531
8 99 259
8 100 390
9 1 338
9 2 451
9 3 479
9 4 535
9 5 403
9 6 585
9 7 466
9 8 255
9 10 607
9 11 379
9 12 783
9 13 441
9 14 264
9 15 238
9 16 256
9 17 408
9 18 581
9 19 570
9 20 223
9 21 131
9 22 431
9 23 335
9 24 268
9 25 148
9 26 253
9 27 461
9 28 180
9 29 550
9 30 315
9 31 678
9 32 157
9 33 361
9 34 523
9 35 340
9 36 544
9 37 375
9 38 784
9 39 40
9 40 381
9 41 415
9 42 784
9 43 607
9 44 384
9 45 154
9 46 706
9 47 344
9 48 220
9 49 263
9 50 382
9 51 338
9 52 205
9 53 264
9 54 668
9 55 536
9 56 496
9 57 791
9 58 332
9 59 625
9 60 628
9 61 334
9 62 305
9 63 155
9 64 548
9 65 240
9 66 363
9 67 135
9 68 562
9 69 410
9 70 535
9 71 651
9 72 140
9 73 318
9 74 604
9 75 97
9 76 653
9 77 231
9 78 417
9 79 318
9 80 598
9 81 326
9 82 845
9 83 769
9 84 402
9 85 607
9 86 479
9 87 344
9 88 426
9 89 609
9 90 573
9 91 466
9 92 598
9 93 559
9 94 647
9 95 198
9 96 644
9 97 482
9 98 421
9 99 34
9 100 293
10 1 483
10 2 282
10 3 281
10 4 73
10 5 391
10 6 748
10 7 772
10 8 450
10 9 607
10 11 639
10 12 295
10 13 336
10 14 811
10 15 548
10 16 377
10 17 923
10 18 122
10 19 288
10 20 429
10 21 477
10 22 178
10 23 449
10 24 741
10 25 507
10 26 417
10 27 495
10 28 473
10 29 196
10 30 586
10 31 256
10 32 521
10 33 524
10 34 727
10 35 293
10 36 568
10 37 932
10 38 181
10 39 575
10 40 267
10 41 970
10 42 665
10 43 602
10 44 235
10 45 759
10 46 337
10 47 819
10 48 504
10 49 423
10 50 662
10 51 486
10 52 416
10 53 479
10 54 137
10 55 705
10 56 248
10 57 185
10 58 390
10 59 447
10 60 570
10 61 341
10 62 608
10 63 542
10 64 165
10 65 521
10 66 887
10 67 709
10 68 715
10 69 614
10 70 627
10 71 259
10 72 529
10 73 563
10 74 79
10 75 587
10 76 57
10 77 425
10 78 220
10 79 901
10 80 330
10 81 408
10 82 241
10 83 218
10 84 807
10 85 229
10 86 779
10 87 426
10 88 504
10 89 635
10 90 572
10 91 715
10 92 200
10 93 50
10 94 425
10 95 594
10 96 59
10 97 162
10 98 533
10 99 587
10 100 833
11 1 158
11 2 650
11 3 375
11 4 586
11 5 664
11 6 941
11 7 135
11 8 226
11 9 379
11 10 639
11 12 909
11 13 314
11 14 319
11 15 156
11 16 322
11 17 352
11 18 546
11 19 761
11 20 280
11 21 369
11 22 519
11 23 192
11 24 645
11 25 468
11 26 520
11 27 762
11 28 272
11 29 477
11 30 74
11 31 555
11 32 249
11 33 116
11 34 883
11 35 371
11 36 219
11 37 407
11 38 810
11 39 352
11 40 381
11 41 432
11 42 453
11 43 271
11 44 429
11 45 419
11 46 536
11 47 245
11 48 545
11 49 538
11 50 25
11 51 154
11 52 328
11 53 575
11 54 756
11 55 157
11 56 408
11 57 799
11 58 254
11 59 379
11 60 311
11 61 558
11 62 665
11 63 500
11 64 678
11 65 171
11 66 336
11 67 498
11 68 914
11 69 51
11 70 868
11 71 524
11 72 476
11 73 88
11 74 681
11 75 466
11 76 695
11 77 278
11 78 562
11 79 430
11 80 804
11 81 236
11 82 825
11 83 852
11 84 187
11 85 762
11 86 853
11 87 626
11 88 160
11 89 259
11 90 248
11 91 831
11 92 510
11 93 594
11 94 417
11 95 563
11 96 643
11 97 478
11 98 742
11 99 401
11 100 322
12 1 752
12 2 339
12 3 572
12 4 327
12 5 427
12 6 686
12 7 1043
12 8 698
12 9 783
12 10 295
12 11 909
12 13 622
12 14 1025
12 15 795
12 16 608
12 17 1153
12 18 416
12 19 235
12 20 661
12 21 663
12 22 394
12 23 718
12 24 827
12 25 649
12 26 540
12 27 472
12 28 697
12 29 490
12 30 848
12 31 530
12 32 744
12 33 797
12 34 692
12 35 540
12 36 860
12 37 1146
12 38 225
12 39 760
12 40 529
12 41 1185
12 42 955
12 43 896
12 44 481
12 45 935
12 46 611
12 47 1057
12 48 610
12 49 536
12 50 930
12 51 755
12 52 632
12 53 569
12 54 160
12 55 991
12 56 540
12 57 264
12 58 655
12 59 740
12 60 864
12 61 454
12 62 663
12 63 669
12 64 241
12 65 769
12 66 1113
12 67 850
12 68 658
12 69 890
12 70 569
12 71 541
12 72 667
12 73 827
12 74 232
12 75 730
12 76 245
12 77 659
12 78 373
12 79 1099
12 80 236
12 81 673
12 82 325
12 83 102
12 84 1062
12 85 179
12 86 775
12 87 488
12 88 787
12 89 928
12 90 865
12 91 705
12 92 491
12 93 327
12 94 715
12 95 696
12 96 325
12 97 442
12 98 531
12 99 755
12 100 1051
13 1 168
13 2 437
13 3 61
13 4 296
13 5 497
13 6 846
13 7 442
13 8 194
13 9 441
13 10 336
13 11 314
13 12 622
13 14 553
13 15 270
13 16 200
13 17 637
13 18 234
13 19 523
13 20 219
13 21 336
13 22 264
13 23 141
13 24 673
13 25 426
13 26 405
13 27 614
13 28 262
13 29 164
13 30 275
13 31 258
13 32 296
13 33 199
13 34 802
13 35 157
13 36 244
13 37 667
13 38 500
13 39 402
13 40 129
13 41 701
13 42 414
13 43 291
13 44 182
13 45 565
13 46 269
13 47 527
13 48 476
13 49 423
13 50 338
13 51 171
13 52 250
13 53 481
13 54 464
13 55 370
13 56 95
13 57 487
13 58 112
13 59 205
13 60 275
13 61 391
13 62 610
13 63 469
13 64 415
13 65 246
13 66 608
13 67 573
13 68 814
13 69 282
13 70 744
13 71 228
13 72 445
13 73 251
13 74 391
13 75 477
13 76 392
13 77 211
13 78 332
13 79 660
13 80 570
13 81 122
13 82 512
13 83 553
13 84 495
13 85 502
13 86 810
13 87 488
13 88 168
13 89 318
13 90 256
13 91 766
13 92 200
13 93 296
13 94 216
13 95 541
13 96 333
13 97 180
13 98 620
13 99 439
13 100 569
14 1 393
14 2 703
14 3 608
14 4 743
14 5 665
14 6 822
14 7 323
14 8 371
14 9 264
14 10 811
14 11 319
14 12 1025
14 13 553
14 15 284
14 16 435
14 17 145
14 18 754
14 19 824
14 20 383
14 21 364
14 22 646
14 23 414
14 24 454
14 25 411
14 26 512
14 27 724
14 28 339
14 29 702
14 30 302
14 31 811
14 32 290
14 33 384
14 34 758
14 35 519
14 36 536
14 37 122
14 38 991
14 39 274
14 40 551
14 41 161
14 42 772
14 43 590
14 44 577
14 45 171
14 46 814
14 47 119
14 48 483
14 49 524
14 50 305
14 51 392
14 52 399
14 53 528
14 54 895
14 55 451
14 56 636
14 57 992
14 58 449
14 59 681
14 60 629
14 61 588
14 62 551
14 63 417
14 64 785
14 65 308
14 66 100
14 67 300
14 68 804
14 69 369
14 70 788
14 71 780
14 72 403
14 73 322
14 74 825
14 75 354
14 76 862
14 77 387
14 78 652
14 79 112
14 80 855
14 81 435
14 82 1035
14 83 997
14 84 212
14 85 853
14 86 693
14 87 607
14 88 453
14 89 576
14 90 566
14 91 697
14 92 746
14 93 761
14 94 714
14 95 447
14 96 835
14 97 662
14 98 681
14 99 298
14 100 29
15 1 117
15 2 510
15 3 325
15 4 486
15 5 514
15 6 786
15 7 276
15 8 99
15 9 238
15 10 548
15 11 156
15 12 795
15 13 270
15 14 284
15 16 188
15 17 378
15 18 478
15 19 626
15 20 137
15 21 213
15 22 402
15 23 131
15 24 504
15 25 313
15 26 366
15 27 608
15 28 119
15 29 421
15 30 84
15 31 528
15 32 94
15 33 127
15 34 728
15 35 259
15 36 309
15 37 399
15 38 727
15 39 205
15 40 282
15 41 434
15 42 551
15 43 371
15 44 319
15 45 318
15 46 533
15 47 271
15 48 390
15 49 384
15 50 167
15 51 116
15 52 180
15 53 420
15 54 650
15 55 307
15 56 353
15 57 723
15 58 168
15 59 415
15 60 396
15 61 411
15 62 510
15 63 346
15 64 557
15 65 27
15 66 345
15 67 367
15 68 758
15 69 177
15 70 712
15 71 497
15 72 321
15 73 81
15 74 576
15 75 316
15 76 603
15 77 138
15 78 431
15 79 391
15 80 666
15 81 153
15 82 761
15 83 750
15 84 268
15 85 636
15 86 701
15 87 472
15 88 196
15 89 372
15 90 338
15 91 677
15 92 463
15 93 500
15 94 444
15 95 411
15 96 565
15 97 391
15 98 586
15 99 254
15 100 300
16 1 185
16 2 328
16 3 227
16 4 309
16 5 349
16 6 668
16 7 454
16 8 97
16 9 256
16 10 377
16 11 322
16 12 608
16 13 200
16 14 435
16 15 188
16 17 551
16 18 330
16 19 441
16 20 54
16 21 139
16 22 217
16 23 157
16 24 473
16 25 227
16 26 224
16 27 457
16 28 97
16 29 295
16 30 252
16 31 423
16 32 145
16 33 230
16 34 619
16 35 88
16 36 381
16 37 556
16 38 557
16 39 218
16 40 126
16 41 594
16 42 594
16 43 441
16 44 143
16 45 398
16 46 455
16 47 451
16 48 282
16 49 242
16 50 340
16 51 187
16 52 53
16 53 295
16 54 467
16 55 447
16 56 241
16 57 559
16 58 111
16 59 401
16 60 443
16 61 240
16 62 417
16 63 270
16 64 369
16 65 163
16 66 513
16 67 382
16 68 638
16 69 321
16 70 577
16 71 396
16 72 246
16 73 235
16 74 395
16 75 279
16 76 429
16 77 52
16 78 244
16 79 527
16 80 483
16 81 118
16 82 605
16 83 568
16 84 456
16 85 449
16 86 617
16 87 321
16 88 263
16 89 457
16 90 404
16 91 577
16 92 342
16 93 327
16 94 415
16 95 342
16 96 403
16 97 233
16 98 449
16 99 248
16 100 457
17 1 470
17 2 839
17 3 696
17 4 859
17 5 807
17 6 965
17 7 296
17 8 474
17 9 408
17 10 923
17 11 352
17 12 1153
17 13 637
17 14 145
17 15 378
17 16 551
17 18 854
17 19 960
17 20 498
17 21 500
17 22 767
17 23 496
17 24 591
17 25 554
17 26 653
17 27 869
17 28 458
17 29 795
17 30 365
17 31 892
17 32 410
17 33 447
17 34 900
17 35 631
17 36 564
17 37 90
17 38 1103
17 39 414
17 40 658
17 41 93
17 42 781
17 43 607
17 44 691
17 45 309
17 46 883
17 47 111
17 48 628
17 49 666
17 50 331
17 51 467
17 52 522
17 53 672
17 54 1017
17 55 443
17 56 726
17 57 1100
17 58 544
17 59 730
17 60 654
17 61 725
17 62 696
17 63 561
17 64 913
17 65 404
17 66 46
17 67 441
17 68 947
17 69 401
17 70 933
17 71 860
17 72 547
17 73 388
17 74 945
17 75 499
17 76 977
17 77 501
17 78 781
17 79 168
17 80 993
17 81 528
17 82 1138
17 83 1119
17 84 179
17 85 985
17 86 831
17 87 750
17 88 507
17 89 586
17 90 592
17 91 839
17 92 835
17 93 874
17 94 768
17 95 592
17 96 942
17 97 768
17 98 826
17 99 442
17 100 117
18 1 395
18 2 353
18 3 174
18 4 129
18 5 452
18 6 819
18 7 676
18 8 384
18 9 581
18 10 122
18 11 546
18 12 416
18 13 234
18 14 754
18 15 478
18 16 330
18 17 854
18 19 390
18 20 377
18 21 454
18 22 193
18 23 363
18 24 755
18 25 508
18 26 436
18 27 566
18 28 424
18 29 77
18 30 501
18 31 151
18 32 470
18 33 431
18 34 790
18 35 243
18 36 453
18 37 873
18 38 267
18 39 545
18 40 206
18 41 910
18 42 544
18 43 483
18 44 199
18 45 727
18 46 227
18 47 746
18 48 523
18 49 447
18 50 570
18 51 398
18 52 378
18 53 507
18 54 259
18 55 597
18 56 140
18 57 254
18 58 311
18 59 326
18 60 449
18 61 376
18 62 643
18 63 547
18 64 265
18 65 451
18 66 822
18 67 698
18 68 786
18 69 516
18 70 701
18 71 145
18 72 530
18 73 478
18 74 197
18 75 581
18 76 172
18 77 371
18 78 264
18 79 852
18 80 435
18 81 328
18 82 284
18 83 333
18 84 723
18 85 341
18 86 828
18 87 474
18 88 401
18 89 517
18 90 455
18 91 770
18 92 80
18 93 107
18 94 303
18 95 609
18 96 101
18 97 100
18 98 594
18 99 567
18 100 774
19 1 612
19 2 121
19 3 490
19 4 262
19 5 192
19 6 485
19 7 894
19 8 537
19 9 570
19 10 288
19 11 761
19 12 235
19 13 523
19 14 824
19 15 626
19 16 441
19 17 960
19 18 390
19 20 489
19 21 461
19 22 260
19 23 580
19 24 593
19 25 428
19 26 319
19 27 248
19 28 515
19 29 444
19 30 693
19 31 538
19 32 559
19 33 659
19 34 479
19 35 397
19 36 765
19 37 941
19 38 358
19 39 552
19 40 403
19 41 981
19 42 915
19 43 814
19 44 347
19 45 717
19 46 615
19 47 872
19 48 380
19 49 312
19 50 780
19 51 615
19 52 450
19 53 338
19 54 208
19 55 871
19 56 466
19 57 390
19 58 518
19 59 692
19 60 794
19 61 237
19 62 428
19 63 443
19 64 126
19 65 602
19 66 917
19 67 622
19 68 454
19 69 753
19 70 363
19 71 534
19 72 444
19 73 675
19 74 213
19 75 506
19 76 277
19 77 490
19 78 201
19 79 887
19 80 48
19 81 533
19 82 462
19 83 270
19 84 891
19 85 75
19 86 552
19 87 254
19 88 669
19 89 841
19 90 779
19 91 483
19 92 467
19 93 283
19 94 679
19 95 464
19 96 344
19 97 360
19 98 302
19 99 539
19 100 851
20 1 157
20 2 374
20 3 257
20 4 362
20 5 385
20 6 686
20 7 408
20 8 58
20 9 223
20 10 429
20 11 280
20 12 661
20 13 219
20 14 383
20 15 137
20 16 54
20 17 498
20 18 377
20 19 489
20 21 125
20 22 270
20 23 137
20 24 461
20 25 226
20 26 247
20 27 487
20 28 48
20 29 335
20 30 208
20 31 458
20 32 94
20 33 199
20 34 634
20 35 137
20 36 365
20 37 504
20 38 609
20 39 184
20 40 171
20 41 542
20 42 590
20 43 427
20 44 195
20 45 356
20 46 483
20 47 397
20 48 292
20 49 266
20 50 296
20 51 159
20 52 51
20 53 312
20 54 520
20 55 413
20 56 275
20 57 610
20 58 113
20 59 410
20 60 436
20 61 279
20 62 424
20 63 267
20 64 422
20 65 114
20 66 460
20 67 355
20 68 657
20 69 284
20 70 601
20 71 430
20 72 242
20 73 193
20 74 448
20 75 263
20 76 481
20 77 8
20 78 295
20 79 477
20 80 530
20 81 111
20 82 654
20 83 622
20 84 404
20 85 500
20 86 623
20 87 351
20 88 244
20 89 439
20 90 390
20 91 588
20 92 382
20 93 379
20 94 429
20 95 339
20 96 453
20 97 281
20 98 473
20 99 221
20 100 405
21 1 275
21 2 340
21 3 365
21 4 405
21 5 316
21 6 575
21 7 483
21 8 177
21 9 131
21 10 477
21 11 369
21 12 663
21 13 336
21 14 364
21 15 213
21 16 139
21 17 500
21 18 454
21 19 461
21 20 125
21 22 301
21 23 260
21 24 337
21 25 104
21 26 162
21 27 400
21 28 102
21 29 428
21 30 296
21 31 558
21 32 121
21 33 312
21 34 519
21 35 216
21 36 486
21 37 483
21 38 654
21 39 100
21 40 257
21 41 523
21 42 715
21 43 549
21 44 256
21 45 283
21 46 593
21 47 415
21 48 178
21 49 178
21 50 379
21 51 277
21 52 87
21 53 208
21 54 541
21 55 516
21 56 378
21 57 661
21 58 236
21 59 534
21 60 560
21 61 226
21 62 304
21 63 143
21 64 425
21 65 200
21 66 457
21 67 247
21 68 547
21 69 385
21 70 500
21 71 532
21 72 118
21 73 288
21 74 476
21 75 141
21 76 523
21 77 132
21 78 293
21 79 437
21 80 494
21 81 236
21 82 715
21 83 643
21 84 449
21 85 490
21 86 501
21 87 267
21 88 364
21 89 559
21 90 512
21 91 470
21 92 476
21 93 429
21 94 550
21 95 214
21 96 514
21 97 354
21 98 375
21 99 114
21 100 391
22 1 364
22 2 181
22 3 234
22 4 105
22 5 266
22 6 633
22 7 653
22 8 305
22 9 431
22 10 178
22 11 519
22 12 394
22 13 264
22 14 646
22 15 402
22 16 217
22 17 767
22 18 193
22 19 260
22 20 270
22 21 301
22 23 330
22 24 571
22 25 331
22 26 247
22 27 383
22 28 310
22 29 214
22 30 455
22 31 337
22 32 359
22 33 410
22 34 600
22 35 148
22 36 506
22 37 768
22 38 353
22 39 400
22 40 145
22 41 807
22 42 663
22 43 554
22 44 91
22 45 584
22 46 402
22 47 667
22 48 335
22 49 257
22 50 539
22 51 367
22 52 248
22 53 316
22 54 251
22 55 616
22 56 215
22 57 361
22 58 267
22 59 442
22 60 536
22 61 183
22 62 451
22 63 367
22 64 161
22 65 376
22 66 729
22 67 532
22 68 599
22 69 504
22 70 518
22 71 323
22 72 353
22 73 435
22 74 179
22 75 410
22 76 222
22 77 268
22 78 78
22 79 732
22 80 307
22 81 284
22 82 418
22 83 352
22 84 669
22 85 246
22 86 635
22 87 281
22 88 412
22 89 581
22 90 519
22 91 577
22 92 253
22 93 132
22 94 435
22 95 424
22 96 221
22 97 117
22 98 405
22 99 410
22 100 670
23 1 35
23 2 474
23 3 200
23 4 395
23 5 505
23 6 822
23 7 326
23 8 85
23 9 335
23 10 449
23 11 192
23 12 718
23 13 141
23 14 414
23 15 131
23 16 157
23 17 496
23 18 363
23 19 580
23 20 137
23 21 260
23 22 330
23 24 590
23 25 363
23 26 379
23 27 614
23 28 163
23 29 300
23 30 139
23 31 399
23 32 179
23 33 81
23 34 770
23 35 184
23 36 228
23 37 527
23 38 623
23 39 297
23 40 190
23 41 560
23 42 456
23 43 290
23 44 240
23 45 440
23 46 402
23 47 387
23 48 429
23 49 398
23 50 214
23 51 38
23 52 186
23 53 447
23 54 565
23 55 293
23 56 231
23 57 615
23 58 63
23 59 292
23 60 300
23 61 396
23 62 561
23 63 403
23 64 490
23 65 111
23 66 468
23 67 470
23 68 792
23 69 175
23 70 733
23 71 368
23 72 377
23 73 115
23 74 490
23 75 392
23 76 505
23 77 132
23 78 379
23 79 521
23 80 624
23 81 47
23 82 646
23 83 661
23 84 361
23 85 575
23 86 760
23 87 478
23 88 107
23 89 303
23 90 253
23 91 725
23 92 339
23 93 404
23 94 318
23 95 474
23 96 457
23 97 288
23 98 605
23 99 342
23 100 428
24 1 598
24 2 498
24 3 697
24 4 671
24 5 401
24 6 385
24 7 723
24 8 506
24 9 268
24 10 741
24 11 645
24 12 827
24 13 673
24 14 454
24 15 504
24 16 473
24 17 591
24 18 755
24 19 593
24 20 461
24 21 337
24 22 571
24 23 590
24 25 252
24 26 325
24 27 385
24 28 427
24 29 746
24 30 583
24 31 879
24 32 418
24 33 626
24 34 320
24 35 539
24 36 807
24 37 525
24 38 896
24 39 300
24 40 581
24 41 558
24 42 1044
24 43 871
24 44 562
24 45 284
24 46 922
24 47 564
24 48 238
24 49 319
24 50 646
24 51 599
24 52 423
24 53 268
24 54 755
24 55 802
24 56 705
24 57 915
24 58 572
24 59 870
24 60 888
24 61 404
24 62 171
24 63 210
24 64 627
24 65 504
24 66 547
24 67 157
24 68 373
24 69 677
24 70 387
24 71 855
24 72 231
24 73 585
24 74 710
24 75 198
24 76 772
24 77 468
24 78 522
24 79 443
24 80 601
24 81 571
24 82 979
24 83 845
24 84 641
24 85 654
24 86 241
24 87 341
24 88 688
24 89 875
24 90 836
24 91 258
24 92 793
24 93 699
24 94 887
24 95 148
24 96 790
24 97 659
24 98 324
24 99 251
24 100 480
25 1 379
25 2 312
25 3 447
25 4 435
25 5 255
25 6 473
25 7 577
25 8 280
25 9 148
25 10 507
25 11 468
25 12 649
25 13 426
25 14 411
25 15 313
25 16 227
25 17 554
25 18 508
25 19 428
25 20 226
25 21 104
25 22 331
25 23 363
25 24 252
25 26 110
25 27 318
25 28 206
25 29 495
25 30 396
25 31 628
25 32 219
25 33 416
25 34 416
25 35 288
25 36 589
25 37 522
25 38 675
25 39 143
25 40 329
25 41 562
25 42 815
25 43 652
25 44 312
25 45 289
25 46 671
25 47 483
25 48 80
25 49 118
25 50 477
25 51 380
25 52 181
25 53 119
25 54 547
25 55 618
25 56 454
25 57 688
25 58 333
25 59 628
25 60 661
25 61 196
25 62 200
25 63 43
25 64 421
25 65 302
25 66 509
25 67 205
25 68 446
25 69 487
25 70 405
25 71 604
25 72 23
25 73 390
25 74 490
25 75 82
25 76 546
25 77 233
25 78 298
25 79 462
25 80 453
25 81 336
25 82 748
25 83 645
25 84 531
25 85 471
25 86 398
25 87 196
25 88 467
25 89 662
25 90 615
25 91 367
25 92 542
25 93 462
25 94 642
25 95 115
25 96 552
25 97 410
25 98 284
25 99 115
25 100 440
26 1 403
26 2 202
26 3 411
26 4 346
26 5 155
26 6 446
26 7 640
26 8 305
26 9 253
26 10 417
26 11 520
26 12 540
26 13 405
26 14 512
26 15 366
26 16 224
26 17 653
26 18 436
26 19 319
26 20 247
26 21 162
26 22 247
26 23 379
26 24 325
26 25 110
26 27 243
26 28 248
26 29 438
26 30 447
26 31 569
26 32 280
26 33 446
26 34 398
26 35 251
26 36 604
26 37 627
26 38 576
26 39 239
26 40 288
26 41 666
26 42 813
26 43 664
26 44 254
26 45 398
26 46 623
26 47 574
26 48 89
26 49 19
26 50 533
26 51 405
26 52 197
26 53 77
26 54 442
26 55 659
26 56 410
26 57 592
26 58 334
26 59 610
26 60 665
26 61 88
26 62 212
26 63 132
26 64 315
26 65 349
26 66 608
26 67 311
26 68 415
26 69 529
26 70 355
26 71 549
26 72 128
26 73 435
26 74 390
26 75 190
26 76 450
26 77 252
26 78 199
26 79 570
26 80 346
26 81 342
26 82 655
26 83 539
26 84 610
26 85 362
26 86 409
26 87 107
26 88 485
26 89 680
26 90 627
26 91 361
26 92 483
26 93 375
26 94 616
26 95 178
26 96 466
26 97 344
26 98 227
26 99 221
26 100 540
27 1 640
27 2 215
27 3 603
27 4 444
27 5 119
27 6 254
27 7 882
27 8 545
27 9 461
27 10 495
27 11 762
27 12 472
27 13 614
27 14 724
27 15 608
27 16 457
27 17 869
27 18 566
27 19 248
27 20 487
27 21 400
27 22 383
27 23 614
27 24 385
27 25 318
27 26 243
27 28 491
27 29 596
27 30 689
27 31 716
27 32 520
27 33 685
27 34 235
27 35 460
27 36 834
27 37 829
27 38 601
27 39 460
27 40 487
27 41 867
27 42 1027
27 43 891
27 44 438
27 45 582
27 46 784
27 47 801
27 48 242
27 49 225
27 50 775
27 51 643
27 52 437
27 53 199
27 54 449
27 55 900
27 56 592
27 57 629
27 58 563
27 59 812
27 60 886
27 61 224
27 62 215
27 63 308
27 64 336
27 65 591
27 66 823
27 67 462
27 68 221
27 69 770
27 70 136
27 71 704
27 72 323
27 73 677
27 74 433
27 75 372
27 76 502
27 77 491
27 78 306
27 79 760
27 80 237
27 81 573
27 82 700
27 83 517
27 84 846
27 85 321
27 86 305
27 87 137
27 88 718
27 89 911
27 90 854
27 91 236
27 92 633
27 93 472
27 94 811
27 95 291
27 96 553
27 97 500
27 98 62
27 99 427
27 100 753
28 1 174
28 2 397
28 3 303
28 4 405
28 5 396
28 6 676
28 7 394
28 8 79
28 9 180
28 10 473
28 11 272
28 12 697
28 13 262
28 14 339
28 15 119
28 16 97
28 17 458
28 18 424
28 19 515
28 20 48
28 21 102
28 22 310
28 23 163
28 24 427
28 25 206
28 26 248
28 27 491
28 29 382
28 30 199
28 31 505
28 32 49
28 33 210
28 34 621
28 35 183
28 36 386
28 37 460
28 38 654
28 39 140
28 40 219
28 41 498
28 42 618
28 43 449
28 44 239
28 45 309
28 46 529
28 47 361
28 48 279
28 49 267
28 50 285
28 51 176
28 52 66
28 53 305
28 54 560
28 55 416
28 56 323
28 57 655
28 58 153
28 59 448
28 60 462
28 61 294
28 62 406
28 63 244
28 64 456
28 65 101
28 66 419
28 67 313
28 68 647
28 69 285
28 70 597
28 71 477
28 72 219
28 73 189
28 74 489
28 75 230
28 76 524
28 77 55
28 78 326
28 79 431
28 80 554
28 81 148
28 82 700
28 83 661
28 84 377
28 85 531
28 86 602
28 87 354
28 88 264
28 89 458
28 90 413
28 91 572
28 92 429
28 93 424
28 94 469
28 95 314
28 96 499
28 97 328
28 98 471
28 99 181
28 100 361
29 1 329
29 2 390
29 3 103
29 4 184
29 5 479
29 6 846
29 7 604
29 8 332
29 9 550
29 10 196
29 11 477
29 12 490
29 13 164
29 14 702
29 15 421
29 16 295
29 17 795
29 18 77
29 19 444
29 20 335
29 21 428
29 22 214
29 23 300
29 24 746
29 25 495
29 26 438
29 27 596
29 28 382
29 30 437
29 31 133
29 32 425
29 33 363
29 34 812
29 35 213
29 36 376
29 37 820
29 38 341
29 39 512
29 40 171
29 41 855
29 42 476
29 43 408
29 44 185
29 45 690
29 46 189
29 47 686
29 48 522
29 49 451
29 50 501
29 51 332
29 52 346
29 53 513
29 54 332
29 55 521
29 56 70
29 57 326
29 58 254
29 59 255
29 60 375
29 61 391
29 62 649
29 63 536
29 64 321
29 65 396
29 66 765
29 67 674
29 68 813
29 69 444
29 70 732
29 71 113
29 72 516
29 73 413
29 74 266
29 75 562
29 76 247
29 77 328
29 78 291
29 79 804
29 80 491
29 81 269
29 82 349
29 83 409
29 84 658
29 85 402
29 86 841
29 87 491
29 88 327
29 89 441
29 90 379
29 91 786
29 92 48
29 93 170
29 94 237
29 95 602
29 96 177
29 97 98
29 98 618
29 99 540
29 100 720
30 1 108
30 2 580
30 3 335
30 4 529
30 5 591
30 6 869
30 7 202
30 8 156
30 9 315
30 10 586
30 11 74
30 12 848
30 13 275
30 14 302
30 15 84
30 16 252
30 17 365
30 18 501
30 19 693
30 20 208
30 21 296
30 22 455
30 23 139
30 24 583
30 25 396
30 26 447
30 27 689
30 28 199
30 29 437
30 31 527
30 32 178
30 33 84
30 34 812
30 35 308
30 36 245
30 37 405
30 38 761
30 39 285
30 40 322
30 41 436
30 42 488
30 43 305
30 44 367
30 45 374
30 46 520
30 47 255
30 48 473
30 49 465
30 50 89
30 51 105
30 52 255
30 53 502
30 54 697
30 55 224
30 56 367
30 57 753
30 58 196
30 59 379
30 60 337
30 61 486
30 62 594
30 63 429
30 64 614
30 65 98
30 66 340
30 67 440
30 68 842
30 69 95
30 70 795
30 71 496
30 72 405
30 73 24
30 74 623
30 75 398
30 76 642
30 77 206
30 78 494
30 79 414
30 80 734
30 81 179
30 82 784
30 83 795
30 84 223
30 85 696
30 86 784
30 87 552
30 88 151
30 89 301
30 90 276
30 91 760
30 92 474
30 93 539
30 94 413
30 95 494
30 96 595
30 97 425
30 98 669
30 99 335
30 100 312
31 1 423
31 2 504
31 3 205
31 4 279
31 5 601
31 6 968
31 7 671
31 8 447
31 9 678
31 10 256
31 11 555
31 12 530
31 13 258
31 14 811
31 15 528
31 16 423
31 17 892
31 18 151
31 19 538
31 20 458
31 21 558
31 22 337
31 23 399
31 24 879
31 25 628
31 26 569
31 27 716
31 28 505
31 29 133
31 30 527
31 32 545
31 33 447
31 34 937
31 35 344
31 36 406
31 37 925
31 38 337
31 39 639
31 40 301
31 41 958
31 42 432
31 43 417
31 44 318
31 45 814
31 46 82
31 47 782
31 48 654
31 49 583
31 50 579
31 51 425
31 52 475
31 53 644
31 54 384
31 55 564
31 56 183
31 57 308
31 58 365
31 59 238
31 60 372
31 61 518
31 62 780
31 63 669
31 64 412
31 65 504
31 66 865
31 67 804
31 68 934
31 69 514
31 70 851
31 71 32
31 72 649
31 73 504
31 74 335
31 75 694
31 76 291
31 77 452
31 78 411
31 79 917
31 80 583
31 81 378
31 82 302
31 83 436
31 84 741
31 85 484
31 86 970
31 87 618
31 88 396
31 89 454
31 90 398
31 91 914
31 92 87
31 93 255
31 94 202
31 95 735
31 96 209
31 97 226
31 98 742
31 99 670
31 100 827
32 1 181
32 2 440
32 3 341
32 4 453
32 5 431
32 6 692
32 7 362
32 8 103
32 9 157
32 10 521
32 11 249
32 12 744
32 13 296
32 14 290
32 15 94
32 16 145
32 17 410
32 18 470
32 19 559
32 20 94
32 21 121
32 22 359
32 23 179
32 24 418
32 25 219
32 26 280
32 27 520
32 28 49
32 29 425
32 30 178
32 31 545
32 33 208
32 34 635
32 35 231
32 36 390
32 37 411
32 38 702
32 39 120
32 40 265
32 41 450
32 42 628
32 43 453
32 44 287
32 45 270
32 46 564
32 47 314
32 48 297
32 49 297
32 50 259
32 51 182
32 52 113
32 53 328
32 54 608
32 55 400
32 56 363
32 57 703
32 58 185
32 59 470
32 60 472
32 61 333
32 62 417
32 63 252
32 64 504
32 65 88
32 66 371
32 67 291
32 68 665
32 69 270
32 70 620
32 71 516
32 72 228
32 73 173
32 74 537
32 75 225
32 76 573
32 77 99
32 78 373
32 79 384
32 80 597
32 81 176
32 82 748
32 83 710
32 84 335
32 85 578
32 86 609
32 87 386
32 88 271
32 89 458
32 90 418
32 91 584
32 92 471
32 93 472
32 94 494
32 95 318
32 96 547
32 97 375
32 98 496
32 99 168
32 100 313
33 1 48
33 2 553
33 3 260
33 4 473
33 5 579
33 6 883
33 7 249
33 8 141
33 9 361
33 10 524
33 11 116
33 12 797
33 13 199
33 14 384
33 15 127
33 16 230
33 17 447
33 18 431
33 19 659
33 20 199
33 21 312
33 22 410
33 23 81
33 24 626
33 25 416
33 26 446
33 27 685
33 28 210
33 29 363
33 30 84
33 31 447
33 32 208
33 34 829
33 35 264
33 36 183
33 37 488
33 38 695
33 39 326
33 40 269
33 41 519
33 42 424
33 43 246
33 44 320
33 45 442
33 46 437
33 47 337
33 48 487
33 49 465
33 50 140
33 51 44
33 52 250
33 53 510
33 54 643
33 55 217
33 56 294
33 57 684
33 58 143
33 59 298
33 60 269
33 61 470
33 62 616
33 63 453
33 64 570
33 65 122
33 66 423
33 67 493
33 68 854
33 69 95
33 70 800
33 71 415
33 72 428
33 73 63
33 74 568
33 75 433
33 76 580
33 77 195
33 78 459
33 79 496
33 80 703
33 81 127
33 82 711
33 83 738
33 84 297
33 85 655
33 86 812
33 87 548
33 88 71
33 89 250
33 90 212
33 91 782
33 92 397
33 93 479
33 94 331
33 95 522
33 96 527
33 97 362
33 98 672
33 99 375
33 100 394
34 1 790
34 2 446
34 3 803
34 4 672
34 5 339
34 6 66
34 7 985
34 8 690
34 9 523
34 10 727
34 11 883
34 12 692
34 13 802
34 14 758
34 15 728
34 16 619
34 17 900
34 18 790
34 19 479
34 20 634
34 21 519
34 22 600
34 23 770
34 24 320
34 25 416
34 26 398
34 27 235
34 28 621
34 29 812
34 30 812
34 31 937
34 32 635
34 33 829
34 35 647
34 36 997
34 37 840
34 38 835
34 39 539
34 40 681
34 41 874
34 42 1211
34 43 1059
34 44 639
34 45 592
34 46 1001
34 47 858
34 48 343
34 49 380
34 50 891
34 51 792
34 52 584
34 53 325
34 54 683
34 55 1034
34 56 797
34 57 864
34 58 730
34 59 1006
34 60 1062
34 61 423
34 62 220
34 63 384
34 64 571
34 65 718
34 66 855
34 67 460
34 68 58
34 69 903
34 70 126
34 71 922
34 72 408
34 73 806
34 74 668
34 75 427
34 76 736
34 77 639
34 78 527
34 79 759
34 80 461
34 81 736
34 82 935
34 83 746
34 84 923
34 85 553
34 86 107
34 87 322
34 88 876
34 89 1072
34 90 1022
34 91 62
34 92 852
34 93 701
34 94 1010
34 95 325
34 96 785
34 97 715
34 98 196
34 99 493
34 100 785
35 1 218
35 2 295
35 3 162
35 4 228
35 5 344
35 6 690
35 7 506
35 8 161
35 9 340
35 10 293
35 11 371
35 12 540
35 13 157
35 14 519
35 15 259
35 16 88
35 17 631
35 18 243
35 19 397
35 20 137
35 21 216
35 22 148
35 23 184
35 24 539
35 25 288
35 26 251
35 27 460
35 28 183
35 29 213
35 30 308
35 31 344
35 32 231
35 33 264
35 34 647
35 36 380
35 37 641
35 38 473
35 39 303
35 40 43
35 41 678
35 42 569
35 43 435
35 44 61
35 45 484
35 46 384
35 47 528
35 48 326
35 49 268
35 50 392
35 51 221
35 52 136
35 53 328
35 54 392
35 55 475
35 56 167
35 57 473
35 58 122
35 59 360
35 60 427
35 61 236
35 62 460
35 63 330
35 64 308
35 65 232
35 66 595
35 67 462
35 68 658
35 69 359
35 70 588
35 71 318
35 72 309
35 73 287
35 74 318
35 75 351
35 76 346
35 77 133
35 78 197
35 79 613
35 80 442
35 81 138
35 82 518
35 83 492
35 84 524
35 85 392
35 86 659
35 87 332
35 88 274
35 89 457
35 90 398
35 91 611
35 92 261
35 93 244
35 94 366
35 95 399
35 96 317
35 97 146
35 98 464
35 99 328
35 100 541
36 1 212
36 2 673
36 3 289
36 4 537
36 5 721
36 6 1048
36 7 290
36 8 310
36 9 544
36 10 568
36 11 219
36 12 860
36 13 244
36 14 536
36 15 309
36 16 381
36 17 564
36 18 453
36 19 765
36 20 365
36 21 486
36 22 506
36 23 228
36 24 807
36 25 589
36 26 604
36 27 834
36 28 386
36 29 376
36 30 245
36 31 406
36 32 390
36 33 183
36 34 997
36 35 380
36 37 624
36 38 714
36 39 509
36 40 365
36 41 648
36 42 243
36 43 64
36 44 420
36 45 618
36 46 363
36 47 461
36 48 656
36 49 623
36 50 237
36 51 211
36 52 414
36 53 674
36 54 701
36 55 161
36 56 321
36 57 694
36 58 272
36 59 184
36 60 93
36 61 611
36 62 788
36 63 629
36 64 658
36 65 304
36 66 552
36 67 675
36 68 1018
36 69 169
36 70 956
36 71 378
36 72 603
36 73 234
36 74 630
36 75 613
36 76 622
36 77 359
36 78 571
36 79 648
36 80 812
36 81 263
36 82 703
36 83 784
36 84 390
36 85 745
36 86 987
36 87 700
36 88 122
36 89 78
36 90 31
36 91 952
36 92 392
36 93 533
36 94 225
36 95 699
36 96 552
36 97 421
36 98 829
36 99 557
36 100 540
37 1 504
37 2 821
37 3 724
37 4 864
37 5 777
37 6 905
37 7 373
37 8 490
37 9 375
37 10 932
37 11 407
37 12 1146
37 13 667
37 14 122
37 15 399
37 16 556
37 17 90
37 18 873
37 19 941
37 20 504
37 21 483
37 22 768
37 23 527
37 24 525
37 25 522
37 26 627
37 27 829
37 28 460
37 29 820
37 30 405
37 31 925
37 32 411
37 33 488
37 34 840
37 35 641
37 36 624
37 38 1113
37 39 390
37 40 672
37 41 40
37 42 849
37 43 672
37 44 698
37 45 252
37 46 923
37 47 165
37 48 591
37 49 638
37 50 388
37 51 502
37 52 520
37 53 636
37 54 1017
37 55 516
37 56 752
37 57 1113
37 58 566
37 59 781
37 60 716
37 61 705
37 62 644
37 63 523
37 64 906
37 65 425
37 66 75
37 67 383
37 68 889
37 69 457
37 70 882
37 71 894
37 72 512
37 73 426
37 74 947
37 75 458
37 76 984
37 77 508
37 78 773
37 79 85
37 80 971
37 81 552
37 82 1155
37 83 1118
37 84 253
37 85 972
37 86 765
37 87 718
37 88 554
37 89 653
37 90 653
37 91 778
37 92 862
37 93 883
37 94 817
37 95 544
37 96 956
37 97 782
37 98 782
37 99 408
37 100 100
38 1 656
38 2 407
38 3 441
38 4 251
38 5 517
38 6 843
38 7 941
38 8 630
38 9 784
38 10 181
38 11 810
38 12 225
38 13 500
38 14 991
38 15 727
38 16 557
38 17 1103
38 18 267
38 19 358
38 20 609
38 21 654
38 22 353
38 23 623
38 24 896
38 25 675
38 26 576
38 27 601
38 28 654
38 29 341
38 30 761
38 31 337
38 32 702
38 33 695
38 34 835
38 35 473
38 36 714
38 37 1113
38 39 752
38 40 446
38 41 1151
38 42 768
38 43 739
38 44 415
38 45 937
38 46 414
38 47 998
38 48 661
38 49 580
38 50 834
38 51 659
38 52 596
38 53 630
38 54 152
38 55 862
38 56 406
38 57 40
38 58 566
38 59 567
38 60 699
38 61 493
38 62 750
38 63 706
38 64 274
38 65 701
38 66 1068
38 67 879
38 68 812
38 69 781
38 70 721
38 71 355
38 72 696
38 73 738
38 74 187
38 75 756
38 76 132
38 77 605
38 78 379
38 79 1081
38 80 386
38 81 584
38 82 107
38 83 123
38 84 983
38 85 284
38 86 901
38 87 565
38 88 667
38 89 774
38 90 714
38 91 833
38 92 324
38 93 231
38 94 536
38 95 752
38 96 168
38 97 338
38 98 650
38 99 762
38 100 1014
39 1 301
39 2 432
39 3 440
39 4 503
39 5 393
39 6 600
39 7 446
39 8 216
39 9 40
39 10 575
39 11 352
39 12 760
39 13 402
39 14 274
39 15 205
39 16 218
39 17 414
39 18 545
39 19 552
39 20 184
39 21 100
39 22 400
39 23 297
39 24 300
39 25 143
39 26 239
39 27 460
39 28 140
39 29 512
39 30 285
39 31 639
39 32 120
39 33 326
39 34 539
39 35 303
39 36 509
39 37 390
39 38 752
39 40 343
39 41 430
39 42 747
39 43 572
39 44 349
39 45 185
39 46 667
39 47 341
39 48 221
39 49 252
39 50 356
39 51 301
39 52 168
39 53 262
39 54 640
39 55 507
39 56 457
39 57 759
39 58 293
39 59 586
39 60 591
39 61 315
39 62 320
39 63 161
39 64 523
39 65 205
39 66 370
39 67 174
39 68 576
39 69 380
39 70 542
39 71 612
39 72 141
39 73 286
39 74 575
39 75 115
39 76 621
39 77 191
39 78 391
39 79 339
39 80 582
39 81 287
39 82 811
39 83 741
39 84 391
39 85 585
39 86 502
39 87 336
39 88 390
39 89 575
39 90 537
39 91 484
39 92 560
39 93 526
39 94 608
39 95 215
39 96 610
39 97 446
39 98 425
39 99 50
39 100 302
40 1 224
40 2 310
40 3 123
40 4 208
40 5 369
40 6 723
40 7 515
40 8 184
40 9 381
40 10 267
40 11 381
40 12 529
40 13 129
40 14 551
40 15 282
40 16 126
40 17 658
40 18 206
40 19 403
40 20 171
40 21 257
40 22 145
40 23 190
40 24 581
40 25 329
40 26 288
40 27 487
40 28 219
40 29 171
40 30 322
40 31 301
40 32 265
40 33 269
40 34 681
40 35 43
40 36 365
40 37 672
40 38 446
40 39 343
40 41 709
40 42 541
40 43 416
40 44 56
40 45 523
40 46 342
40 47 553
40 48 366
40 49 304
40 50 402
40 51 227
40 52 176
40 53 365
40 54 376
40 55 471
40 56 125
40 57 443
40 58 128
40 59 327
40 60 403
40 61 264
40 62 498
40 63 372
40 64 304
40 65 255
40 66 623
40 67 504
40 68 690
40 69 362
40 70 618
40 71 276
40 72 350
40 73 300
40 74 301
40 75 393
40 76 322
40 77 166
40 78 206
40 79 648
40 80 449
40 81 145
40 82 484
40 83 474
40 84 542
40 85 390
40 86 696
40 87 363
40 88 268
40 89 441
40 90 380
40 91 647
40 92 219
40 93 219
40 94 330
40 95 440
40 96 285
40 97 111
40 98 495
40 99 370
40 100 572
41 1 536
41 2 861
41 3 758
41 4 903
41 5 817
41 6 939
41 7 387
41 8 527
41 9 415
41 10 970
41 11 432
41 12 1185
41 13 701
41 14 161
41 15 434
41 16 594
41 17 93
41 18 910
41 19 981
41 20 542
41 21 523
41 22 807
41 23 560
41 24 558
41 25 562
41 26 666
41 27 867
41 28 498
41 29 855
41 30 436
41 31 958
41 32 450
41 33 519
41 34 874
41 35 678
41 36 648
41 37 40
41 38 1151
41 39 430
41 40 709
41 42 869
41 43 694
41 44 736
41 45 289
41 46 955
41 47 188
41 48 630
41 49 677
41 50 412
41 51 534
41 52 559
41 53 675
41 54 1056
41 55 533
41 56 787
41 57 1150
41 58 602
41 59 809
41 60 739
41 61 744
41 62 680
41 63 562
41 64 945
41 65 460
41 66 97
41 67 418
41 68 924
41 69 482
41 70 919
41 71 927
41 72 551
41 73 458
41 74 986
41 75 496
41 76 1022
41 77 546
41 78 813
41 79 115
41 80 1011
41 81 586
41 82 1192
41 83 1157
41 84 268
41 85 1012
41 86 798
41 87 757
41 88 583
41 89 674
41 90 676
41 91 813
41 92 897
41 93 921
41 94 845
41 95 581
41 96 993
41 97 819
41 98 820
41 99 448
41 100 138
42 1 447
42 2 843
42 3 430
42 4 659
42 5 910
42 6 1258
42 7 487
42 8 540
42 9 784
42 10 665
42 11 453
42 12 955
42 13 414
42 14 772
42 15 551
42 16 594
42 17 781
42 18 544
42 19 915
42 20 590
42 21 715
42 22 663
42 23 456
42 24 1044
42 25 815
42 26 813
42 27 1027
42 28 618
42 29 476
42 30 488
42 31 432
42 32 628
42 33 424
42 34 1211
42 35 569
42 36 243
42 37 849
42 38 768
42 39 747
42 40 541
42 41 869
42 43 184
42 44 592
42 45 861
42 46 356
42 47 685
42 48 876
42 49 832
42 50 467
42 51 446
42 52 635
42 53 887
42 54 801
42 55 339
42 56 450
42 57 738
42 58 484
42 59 224
42 60 157
42 61 804
42 62 1010
42 63 857
42 64 795
42 65 544
42 66 775
42 67 916
42 68 1226
42 69 405
42 70 1157
42 71 416
42 72 831
42 73 477
42 74 740
42 75 847
42 76 711
42 77 584
42 78 738
42 79 882
42 80 962
42 81 481
42 82 722
42 83 864
42 84 603
42 85 878
42 86 1211
42 87 900
42 88 358
42 89 197
42 90 213
42 91 1171
42 92 466
42 93 646
42 94 241
42 95 928
42 96 630
42 97 555
42 98 1032
42 99 794
42 100 773
43 1 275
43 2 726
43 3 329
43 4 577
43 5 777
43 6 1109
43 7 322
43 8 373
43 9 607
43 10 602
43 11 271
43 12 896
43 13 291
43 14 590
43 15 371
43 16 441
43 17 607
43 18 483
43 19 814
43 20 427
43 21 549
43 22 554
43 23 290
43 24 871
43 25 652
43 26 664
43 27 891
43 28 449
43 29 408
43 30 305
43 31 417
43 32 453
43 33 246
43 34 1059
43 35 435
43 36 64
43 37 672
43 38 739
43 39 572
43 40 416
43 41 694
43 42 184
43 44 471
43 45 678
43 46 364
43 47 508
43 48 718
43 49 683
43 50 286
43 51 274
43 52 475
43 53 735
43 54 737
43 55 178
43 56 359
43 57 716
43 58 331
43 59 183
43 60 54
43 61 668
43 62 850
43 63 692
43 64 703
43 65 367
43 66 599
43 67 738
43 68 1078
43 69 222
43 70 1015
43 71 392
43 72 666
43 73 295
43 74 668
43 75 676
43 76 655
43 77 421
43 78 622
43 79 700
43 80 861
43 81 323
43 82 719
43 83 816
43 84 430
43 85 789
43 86 1049
43 87 759
43 88 185
43 89 37
43 90 38
43 91 1014
43 92 416
43 93 571
43 94 222
43 95 762
43 96 581
43 97 462
43 98 889
43 99 620
43 100 592
44 1 274
44 2 255
44 3 166
44 4 168
44 5 320
44 6 678
44 7 564
44 8 221
44 9 384
44 10 235
44 11 429
44 12 481
44 13 182
44 14 577
44 15 319
44 16 143
44 17 691
44 18 199
44 19 347
44 20 195
44 21 256
44 22 91
44 23 240
44 24 562
44 25 312
44 26 254
44 27 438
44 28 239
44 29 185
44 30 367
44 31 318
44 32 287
44 33 320
44 34 639
44 35 61
44 36 420
44 37 698
44 38 415
44 39 349
44 40 56
44 41 736
44 42 592
44 43 471
44 45 533
44 46 369
44 47 588
44 48 337
44 49 269
44 50 450
44 51 277
44 52 185
44 53 330
44 54 332
44 55 526
44 56 158
44 57 417
44 58 177
44 59 375
44 60 457
44 61 218
44 62 466
44 63 353
44 64 251
44 65 292
44 66 654
44 67 499
44 68 646
44 69 414
44 70 570
44 71 296
44 72 334
44 73 347
44 74 258
44 75 383
44 76 287
44 77 191
44 78 151
44 79 668
44 80 393
44 81 194
44 82 464
44 83 432
44 84 584
44 85 336
44 86 661
44 87 319
44 88 323
44 89 496
44 90 435
44 91 609
44 92 232
44 93 185
44 94 374
44 95 418
44 96 263
44 97 100
44 98 450
44 99 369
44 100 599
45 1 433
45 2 600
45 3 610
45 4 687
45 5 541
45 6 657
45 7 465
45 8 372
45 9 154
45 10 759
45 11 419
45 12 935
45 13 565
45 14 171
45 15 318
45 16 398
45 17 309
45 18 727
45 19 717
45 20 356
45 21 283
45 22 584
45 23 440
45 24 284
45 25 289
45 26 398
45 27 582
45 28 309
45 29 690
45 30 374
45 31 814
45 32 270
45 33 442
45 34 592
45 35 484
45 36 618
45 37 252
45 38 937
45 39 185
45 40 523
45 41 289
45 42 861
45 43 678
45 44 533
45 46 833
45 47 284
45 48 348
45 49 406
45 50 412
45 51 432
45 52 350
45 53 394
45 54 821
45 55 570
45 56 631
45 57 944
45 58 454
45 59 731
45 60 709
45 61 483
45 62 393
45 63 281
45 64 701
45 65 332
45 66 265
45 67 133
45 68 639
45 69 462
45 70 631
45 71 785
45 72 275
45 73 385
45 74 758
45 75 215
45 76 806
45 77 363
45 78 571
45 79 179
45 80 742
45 81 445
45 82 996
45 83 922
45 84 368
45 85 757
45 86 523
45 87 479
45 88 513
45 89 673
45 90 649
45 91 531
45 92 737
45 93 711
45 94 758
45 95 293
45 96 794
45 97 629
45 98 533
45 99 181
45 100 197
46 1 421
46 2 575
46 3 228
46 4 355
46 5 668
46 6 1034
46 7 642
46 8 462
46 9 706
46 10 337
46 11 536
46 12 611
46 13 269
46 14 814
46 15 533
46 16 455
46 17 883
46 18 227
46 19 615
46 20 483
46 21 593
46 22 402
46 23 402
46 24 922
46 25 671
46 26 623
46 27 784
46 28 529
46 29 189
46 30 520
46 31 82
46 32 564
46 33 437
46 34 1001
46 35 384
46 36 363
46 37 923
46 38 414
46 39 667
46 40 342
46 41 955
46 42 356
46 43 364
46 44 369
46 45 833
46 47 773
46 48 705
46 49 637
46 50 560
46 51 423
46 52 507
46 53 699
46 54 465
46 55 524
46 56 218
46 57 383
46 58 380
46 59 183
46 60 315
46 61 579
46 62 835
46 63 713
46 64 490
46 65 511
46 66 860
46 67 836
46 68 1001
46 69 492
46 70 919
46 71 82
46 72 692
46 73 498
46 74 416
46 75 732
46 76 372
46 77 476
46 78 478
46 79 923
46 80 661
46 81 390
46 82 369
46 83 516
46 84 723
46 85 564
46 86 1028
46 87 680
46 88 377
46 89 401
46 90 350
46 91 974
46 92 152
46 93 333
46 94 143
46 95 782
46 96 291
46 97 287
46 98 807
46 99 701
46 100 827
47 1 360
47 2 752
47 3 586
47 4 756
47 5 729
47 6 922
47 7 214
47 8 369
47 9 344
47 10 819
47 11 245
47 12 1057
47 13 527
47 14 119
47 15 271
47 16 451
47 17 111
47 18 746
47 19 872
47 20 397
47 21 415
47 22 667
47 23 387
47 24 564
47 25 483
47 26 574
47 27 801
47 28 361
47 29 686
47 30 255
47 31 782
47 32 314
47 33 337
47 34 858
47 35 528
47 36 461
47 37 165
47 38 998
47 39 341
47 40 553
47 41 188
47 42 685
47 43 508
47 44 588
47 45 284
47 46 773
47 48 561
47 49 588
47 50 225
47 51 357
47 52 427
47 53 602
47 54 917
47 55 353
47 56 617
47 57 994
47 58 436
47 59 623
47 60 552
47 61 640
47 62 645
47 63 497
47 64 817
47 65 298
47 66 92
47 67 407
47 68 901
47 69 295
47 70 878
47 71 750
47 72 480
47 73 278
47 74 844
47 75 440
47 76 873
47 77 400
47 78 687
47 79 208
47 80 907
47 81 419
47 82 1030
47 83 1018
47 84 96
47 85 892
47 86 800
47 87 675
47 88 398
47 89 489
47 90 489
47 91 799
47 92 726
47 93 770
47 94 660
47 95 538
47 96 836
47 97 662
47 98 764
47 99 377
47 100 104
48 1 448
48 2 272
48 3 488
48 4 434
48 5 195
48 6 398
48 7 656
48 8 348
48 9 220
48 10 504
48 11 545
48 12 610
48 13 476
48 14 483
48 15 390
48 16 282
48 17 628
48 18 523
48 19 380
48 20 292
48 21 178
48 22 335
48 23 429
48 24 238
48 25 80
48 26 89
48 27 242
48 28 279
48 29 522
48 30 473
48 31 654
48 32 297
48 33 487
48 34 343
48 35 326
48 36 656
48 37 591
48 38 661
48 39 221
48 40 366
48 41 630
48 42 876
48 43 718
48 44 337
48 45 348
48 46 705
48 47 561
48 49 82
48 50 555
48 51 450
48 52 243
48 53 46
48 54 523
48 55 693
48 56 490
48 57 678
48 58 392
48 59 680
48 60 724
48 61 168
48 62 135
48 63 68
48 64 395
48 65 378
48 66 582
48 67 243
48 68 370
48 69 562
48 70 326
48 71 633
48 72 82
48 73 466
48 74 475
48 75 134
48 76 536
48 77 298
48 78 285
48 79 526
48 80 399
48 81 397
48 82 742
48 83 617
48 84 610
48 85 432
48 86 336
48 87 132
48 88 535
48 89 730
48 90 681
48 91 297
48 92 568
48 93 463
48 94 690
48 95 92
48 96 554
48 97 430
48 98 205
48 99 186
48 100 512
49 1 421
49 2 198
49 3 427
49 4 354
49 5 142
49 6 427
49 7 658
49 8 324
49 9 263
49 10 423
49 11 538
49 12 536
49 13 423
49 14 524
49 15 384
49 16 242
49 17 666
49 18 447
49 19 312
49 20 266
49 21 178
49 22 257
49 23 398
49 24 319
49 25 118
49 26 19
49 27 225
49 28 267
49 29 451
49 30 465
49 31 583
49 32 297
49 33 465
49 34 380
49 35 268
49 36 623
49 37 638
49 38 580
49 39 252
49 40 304
49 41 677
49 42 832
49 43 683
49 44 269
49 45 406
49 46 637
49 47 588
49 48 82
49 50 551
49 51 424
49 52 215
49 53 62
49 54 443
49 55 678
49 56 425
49 57 597
49 58 352
49 59 627
49 60 683
49 61 87
49 62 198
49 63 134
49 64 316
49 65 367
49 66 621
49 67 314
49 68 396
49 69 548
49 70 336
49 71 563
49 72 133
49 73 454
49 74 393
49 75 195
49 76 455
49 77 270
49 78 204
49 79 579
49 80 336
49 81 360
49 82 661
49 83 538
49 84 626
49 85 358
49 86 393
49 87 90
49 88 504
49 89 699
49 90 645
49 91 344
49 92 496
49 93 383
49 94 633
49 95 173
49 96 474
49 97 357
49 98 208
49 99 231
49 100 552
50 1 180
50 2 668
50 3 399
50 4 609
50 5 678
50 6 949
50 7 115
50 8 243
50 9 382
50 10 662
50 11 25
50 12 930
50 13 338
50 14 305
50 15 167
50 16 340
50 17 331
50 18 570
50 19 780
50 20 296
50 21 379
50 22 539
50 23 214
50 24 646
50 25 477
50 26 533
50 27 775
50 28 285
50 29 501
50 30 89
50 31 579
50 32 259
50 33 140
50 34 891
50 35 392
50 36 237
50 37 388
50 38 834
50 39 356
50 40 402
50 41 412
50 42 467
50 43 286
50 44 450
50 45 412
50 46 560
50 47 225
50 48 555
50 49 551
50 51 177
50 52 343
50 53 586
50 54 778
50 55 159
50 56 432
50 57 823
50 58 275
50 59 401
50 60 329
50 61 574
50 62 672
50 63 508
50 64 699
50 65 185
50 66 316
50 67 497
50 68 923
50 69 71
50 70 879
50 71 548
50 72 484
50 73 106
50 74 703
50 75 470
50 76 718
50 77 294
50 78 581
50 79 415
50 80 822
50 81 258
50 82 849
50 83 874
50 84 164
50 85 782
50 86 857
50 87 639
50 88 184
50 89 272
50 90 266
50 91 838
50 92 534
50 93 617
50 94 439
50 95 569
50 96 667
50 97 500
50 98 753
50 99 405
50 100 306
51 1 4
51 2 509
51 3 231
51 4 433
51 5 536
51 6 845
51 7 289
51 8 102
51 9 338
51 10 486
51 11 154
51 12 755
51 13 171
51 14 392
51 15 116
51 16 187
51 17 467
51 18 398
51 19 615
51 20 159
51 21 277
51 22 367
51 23 38
51 24 599
51 25 380
51 26 405
51 27 643
51 28 176
51 29 332
51 30 105
51 31 425
51 32 182
51 33 44
51 34 792
51 35 221
51 36 211
51 37 502
51 38 659
51 39 301
51 40 227
51 41 534
51 42 446
51 43 274
51 44 277
51 45 432
51 46 423
51 47 357
51 48 450
51 49 424
51 50 177
51 52 210
51 53 471
51 54 602
51 55 260
51 56 263
51 57 650
51 58 100
51 59 299
51 60 290
51 61 427
51 62 580
51 63 419
51 64 527
51 65 102
51 66 440
51 67 472
51 68 816
51 69 138
51 70 759
51 71 394
51 72 394
51 73 81
51 74 527
51 75 403
51 76 542
51 77 154
51 78 415
51 79 501
51 80 659
51 81 84
51 82 679
51 83 698
51 84 327
51 85 612
51 86 777
51 87 507
51 88 90
51 89 282
51 90 238
51 91 745
51 92 370
51 93 441
51 94 329
51 95 489
51 96 492
51 97 324
51 98 632
51 99 349
51 100 405
52 1 208
52 2 332
52 3 279
52 4 346
52 5 337
52 6 636
52 7 454
52 8 109
52 9 205
52 10 416
52 11 328
52 12 632
52 13 250
52 14 399
52 15 180
52 16 53
52 17 522
52 18 378
52 19 450
52 20 51
52 21 87
52 22 248
52 23 186
52 24 423
52 25 181
52 26 197
52 27 437
52 28 66
52 29 346
52 30 255
52 31 475
52 32 113
52 33 250
52 34 584
52 35 136
52 36 414
52 37 520
52 38 596
52 39 168
52 40 176
52 41 559
52 42 635
52 43 475
52 44 185
52 45 350
52 46 507
52 47 427
52 48 243
52 49 215
52 50 343
52 51 210
52 53 262
52 54 497
52 55 463
52 56 293
52 57 600
52 58 153
52 59 449
52 60 482
52 61 232
52 62 376
52 63 223
52 64 391
52 65 159
52 66 482
52 67 330
52 68 606
52 69 334
52 70 550
52 71 448
52 72 199
52 73 242
52 74 427
52 75 228
52 76 466
52 77 56
52 78 261
52 79 486
52 80 489
52 81 155
52 82 649
52 83 599
52 84 442
52 85 466
52 86 576
52 87 300
52 88 293
52 89 489
52 90 439
52 91 539
52 92 394
52 93 367
52 94 464
52 95 295
52 96 447
52 97 280
52 98 423
52 99 196
52 100 423
53 1 469
53 2 233
53 3 488
53 4 410
53 5 150
53 6 375
53 7 690
53 8 369
53 9 264
53 10 479
53 11 575
53 12 569
53 13 481
53 14 528
53 15 420
53 16 295
53 17 672
53 18 507
53 19 338
53 20 312
53 21 208
53 22 316
53 23 447
53 24 268
53 25 119
53 26 77
53 27 199
53 28 305
53 29 513
53 30 502
53 31 644
53 32 328
53 33 510
53 34 325
53 35 328
53 36 674
53 37 636
53 38 630
53 39 262
53 40 365
53 41 675
53 42 887
53 43 735
53 44 330
53 45 394
53 46 699
53 47 602
53 48 46
53 49 62
53 50 586
53 51 471
53 52 262
53 54 489
53 55 720
53 56 486
53 57 649
53 58 406
53 59 686
53 60 737
53 61 139
53 62 137
53 63 114
53 64 360
53 65 406
53 66 626
53 67 288
53 68 345
53 69 589
53 70 293
53 71 624
53 72 125
53 73 494
53 74 444
53 75 180
53 76 507
53 77 317
53 78 259
53 79 571
53 80 355
53 81 412
53 82 714
53 83 580
53 84 649
53 85 392
53 86 332
53 87 86
53 88 554
53 89 749
53 90 698
53 91 285
53 92 557
53 93 440
53 94 693
53 95 128
53 96 530
53 97 418
53 98 168
53 99 230
53 100 556
54 1 599
54 2 260
54 3 413
54 4 170
54 5 367
54 6 692
54 7 890
54 8 552
54 9 668
54 10 137
54 11 756
54 12 160
54 13 464
54 14 895
54 15 650
54 16 467
54 17 1017
54 18 259
54 19 208
54 20 520
54 21 541
54 22 251
54 23 565
54 24 755
54 25 547
54 26 442
54 27 449
54 28 560
54 29 332
54 30 697
54 31 384
54 32 608
54 33 643
54 34 683
54 35 392
54 36 701
54 37 1017
54 38 152
54 39 640
54 40 376
54 41 1056
54 42 801
54 43 737
54 44 332
54 45 821
54 46 465
54 47 917
54 48 523
54 49 443
54 50 778
54 51 602
54 52 497
54 53 489
54 55 833
54 56 381
54 57 183
54 58 503
54 59 584
54 60 706
54 61 356
54 62 604
54 63 574
54 64 129
54 65 623
54 66 978
54 67 751
54 68 660
54 69 735
54 70 570
54 71 390
54 72 567
54 73 676
54 74 75
54 75 629
54 76 93
54 77 518
54 78 252
54 79 977
54 80 239
54 81 521
54 82 254
54 83 102
54 84 915
54 85 134
54 86 750
54 87 419
54 88 630
54 89 769
54 90 706
54 91 682
54 92 336
54 93 168
54 94 561
54 95 614
54 96 175
54 97 285
54 98 498
54 99 643
54 100 919
55 1 263
55 2 767
55 3 425
55 4 664
55 5 795
55 6 1090
55 7 149
55 8 355
55 9 536
55 10 705
55 11 157
55 12 991
55 13 370
55 14 451
55 15 307
55 16 447
55 17 443
55 18 597
55 19 871
55 20 413
55 21 516
55 22 616
55 23 293
55 24 802
55 25 618
55 26 659
55 27 900
55 28 416
55 29 521
55 30 224
55 31 564
55 32 400
55 33 217
55 34 1034
55 35 475
55 36 161
55 37 516
55 38 862
55 39 507
55 40 471
55 41 533
55 42 339
55 43 178
55 44 526
55 45 570
55 46 524
55 47 353
55 48 693
55 49 678
55 50 159
55 51 260
55 52 463
55 53 720
55 54 833
55 56 459
55 57 844
55 58 354
55 59 344
55 60 231
55 61 686
55 62 817
55 63 652
55 64 774
55 65 316
55 66 441
55 67 655
55 68 1062
55 69 132
55 70 1012
55 71 535
55 72 627
55 73 228
55 74 760
55 75 621
55 76 761
55 77 409
55 78 671
55 79 556
55 80 916
55 81 339
55 82 858
55 83 922
55 84 265
55 85 861
55 86 1007
55 87 763
55 88 205
55 89 149
55 90 178
55 91 983
55 92 542
55 93 666
55 94 385
55 95 717
55 96 697
55 97 549
55 98 885
55 99 557
55 100 447
56 1 260
56 2 396
56 3 35
56 4 219
56 5 473
56 6 835
56 7 537
56 8 267
56 9 496
56 10 248
56 11 408
56 12 540
56 13 95
56 14 636
56 15 353
56 16 241
56 17 726
56 18 140
56 19 466
56 20 275
56 21 378
56 22 215
56 23 231
56 24 705
56 25 454
56 26 410
56 27 592
56 28 323
56 29 70
56 30 367
56 31 183
56 32 363
56 33 294
56 34 797
56 35 167
56 36 321
56 37 752
56 38 406
56 39 457
56 40 125
56 41 787
56 42 450
56 43 359
56 44 158
56 45 631
56 46 218
56 47 617
56 48 490
56 49 425
56 50 432
56 51 263
56 52 293
56 53 486
56 54 381
56 55 459
56 57 392
56 58 187
56 59 227
56 60 332
56 61 375
56 62 621
56 63 496
56 64 349
56 65 328
56 66 696
56 67 623
56 68 802
56 69 376
56 70 725
56 71 156
56 72 475
56 73 344
56 74 310
56 75 516
56 76 303
56 77 269
56 78 291
56 79 739
56 80 513
56 81 201
56 82 418
56 83 465
56 84 588
56 85 434
56 86 817
56 87 476
56 88 261
56 89 390
56 90 327
56 91 766
56 92 111
56 93 213
56 94 220
56 95 565
56 96 239
56 97 107
56 98 607
56 99 488
56 100 653
57 1 647
57 2 431
57 3 427
57 4 257
57 5 541
57 6 874
57 7 928
57 8 627
57 9 791
57 10 185
57 11 799
57 12 264
57 13 487
57 14 992
57 15 723
57 16 559
57 17 1100
57 18 254
57 19 390
57 20 610
57 21 661
57 22 361
57 23 615
57 24 915
57 25 688
57 26 592
57 27 629
57 28 655
57 29 326
57 30 753
57 31 308
57 32 703
57 33 684
57 34 864
57 35 473
57 36 694
57 37 1113
57 38 40
57 39 759
57 40 443
57 41 1150
57 42 738
57 43 716
57 44 417
57 45 944
57 46 383
57 47 994
57 48 678
57 49 597
57 50 823
57 51 650
57 52 600
57 53 649
57 54 183
57 55 844
57 56 392
57 58 560
57 59 542
57 60 675
57 61 511
57 62 772
57 63 721
57 64 298
57 65 697
57 66 1066
57 67 891
57 68 842
57 69 768
57 70 752
57 71 328
57 72 709
57 73 730
57 74 206
57 75 768
57 76 143
57 77 605
57 78 394
57 79 1084
57 80 420
57 81 577
57 82 72
57 83 163
57 84 975
57 85 316
57 86 928
57 87 587
57 88 652
57 89 752
57 90 692
57 91 861
57 92 303
57 93 234
57 94 509
57 95 769
57 96 159
57 97 333
57 98 677
57 99 771
57 100 1013
58 1 97
58 2 414
58 3 160
58 4 334
58 5 451
58 6 779
58 7 388
58 8 83
58 9 332
58 10 390
58 11 254
58 12 655
58 13 112
58 14 449
58 15 168
58 16 111
58 17 544
58 18 311
58 19 518
58 20 113
58 21 236
58 22 267
58 23 63
58 24 572
58 25 333
58 26 334
58 27 563
58 28 153
58 29 254
58 30 196
58 31 365
58 32 185
58 33 143
58 34 730
58 35 122
58 36 272
58 37 566
58 38 566
58 39 293
58 40 128
58 41 602
58 42 484
58 43 331
58 44 177
58 45 454
58 46 380
58 47 436
58 48 392
58 49 352
58 50 275
58 51 100
58 52 153
58 53 406
58 54 503
58 55 354
58 56 187
58 57 560
58 59 298
58 60 332
58 61 342
58 62 527
58 63 375
58 64 427
58 65 142
58 66 512
58 67 465
58 68 748
58 69 238
58 70 685
58 71 335
58 72 351
58 73 174
58 74 429
58 75 375
58 76 446
58 77 105
58 78 318
58 79 553
58 80 563
58 81 18
58 82 595
58 83 600
58 84 418
58 85 512
58 86 727
58 87 429
58 88 157
58 89 348
58 90 294
58 91 688
58 92 297
58 93 344
58 94 317
58 95 447
58 96 402
58 97 230
58 98 558
58 99 332
58 100 467
59 1 299
59 2 622
59 3 210
59 4 437
59 5 694
59 6 1049
59 7 471
59 8 371
59 9 625
59 10 447
59 11 379
59 12 740
59 13 205
59 14 681
59 15 415
59 16 401
59 17 730
59 18 326
59 19 692
59 20 410
59 21 534
59 22 442
59 23 292
59 24 870
59 25 628
59 26 610
59 27 812
59 28 448
59 29 255
59 30 379
59 31 238
59 32 470
59 33 298
59 34 1006
59 35 360
59 36 184
59 37 781
59 38 567
59 39 586
59 40 327
59 41 809
59 42 224
59 43 183
59 44 375
59 45 731
59 46 183
59 47 623
59 48 680
59 49 627
59 50 401
59 51 299
59 52 449
59 53 686
59 54 584
59 55 344
59 56 227
59 57 542
59 58 298
59 60 135
59 61 591
59 62 815
59 63 671
59 64 572
59 65 399
59 66 713
59 67 759
59 68 1017
59 69 331
59 70 944
59 71 214
59 72 646
59 73 360
59 74 520
59 75 673
59 76 496
59 77 403
59 78 517
59 79 793
59 80 739
59 81 301
59 82 539
59 83 654
59 84 562
59 85 655
59 86 1015
59 87 689
59 88 229
59 89 219
59 90 169
59 91 970
59 92 251
59 93 425
59 94 42
59 95 742
59 96 418
59 97 332
59 98 821
59 99 629
59 100 690
60 1 291
60 2 711
60 3 305
60 4 550
60 5 770
60 6 1110
60 7 372
60 8 384
60 9 628
60 10 570
60 11 311
60 12 864
60 13 275
60 14 629
60 15 396
60 16 443
60 17 654
60 18 449
60 19 794
60 20 436
60 21 560
60 22 536
60 23 300
60 24 888
60 25 661
60 26 665
60 27 886
60 28 462
60 29 375
60 30 337
60 31 372
60 32 472
60 33 269
60 34 1062
60 35 427
60 36 93
60 37 716
60 38 699
60 39 591
60 40 403
60 41 739
60 42 157
60 43 54
60 44 457
60 45 709
60 46 315
60 47 552
60 48 724
60 49 683
60 50 329
60 51 290
60 52 482
60 53 737
60 54 706
60 55 231
60 56 332
60 57 675
60 58 332
60 59 135
60 61 662
60 62 858
60 63 702
60 64 679
60 65 388
60 66 643
60 67 760
60 68 1079
60 69 261
60 70 1013
60 71 348
60 72 677
60 73 324
60 74 638
60 75 692
60 76 621
60 77 429
60 78 607
60 79 741
60 80 841
60 81 327
60 82 674
60 83 781
60 84 478
60 85 765
60 86 1058
60 87 756
60 88 202
60 89 89
60 90 64
60 91 1020
60 92 378
60 93 541
60 94 173
60 95 773
60 96 545
60 97 438
60 98 887
60 99 638
60 100 633
61 1 424
61 2 118
61 3 384
61 4 273
61 5 110
61 6 460
61 7 685
61 8 334
61 9 334
61 10 341
61 11 558
61 12 454
61 13 391
61 14 588
61 15 411
61 16 240
61 17 725
61 18 376
61 19 237
61 20 279
61 21 226
61 22 183
61 23 396
61 24 404
61 25 196
61 26 88
61 27 224
61 28 294
61 29 391
61 30 486
61 31 518
61 32 333
61 33 470
61 34 423
61 35 236
61 36 611
61 37 705
61 38 493
61 39 315
61 40 264
61 41 744
61 42 804
61 43 668
61 44 218
61 45 483
61 46 579
61 47 640
61 48 168
61 49 87
61 50 574
61 51 427
61 52 232
61 53 139
61 54 356
61 55 686
61 56 375
61 57 511
61 58 342
61 59 591
61 60 662
61 62 270
61 63 219
61 64 229
61 65 390
61 66 682
61 67 398
61 68 428
61 69 560
61 70 354
61 71 502
61 72 214
61 73 471
61 74 307
61 75 277
61 76 369
61 77 281
61 78 121
61 79 651
61 80 268
61 81 353
61 82 576
61 83 452
61 84 668
61 85 275
61 86 453
61 87 101
61 88 498
61 89 689
61 90 631
61 91 396
61 92 433
61 93 302
61 94 592
61 95 259
61 96 393
61 97 294
61 98 232
61 99 303
61 100 615
62 1 578
62 2 345
62 3 621
62 4 542
62 5 239
62 6 280
62 7 766
62 8 479
62 9 305
62 10 608
62 11 665
62 12 663
62 13 610
62 14 551
62 15 510
62 16 417
62 17 696
62 18 643
62 19 428
62 20 424
62 21 304
62 22 451
62 23 561
62 24 171
62 25 200
62 26 212
62 27 215
62 28 406
62 29 649
62 30 594
62 31 780
62 32 417
62 33 616
62 34 220
62 35 460
62 36 788
62 37 644
62 38 750
62 39 320
62 40 498
62 41 680
62 42 1010
62 43 850
62 44 466
62 45 393
62 46 835
62 47 645
62 48 135
62 49 198
62 50 672
62 51 580
62 52 376
62 53 137
62 54 604
62 55 817
62 56 621
62 57 772
62 58 527
62 59 815
62 60 858
62 61 270
62 63 165
62 64 477
62 65 502
62 66 650
62 67 264
62 68 257
62 69 686
62 70 239
62 71 761
62 72 190
62 73 589
62 74 567
62 75 209
62 76 633
62 77 430
62 78 389
62 79 569
62 80 433
62 81 531
62 82 840
62 83 688
62 84 706
62 85 493
62 86 201
62 87 186
62 88 666
62 89 862
62 90 814
62 91 167
62 92 694
62 93 572
62 94 824
62 95 108
62 96 662
62 97 555
62 98 155
62 99 275
62 100 580
63 1 418
63 2 331
63 3 490
63 4 470
63 5 261
63 6 443
63 7 604
63 8 319
63 9 155
63 10 542
63 11 500
63 12 669
63 13 469
63 14 417
63 15 346
63 16 270
63 17 561
63 18 547
63 19 443
63 20 267
63 21 143
63 22 367
63 23 403
63 24 210
63 25 43
63 26 132
63 27 308
63 28 244
63 29 536
63 30 429
63 31 669
63 32 252
63 33 453
63 34 384
63 35 330
63 36 629
63 37 523
63 38 706
63 39 161
63 40 372
63 41 562
63 42 857
63 43 692
63 44 353
63 45 281
63 46 713
63 47 497
63 48 68
63 49 134
63 50 508
63 51 419
63 52 223
63 53 114
63 54 574
63 55 652
63 56 496
63 57 721
63 58 375
63 59 671
63 60 702
63 61 219
63 62 165
63 64 447
63 65 338
63 66 516
63 67 181
63 68 417
63 69 522
63 70 382
63 71 646
63 72 26
63 73 425
63 74 520
63 75 66
63 76 578
63 77 274
63 78 328
63 79 458
63 80 464
63 81 377
63 82 782
63 83 670
63 84 551
63 85 491
63 86 359
63 87 199
63 88 507
63 89 701
63 90 655
63 91 332
63 92 583
63 93 497
63 94 684
63 95 72
63 96 588
63 97 450
63 98 267
63 99 121
63 100 445
64 1 524
64 2 134
64 3 375
64 4 138
64 5 244
64 6 587
64 7 813
64 8 462
64 9 548
64 10 165
64 11 678
64 12 241
64 13 415
64 14 785
64 15 557
64 16 369
64 17 913
64 18 265
64 19 126
64 20 422
64 21 425
64 22 161
64 23 490
64 24 627
64 25 421
64 26 315
64 27 336
64 28 456
64 29 321
64 30 614
64 31 412
64 32 504
64 33 570
64 34 571
64 35 308
64 36 658
64 37 906
64 38 274
64 39 523
64 40 304
64 41 945
64 42 795
64 43 703
64 44 251
64 45 701
64 46 490
64 47 817
64 48 395
64 49 316
64 50 699
64 51 527
64 52 391
64 53 360
64 54 129
64 55 774
64 56 349
64 57 298
64 58 427
64 59 572
64 60 679
64 61 229
64 62 477
64 63 447
64 65 531
64 66 872
64 67 625
64 68 555
64 69 664
64 70 465
64 71 409
64 72 441
64 73 594
64 74 98
64 75 503
64 76 166
64 77 420
64 78 133
64 79 861
64 80 171
64 81 444
64 82 368
64 83 224
64 84 825
64 85 88
64 86 631
64 87 291
64 88 570
64 89 732
64 90 669
64 91 564
64 92 343
64 93 158
64 94 557
64 95 486
64 96 223
64 97 242
64 98 380
64 99 521
64 100 810
65 1 102
65 2 487
65 3 301
65 4 459
65 5 494
65 6 775
65 7 296
65 8 72
65 9 240
65 10 521
65 11 171
65 12 769
65 13 246
65 14 308
65 15 27
65 16 163
65 17 404
65 18 451
65 19 602
65 20 114
65 21 200
65 22 376
65 23 111
65 24 504
65 25 302
65 26 349
65 27 591
65 28 101
65 29 396
65 30 98
65 31 504
65 32 88
65 33 122
65 34 718
65 35 232
65 36 304
65 37 425
65 38 701
65 39 205
65 40 255
65 41 460
65 42 544
65 43 367
65 44 292
65 45 332
65 46 511
65 47 298
65 48 378
65 49 367
65 50 185
65 51 102
65 52 159
65 53 406
65 54 623
65 55 316
65 56 328
65 57 697
65 58 142
65 59 399
65 60 388
65 61 390
65 62 502
65 63 338
65 64 531
65 66 371
65 67 372
65 68 747
65 69 185
65 70 698
65 71 473
65 72 312
65 73 89
65 74 550
65 75 313
65 76 576
65 77 113
65 78 407
65 79 414
65 80 643
65 81 128
65 82 734
65 83 723
65 84 294
65 85 611
65 86 695
65 87 455
65 88 187
65 89 371
65 90 333
65 91 668
65 92 438
65 93 473
65 94 427
65 95 405
65 96 538
65 97 364
65 98 572
65 99 254
65 100 325
66 1 442
66 2 796
66 3 666
66 4 821
66 5 762
66 6 920
66 7 298
66 8 440
66 9 363
66 10 887
66 11 336
66 12 1113
66 13 608
66 14 100
66 15 345
66 16 513
66 17 46
66 18 822
66 19 917
66 20 460
66 21 457
66 22 729
66 23 468
66 24 547
66 25 509
66 26 608
66 27 823
66 28 419
66 29 765
66 30 340
66 31 865
66 32 371
66 33 423
66 34 855
66 35 595
66 36 552
66 37 75
66 38 1068
66 39 370
66 40 623
66 41 97
66 42 775
66 43 599
66 44 654
66 45 265
66 46 860
66 47 92
66 48 582
66 49 621
66 50 316
66 51 440
66 52 482
66 53 626
66 54 978
66 55 441
66 56 696
66 57 1066
66 58 512
66 59 713
66 60 643
66 61 682
66 62 650
66 63 516
66 64 872
66 65 371
66 67 396
66 68 902
66 69 386
66 70 887
66 71 834
66 72 502
66 73 363
66 74 907
66 75 453
66 76 940
66 77 464
66 78 740
66 79 137
66 80 950
66 81 496
66 82 1105
66 83 1080
66 84 178
66 85 943
66 86 787
66 87 705
66 88 487
66 89 579
66 90 580
66 91 794
66 92 806
66 93 838
66 94 749
66 95 546
66 96 908
66 97 733
66 98 780
66 99 397
66 100 71
67 1 471
67 2 511
67 3 608
67 4 636
67 5 437
67 6 525
67 7 568
67 8 389
67 9 135
67 10 709
67 11 498
67 12 850
67 13 573
67 14 300
67 15 367
67 16 382
67 17 441
67 18 698
67 19 622
67 20 355
67 21 247
67 22 532
67 23 470
67 24 157
67 25 205
67 26 311
67 27 462
67 28 313
67 29 674
67 30 440
67 31 804
67 32 291
67 33 493
67 34 460
67 35 462
67 36 675
67 37 383
67 38 879
67 39 174
67 40 504
67 41 418
67 42 916
67 43 738
67 44 499
67 45 133
67 46 836
67 47 407
67 48 243
67 49 314
67 50 497
67 51 472
67 52 330
67 53 288
67 54 751
67 55 655
67 56 623
67 57 891
67 58 465
67 59 759
67 60 760
67 61 398
67 62 264
67 63 181
67 64 625
67 65 372
67 66 396
67 68 507
67 69 534
67 70 502
67 71 777
67 72 185
67 73 445
67 74 694
67 75 124
67 76 749
67 77 362
67 78 502
67 79 306
67 80 642
67 81 460
67 82 949
67 83 849
67 84 484
67 85 671
67 86 394
67 87 373
67 88 559
67 89 738
67 90 705
67 91 399
67 92 722
67 93 662
67 94 781
67 95 171
67 96 751
67 97 598
67 98 409
67 99 135
67 100 327
68 1 813
68 2 435
68 3 811
68 4 664
68 5 334
68 6 34
68 7 1020
68 8 714
68 9 562
68 10 715
68 11 914
68 12 658
68 13 814
68 14 804
68 15 758
68 16 638
68 17 947
68 18 786
68 19 454
68 20 657
68 21 547
68 22 599
68 23 792
68 24 373
68 25 446
68 26 415
68 27 221
68 28 647
68 29 813
68 30 842
68 31 934
68 32 665
68 33 854
68 34 58
68 35 658
68 36 1018
68 37 889
68 38 812
68 39 576
68 40 690
68 41 924
68 42 1226
68 43 1078
68 44 646
68 45 639
68 46 1001
68 47 901
68 48 370
68 49 396
68 50 923
68 51 816
68 52 606
68 53 345
68 54 660
68 55 1062
68 56 802
68 57 842
68 58 748
68 59 1017
68 60 1079
68 61 428
68 62 257
68 63 417
68 64 555
68 65 747
68 66 902
68 67 507
68 69 931
68 70 92
68 71 921
68 72 440
68 73 835
68 74 652
68 75 465
68 76 720
68 77 662
68 78 524
68 79 810
68 80 431
68 81 756
68 82 914
68 83 718
68 84 963
68 85 528
68 86 163
68 87 328
68 88 898
68 89 1094
68 90 1041
68 91 116
68 92 851
68 93 692
68 94 1019
68 95 364
68 96 773
68 97 715
68 98 196
68 99 531
68 100 832
69 1 142
69 2 646
69 3 342
69 4 565
69 5 668
69 6 959
69 7 161
69 8 227
69 9 410
69 10 614
69 11 51
69 12 890
69 13 282
69 14 369
69 15 177
69 16 321
69 17 401
69 18 516
69 19 753
69 20 284
69 21 385
69 22 504
69 23 175
69 24 677
69 25 487
69 26 529
69 27 770
69 28 285
69 29 444
69 30 95
69 31 514
69 32 270
69 33 95
69 34 903
69 35 359
69 36 169
69 37 457
69 38 781
69 39 380
69 40 362
69 41 482
69 42 405
69 43 222
69 44 414
69 45 462
69 46 492
69 47 295
69 48 562
69 49 548
69 50 71
69 51 138
69 52 334
69 53 589
69 54 735
69 55 132
69 56 376
69 57 768
69 58 238
69 59 331
69 60 261
69 61 560
69 62 686
69 63 522
69 64 664
69 65 185
69 66 386
69 67 534
69 68 931
69 70 881
69 71 483
69 72 497
69 73 97
69 74 660
69 75 492
69 76 670
69 77 280
69 78 553
69 79 480
69 80 797
69 81 221
69 82 791
69 83 829
69 84 233
69 85 749
69 86 877
69 87 634
69 88 119
69 89 212
69 90 198
69 91 853
69 92 474
69 93 570
69 94 369
69 95 587
69 96 614
69 97 453
69 98 754
69 99 430
69 100 372
70 1 757
70 2 349
70 3 736
70 4 578
70 5 253
70 6 123
70 7 981
70 8 659
70 9 535
70 10 627
70 11 868
70 12 569
70 13 744
70 14 788
70 15 712
70 16 577
70 17 933
70 18 701
70 19 363
70 20 601
70 21 500
70 22 518
70 23 733
70 24 387
70 25 405
70 26 355
70 27 136
70 28 597
70 29 732
70 30 795
70 31 851
70 32 620
70 33 800
70 34 126
70 35 588
70 36 956
70 37 882
70 38 721
70 39 542
70 40 618
70 41 919
70 42 1157
70 43 1015
70 44 570
70 45 631
70 46 919
70 47 878
70 48 326
70 49 336
70 50 879
70 51 759
70 52 550
70 53 293
70 54 570
70 55 1012
70 56 725
70 57 752
70 58 685
70 59 944
70 60 1013
70 61 354
70 62 239
70 63 382
70 64 465
70 65 698
70 66 887
70 67 502
70 68 92
70 69 881
70 71 839
70 72 403
70 73 786
70 74 562
70 75 439
70 76 630
70 77 605
70 78 441
70 79 807
70 80 341
70 81 694
70 82 823
70 83 627
70 84 933
70 85 437
70 86 223
70 87 258
70 88 839
70 89 1033
70 90 978
70 91 157
70 92 769
70 93 606
70 94 944
70 95 342
70 96 685
70 97 635
70 98 128
70 99 502
70 100 817
71 1 392
71 2 494
71 3 175
71 4 274
71 5 588
71 6 955
71 7 640
71 8 417
71 9 651
71 10 259
71 11 524
71 12 541
71 13 228
71 14 780
71 15 497
71 16 396
71 17 860
71 18 145
71 19 534
71 20 430
71 21 532
71 22 323
71 23 368
71 24 855
71 25 604
71 26 549
71 27 704
71 28 477
71 29 113
71 30 496
71 31 32
71 32 516
71 33 415
71 34 922
71 35 318
71 36 378
71 37 894
71 38 355
71 39 612
71 40 276
71 41 927
71 42 416
71 43 392
71 44 296
71 45 785
71 46 82
71 47 750
71 48 633
71 49 563
71 50 548
71 51 394
71 52 448
71 53 624
71 54 390
71 55 535
71 56 156
71 57 328
71 58 335
71 59 214
71 60 348
71 61 502
71 62 761
71 63 646
71 64 409
71 65 473
71 66 834
71 67 777
71 68 921
71 69 483
71 70 839
71 72 625
71 73 473
71 74 337
71 75 669
71 76 298
71 77 423
71 78 398
71 79 886
71 80 580
71 81 347
71 82 328
71 83 449
71 84 710
71 85 484
71 86 953
71 87 602
71 88 365
71 89 428
71 90 371
71 91 897
71 92 71
71 93 252
71 94 181
71 95 713
71 96 217
71 97 209
71 98 728
71 99 643
71 100 796
72 1 392
72 2 329
72 3 467
72 4 457
72 5 267
72 6 466
72 7 581
72 8 294
72 9 140
72 10 529
72 11 476
72 12 667
72 13 445
72 14 403
72 15 321
72 16 246
72 17 547
72 18 530
72 19 444
72 20 242
72 21 118
72 22 353
72 23 377
72 24 231
72 25 23
72 26 128
72 27 323
72 28 219
72 29 516
72 30 405
72 31 649
72 32 228
72 33 428
72 34 408
72 35 309
72 36 603
72 37 512
72 38 696
72 39 141
72 40 350
72 41 551
72 42 831
72 43 666
72 44 334
72 45 275
72 46 692
72 47 480
72 48 82
72 49 133
72 50 484
72 51 394
72 52 199
72 53 125
72 54 567
72 55 627
72 56 475
72 57 709
72 58 351
72 59 646
72 60 677
72 61 214
72 62 190
72 63 26
72 64 441
72 65 312
72 66 502
72 67 185
72 68 440
72 69 497
72 70 403
72 71 625
72 73 400
72 74 511
72 75 63
72 76 567
72 77 249
72 78 318
72 79 450
72 80 468
72 81 352
72 82 769
72 83 664
72 84 531
72 85 489
72 86 384
72 87 206
72 88 482
72 89 676
72 90 630
72 91 356
72 92 564
72 93 484
72 94 661
72 95 97
72 96 574
72 97 432
72 98 285
72 99 106
72 100 432
73 1 84
73 2 563
73 3 311
73 4 507
73 5 577
73 6 863
73 7 220
73 8 139
73 9 318
73 10 563
73 11 88
73 12 827
73 13 251
73 14 322
73 15 81
73 16 235
73 17 388
73 18 478
73 19 675
73 20 193
73 21 288
73 22 435
73 23 115
73 24 585
73 25 390
73 26 435
73 27 677
73 28 189
73 29 413
73 30 24
73 31 504
73 32 173
73 33 63
73 34 806
73 35 287
73 36 234
73 37 426
73 38 738
73 39 286
73 40 300
73 41 458
73 42 477
73 43 295
73 44 347
73 45 385
73 46 498
73 47 278
73 48 466
73 49 454
73 50 106
73 51 81
73 52 242
73 53 494
73 54 676
73 55 228
73 56 344
73 57 730
73 58 174
73 59 360
73 60 324
73 61 471
73 62 589
73 63 425
73 64 594
73 65 89
73 66 363
73 67 445
73 68 835
73 69 97
73 70 786
73 71 473
73 72 400
73 74 601
73 75 397
73 76 619
73 77 191
73 78 476
73 79 433
73 80 717
73 81 156
73 82 760
73 83 773
73 84 246
73 85 677
73 86 781
73 87 541
73 88 133
73 89 293
73 90 264
73 91 756
73 92 450
73 93 517
73 94 393
73 95 491
73 96 572
73 97 402
73 98 659
73 99 335
73 100 332
74 1 524
74 2 227
74 3 341
74 4 96
74 5 338
74 6 684
74 7 816
74 8 478
74 9 604
74 10 79
74 11 681
74 12 232
74 13 391
74 14 825
74 15 576
74 16 395
74 17 945
74 18 197
74 19 213
74 20 448
74 21 476
74 22 179
74 23 490
74 24 710
74 25 490
74 26 390
74 27 433
74 28 489
74 29 266
74 30 623
74 31 335
74 32 537
74 33 568
74 34 668
74 35 318
74 36 630
74 37 947
74 38 187
74 39 575
74 40 301
74 41 986
74 42 740
74 43 668
74 44 258
74 45 758
74 46 416
74 47 844
74 48 475
74 49 393
74 50 703
74 51 527
74 52 427
74 53 444
74 54 75
74 55 760
74 56 310
74 57 206
74 58 429
74 59 520
74 60 638
74 61 307
74 62 567
74 63 520
74 64 98
74 65 550
74 66 907
74 67 694
74 68 652
74 69 660
74 70 562
74 71 337
74 72 511
74 73 601
74 75 571
74 76 69
74 77 445
74 78 193
74 79 909
74 80 254
74 81 446
74 82 274
74 83 174
74 84 841
74 85 151
74 86 726
74 87 382
74 88 556
74 89 699
74 90 636
74 91 660
74 92 276
74 93 97
74 94 499
74 95 566
74 96 133
74 97 211
74 98 477
74 99 580
74 100 849
75 1 402
75 2 392
75 3 505
75 4 514
75 5 327
75 6 488
75 7 560
75 8 308
75 9 97
75 10 587
75 11 466
75 12 730
75 13 477
75 14 354
75 15 316
75 16 279
75 17 499
75 18 581
75 19 506
75 20 263
75 21 141
75 22 410
75 23 392
75 24 198
75 25 82
75 26 190
75 27 372
75 28 230
75 29 562
75 30 398
75 31 694
75 32 225
75 33 433
75 34 427
75 35 351
75 36 613
75 37 458
75 38 756
75 39 115
75 40 393
75 41 496
75 42 847
75 43 676
75 44 383
75 45 215
75 46 732
75 47 440
75 48 134
75 49 195
75 50 470
75 51 403
75 52 228
75 53 180
75 54 629
75 55 621
75 56 516
75 57 768
75 58 375
75 59 673
75 60 692
75 61 277
75 62 209
75 63 66
75 64 503
75 65 313
75 66 453
75 67 124
75 68 465
75 69 492
75 70 439
75 71 669
75 72 63
75 73 397
75 74 571
75 76 626
75 77 270
75 78 379
75 79 392
75 80 529
75 81 374
75 82 827
75 83 726
75 84 498
75 85 551
75 86 387
75 87 264
75 88 492
75 89 682
75 90 641
75 91 371
75 92 610
75 93 541
75 94 690
75 95 102
75 96 630
75 97 482
75 98 328
75 99 67
75 100 382
76 1 539
76 2 295
76 3 337
76 4 120
76 5 406
76 6 752
76 7 828
76 8 505
76 9 653
76 10 57
76 11 695
76 12 245
76 13 392
76 14 862
76 15 603
76 16 429
76 17 977
76 18 172
76 19 277
76 20 481
76 21 523
76 22 222
76 23 505
76 24 772
76 25 546
76 26 450
76 27 502
76 28 524
76 29 247
76 30 642
76 31 291
76 32 573
76 33 580
76 34 736
76 35 346
76 36 622
76 37 984
76 38 132
76 39 621
76 40 322
76 41 1022
76 42 711
76 43 655
76 44 287
76 45 806
76 46 372
76 47 873
76 48 536
76 49 455
76 50 718
76 51 542
76 52 466
76 53 507
76 54 93
76 55 761
76 56 303
76 57 143
76 58 446
76 59 496
76 60 621
76 61 369
76 62 633
76 63 578
76 64 166
76 65 576
76 66 940
76 67 749
76 68 720
76 69 670
76 70 630
76 71 298
76 72 567
76 73 619
76 74 69
76 75 626
76 77 477
76 78 252
76 79 951
76 80 315
76 81 464
76 82 208
76 83 163
76 84 863
76 85 210
76 86 794
76 87 448
76 88 560
76 89 688
76 90 626
76 91 729
76 92 246
76 93 103
76 94 471
76 95 627
76 96 82
76 97 218
76 98 545
76 99 631
76 100 885
77 1 152
77 2 375
77 3 250
77 4 358
77 5 388
77 6 691
77 7 407
77 8 54
77 9 231
77 10 425
77 11 278
77 12 659
77 13 211
77 14 387
77 15 138
77 16 52
77 17 501
77 18 371
77 19 490
77 20 8
77 21 132
77 22 268
77 23 132
77 24 468
77 25 233
77 26 252
77 27 491
77 28 55
77 29 328
77 30 206
77 31 452
77 32 99
77 33 195
77 34 639
77 35 133
77 36 359
77 37 508
77 38 605
77 39 191
77 40 166
77 41 546
77 42 584
77 43 421
77 44 191
77 45 363
77 46 476
77 47 400
77 48 298
77 49 270
77 50 294
77 51 154
77 52 56
77 53 317
77 54 518
77 55 409
77 56 269
77 57 605
77 58 105
77 59 403
77 60 429
77 61 281
77 62 430
77 63 274
77 64 420
77 65 113
77 66 464
77 67 362
77 68 662
77 69 280
77 70 605
77 71 423
77 72 249
77 73 191
77 74 445
77 75 270
77 76 477
77 78 294
77 79 482
77 80 530
77 81 105
77 82 649
77 83 619
77 84 405
77 85 499
77 86 629
77 87 354
77 88 238
77 89 434
77 90 384
77 91 594
77 92 375
77 93 375
77 94 422
77 95 345
77 96 449
77 97 276
77 98 478
77 99 228
77 100 409
78 1 412
78 2 106
78 3 308
78 4 153
78 5 190
78 6 557
78 7 695
78 8 339
78 9 417
78 10 220
78 11 562
78 12 373
78 13 332
78 14 652
78 15 431
78 16 244
78 17 781
78 18 264
78 19 201
78 20 295
78 21 293
78 22 78
78 23 379
78 24 522
78 25 298
78 26 199
78 27 306
78 28 326
78 29 291
78 30 494
78 31 411
78 32 373
78 33 459
78 34 527
78 35 197
78 36 571
78 37 773
78 38 379
78 39 391
78 40 206
78 41 813
78 42 738
78 43 622
78 44 151
78 45 571
78 46 478
78 47 687
78 48 285
78 49 204
78 50 581
78 51 415
78 52 261
78 53 259
78 54 252
78 55 671
78 56 291
78 57 394
78 58 318
78 59 517
78 60 607
78 61 121
78 62 389
78 63 328
78 64 133
78 65 407
78 66 740
78 67 502
78 68 524
78 69 553
78 70 441
78 71 398
78 72 318
78 73 476
78 74 193
78 75 379
78 76 252
78 77 294
78 79 729
78 80 246
78 81 333
78 82 457
78 83 352
78 84 699
78 85 206
78 86 567
78 87 212
78 88 470
78 89 647
78 90 586
78 91 507
78 92 328
78 93 183
78 94 511
78 95 376
78 96 273
78 97 194
78 98 331
78 99 392
78 100 678
79 1 503
79 2 768
79 3 713
79 4 831
79 5 716
79 6 825
79 7 422
79 8 473
79 9 318
79 10 901
79 11 430
79 12 1099
79 13 660
79 14 112
79 15 391
79 16 527
79 17 168
79 18 852
79 19 887
79 20 477
79 21 437
79 22 732
79 23 521
79 24 443
79 25 462
79 26 570
79 27 760
79 28 431
79 29 804
79 30 414
79 31 917
79 32 384
79 33 496
79 34 759
79 35 613
79 36 648
79 37 85
79 38 1081
79 39 339
79 40 648
79 41 115
79 42 882
79 43 700
79 44 668
79 45 179
79 46 923
79 47 208
79 48 526
79 49 579
79 50 415
79 51 501
79 52 486
79 53 571
79 54 977
79 55 556
79 56 739
79 57 1084
79 58 553
79 59 793
79 60 741
79 61 651
79 62 569
79 63 458
79 64 861
79 65 414
79 66 137
79 67 306
79 68 810
79 69 480
79 70 807
79 71 886
79 72 450
79 73 433
79 74 909
79 75 392
79 76 951
79 77 482
79 78 729
79 80 915
79 81 540
79 82 1131
79 83 1078
79 84 303
79 85 923
79 86 683
79 87 655
79 88 565
79 89 686
79 90 678
79 91 698
79 92 849
79 93 852
79 94 826
79 95 471
79 96 930
79 97 758
79 98 711
79 99 349
79 100 110
80 1 656
80 2 157
80 3 537
80 4 309
80 5 206
80 6 461
80 7 936
80 8 579
80 9 598
80 10 330
80 11 804
80 12 236
80 13 570
80 14 855
80 15 666
80 16 483
80 17 993
80 18 435
80 19 48
80 20 530
80 21 494
80 22 307
80 23 624
80 24 601
80 25 453
80 26 346
80 27 237
80 28 554
80 29 491
80 30 734
80 31 583
80 32 597
80 33 703
80 34 461
80 35 442
80 36 812
80 37 971
80 38 386
80 39 582
80 40 449
80 41 1011
80 42 962
80 43 861
80 44 393
80 45 742
80 46 661
80 47 907
80 48 399
80 49 336
80 50 822
80 51 659
80 52 489
80 53 355
80 54 239
80 55 916
80 56 513
80 57 420
80 58 563
80 59 739
80 60 841
80 61 268
80 62 433
80 63 464
80 64 171
80 65 643
80 66 950
80 67 642
80 68 431
80 69 797
80 70 341
80 71 580
80 72 468
80 73 717
80 74 254
80 75 529
80 76 315
80 77 530
80 78 246
80 79 915
80 81 578
80 82 491
80 83 287
80 84 930
80 85 106
80 86 540
80 87 270
80 88 714
80 89 888
80 90 826
80 91 470
80 92 514
80 93 329
80 94 726
80 95 479
80 96 386
80 97 407
80 98 296
80 99 566
80 100 882
81 1 81
81 2 428
81 3 174
81 4 352
81 5 463
81 6 786
81 7 371
81 8 74
81 9 326
81 10 408
81 11 236
81 12 673
81 13 122
81 14 435
81 15 153
81 16 118
81 17 528
81 18 328
81 19 533
81 20 111
81 21 236
81 22 284
81 23 47
81 24 571
81 25 336
81 26 342
81 27 573
81 28 148
81 29 269
81 30 179
81 31 378
81 32 176
81 33 127
81 34 736
81 35 138
81 36 263
81 37 552
81 38 584
81 39 287
81 40 145
81 41 586
81 42 481
81 43 323
81 44 194
81 45 445
81 46 390
81 47 419
81 48 397
81 49 360
81 50 258
81 51 84
81 52 155
81 53 412
81 54 521
81 55 339
81 56 201
81 57 577
81 58 18
81 59 301
81 60 327
81 61 353
81 62 531
81 63 377
81 64 444
81 65 128
81 66 496
81 67 460
81 68 756
81 69 221
81 70 694
81 71 347
81 72 352
81 73 156
81 74 446
81 75 374
81 76 464
81 77 105
81 78 333
81 79 540
81 80 578
81 82 611
81 83 618
81 84 400
81 85 529
81 86 731
81 87 438
81 88 146
81 89 339
81 90 286
81 91 693
81 92 311
81 93 361
81 94 321
81 95 449
81 96 419
81 97 247
81 98 567
81 99 329
81 100 452
82 1 677
82 2 500
82 3 451
82 4 313
82 5 611
82 6 946
82 7 951
82 8 666
82 9 845
82 10 241
82 11 825
82 12 325
82 13 512
82 14 1035
82 15 761
82 16 605
82 17 1138
82 18 284
82 19 462
82 20 654
82 21 715
82 22 418
82 23 646
82 24 979
82 25 748
82 26 655
82 27 700
82 28 700
82 29 349
82 30 784
82 31 302
82 32 748
82 33 711
82 34 935
82 35 518
82 36 703
82 37 1155
82 38 107
82 39 811
82 40 484
82 41 1192
82 42 722
82 43 719
82 44 464
82 45 996
82 46 369
82 47 1030
82 48 742
82 49 661
82 50 849
82 51 679
82 52 649
82 53 714
82 54 254
82 55 858
82 56 418
82 57 72
82 58 595
82 59 539
82 60 674
82 61 576
82 62 840
82 63 782
82 64 368
82 65 734
82 66 1105
82 67 949
82 68 914
82 69 791
82 70 823
82 71 328
82 72 769
82 73 760
82 74 274
82 75 827
82 76 208
82 77 649
82 78 457
82 79 1131
82 80 491
82 81 611
82 83 227
82 84 1005
82 85 388
82 86 998
82 87 655
82 88 673
82 89 755
82 90 698
82 91 931
82 92 318
82 93 287
82 94 504
82 95 833
82 96 202
82 97 374
82 98 747
82 99 826
82 100 1055
83 1 695
83 2 347
83 3 499
83 4 267
83 5 450
83 6 748
83 7 986
83 8 652
83 9 769
83 10 218
83 11 852
83 12 102
83 13 553
83 14 997
83 15 750
83 16 568
83 17 1119
83 18 333
83 19 270
83 20 622
83 21 643
83 22 352
83 23 661
83 24 845
83 25 645
83 26 539
83 27 517
83 28 661
83 29 409
83 30 795
83 31 436
83 32 710
83 33 738
83 34 746
83 35 492
83 36 784
83 37 1118
83 38 123
83 39 741
83 40 474
83 41 1157
83 42 864
83 43 816
83 44 432
83 45 922
83 46 516
83 47 1018
83 48 617
83 49 538
83 50 874
83 51 698
83 52 599
83 53 580
83 54 102
83 55 922
83 56 465
83 57 163
83 58 600
83 59 654
83 60 781
83 61 452
83 62 688
83 63 670
83 64 224
83 65 723
83 66 1080
83 67 849
83 68 718
83 69 829
83 70 627
83 71 449
83 72 664
83 73 773
83 74 174
83 75 726
83 76 163
83 77 619
83 78 352
83 79 1078
83 80 287
83 81 618
83 82 227
83 84 1014
83 85 198
83 86 821
83 87 505
83 88 721
83 89 850
83 90 788
83 91 752
83 92 404
83 93 259
83 94 627
83 95 707
83 96 237
83 97 376
83 98 571
83 99 743
83 100 1021
84 1 329
84 2 774
84 3 555
84 4 749
84 5 764
84 6 986
84 7 121
84 8 364
84 9 402
84 10 807
84 11 187
84 12 1062
84 13 495
84 14 212
84 15 268
84 16 456
84 17 179
84 18 723
84 19 891
84 20 404
84 21 449
84 22 669
84 23 361
84 24 641
84 25 531
84 26 610
84 27 846
84 28 377
84 29 658
84 30 223
84 31 741
84 32 335
84 33 297
84 34 923
84 35 524
84 36 390
84 37 253
84 38 983
84 39 391
84 40 542
84 41 268
84 42 603
84 43 430
84 44 584
84 45 368
84 46 723
84 47 96
84 48 610
84 49 626
84 50 164
84 51 327
84 52 442
84 53 649
84 54 915
84 55 265
84 56 588
84 57 975
84 58 418
84 59 562
84 60 478
84 61 668
84 62 706
84 63 551
84 64 825
84 65 294
84 66 178
84 67 484
84 68 963
84 69 233
84 70 933
84 71 710
84 72 531
84 73 246
84 74 841
84 75 498
84 76 863
84 77 405
84 78 699
84 79 303
84 80 930
84 81 400
84 82 1005
84 83 1014
84 85 904
84 86 872
84 87 715
84 88 347
84 89 408
84 90 416
84 91 865
84 92 693
84 93 760
84 94 601
84 95 600
84 96 817
84 97 647
84 98 814
84 99 433
84 100 199
85 1 609
85 2 161
85 3 461
85 4 219
85 5 254
85 6 560
85 7 896
85 8 543
85 9 607
85 10 229
85 11 762
85 12 179
85 13 502
85 14 853
85 15 636
85 16 449
85 17 985
85 18 341
85 19 75
85 20 500
85 21 490
85 22 246
85 23 575
85 24 654
85 25 471
85 26 362
85 27 321
85 28 531
85 29 402
85 30 696
85 31 484
85 32 578
85 33 655
85 34 553
85 35 392
85 36 745
85 37 972
85 38 284
85 39 585
85 40 390
85 41 1012
85 42 878
85 43 789
85 44 336
85 45 757
85 46 564
85 47 892
85 48 432
85 49 358
85 50 782
85 51 612
85 52 466
85 53 392
85 54 134
85 55 861
85 56 434
85 57 316
85 58 512
85 59 655
85 60 765
85 61 275
85 62 493
85 63 491
85 64 88
85 65 611
85 66 943
85 67 671
85 68 528
85 69 749
85 70 437
85 71 484
85 72 489
85 73 677
85 74 151
85 75 551
85 76 210
85 77 499
85 78 206
85 79 923
85 80 106
85 81 529
85 82 388
85 83 198
85 84 904
85 86 625
85 87 313
85 88 657
85 89 819
85 90 756
85 91 556
85 92 420
85 93 235
85 94 639
85 95 519
85 96 283
85 97 328
85 98 374
85 99 578
85 100 879
86 1 776
86 2 500
86 3 819
86 4 718
86 5 389
86 6 161
86 7 944
86 8 677
86 9 479
86 10 779
86 11 853
86 12 775
86 13 810
86 14 693
86 15 701
86 16 617
86 17 831
86 18 828
86 19 552
86 20 623
86 21 501
86 22 635
86 23 760
86 24 241
86 25 398
86 26 409
86 27 305
86 28 602
86 29 841
86 30 784
86 31 970
86 32 609
86 33 812
86 34 107
86 35 659
86 36 987
86 37 765
86 38 901
86 39 502
86 40 696
86 41 798
86 42 1211
86 43 1049
86 44 661
86 45 523
86 46 1028
86 47 800
86 48 336
86 49 393
86 50 857
86 51 777
86 52 576
86 53 332
86 54 750
86 55 1007
86 56 817
86 57 928
86 58 727
86 59 1015
86 60 1058
86 61 453
86 62 201
86 63 359
86 64 631
86 65 695
86 66 787
86 67 394
86 68 163
86 69 877
86 70 223
86 71 953
86 72 384
86 73 781
86 74 726
86 75 387
86 76 794
86 77 629
86 78 567
86 79 683
86 80 540
86 81 731
86 82 998
86 83 821
86 84 872
86 85 625
86 87 356
86 88 865
86 89 1059
86 90 1013
86 91 71
86 92 884
86 93 747
86 94 1023
86 95 291
86 96 835
86 97 745
86 98 252
86 99 453
86 100 720
87 1 504
87 2 159
87 3 484
87 4 363
87 5 64
87 6 360
87 7 747
87 8 408
87 9 344
87 10 426
87 11 626
87 12 488
87 13 488
87 14 607
87 15 472
87 16 321
87 17 750
87 18 474
87 19 254
87 20 351
87 21 267
87 22 281
87 23 478
87 24 341
87 25 196
87 26 107
87 27 137
87 28 354
87 29 491
87 30 552
87 31 618
87 32 386
87 33 548
87 34 322
87 35 332
87 36 700
87 37 718
87 38 565
87 39 336
87 40 363
87 41 757
87 42 900
87 43 759
87 44 319
87 45 479
87 46 680
87 47 675
87 48 132
87 49 90
87 50 639
87 51 507
87 52 300
87 53 86
87 54 419
87 55 763
87 56 476
87 57 587
87 58 429
87 59 689
87 60 756
87 61 101
87 62 186
87 63 199
87 64 291
87 65 455
87 66 705
87 67 373
87 68 328
87 69 634
87 70 258
87 71 602
87 72 206
87 73 541
87 74 382
87 75 264
87 76 448
87 77 354
87 78 212
87 79 655
87 80 270
87 81 438
87 82 655
87 83 505
87 84 715
87 85 313
87 86 356
87 88 583
87 89 777
87 90 721
87 91 297
87 92 532
87 93 393
87 94 691
87 95 210
87 96 482
87 97 394
87 98 133
87 99 310
87 100 635
88 1 91
88 2 569
88 3 227
88 4 460
88 5 608
88 6 928
88 7 278
88 8 188
88 9 426
88 10 504
88 11 160
88 12 787
88 13 168
88 14 453
88 15 196
88 16 263
88 17 507
88 18 401
88 19 669
88 20 244
88 21 364
88 22 412
88 23 107
88 24 688
88 25 467
88 26 485
88 27 718
88 28 264
88 29 327
88 30 151
88 31 396
88 32 271
88 33 71
88 34 876
88 35 274
88 36 122
88 37 554
88 38 667
88 39 390
88 40 268
88 41 583
88 42 358
88 43 185
88 44 323
88 45 513
88 46 377
88 47 398
88 48 535
88 49 504
88 50 184
88 51 90
88 52 293
88 53 554
88 54 630
88 55 205
88 56 261
88 57 652
88 58 157
88 59 229
88 60 202
88 61 498
88 62 666
88 63 507
88 64 570
88 65 187
88 66 487
88 67 559
88 68 898
88 69 119
88 70 839
88 71 365
88 72 482
88 73 133
88 74 556
88 75 492
88 76 560
88 77 238
88 78 470
88 79 565
88 80 714
88 81 146
88 82 673
88 83 721
88 84 347
88 85 657
88 86 865
88 87 583
88 89 196
88 90 149
88 91 831
88 92 356
88 93 463
88 94 263
88 95 578
88 96 500
88 97 346
88 98 711
88 99 437
88 100 462
89 1 284
89 2 750
89 3 360
89 4 608
89 5 798
89 6 1124
89 7 296
89 8 383
89 9 609
89 10 635
89 11 259
89 12 928
89 13 318
89 14 576
89 15 372
89 16 457
89 17 586
89 18 517
89 19 841
89 20 439
89 21 559
89 22 581
89 23 303
89 24 875
89 25 662
89 26 680
89 27 911
89 28 458
89 29 441
89 30 301
89 31 454
89 32 458
89 33 250
89 34 1072
89 35 457
89 36 78
89 37 653
89 38 774
89 39 575
89 40 441
89 41 674
89 42 197
89 43 37
89 44 496
89 45 673
89 46 401
89 47 489
89 48 730
89 49 699
89 50 272
89 51 282
89 52 489
89 53 749
89 54 769
89 55 149
89 56 390
89 57 752
89 58 348
89 59 219
89 60 89
89 61 689
89 62 862
89 63 701
89 64 732
89 65 371
89 66 579
89 67 738
89 68 1094
89 69 212
89 70 1033
89 71 428
89 72 676
89 73 293
89 74 699
89 75 682
89 76 688
89 77 434
89 78 647
89 79 686
89 80 888
89 81 339
89 82 755
89 83 850
89 84 408
89 85 819
89 86 1059
89 87 777
89 88 196
89 90 64
89 91 1027
89 92 451
89 93 603
89 94 259
89 95 771
89 96 616
89 97 493
89 98 906
89 99 624
89 100 576
90 1 239
90 2 690
90 3 296
90 4 545
90 5 740
90 6 1072
90 7 313
90 8 336
90 9 573
90 10 572
90 11 248
90 12 865
90 13 256
90 14 566
90 15 338
90 16 404
90 17 592
90 18 455
90 19 779
90 20 390
90 21 512
90 22 519
90 23 253
90 24 836
90 25 615
90 26 627
90 27 854
90 28 413
90 29 379
90 30 276
90 31 398
90 32 418
90 33 212
90 34 1022
90 35 398
90 36 31
90 37 653
90 38 714
90 39 537
90 40 380
90 41 676
90 42 213
90 43 38
90 44 435
90 45 649
90 46 350
90 47 489
90 48 681
90 49 645
90 50 266
90 51 238
90 52 439
90 53 698
90 54 706
90 55 178
90 56 327
90 57 692
90 58 294
90 59 169
90 60 64
90 61 631
90 62 814
90 63 655
90 64 669
90 65 333
90 66 580
90 67 705
90 68 1041
90 69 198
90 70 978
90 71 371
90 72 630
90 73 264
90 74 636
90 75 641
90 76 626
90 77 384
90 78 586
90 79 678
90 80 826
90 81 286
90 82 698
90 83 788
90 84 416
90 85 756
90 86 1013
90 87 721
90 88 149
90 89 64
90 91 978
90 92 390
90 93 540
90 94 210
90 95 726
90 96 554
90 97 430
90 98 851
90 99 585
90 100 570
91 1 743
91 2 435
91 3 770
91 4 656
91 5 325
91 6 127
91 7 930
91 8 644
91 9 466
91 10 715
91 11 831
91 12 705
91 13 766
91 14 697
91 15 677
91 16 577
91 17 839
91 18 770
91 19 483
91 20 588
91 21 470
91 22 577
91 23 725
91 24 258
91 25 367
91 26 361
91 27 236
91 28 572
91 29 786
91 30 760
91 31 914
91 32 584
91 33 782
91 34 62
91 35 611
91 36 952
91 37 778
91 38 833
91 39 484
91 40 647
91 41 813
91 42 1171
91 43 1014
91 44 609
91 45 531
91 46 974
91 47 799
91 48 297
91 49 344
91 50 838
91 51 745
91 52 539
91 53 285
91 54 682
91 55 983
91 56 766
91 57 861
91 58 688
91 59 970
91 60 1020
91 61 396
91 62 167
91 63 332
91 64 564
91 65 668
91 66 794
91 67 399
91 68 116
91 69 853
91 70 157
91 71 897
91 72 356
91 73 756
91 74 660
91 75 371
91 76 729
91 77 594
91 78 507
91 79 698
91 80 470
91 81 693
91 82 931
91 83 752
91 84 865
91 85 556
91 86 71
91 87 297
91 88 831
91 89 1027
91 90 978
91 92 828
91 93 685
91 94 976
91 95 270
91 96 772
91 97 689
91 98 184
91 99 437
91 100 725
92 1 367
92 2 424
92 3 140
92 4 206
92 5 517
92 6 884
92 7 634
92 8 376
92 9 598
92 10 200
92 11 510
92 12 491
92 13 200
92 14 746
92 15 463
92 16 342
92 17 835
92 18 80
92 19 467
92 20 382
92 21 476
92 22 253
92 23 339
92 24 793
92 25 542
92 26 483
92 27 633
92 28 429
92 29 48
92 30 474
92 31 87
92 32 471
92 33 397
92 34 852
92 35 261
92 36 392
92 37 862
92 38 324
92 39 560
92 40 219
92 41 897
92 42 466
92 43 416
92 44 232
92 45 737
92 46 152
92 47 726
92 48 568
92 49 496
92 50 534
92 51 370
92 52 394
92 53 557
92 54 336
92 55 542
92 56 111
92 57 303
92 58 297
92 59 251
92 60 378
92 61 433
92 62 694
92 63 583
92 64 343
92 65 438
92 66 806
92 67 722
92 68 851
92 69 474
92 70 769
92 71 71
92 72 564
92 73 450
92 74 276
92 75 610
92 76 246
92 77 375
92 78 328
92 79 849
92 80 514
92 81 311
92 82 318
92 83 404
92 84 693
92 85 420
92 86 884
92 87 532
92 88 356
92 89 451
92 90 390
92 91 828
92 93 186
92 94 226
92 95 649
92 96 168
92 97 140
92 98 658
92 99 588
92 100 763
93 1 437
93 2 257
93 3 245
93 4 30
93 5 363
93 6 725
93 7 728
93 8 402
93 9 559
93 10 50
93 11 594
93 12 327
93 13 296
93 14 761
93 15 500
93 16 327
93 17 874
93 18 107
93 19 283
93 20 379
93 21 429
93 22 132
93 23 404
93 24 699
93 25 462
93 26 375
93 27 472
93 28 424
93 29 170
93 30 539
93 31 255
93 32 472
93 33 479
93 34 701
93 35 244
93 36 533
93 37 883
93 38 231
93 39 526
93 40 219
93 41 921
93 42 646
93 43 571
93 44 185
93 45 711
93 46 333
93 47 770
93 48 463
93 49 383
93 50 617
93 51 441
93 52 367
93 53 440
93 54 168
93 55 666
93 56 213
93 57 234
93 58 344
93 59 425
93 60 541
93 61 302
93 62 572
93 63 497
93 64 158
93 65 473
93 66 838
93 67 662
93 68 692
93 69 570
93 70 606
93 71 252
93 72 484
93 73 517
93 74 97
93 75 541
93 76 103
93 77 375
93 78 183
93 79 852
93 80 329
93 81 361
93 82 287
93 83 259
93 84 760
93 85 235
93 86 747
93 87 393
93 88 463
93 89 603
93 90 540
93 91 685
93 92 186
93 94 406
93 95 552
93 96 92
93 97 118
93 98 506
93 99 539
93 100 784
94 1 328
94 2 615
94 3 208
94 4 420
94 5 692
94 6 1051
94 7 511
94 8 393
94 9 647
94 10 425
94 11 417
94 12 715
94 13 216
94 14 714
94 15 444
94 16 415
94 17 768
94 18 303
94 19 679
94 20 429
94 21 550
94 22 435
94 23 318
94 24 887
94 25 642
94 26 616
94 27 811
94 28 469
94 29 237
94 30 413
94 31 202
94 32 494
94 33 331
94 34 1010
94 35 366
94 36 225
94 37 817
94 38 536
94 39 608
94 40 330
94 41 845
94 42 241
94 43 222
94 44 374
94 45 758
94 46 143
94 47 660
94 48 690
94 49 633
94 50 439
94 51 329
94 52 464
94 53 693
94 54 561
94 55 385
94 56 220
94 57 509
94 58 317
94 59 42
94 60 173
94 61 592
94 62 824
94 63 684
94 64 557
94 65 427
94 66 749
94 67 781
94 68 1019
94 69 369
94 70 944
94 71 181
94 72 661
94 73 393
94 74 499
94 75 690
94 76 471
94 77 422
94 78 511
94 79 826
94 80 726
94 81 321
94 82 504
94 83 627
94 84 601
94 85 639
94 86 1023
94 87 691
94 88 263
94 89 259
94 90 210
94 91 976
94 92 226
94 93 406
94 95 756
94 96 391
94 97 322
94 98 823
94 99 649
94 100 724
95 1 488
95 2 361
95 3 560
95 4 524
95 5 274
95 6 387
95 7 661
95 8 390
95 9 198
95 10 594
95 11 563
95 12 696
95 13 541
95 14 447
95 15 411
95 16 342
95 17 592
95 18 609
95 19 464
95 20 339
95 21 214
95 22 424
95 23 474
95 24 148
95 25 115
95 26 178
95 27 291
95 28 314
95 29 602
95 30 494
95 31 735
95 32 318
95 33 522
95 34 325
95 35 399
95 36 699
95 37 544
95 38 752
95 39 215
95 40 440
95 41 581
95 42 928
95 43 762
95 44 418
95 45 293
95 46 782
95 47 538
95 48 92
95 49 173
95 50 569
95 51 489
95 52 295
95 53 128
95 54 614
95 55 717
95 56 565
95 57 769
95 58 447
95 59 742
95 60 773
95 61 259
95 62 108
95 63 72
95 64 486
95 65 405
95 66 546
95 67 171
95 68 364
95 69 587
95 70 342
95 71 713
95 72 97
95 73 491
95 74 566
95 75 102
95 76 627
95 77 345
95 78 376
95 79 471
95 80 479
95 81 449
95 82 833
95 83 707
95 84 600
95 85 519
95 86 291
95 87 210
95 88 578
95 89 771
95 90 726
95 91 270
95 92 649
95 93 552
95 94 756
95 96 643
95 97 514
95 98 240
95 99 168
95 100 475
96 1 489
96 2 340
96 3 274
96 4 121
96 5 448
96 6 806
96 7 774
96 8 468
96 9 644
96 10 59
96 11 643
96 12 325
96 13 333
96 14 835
96 15 565
96 16 403
96 17 942
96 18 101
96 19 344
96 20 453
96 21 514
96 22 221
96 23 457
96 24 790
96 25 552
96 26 466
96 27 553
96 28 499
96 29 177
96 30 595
96 31 209
96 32 547
96 33 527
96 34 785
96 35 317
96 36 552
96 37 956
96 38 168
96 39 610
96 40 285
96 41 993
96 42 630
96 43 581
96 44 263
96 45 794
96 46 291
96 47 836
96 48 554
96 49 474
96 50 667
96 51 492
96 52 447
96 53 530
96 54 175
96 55 697
96 56 239
96 57 159
96 58 402
96 59 418
96 60 545
96 61 393
96 62 662
96 63 588
96 64 223
96 65 538
96 66 908
96 67 751
96 68 773
96 69 614
96 70 685
96 71 217
96 72 574
96 73 572
96 74 133
96 75 630
96 76 82
96 77 449
96 78 273
96 79 930
96 80 386
96 81 419
96 82 202
96 83 237
96 84 817
96 85 283
96 86 835
96 87 482
96 88 500
96 89 616
96 90 554
96 91 772
96 92 168
96 93 92
96 94 391
96 95 643
96 97 175
96 98 590
96 99 625
96 100 856
97 1 321
97 2 296
97 3 134
97 4 116
97 5 382
97 6 748
97 7 611
97 8 294
97 9 482
97 10 162
97 11 478
97 12 442
97 13 180
97 14 662
97 15 391
97 16 233
97 17 768
97 18 100
97 19 360
97 20 281
97 21 354
97 22 117
97 23 288
97 24 659
97 25 410
97 26 344
97 27 500
97 28 328
97 29 98
97 30 425
97 31 226
97 32 375
97 33 362
97 34 715
97 35 146
97 36 421
97 37 782
97 38 338
97 39 446
97 40 111
97 41 819
97 42 555
97 43 462
97 44 100
97 45 629
97 46 287
97 47 662
97 48 430
97 49 357
97 50 500
97 51 324
97 52 280
97 53 418
97 54 285
97 55 549
97 56 107
97 57 333
97 58 230
97 59 332
97 60 438
97 61 294
97 62 555
97 63 450
97 64 242
97 65 364
97 66 733
97 67 598
97 68 715
97 69 453
97 70 635
97 71 209
97 72 432
97 73 402
97 74 211
97 75 482
97 76 218
97 77 276
97 78 194
97 79 758
97 80 407
97 81 247
97 82 374
97 83 376
97 84 647
97 85 328
97 86 745
97 87 394
97 88 346
97 89 493
97 90 430
97 91 689
97 92 140
97 93 118
97 94 322
97 95 514
97 96 175
97 98 521
97 99 468
97 100 682
98 1 629
98 2 252
98 3 615
98 4 477
98 5 143
98 6 229
98 7 857
98 8 531
98 9 421
98 10 533
98 11 742
98 12 531
98 13 620
98 14 681
98 15 586
98 16 449
98 17 826
98 18 594
98 19 302
98 20 473
98 21 375
98 22 405
98 23 605
98 24 324
98 25 284
98 26 227
98 27 62
98 28 471
98 29 618
98 30 669
98 31 742
98 32 496
98 33 672
98 34 196
98 35 464
98 36 829
98 37 782
98 38 650
98 39 425
98 40 495
98 41 820
98 42 1032
98 43 889
98 44 450
98 45 533
98 46 807
98 47 764
98 48 205
98 49 208
98 50 753
98 51 632
98 52 423
98 53 168
98 54 498
98 55 885
98 56 607
98 57 677
98 58 558
98 59 821
98 60 887
98 61 232
98 62 155
98 63 267
98 64 380
98 65 572
98 66 780
98 67 409
98 68 196
98 69 754
98 70 128
98 71 728
98 72 285
98 73 659
98 74 477
98 75 328
98 76 545
98 77 478
98 78 331
98 79 711
98 80 296
98 81 567
98 82 747
98 83 571
98 84 814
98 85 374
98 86 252
98 87 133
98 88 711
98 89 906
98 90 851
98 91 184
98 92 658
98 93 506
98 94 823
98 95 240
98 96 590
98 97 521
98 99 387
98 100 710
99 1 348
99 2 421
99 3 473
99 4 514
99 5 369
99 6 554
99 7 494
99 8 259
99 9 34
99 10 587
99 11 401
99 12 755
99 13 439
99 14 298
99 15 254
99 16 248
99 17 442
99 18 567
99 19 539
99 20 221
99 21 114
99 22 410
99 23 342
99 24 251
99 25 115
99 26 221
99 27 427
99 28 181
99 29 540
99 30 335
99 31 670
99 32 168
99 33 375
99 34 493
99 35 328
99 36 557
99 37 408
99 38 762
99 39 50
99 40 370
99 41 448
99 42 794
99 43 620
99 44 369
99 45 181
99 46 701
99 47 377
99 48 186
99 49 231
99 50 405
99 51 349
99 52 196
99 53 230
99 54 643
99 55 557
99 56 488
99 57 771
99 58 332
99 59 629
99 60 638
99 61 303
99 62 275
99 63 121
99 64 521
99 65 254
99 66 397
99 67 135
99 68 531
99 69 430
99 70 502
99 71 643
99 72 106
99 73 335
99 74 580
99 75 67
99 76 631
99 77 228
99 78 392
99 79 349
99 80 566
99 81 329
99 82 826
99 83 743
99 84 433
99 85 578
99 86 453
99 87 310
99 88 437
99 89 624
99 90 585
99 91 437
99 92 588
99 93 539
99 94 649
99 95 168
99 96 625
99 97 468
99 98 387
99 100 327
100 1 407
100 2 730
100 3 625
100 4 766
100 5 693
100 6 850
100 7 314
100 8 390
100 9 293
100 10 833
100 11 322
100 12 1051
100 13 569
100 14 29
100 15 300
100 16 457
100 17 117
100 18 774
100 19 851
100 20 405
100 21 391
100 22 670
100 23 428
100 24 480
100 25 440
100 26 540
100 27 753
100 28 361
100 29 720
100 30 312
100 31 827
100 32 313
100 33 394
100 34 785
100 35 541
100 36 540
100 37 100
100 38 1014
100 39 302
100 40 572
100 41 138
100 42 773
100 43 592
100 44 599
100 45 197
100 46 827
100 47 104
100 48 512
100 49 552
100 50 306
100 51 405
100 52 423
100 53 556
100 54 919
100 55 447
100 56 653
100 57 1013
100 58 467
100 59 690
100 60 633
100 61 615
100 62 580
100 63 445
100 64 810
100 65 325
100 66 71
100 67 327
100 68 832
100 69 372
100 70 817
100 71 796
100 72 432
100 73 332
100 74 849
100 75 382
100 76 885
100 77 409
100 78 678
100 79 110
100 80 882
100 81 452
100 82 1055
100 83 1021
100 84 199
100 85 879
100 86 720
100 87 635
100 88 462
100 89 576
100 90 570
100 91 725
100 92 763
100 93 784
100 94 724
100 95 475
100 96 856
100 97 682
100 98 710
100 99 327
