nnodes nedges type capacity P s t
100  4950  graph  1000 100 1 100 
nodename posx posy itemvalue itemweight
1 286 631 0 0
2 202 755 7 140
3 827 904 4 245
4 741 276 5 207
5 586 354 1 116
6 218 313 1 126
7 949 750 10 129
8 440 821 2 30
9 407 93 10 148
10 99 467 9 237
11 340 247 7 80
12 121 312 1 242
13 77 912 2 199
14 368 785 10 206
15 770 769 4 131
16 477 56 1 180
17 400 679 7 239
18 812 579 9 192
19 935 553 3 233
20 207 874 8 65
21 259 425 10 20
22 539 209 10 49
23 527 980 9 173
24 30 287 9 170
25 425 481 1 227
26 754 118 6 149
27 728 227 8 117
28 782 157 3 129
29 139 150 7 134
30 294 910 5 103
31 919 771 7 197
32 318 671 4 123
33 802 482 5 202
34 602 90 5 167
35 387 810 7 64
36 964 647 3 236
37 587 503 4 23
38 208 115 7 232
39 835 238 7 215
40 402 613 3 219
41 71 508 3 159
42 731 151 10 201
43 735 513 7 212
44 660 874 1 145
45 16 955 5 15
46 784 287 7 211
47 78 455 1 130
48 311 881 6 247
49 937 913 4 102
50 971 325 5 72
51 75 287 7 98
52 972 663 7 100
53 790 532 2 45
54 778 626 3 18
55 122 532 9 186
56 591 193 7 154
57 40 322 6 206
58 696 775 6 72
59 187 356 9 136
60 1 555 6 215
61 311 138 3 65
62 843 742 8 65
63 593 506 6 65
64 623 530 2 81
65 419 946 6 76
66 855 847 2 34
67 233 179 5 61
68 510 375 4 246
69 711 640 5 66
70 353 185 4 216
71 172 944 3 102
72 378 564 9 48
73 618 74 9 176
74 691 806 1 29
75 783 692 1 39
76 713 94 3 165
77 830 556 5 122
78 836 775 10 250
79 62 811 6 143
80 306 834 3 203
81 109 513 10 84
82 681 342 7 95
83 45 543 4 120
84 718 108 10 249
85 183 71 7 205
86 294 707 4 140
87 16 24 8 184
88 271 634 9 168
89 99 314 9 10
90 792 882 6 169
91 6 506 8 41
92 328 189 6 2
93 414 517 2 165
94 316 829 3 98
95 680 622 9 35
96 15 790 2 228
97 488 696 1 138
98 484 885 2 114
99 591 202 9 14
100 993 774 0 0
endpoint1 endpoint2 weight
1 2 150
1 3 606
1 4 578
1 5 409
1 6 326
1 7 674
1 8 245
1 9 552
1 10 249
1 11 388
1 12 360
1 13 351
1 14 175
1 15 504
1 16 606
1 17 124
1 18 529
1 19 654
1 20 256
1 21 208
1 22 493
1 23 425
1 24 429
1 25 205
1 26 695
1 27 599
1 28 687
1 29 503
1 30 280
1 31 649
1 32 52
1 33 538
1 34 627
1 35 206
1 36 679
1 37 328
1 38 522
1 39 676
1 40 118
1 41 248
1 42 655
1 43 465
1 44 447
1 45 422
1 46 606
1 47 273
1 48 252
1 49 710
1 50 751
1 51 404
1 52 687
1 53 514
1 54 493
1 55 192
1 56 534
1 57 395
1 58 435
1 59 293
1 60 295
1 61 494
1 62 568
1 63 332
1 64 352
1 65 342
1 66 609
1 67 456
1 68 341
1 69 426
1 70 452
1 71 334
1 72 114
1 73 649
1 74 442
1 75 501
1 76 687
1 77 550
1 78 569
1 79 288
1 80 204
1 81 213
1 82 490
1 83 257
1 84 679
1 85 570
1 86 77
1 87 665
1 88 16
1 89 369
1 90 565
1 91 307
1 92 444
1 93 172
1 94 201
1 95 395
1 96 315
1 97 213
1 98 323
1 99 527
1 100 722
2 1 150
2 3 643
2 4 722
2 5 556
2 6 443
2 7 748
2 8 247
2 9 694
2 10 306
2 11 527
2 12 451
2 13 201
2 14 169
2 15 569
2 16 752
2 17 213
2 18 635
2 19 761
2 20 120
2 21 335
2 22 642
2 23 396
2 24 499
2 25 354
2 26 843
2 27 746
2 28 834
2 29 609
2 30 181
2 31 718
2 32 144
2 33 660
2 34 777
2 35 194
2 36 770
2 37 461
2 38 641
2 39 818
2 40 246
2 41 280
2 42 803
2 43 586
2 44 474
2 45 274
2 46 747
2 47 325
2 48 167
2 49 752
2 50 882
2 51 485
2 52 776
2 53 629
2 54 591
2 55 237
2 56 684
2 57 463
2 58 495
2 59 400
2 60 284
2 61 627
2 62 642
2 63 464
2 64 478
2 65 290
2 66 660
2 67 577
2 68 490
2 69 522
2 70 590
2 71 192
2 72 260
2 73 799
2 74 492
2 75 585
2 76 836
2 77 659
2 78 635
2 79 151
2 80 131
2 81 260
2 82 633
2 83 264
2 84 828
2 85 685
2 86 104
2 87 755
2 88 140
2 89 453
2 90 604
2 91 317
2 92 580
2 93 319
2 94 136
2 95 497
2 96 191
2 97 293
2 98 311
2 99 677
2 100 792
3 1 606
3 2 643
3 4 634
3 5 601
3 6 849
3 7 197
3 8 396
3 9 914
3 10 850
3 11 818
3 12 922
3 13 751
3 14 475
3 15 147
3 16 918
3 17 483
3 18 326
3 19 368
3 20 621
3 21 744
3 22 753
3 23 310
3 24 1008
3 25 584
3 26 790
3 27 685
3 28 749
3 29 1021
3 30 534
3 31 162
3 32 560
3 33 423
3 34 845
3 35 450
3 36 292
3 37 468
3 38 1003
3 39 667
3 40 516
3 41 854
3 42 760
3 43 402
3 44 170
3 45 813
3 46 619
3 47 874
3 48 517
3 49 111
3 50 597
3 51 973
3 52 282
3 53 374
3 54 283
3 55 798
3 56 750
3 57 979
3 58 184
3 59 843
3 60 897
3 61 924
3 62 163
3 63 462
3 64 427
3 65 411
3 66 64
3 67 938
3 68 617
3 69 289
3 70 862
3 71 657
3 72 564
3 73 856
3 74 168
3 75 217
3 76 818
3 77 349
3 78 130
3 79 771
3 80 526
3 81 818
3 82 581
3 83 862
3 84 804
3 85 1053
3 86 569
3 87 1197
3 88 619
3 89 938
3 90 42
3 91 913
3 92 872
3 93 566
3 94 517
3 95 319
3 96 820
3 97 398
3 98 344
3 99 741
3 100 211
4 1 578
4 2 722
4 3 634
4 5 174
4 6 525
4 7 518
4 8 623
4 9 381
4 10 670
4 11 403
4 12 622
4 13 920
4 14 632
4 15 494
4 16 344
4 17 528
4 18 312
4 19 339
4 20 802
4 21 505
4 22 213
4 23 736
4 24 712
4 25 377
4 26 159
4 27 51
4 28 126
4 29 616
4 30 776
4 31 527
4 32 579
4 33 215
4 34 233
4 35 641
4 36 433
4 37 275
4 38 557
4 39 102
4 40 479
4 41 710
4 42 126
4 43 238
4 44 604
4 45 994
4 46 45
4 47 687
4 48 743
4 49 667
4 50 236
4 51 667
4 52 451
4 53 261
4 54 352
4 55 670
4 56 172
4 57 703
4 58 502
4 59 560
4 60 791
4 61 452
4 62 478
4 63 274
4 64 281
4 65 744
4 66 583
4 67 518
4 68 252
4 69 366
4 70 399
4 71 878
4 72 464
4 73 237
4 74 533
4 75 419
4 76 185
4 77 294
4 78 508
4 79 865
4 80 708
4 81 675
4 82 90
4 83 746
4 84 170
4 85 595
4 86 621
4 87 768
4 88 591
4 89 644
4 90 609
4 91 771
4 92 423
4 93 407
4 94 698
4 95 352
4 96 890
4 97 491
4 98 662
4 99 168
4 100 559
5 1 409
5 2 556
5 3 601
5 4 174
5 6 371
5 7 538
5 8 490
5 9 317
5 10 500
5 11 269
5 12 467
5 13 756
5 14 483
5 15 454
5 16 318
5 17 375
5 18 319
5 19 402
5 20 644
5 21 335
5 22 153
5 23 629
5 24 561
5 25 206
5 26 290
5 27 191
5 28 278
5 29 492
5 30 629
5 31 534
5 32 416
5 33 252
5 34 265
5 35 498
5 36 479
5 37 150
5 38 448
5 39 275
5 40 318
5 41 538
5 42 250
5 43 218
5 44 526
5 45 829
5 46 210
5 47 518
5 48 595
5 49 661
5 50 387
5 51 516
5 52 495
5 53 271
5 54 333
5 55 497
5 56 162
5 57 547
5 58 436
5 59 400
5 60 619
5 61 350
5 62 466
5 63 153
5 64 180
5 65 616
5 66 562
5 67 394
5 68 79
5 69 313
5 70 288
5 71 721
5 72 296
5 73 282
5 74 465
5 75 392
5 76 290
5 77 317
5 78 490
5 79 696
5 80 556
5 81 503
5 82 96
5 83 574
5 84 280
5 85 493
5 86 459
5 87 659
5 88 422
5 89 489
5 90 567
5 91 600
5 92 307
5 93 237
5 94 547
5 95 285
5 96 719
5 97 356
5 98 541
5 99 153
5 100 585
6 1 326
6 2 443
6 3 849
6 4 525
6 5 371
6 7 852
6 8 555
6 9 291
6 10 195
6 11 139
6 12 98
6 13 616
6 14 496
6 15 716
6 16 365
6 17 409
6 18 651
6 19 757
6 20 562
6 21 120
6 22 338
6 23 736
6 24 190
6 25 267
6 26 571
6 27 518
6 28 586
6 29 182
6 30 602
6 31 838
6 32 372
6 33 608
6 34 445
6 35 525
6 36 818
6 37 416
6 38 199
6 39 622
6 40 352
6 41 245
6 42 538
6 43 555
6 44 715
6 45 674
6 46 567
6 47 200
6 48 576
6 49 937
6 50 754
6 51 146
6 52 832
6 53 613
6 54 642
6 55 240
6 56 392
6 57 179
6 58 665
6 59 54
6 60 326
6 61 199
6 62 759
6 63 422
6 64 460
6 65 665
6 66 832
6 67 135
6 68 299
6 69 592
6 70 187
6 71 633
6 72 298
6 73 466
6 74 684
6 75 681
6 76 542
6 77 659
6 78 772
6 79 522
6 80 529
6 81 228
6 82 464
6 83 288
6 84 541
6 85 245
6 86 402
6 87 353
6 88 326
6 89 120
6 90 809
6 91 287
6 92 166
6 93 283
6 94 526
6 95 556
6 96 519
6 97 469
6 98 631
6 99 390
6 100 902
7 1 674
7 2 748
7 3 197
7 4 518
7 5 538
7 6 852
7 8 514
7 9 852
7 10 896
7 11 790
7 12 937
7 13 887
7 14 583
7 15 181
7 16 840
7 17 554
7 18 220
7 19 198
7 20 753
7 21 763
7 22 679
7 23 481
7 24 1030
7 25 590
7 26 662
7 27 568
7 28 617
7 29 1009
7 30 675
7 31 37
7 32 636
7 33 306
7 34 746
7 35 566
7 36 105
7 37 439
7 38 976
7 39 525
7 40 564
7 41 911
7 42 638
7 43 320
7 44 315
7 45 956
7 46 492
7 47 920
7 48 652
7 49 164
7 50 426
7 51 990
7 52 90
7 53 270
7 54 212
7 55 856
7 56 663
7 57 1005
7 58 255
7 59 858
7 60 968
7 61 885
7 62 107
7 63 432
7 64 394
7 65 566
7 66 136
7 67 916
7 68 578
7 69 263
7 70 822
7 71 801
7 72 601
7 73 753
7 74 265
7 75 176
7 76 698
7 77 228
7 78 116
7 79 890
7 80 649
7 81 873
7 82 489
7 83 928
7 84 683
7 85 1024
7 86 657
7 87 1183
7 88 688
7 89 956
7 90 206
7 91 975
7 92 837
7 93 584
7 94 638
7 95 298
7 96 935
7 97 465
7 98 485
7 99 655
7 100 51
8 1 245
8 2 247
8 3 396
8 4 623
8 5 490
8 6 555
8 7 514
8 9 729
8 10 492
8 11 583
8 12 601
8 13 375
8 14 81
8 15 335
8 16 766
8 17 148
8 18 444
8 19 563
8 20 239
8 21 436
8 22 620
8 23 182
8 24 674
8 25 341
8 26 770
8 27 661
8 28 747
8 29 736
8 30 171
8 31 482
8 32 194
8 33 496
8 34 749
8 35 55
8 36 553
8 37 351
8 38 744
8 39 705
8 40 212
8 41 484
8 42 731
8 43 427
8 44 227
8 45 445
8 46 636
8 47 515
8 48 143
8 49 506
8 50 727
8 51 647
8 52 555
8 53 454
8 54 391
8 55 430
8 56 646
8 57 640
8 58 261
8 59 530
8 60 514
8 61 696
8 62 411
8 63 351
8 64 344
8 65 127
8 66 416
8 67 675
8 68 452
8 69 326
8 70 642
8 71 295
8 72 265
8 73 768
8 74 252
8 75 367
8 76 777
8 77 472
8 78 399
8 79 379
8 80 135
8 81 453
8 82 537
8 83 484
8 84 766
8 85 793
8 86 186
8 87 903
8 88 253
8 89 612
8 90 358
8 91 537
8 92 642
8 93 306
8 94 125
8 95 312
8 96 427
8 97 134
8 98 78
8 99 638
8 100 555
9 1 552
9 2 694
9 3 914
9 4 381
9 5 317
9 6 291
9 7 852
9 8 729
9 10 485
9 11 168
9 12 361
9 13 883
9 14 694
9 15 768
9 16 80
9 17 587
9 18 633
9 19 701
9 20 807
9 21 364
9 22 176
9 23 896
9 24 424
9 25 389
9 26 348
9 27 348
9 28 381
9 29 274
9 30 825
9 31 850
9 32 585
9 33 555
9 34 196
9 35 718
9 36 786
9 37 448
9 38 201
9 39 452
9 40 521
9 41 534
9 42 330
9 43 533
9 44 821
9 45 947
9 46 424
9 47 490
9 48 794
9 49 977
9 50 610
9 51 385
9 52 803
9 53 583
9 54 650
9 55 524
9 56 210
9 57 433
9 58 741
9 59 343
9 60 616
9 61 107
9 62 782
9 63 453
9 64 488
9 65 854
9 66 878
9 67 195
9 68 301
9 69 626
9 70 107
9 71 883
9 72 472
9 73 212
9 74 768
9 75 708
9 76 307
9 77 628
9 78 806
9 79 797
9 80 748
9 81 515
9 82 371
9 83 578
9 84 312
9 85 226
9 86 625
9 87 398
9 88 558
9 89 380
9 90 878
9 91 576
9 92 125
9 93 425
9 94 742
9 95 596
9 96 800
9 97 609
9 98 796
9 99 214
9 100 899
10 1 249
10 2 306
10 3 850
10 4 670
10 5 500
10 6 195
10 7 896
10 8 492
10 9 485
10 11 327
10 12 157
10 13 446
10 14 417
10 15 736
10 16 559
10 17 369
10 18 722
10 19 841
10 20 422
10 21 166
10 22 511
10 23 669
10 24 193
10 25 327
10 26 743
10 27 674
10 28 751
10 29 320
10 30 485
10 31 875
10 32 300
10 33 704
10 34 629
10 35 448
10 36 884
10 37 490
10 38 369
10 39 771
10 40 337
10 41 50
10 42 707
10 43 638
10 44 694
10 45 496
10 46 709
10 47 25
10 48 466
10 49 950
10 50 884
10 51 182
10 52 895
10 53 695
10 54 698
10 55 69
10 56 564
10 57 157
10 58 672
10 59 142
10 60 132
10 61 392
10 62 794
10 63 496
10 64 528
10 65 577
10 66 847
10 67 318
10 68 422
10 69 636
10 70 380
10 71 483
10 72 296
10 73 652
10 74 683
10 75 721
10 76 719
10 77 737
10 78 799
10 79 346
10 80 422
10 81 48
10 82 596
10 83 94
10 84 716
10 85 405
10 86 310
10 87 451
10 88 240
10 89 153
10 90 808
10 91 101
10 92 361
10 93 319
10 94 423
10 95 602
10 96 334
10 97 452
10 98 569
10 99 559
10 100 946
11 1 388
11 2 527
11 3 818
11 4 403
11 5 269
11 6 139
11 7 790
11 8 583
11 9 168
11 10 327
11 12 229
11 13 716
11 14 539
11 15 677
11 16 236
11 17 437
11 18 578
11 19 670
11 20 641
11 21 196
11 22 203
11 23 757
11 24 313
11 25 249
11 26 434
11 27 389
11 28 452
11 29 224
11 30 665
11 31 781
11 32 425
11 33 519
11 34 306
11 35 565
11 36 742
11 37 356
11 38 187
11 39 496
11 40 372
11 41 375
11 42 403
11 43 477
11 44 704
11 45 779
11 46 446
11 47 335
11 48 635
11 49 895
11 50 636
11 51 269
11 52 757
11 53 533
11 54 580
11 55 359
11 56 257
11 57 310
11 58 637
11 59 188
11 60 459
11 61 113
11 62 706
11 63 363
11 64 401
11 65 704
11 66 791
11 67 127
11 68 213
11 69 541
11 70 64
11 71 717
11 72 320
11 73 328
11 74 661
11 75 628
11 76 404
11 77 580
11 78 725
11 79 629
11 80 588
11 81 353
11 82 354
11 83 418
11 84 403
11 85 236
11 86 463
11 87 394
11 88 394
11 89 251
11 90 780
11 91 423
11 92 60
11 93 280
11 94 583
11 95 507
11 96 633
11 97 473
11 98 655
11 99 256
11 100 840
12 1 360
12 2 451
12 3 922
12 4 622
12 5 467
12 6 98
12 7 937
12 8 601
12 9 361
12 10 157
12 11 229
12 13 602
12 14 534
12 15 794
12 16 439
12 17 462
12 18 741
12 19 849
12 20 569
12 21 179
12 22 431
12 23 782
12 24 95
12 25 348
12 26 663
12 27 613
12 28 679
12 29 163
12 30 623
12 31 921
12 32 410
12 33 702
12 34 530
12 35 565
12 36 908
12 37 504
12 38 216
12 39 718
12 40 412
12 41 203
12 42 631
12 43 647
12 44 779
12 45 652
12 46 664
12 47 150
12 48 600
12 49 1014
12 50 851
12 51 53
12 52 921
12 53 705
12 54 729
12 55 221
12 56 485
12 57 82
12 58 739
12 59 80
12 60 272
12 61 258
12 62 841
12 63 511
12 64 548
12 65 701
12 66 909
12 67 174
12 68 395
12 69 676
12 70 265
12 71 635
12 72 360
12 73 552
12 74 755
12 75 764
12 76 631
12 77 750
12 78 852
12 79 503
12 80 554
12 81 202
12 82 561
12 83 244
12 84 631
12 85 249
12 86 432
12 87 307
12 88 356
12 89 23
12 90 881
12 91 226
12 92 241
12 93 358
12 94 553
12 95 640
12 96 490
12 97 532
12 98 679
12 99 483
12 100 987
13 1 351
13 2 201
13 3 751
13 4 920
13 5 756
13 6 616
13 7 887
13 8 375
13 9 883
13 10 446
13 11 716
13 12 602
13 14 318
13 15 708
13 16 945
13 17 399
13 18 807
13 19 931
13 20 136
13 21 520
13 22 842
13 23 456
13 24 627
13 25 554
13 26 1044
13 27 946
13 28 1033
13 29 765
13 30 218
13 31 854
13 32 341
13 33 843
13 34 976
13 35 327
13 36 926
13 37 654
13 38 808
13 39 1015
13 40 442
13 41 405
13 42 1004
13 43 770
13 44 585
13 45 75
13 46 944
13 47 458
13 48 237
13 49 861
13 50 1070
13 51 626
13 52 929
13 53 808
13 54 758
13 55 383
13 56 884
13 57 592
13 58 634
13 59 567
13 60 365
13 61 809
13 62 785
13 63 657
13 64 667
13 65 344
13 66 781
13 67 750
13 68 690
13 69 690
13 70 778
13 71 101
13 72 461
13 73 998
13 74 624
13 75 740
13 76 1037
13 77 833
13 78 772
13 79 103
13 80 242
13 81 401
13 82 831
13 83 371
13 84 1029
13 85 848
13 86 299
13 87 891
13 88 339
13 89 599
13 90 716
13 91 413
13 92 766
13 93 520
13 94 254
13 95 670
13 96 137
13 97 465
13 98 408
13 99 877
13 100 927
14 1 175
14 2 169
14 3 475
14 4 632
14 5 483
14 6 496
14 7 583
14 8 81
14 9 694
14 10 417
14 11 539
14 12 534
14 13 318
14 15 403
14 16 738
14 17 111
14 18 490
14 19 613
14 20 184
14 21 377
14 22 601
14 23 252
14 24 602
14 25 310
14 26 771
14 27 665
14 28 753
14 29 676
14 30 146
14 31 552
14 32 125
14 33 530
14 34 734
14 35 32
14 36 612
14 37 358
14 38 689
14 39 720
14 40 176
14 41 407
14 42 731
14 43 457
14 44 306
14 45 391
14 46 649
14 47 440
14 48 112
14 49 584
14 50 759
14 51 578
14 52 617
14 53 493
14 54 440
14 55 353
14 56 633
14 57 568
14 58 329
14 59 466
14 60 434
14 61 650
14 62 477
14 63 359
14 64 361
14 65 169
14 66 491
14 67 621
14 68 434
14 69 373
14 70 601
14 71 253
14 72 222
14 73 754
14 74 324
14 75 426
14 76 773
14 77 516
14 78 469
14 79 308
14 80 80
14 81 376
14 82 543
14 83 404
14 84 763
14 85 738
14 86 108
14 87 839
14 88 180
14 89 543
14 90 435
14 91 458
14 92 598
14 93 272
14 94 69
14 95 353
14 96 354
14 97 150
14 98 154
14 99 625
14 100 626
15 1 504
15 2 569
15 3 147
15 4 494
15 5 454
15 6 716
15 7 181
15 8 335
15 9 768
15 10 736
15 11 677
15 12 794
15 13 708
15 14 403
15 16 771
15 17 381
15 18 195
15 19 272
15 20 573
15 21 617
15 22 606
15 23 322
15 24 884
15 25 450
15 26 652
15 27 544
15 28 613
15 29 884
15 30 497
15 31 150
15 32 463
15 33 289
15 34 700
15 35 386
15 36 230
15 37 323
15 38 863
15 39 535
15 40 400
15 41 747
15 42 620
15 43 259
15 44 153
15 45 777
15 46 483
15 47 760
15 48 473
15 49 221
15 50 488
15 51 846
15 52 229
15 53 238
15 54 144
15 55 690
15 56 604
15 57 856
15 58 75
15 59 715
15 60 799
15 61 781
15 62 78
15 63 318
15 64 281
15 65 394
15 66 116
15 67 798
15 68 473
15 69 142
15 70 718
15 71 624
15 72 443
15 73 712
15 74 88
15 75 79
15 76 678
15 77 222
15 78 67
15 79 710
15 80 469
15 81 709
15 82 437
15 83 760
15 84 664
15 85 913
15 86 481
15 87 1060
15 88 517
15 89 811
15 90 116
15 91 809
15 92 730
15 93 437
15 94 458
15 95 173
15 96 756
15 97 292
15 98 309
15 99 595
15 100 224
16 1 606
16 2 752
16 3 918
16 4 344
16 5 318
16 6 365
16 7 840
16 8 766
16 9 80
16 10 559
16 11 236
16 12 439
16 13 945
16 14 738
16 15 771
16 17 628
16 18 622
16 19 676
16 20 862
16 21 429
16 22 166
16 23 926
16 24 504
16 25 429
16 26 284
16 27 304
16 28 322
16 29 351
16 30 874
16 31 841
16 32 636
16 33 536
16 34 130
16 35 760
16 36 766
16 37 461
16 38 276
16 39 402
16 40 563
16 41 608
16 42 272
16 43 525
16 44 839
16 45 1011
16 46 385
16 47 565
16 48 842
16 49 973
16 50 563
16 51 464
16 52 784
16 53 570
16 54 645
16 55 594
16 56 179
16 57 512
16 58 752
16 59 418
16 60 690
16 61 186
16 62 778
16 63 465
16 64 496
16 65 892
16 66 877
16 67 274
16 68 321
16 69 630
16 70 179
16 71 939
16 72 518
16 73 143
16 74 780
16 75 706
16 76 240
16 77 613
16 78 804
16 79 862
16 80 797
16 81 587
16 82 352
16 83 651
16 84 247
16 85 295
16 86 677
16 87 463
16 88 614
16 89 458
16 90 885
16 91 652
16 92 200
16 93 466
16 94 790
16 95 602
16 96 868
16 97 641
16 98 830
16 99 186
16 100 885
17 1 124
17 2 213
17 3 483
17 4 528
17 5 375
17 6 409
17 7 554
17 8 148
17 9 587
17 10 369
17 11 437
17 12 462
17 13 399
17 14 111
17 15 381
17 16 628
17 18 424
17 19 550
17 20 275
17 21 291
17 22 491
17 23 327
17 24 540
17 25 200
17 26 664
17 27 559
17 28 647
17 29 590
17 30 255
17 31 528
17 32 83
17 33 448
17 34 623
17 35 132
17 36 565
17 37 257
17 38 596
17 39 620
17 40 67
17 41 371
17 42 624
17 43 374
17 44 325
17 45 473
17 46 549
17 47 393
17 48 221
17 49 586
17 50 672
17 51 510
17 52 573
17 53 417
17 54 382
17 55 315
17 56 523
17 57 507
17 58 312
17 59 387
17 60 418
17 61 549
17 62 448
17 63 260
17 64 269
17 65 268
17 66 486
17 67 528
17 68 324
17 69 314
17 70 497
17 71 350
17 72 118
17 73 644
17 74 318
17 75 384
17 76 664
17 77 448
17 78 447
17 79 363
17 80 182
17 81 336
17 82 439
17 83 381
17 84 654
17 85 646
17 86 110
17 87 760
17 88 137
17 89 474
17 90 442
17 91 431
17 92 496
17 93 163
17 94 172
17 95 286
17 96 401
17 97 90
17 98 223
17 99 514
17 100 601
18 1 529
18 2 635
18 3 326
18 4 312
18 5 319
18 6 651
18 7 220
18 8 444
18 9 633
18 10 722
18 11 578
18 12 741
18 13 807
18 14 490
18 15 195
18 16 622
18 17 424
18 19 126
18 20 674
18 21 575
18 22 460
18 23 492
18 24 835
18 25 400
18 26 465
18 27 362
18 28 424
18 29 799
18 30 615
18 31 220
18 32 503
18 33 98
18 34 533
18 35 484
18 36 167
18 37 238
18 38 762
18 39 342
18 40 412
18 41 745
18 42 436
18 43 102
18 44 332
18 45 881
18 46 294
18 47 745
18 48 585
18 49 357
18 50 300
18 51 793
18 52 181
18 53 52
18 54 59
18 55 692
18 56 445
18 57 814
18 58 228
18 59 664
18 60 812
18 61 668
18 62 166
18 63 231
18 64 196
18 65 538
18 66 272
18 67 704
18 68 365
18 69 118
18 70 605
18 71 737
18 72 435
18 73 541
18 74 258
18 75 117
18 76 496
18 77 30
18 78 198
18 79 786
18 80 567
18 81 707
18 82 271
18 83 768
18 84 481
18 85 809
18 86 534
18 87 971
18 88 544
18 89 761
18 90 304
18 91 810
18 92 622
18 93 403
18 94 556
18 95 139
18 96 825
18 97 345
18 98 449
18 99 438
18 100 267
19 1 654
19 2 761
19 3 368
19 4 339
19 5 402
19 6 757
19 7 198
19 8 563
19 9 701
19 10 841
19 11 670
19 12 849
19 13 931
19 14 613
19 15 272
19 16 676
19 17 550
19 18 126
19 20 796
19 21 689
19 22 525
19 23 591
19 24 944
19 25 516
19 26 472
19 27 387
19 28 425
19 29 893
19 30 734
19 31 219
19 32 629
19 33 151
19 34 571
19 35 606
19 36 99
19 37 352
19 38 849
19 39 331
19 40 537
19 41 866
19 42 451
19 43 204
19 44 423
19 45 1004
19 46 306
19 47 863
19 48 705
19 49 361
19 50 231
19 51 901
19 52 117
19 53 147
19 54 174
19 55 814
19 56 498
19 57 925
19 58 327
19 59 774
19 60 935
19 61 750
19 62 211
19 63 346
19 64 313
19 65 649
19 66 305
19 67 796
19 68 461
19 69 241
19 70 689
19 71 858
19 72 558
19 73 575
19 74 352
19 75 206
19 76 510
19 77 106
19 78 244
19 79 911
19 80 689
19 81 827
19 82 331
19 83 891
19 84 496
19 85 894
19 86 660
19 87 1061
19 88 669
19 89 870
19 90 359
19 91 931
19 92 708
19 93 523
19 94 678
19 95 265
19 96 951
19 97 470
19 98 561
19 99 492
19 100 229
20 1 256
20 2 120
20 3 621
20 4 802
20 5 644
20 6 562
20 7 753
20 8 239
20 9 807
20 10 422
20 11 641
20 12 569
20 13 136
20 14 184
20 15 573
20 16 862
20 17 275
20 18 674
20 19 796
20 21 453
20 22 744
20 23 338
20 24 614
20 25 450
20 26 934
20 27 831
20 28 920
20 29 728
20 30 95
20 31 720
20 32 232
20 33 713
20 34 878
20 35 192
20 36 791
20 37 532
20 38 760
20 39 894
20 40 326
20 41 391
20 42 893
20 43 640
20 44 453
20 45 208
20 46 824
20 47 439
20 48 105
20 49 732
20 50 941
20 51 602
20 52 794
20 53 676
20 54 623
20 55 353
20 56 782
20 57 577
20 58 499
20 59 519
20 60 380
20 61 744
20 62 650
20 63 534
20 64 540
20 65 224
20 66 649
20 67 696
20 68 584
20 69 556
20 70 705
20 71 79
20 72 355
20 73 900
20 74 489
20 75 605
20 76 930
20 77 700
20 78 637
20 79 159
20 80 107
20 81 375
20 82 713
20 83 369
20 84 921
20 85 804
20 86 189
20 87 872
20 88 249
20 89 571
20 90 586
20 91 420
20 92 696
20 93 413
20 94 118
20 95 536
20 96 210
20 97 333
20 98 278
20 99 774
20 100 793
21 1 208
21 2 335
21 3 744
21 4 505
21 5 335
21 6 120
21 7 763
21 8 436
21 9 364
21 10 166
21 11 196
21 12 179
21 13 520
21 14 377
21 15 617
21 16 429
21 17 291
21 18 575
21 19 689
21 20 453
21 22 354
21 23 617
21 24 268
21 25 176
21 26 583
21 27 510
21 28 588
21 29 301
21 30 487
21 31 746
21 32 253
21 33 546
21 34 480
21 35 406
21 36 740
21 37 338
21 38 315
21 39 606
21 40 237
21 41 206
21 42 546
21 43 485
21 44 602
21 45 584
21 46 543
21 47 184
21 48 459
21 49 836
21 50 719
21 51 230
21 52 752
21 53 542
21 54 557
21 55 174
21 56 406
21 57 243
21 58 560
21 59 100
21 60 289
21 61 292
21 62 665
21 63 344
21 64 379
21 65 546
21 66 731
21 67 248
21 68 256
21 69 501
21 70 258
21 71 527
21 72 183
21 73 503
21 74 577
21 75 589
21 76 562
21 77 586
21 78 675
21 79 434
21 80 412
21 81 174
21 82 431
21 83 245
21 84 558
21 85 363
21 86 285
21 87 469
21 88 210
21 89 195
21 90 703
21 91 266
21 92 246
21 93 181
21 94 409
21 95 465
21 96 440
21 97 355
21 98 513
21 99 400
21 100 813
22 1 493
22 2 642
22 3 753
22 4 213
22 5 153
22 6 338
22 7 679
22 8 620
22 9 176
22 10 511
22 11 203
22 12 431
22 13 842
22 14 601
22 15 606
22 16 166
22 17 491
22 18 460
22 19 525
22 20 744
22 21 354
22 23 772
22 24 515
22 25 295
22 26 234
22 27 190
22 28 249
22 29 405
22 30 743
22 31 679
22 32 513
22 33 380
22 34 135
22 35 620
22 36 611
22 37 298
22 38 345
22 39 298
22 40 427
22 41 556
22 42 201
22 43 362
22 44 676
22 45 912
22 46 258
22 47 523
22 48 710
22 49 809
22 50 448
22 51 471
22 52 628
22 53 410
22 54 481
22 55 528
22 56 55
22 57 512
22 58 588
22 59 382
22 60 640
22 61 239
22 62 614
22 63 302
22 64 332
22 65 747
22 66 712
22 67 308
22 68 169
22 69 465
22 70 188
22 71 822
22 72 390
22 73 157
22 74 617
22 75 542
22 76 209
22 77 453
22 78 640
22 79 769
22 80 668
22 81 527
22 82 195
22 83 597
22 84 206
22 85 382
22 86 556
22 87 555
22 88 503
22 89 453
22 90 719
22 91 611
22 92 212
22 93 333
22 94 659
22 95 437
22 96 783
22 97 490
22 98 679
22 99 53
22 100 725
23 1 425
23 2 396
23 3 310
23 4 736
23 5 629
23 6 736
23 7 481
23 8 182
23 9 896
23 10 669
23 11 757
23 12 782
23 13 456
23 14 252
23 15 322
23 16 926
23 17 327
23 18 492
23 19 591
23 20 338
23 21 617
23 22 772
23 24 853
23 25 510
23 26 892
23 27 780
23 28 862
23 29 917
23 30 244
23 31 445
23 32 374
23 33 569
23 34 894
23 35 221
23 36 550
23 37 481
23 38 922
23 39 804
23 40 388
23 41 657
23 42 854
23 43 512
23 44 171
23 45 512
23 46 740
23 47 691
23 48 238
23 49 416
23 50 792
23 51 828
23 52 547
23 53 520
23 54 434
23 55 604
23 56 790
23 57 819
23 58 266
23 59 711
23 60 677
23 61 870
23 62 396
23 63 479
23 64 461
23 65 114
23 66 354
23 67 854
23 68 606
23 69 387
23 70 814
23 71 357
23 72 442
23 73 911
23 74 240
23 75 386
23 76 906
23 77 522
23 78 371
23 79 495
23 80 265
23 81 627
23 82 657
23 83 651
23 84 893
23 85 972
23 86 359
23 87 1085
23 88 431
23 89 792
23 90 283
23 91 705
23 92 816
23 93 477
23 94 260
23 95 390
23 96 547
23 97 287
23 98 105
23 99 781
23 100 510
24 1 429
24 2 499
24 3 1008
24 4 712
24 5 561
24 6 190
24 7 1030
24 8 674
24 9 424
24 10 193
24 11 313
24 12 95
24 13 627
24 14 602
24 15 884
24 16 504
24 17 540
24 18 835
24 19 944
24 20 614
24 21 268
24 22 515
24 23 853
24 25 441
24 26 744
24 27 701
24 28 764
24 29 176
24 30 677
24 31 1013
24 32 480
24 33 797
24 34 605
24 35 634
24 36 1001
24 37 598
24 38 248
24 39 807
24 40 495
24 41 225
24 42 715
24 43 741
24 44 862
24 45 669
24 46 754
24 47 175
24 48 658
24 49 1103
24 50 942
24 51 45
24 52 1015
24 53 799
24 54 822
24 55 262
24 56 569
24 57 37
24 58 826
24 59 172
24 60 270
24 61 319
24 62 932
24 63 605
24 64 641
24 65 766
24 66 998
24 67 230
24 68 488
24 69 768
24 70 339
24 71 673
24 72 445
24 73 626
24 74 841
24 75 856
24 76 710
24 77 845
24 78 943
24 79 525
24 80 613
24 81 240
24 82 654
24 83 257
24 84 711
24 85 265
24 86 497
24 87 264
24 88 423
24 89 75
24 90 967
24 91 221
24 92 314
24 93 448
24 94 613
24 95 732
24 96 504
24 97 615
24 98 751
24 99 568
24 100 1080
25 1 205
25 2 354
25 3 584
25 4 377
25 5 206
25 6 267
25 7 590
25 8 341
25 9 389
25 10 327
25 11 249
25 12 348
25 13 554
25 14 310
25 15 450
25 16 429
25 17 200
25 18 400
25 19 516
25 20 450
25 21 176
25 22 295
25 23 510
25 24 441
25 26 490
25 27 396
25 28 483
25 29 438
25 30 449
25 31 573
25 32 219
25 33 378
25 34 430
25 35 332
25 36 564
25 37 164
25 38 426
25 39 477
25 40 134
25 41 356
25 42 451
25 43 312
25 44 458
25 45 627
25 46 409
25 47 348
25 48 416
25 49 670
25 50 568
25 51 401
25 52 577
25 53 369
25 54 382
25 55 308
25 56 333
25 57 417
25 58 400
25 59 269
25 60 431
25 61 362
25 62 493
25 63 170
25 64 204
25 65 466
25 66 565
25 67 358
25 68 136
25 69 328
25 70 305
25 71 528
25 72 96
25 73 451
25 74 420
25 75 416
25 76 483
25 77 412
25 78 506
25 79 491
25 80 373
25 81 318
25 82 292
25 83 386
25 84 475
25 85 477
25 86 262
25 87 614
25 88 218
25 89 367
25 90 544
25 91 420
25 92 308
25 93 38
25 94 365
25 95 292
25 96 514
25 97 225
25 98 409
25 99 325
25 100 640
26 1 695
26 2 843
26 3 790
26 4 159
26 5 290
26 6 571
26 7 662
26 8 770
26 9 348
26 10 743
26 11 434
26 12 663
26 13 1044
26 14 771
26 15 652
26 16 284
26 17 664
26 18 465
26 19 472
26 20 934
26 21 583
26 22 234
26 23 892
26 24 744
26 25 490
26 27 113
26 28 49
26 29 616
26 30 916
26 31 674
26 32 705
26 33 368
26 34 155
26 35 784
26 36 570
26 37 420
26 38 547
26 39 145
26 40 608
26 41 787
26 42 41
26 43 396
26 44 762
26 45 1116
26 46 172
26 47 756
26 48 883
26 49 816
26 50 300
26 51 700
26 52 587
26 53 416
26 54 509
26 55 756
26 56 180
26 57 743
26 58 660
26 59 615
26 60 871
26 61 444
26 62 631
26 63 421
26 64 433
26 65 894
26 66 736
26 67 525
26 68 355
26 69 524
26 70 407
26 71 1011
26 72 584
26 73 143
26 74 691
26 75 575
26 76 48
26 77 445
26 78 663
26 79 980
26 80 845
26 81 757
26 82 236
26 83 827
26 84 38
26 85 573
26 86 748
26 87 744
26 88 707
26 89 684
26 90 765
26 91 843
26 92 432
26 93 525
26 94 836
26 95 510
26 96 999
26 97 637
26 98 814
26 99 184
26 100 699
27 1 599
27 2 746
27 3 685
27 4 51
27 5 191
27 6 518
27 7 568
27 8 661
27 9 348
27 10 674
27 11 389
27 12 613
27 13 946
27 14 665
27 15 544
27 16 304
27 17 559
27 18 362
27 19 387
27 20 831
27 21 510
27 22 190
27 23 780
27 24 701
27 25 396
27 26 113
27 28 89
27 29 595
27 30 810
27 31 577
27 32 605
27 33 266
27 34 187
27 35 676
27 36 482
27 37 310
27 38 532
27 39 108
27 40 506
27 41 715
27 42 77
27 43 287
27 44 651
27 45 1019
27 46 83
27 47 689
27 48 776
27 49 718
27 50 263
27 51 656
27 52 500
27 53 312
27 54 403
27 55 679
27 56 142
27 57 695
27 58 549
27 59 557
27 60 798
27 61 427
27 62 528
27 63 310
27 64 321
27 65 783
27 66 633
27 67 498
27 68 264
27 69 414
27 70 378
27 71 908
27 72 486
27 73 189
27 74 581
27 75 469
27 76 134
27 77 345
27 78 559
27 79 886
27 80 740
27 81 682
27 82 125
27 83 753
27 84 120
27 85 567
27 86 648
27 87 741
27 88 612
27 89 635
27 90 659
27 91 775
27 92 402
27 93 428
27 94 730
27 95 398
27 96 909
27 97 527
27 98 702
27 99 140
27 100 608
28 1 687
28 2 834
28 3 749
28 4 126
28 5 278
28 6 586
28 7 617
28 8 747
28 9 381
28 10 751
28 11 452
28 12 679
28 13 1033
28 14 753
28 15 613
28 16 322
28 17 647
28 18 424
28 19 425
28 20 920
28 21 588
28 22 249
28 23 862
28 24 764
28 25 483
28 26 49
28 27 89
28 29 644
28 30 898
28 31 630
28 32 693
28 33 326
28 34 193
28 35 764
28 36 523
28 37 398
28 38 576
28 39 97
28 40 594
28 41 793
28 42 52
28 43 360
28 44 728
28 45 1107
28 46 131
28 47 765
28 48 864
28 49 772
28 50 253
28 51 719
28 52 541
28 53 376
28 54 470
28 55 760
28 56 195
28 57 761
28 58 624
28 59 628
28 60 877
28 61 472
28 62 589
28 63 397
28 64 406
28 65 869
28 66 694
28 67 550
28 68 349
28 69 489
28 70 430
28 71 996
28 72 574
28 73 184
28 74 656
28 75 536
28 76 94
28 77 402
28 78 621
28 79 973
28 80 828
28 81 762
28 82 211
28 83 832
28 84 81
28 85 606
28 86 736
28 87 778
28 88 700
28 89 701
28 90 726
28 91 851
28 92 456
28 93 515
28 94 818
28 95 477
28 96 995
28 97 614
28 98 787
28 99 197
28 100 653
29 1 503
29 2 609
29 3 1021
29 4 616
29 5 492
29 6 182
29 7 1009
29 8 736
29 9 274
29 10 320
29 11 224
29 12 163
29 13 765
29 14 676
29 15 884
29 16 351
29 17 590
29 18 799
29 19 893
29 20 728
29 21 301
29 22 405
29 23 917
29 24 176
29 25 438
29 26 616
29 27 595
29 28 644
29 30 776
29 31 998
29 32 551
29 33 742
29 34 467
29 35 706
29 36 964
29 37 571
29 38 78
29 39 702
29 40 533
29 41 365
29 42 593
29 43 698
29 44 892
29 45 815
29 46 660
29 47 312
29 48 751
29 49 1105
29 50 851
29 51 152
29 52 979
29 53 755
29 54 797
29 55 383
29 56 455
29 57 199
29 58 838
29 59 212
29 60 428
29 61 173
29 62 920
29 63 577
29 64 616
29 65 844
29 66 1000
29 67 99
29 68 434
29 69 754
29 70 217
29 71 795
29 72 479
29 73 485
29 74 858
29 75 842
29 76 577
29 77 802
29 78 937
29 79 666
29 80 705
29 81 365
29 82 576
29 83 405
29 84 581
29 85 91
29 86 579
29 87 177
29 88 502
29 89 169
29 90 981
29 91 381
29 92 193
29 93 459
29 94 702
29 95 718
29 96 652
29 97 649
29 98 812
29 99 455
29 100 1058
30 1 280
30 2 181
30 3 534
30 4 776
30 5 629
30 6 602
30 7 675
30 8 171
30 9 825
30 10 485
30 11 665
30 12 623
30 13 218
30 14 146
30 15 497
30 16 874
30 17 255
30 18 615
30 19 734
30 20 95
30 21 487
30 22 743
30 23 244
30 24 677
30 25 449
30 26 916
30 27 810
30 28 898
30 29 776
30 31 641
30 32 241
30 33 665
30 34 876
30 35 137
30 36 720
30 37 502
30 38 800
30 39 863
30 40 317
30 41 460
30 42 876
30 43 594
30 44 368
30 45 282
30 46 793
30 47 504
30 48 34
30 49 644
30 50 895
30 51 661
30 52 722
30 53 624
30 54 562
30 55 416
30 56 777
30 57 641
30 58 425
30 59 565
30 60 461
30 61 773
30 62 575
30 63 503
30 64 503
30 65 131
30 66 565
30 67 734
30 68 577
30 69 497
30 70 728
30 71 127
30 72 357
30 73 897
30 74 411
30 75 536
30 76 918
30 77 643
30 78 559
30 79 253
30 80 77
30 81 438
30 82 688
30 83 444
30 84 908
30 85 847
30 86 203
30 87 929
30 88 277
30 89 628
30 90 499
30 91 497
30 92 722
30 93 411
30 94 84
30 95 482
30 96 304
30 97 289
30 98 192
30 99 768
30 100 713
31 1 649
31 2 718
31 3 162
31 4 527
31 5 534
31 6 838
31 7 37
31 8 482
31 9 850
31 10 875
31 11 781
31 12 921
31 13 854
31 14 552
31 15 150
31 16 841
31 17 528
31 18 220
31 19 219
31 20 720
31 21 746
31 22 679
31 23 445
31 24 1013
31 25 573
31 26 674
31 27 577
31 28 630
31 29 998
31 30 641
31 32 610
31 33 312
31 34 752
31 35 534
31 36 132
31 37 427
31 38 968
31 39 540
31 40 541
31 41 888
31 42 648
31 43 317
31 44 279
31 45 922
31 46 503
31 47 899
31 48 618
31 49 144
31 50 450
31 51 973
31 52 121
31 53 272
31 54 203
31 55 833
31 56 665
31 57 988
31 58 224
31 59 842
31 60 944
31 61 878
31 62 82
31 63 421
31 64 382
31 65 530
31 66 100
31 67 907
31 68 570
31 69 246
31 70 815
31 71 767
31 72 580
31 73 760
31 74 231
31 75 158
31 76 708
31 77 233
31 78 84
31 79 858
31 80 617
31 81 851
31 82 491
31 83 904
31 84 693
31 85 1016
31 86 629
31 87 1172
31 88 663
31 89 939
31 90 169
31 91 951
31 92 830
31 93 566
31 94 606
31 95 282
31 96 905
31 97 438
31 98 450
31 99 657
31 100 75
32 1 52
32 2 144
32 3 560
32 4 579
32 5 416
32 6 372
32 7 636
32 8 194
32 9 585
32 10 300
32 11 425
32 12 410
32 13 341
32 14 125
32 15 463
32 16 636
32 17 83
32 18 503
32 19 629
32 20 232
32 21 253
32 22 513
32 23 374
32 24 480
32 25 219
32 26 705
32 27 605
32 28 693
32 29 551
32 30 241
32 31 610
32 33 520
32 34 647
32 35 156
32 36 647
32 37 318
32 38 567
32 39 675
32 40 103
32 41 296
32 42 665
32 43 446
32 44 398
32 45 415
32 46 604
32 47 323
32 48 211
32 49 665
32 50 740
32 51 455
32 52 655
32 53 493
32 54 463
32 55 241
32 56 551
32 57 447
32 58 393
32 59 342
32 60 338
32 61 534
32 62 530
32 63 321
32 64 337
32 65 293
32 66 566
32 67 500
32 68 353
32 69 395
32 70 488
32 71 310
32 72 123
32 73 669
32 74 397
32 75 466
32 76 700
32 77 525
32 78 529
32 79 292
32 80 164
32 81 263
32 82 490
32 83 302
32 84 691
32 85 615
32 86 44
32 87 715
32 88 60
32 89 419
32 90 519
32 91 353
32 92 483
32 93 182
32 94 159
32 95 366
32 96 326
32 97 172
32 98 271
32 99 543
32 100 683
33 1 538
33 2 660
33 3 423
33 4 215
33 5 252
33 6 608
33 7 306
33 8 496
33 9 555
33 10 704
33 11 519
33 12 702
33 13 843
33 14 530
33 15 289
33 16 536
33 17 448
33 18 98
33 19 151
33 20 713
33 21 546
33 22 380
33 23 569
33 24 797
33 25 378
33 26 368
33 27 266
33 28 326
33 29 742
33 30 665
33 31 312
33 32 520
33 34 441
33 35 529
33 36 232
33 37 217
33 38 699
33 39 247
33 40 421
33 41 732
33 42 339
33 43 74
33 44 417
33 45 918
33 46 196
33 47 725
33 48 633
33 49 452
33 50 231
33 51 753
33 52 249
33 53 52
33 54 146
33 55 682
33 56 358
33 57 779
33 58 312
33 59 628
33 60 805
33 61 600
33 62 264
33 63 211
33 64 186
33 65 602
33 66 369
33 67 645
33 68 311
33 69 183
33 70 539
33 71 782
33 72 432
33 73 448
33 74 343
33 75 211
33 76 399
33 77 80
33 78 295
33 79 810
33 80 609
33 81 694
33 82 186
33 83 760
33 84 384
33 85 744
33 86 556
33 87 910
33 88 553
33 89 723
33 90 401
33 91 797
33 92 558
33 93 390
33 94 598
33 95 186
33 96 846
33 97 380
33 98 514
33 99 351
33 100 349
34 1 627
34 2 777
34 3 845
34 4 233
34 5 265
34 6 445
34 7 746
34 8 749
34 9 196
34 10 629
34 11 306
34 12 530
34 13 976
34 14 734
34 15 700
34 16 130
34 17 623
34 18 533
34 19 571
34 20 878
34 21 480
34 22 135
34 23 894
34 24 605
34 25 430
34 26 155
34 27 187
34 28 193
34 29 467
34 30 876
34 31 752
34 32 647
34 33 441
34 35 752
34 36 665
34 37 414
34 38 395
34 39 277
34 40 560
34 41 676
34 42 143
34 43 444
34 44 787
34 45 1045
34 46 269
34 47 639
34 48 843
34 49 889
34 50 438
34 51 563
34 52 683
34 53 481
34 54 565
34 55 653
34 56 104
34 57 609
34 58 692
34 59 493
34 60 760
34 61 295
34 62 696
34 63 417
34 64 441
34 65 876
34 66 799
34 67 380
34 68 300
34 69 561
34 70 267
34 71 957
34 72 525
34 73 23
34 74 722
34 75 629
34 76 112
34 77 519
34 78 724
34 79 901
34 80 801
34 81 650
34 82 265
34 83 718
34 84 118
34 85 420
34 86 690
34 87 590
34 88 637
34 89 551
34 90 815
34 91 727
34 92 292
34 93 467
34 94 793
34 95 538
34 96 914
34 97 617
34 98 804
34 99 113
34 100 788
35 1 206
35 2 194
35 3 450
35 4 641
35 5 498
35 6 525
35 7 566
35 8 55
35 9 718
35 10 448
35 11 565
35 12 565
35 13 327
35 14 32
35 15 386
35 16 760
35 17 132
35 18 484
35 19 606
35 20 192
35 21 406
35 22 620
35 23 221
35 24 634
35 25 332
35 26 784
35 27 676
35 28 764
35 29 706
35 30 137
35 31 534
35 32 156
35 33 529
35 34 752
35 36 600
35 37 367
35 38 718
35 39 727
35 40 198
35 41 438
35 42 744
35 43 458
35 44 281
35 45 399
35 46 657
35 47 471
35 48 105
35 49 560
35 50 760
35 51 609
35 52 604
35 53 490
35 54 433
35 55 385
35 56 650
35 57 599
35 58 311
35 59 497
35 60 463
35 61 677
35 62 462
35 63 368
35 64 367
35 65 140
35 66 470
35 67 650
35 68 453
35 69 366
35 70 626
35 71 254
35 72 247
35 73 772
35 74 305
35 75 414
35 76 787
35 77 511
35 78 451
35 79 326
35 80 85
35 81 407
35 82 553
35 83 434
35 84 777
35 85 767
35 86 139
35 87 870
35 88 211
35 89 574
35 90 412
35 91 488
35 92 624
35 93 295
35 94 74
35 95 349
35 96 373
35 97 153
35 98 123
35 99 642
35 100 608
36 1 679
36 2 770
36 3 292
36 4 433
36 5 479
36 6 818
36 7 105
36 8 553
36 9 786
36 10 884
36 11 742
36 12 908
36 13 926
36 14 612
36 15 230
36 16 766
36 17 565
36 18 167
36 19 99
36 20 791
36 21 740
36 22 611
36 23 550
36 24 1001
36 25 564
36 26 570
36 27 482
36 28 523
36 29 964
36 30 720
36 31 132
36 32 647
36 33 232
36 34 665
36 35 600
36 37 404
36 38 925
36 39 429
36 40 564
36 41 904
36 42 549
36 43 266
36 44 380
36 45 997
36 46 403
36 47 907
36 48 694
36 49 268
36 50 323
36 51 960
36 52 18
36 53 209
36 54 188
36 55 850
36 56 588
36 57 980
36 58 297
36 59 830
36 60 968
36 61 828
36 62 154
36 63 397
36 64 361
36 65 622
36 66 228
36 67 868
36 68 530
36 69 254
36 70 767
36 71 846
36 72 592
36 73 670
36 74 316
36 75 187
36 76 608
36 77 162
36 78 182
36 79 917
36 80 685
36 81 866
36 82 417
36 83 925
36 84 593
36 85 971
36 86 673
36 87 1135
36 88 694
36 89 927
36 90 292
36 91 969
36 92 784
36 93 566
36 94 674
36 95 286
36 96 960
36 97 479
36 98 536
36 99 581
36 100 131
37 1 328
37 2 461
37 3 468
37 4 275
37 5 150
37 6 416
37 7 439
37 8 351
37 9 448
37 10 490
37 11 356
37 12 504
37 13 654
37 14 358
37 15 323
37 16 461
37 17 257
37 18 238
37 19 352
37 20 532
37 21 338
37 22 298
37 23 481
37 24 598
37 25 164
37 26 420
37 27 310
37 28 398
37 29 571
37 30 502
37 31 427
37 32 318
37 33 217
37 34 414
37 35 367
37 36 404
37 38 543
37 39 363
37 40 216
37 41 517
37 42 381
37 43 149
37 44 379
37 45 729
37 46 293
37 47 512
37 48 469
37 49 540
37 50 424
37 51 556
37 52 417
37 53 206
37 54 228
37 55 466
37 56 311
37 57 577
37 58 294
37 59 427
37 60 589
37 61 458
37 62 351
37 63 7
37 64 45
37 65 474
37 66 437
37 67 480
37 68 150
37 69 185
37 70 395
37 71 606
37 72 218
37 73 431
37 74 321
37 75 273
37 76 428
37 77 249
37 78 369
37 79 609
37 80 435
37 81 479
37 82 187
37 83 544
37 84 417
37 85 592
37 86 358
37 87 746
37 88 343
37 89 524
37 90 431
37 91 582
37 92 408
37 93 174
37 94 424
37 95 152
37 96 640
37 97 217
37 98 396
37 99 302
37 100 489
38 1 522
38 2 641
38 3 1003
38 4 557
38 5 448
38 6 199
38 7 976
38 8 744
38 9 201
38 10 369
38 11 187
38 12 216
38 13 808
38 14 689
38 15 863
38 16 276
38 17 596
38 18 762
38 19 849
38 20 760
38 21 315
38 22 345
38 23 922
38 24 248
38 25 426
38 26 547
38 27 532
38 28 576
38 29 78
38 30 800
38 31 968
38 32 567
38 33 699
38 34 395
38 35 718
38 36 925
38 37 543
38 39 639
38 40 535
38 41 417
38 42 525
38 43 661
38 44 884
38 45 862
38 46 602
38 47 365
38 48 773
38 49 1081
38 50 792
38 51 218
38 52 941
38 53 716
38 54 766
38 55 426
38 56 391
38 57 267
38 58 821
38 59 242
38 60 487
38 61 106
38 62 893
38 63 549
38 64 587
38 65 858
38 66 977
38 67 69
38 68 399
38 69 728
38 70 162
38 71 830
38 72 481
38 73 413
38 74 844
38 75 815
38 76 506
38 77 763
38 78 912
38 79 712
38 80 726
38 81 411
38 82 525
38 83 458
38 84 511
38 85 51
38 86 599
38 87 213
38 88 523
38 89 227
38 90 965
38 91 441
38 92 141
38 93 452
38 94 723
38 95 693
38 96 703
38 97 645
38 98 818
38 99 393
38 100 1025
39 1 676
39 2 818
39 3 667
39 4 102
39 5 275
39 6 622
39 7 525
39 8 705
39 9 452
39 10 771
39 11 496
39 12 718
39 13 1015
39 14 720
39 15 535
39 16 402
39 17 620
39 18 342
39 19 331
39 20 894
39 21 606
39 22 298
39 23 804
39 24 807
39 25 477
39 26 145
39 27 108
39 28 97
39 29 702
39 30 863
39 31 540
39 32 675
39 33 247
39 34 277
39 35 727
39 36 429
39 37 363
39 38 639
39 40 573
39 41 811
39 42 136
39 43 293
39 44 660
39 45 1089
39 46 71
39 47 788
39 48 830
39 49 683
39 50 162
39 51 762
39 52 447
39 53 298
39 54 393
39 55 772
39 56 249
39 57 800
39 58 555
39 59 659
39 60 893
39 61 534
39 62 505
39 63 362
39 64 361
39 65 822
39 66 610
39 67 605
39 68 353
39 69 421
39 70 485
39 71 969
39 72 562
39 73 273
39 74 586
39 75 457
39 76 189
39 77 319
39 78 538
39 79 963
39 80 797
39 81 777
39 82 186
39 83 847
39 84 175
39 85 674
39 86 716
39 87 847
39 88 690
39 89 740
39 90 646
39 91 872
39 92 510
39 93 506
39 94 787
39 95 415
39 96 989
39 97 575
39 98 737
39 99 247
39 100 559
40 1 118
40 2 246
40 3 516
40 4 479
40 5 318
40 6 352
40 7 564
40 8 212
40 9 521
40 10 337
40 11 372
40 12 412
40 13 442
40 14 176
40 15 400
40 16 563
40 17 67
40 18 412
40 19 537
40 20 326
40 21 237
40 22 427
40 23 388
40 24 495
40 25 134
40 26 608
40 27 506
40 28 594
40 29 533
40 30 317
40 31 541
40 32 103
40 33 421
40 34 560
40 35 198
40 36 564
40 37 216
40 38 535
40 39 573
40 41 348
40 42 568
40 43 348
40 44 367
40 45 516
40 46 503
40 47 361
40 48 284
40 49 614
40 50 638
40 51 462
40 52 573
40 53 397
40 54 377
40 55 292
40 56 461
40 57 465
40 58 336
40 59 336
40 60 406
40 61 484
40 62 460
40 63 219
40 64 237
40 65 334
40 66 510
40 67 466
40 68 262
40 69 311
40 70 431
40 71 404
40 72 55
40 73 581
40 74 348
40 75 390
40 76 606
40 77 432
40 78 464
40 79 394
40 80 241
40 81 310
40 82 389
40 83 364
40 84 596
40 85 585
40 86 144
40 87 705
40 88 133
40 89 426
40 90 474
40 91 411
40 92 431
40 93 97
40 94 233
40 95 279
40 96 426
40 97 120
40 98 285
40 99 453
40 100 613
41 1 248
41 2 280
41 3 854
41 4 710
41 5 538
41 6 245
41 7 911
41 8 484
41 9 534
41 10 50
41 11 375
41 12 203
41 13 405
41 14 407
41 15 747
41 16 608
41 17 371
41 18 745
41 19 866
41 20 391
41 21 206
41 22 556
41 23 657
41 24 225
41 25 356
41 26 787
41 27 715
41 28 793
41 29 365
41 30 460
41 31 888
41 32 296
41 33 732
41 34 676
41 35 438
41 36 904
41 37 517
41 38 417
41 39 811
41 40 348
41 42 751
41 43 665
41 44 694
41 45 451
41 46 747
41 47 54
41 48 444
41 49 957
41 50 919
41 51 222
41 52 915
41 53 720
41 54 717
41 55 57
41 56 608
41 57 189
41 58 680
41 59 192
41 60 85
41 61 442
41 62 807
41 63 523
41 64 553
41 65 560
41 66 855
41 67 367
41 68 459
41 69 654
41 70 429
41 71 448
41 72 313
41 73 699
41 74 688
41 75 736
41 76 764
41 77 761
41 78 811
41 79 304
41 80 402
41 81 39
41 82 633
41 83 44
41 84 761
41 85 452
41 86 299
41 87 488
41 88 237
41 89 197
41 90 813
41 91 66
41 92 410
41 93 344
41 94 404
41 95 620
41 96 288
41 97 458
41 98 560
41 99 604
41 100 960
42 1 655
42 2 803
42 3 760
42 4 126
42 5 250
42 6 538
42 7 638
42 8 731
42 9 330
42 10 707
42 11 403
42 12 631
42 13 1004
42 14 731
42 15 620
42 16 272
42 17 624
42 18 436
42 19 451
42 20 893
42 21 546
42 22 201
42 23 854
42 24 715
42 25 451
42 26 41
42 27 77
42 28 52
42 29 593
42 30 876
42 31 648
42 32 665
42 33 339
42 34 143
42 35 744
42 36 549
42 37 381
42 38 525
42 39 136
42 40 568
42 41 751
42 43 363
42 44 727
42 45 1076
42 46 146
42 47 721
42 48 843
42 49 790
42 50 297
42 51 670
42 52 566
42 53 386
42 54 478
42 55 719
42 56 147
42 57 712
42 58 625
42 59 582
42 60 835
42 61 421
42 62 602
42 63 381
42 64 395
42 65 855
42 66 707
42 67 499
42 68 315
42 69 490
42 70 380
42 71 971
42 72 544
42 73 137
42 74 657
42 75 544
42 76 60
42 77 417
42 78 633
42 79 940
42 80 805
42 81 720
42 82 198
42 83 791
42 84 45
42 85 554
42 86 708
42 87 727
42 88 667
42 89 653
42 90 734
42 91 808
42 92 405
42 93 485
42 94 795
42 95 474
42 96 960
42 97 597
42 98 775
42 99 149
42 100 676
43 1 465
43 2 586
43 3 402
43 4 238
43 5 218
43 6 555
43 7 320
43 8 427
43 9 533
43 10 638
43 11 477
43 12 647
43 13 770
43 14 457
43 15 259
43 16 525
43 17 374
43 18 102
43 19 204
43 20 640
43 21 485
43 22 362
43 23 512
43 24 741
43 25 312
43 26 396
43 27 287
43 28 360
43 29 698
43 30 594
43 31 317
43 32 446
43 33 74
43 34 444
43 35 458
43 36 266
43 37 149
43 38 661
43 39 293
43 40 348
43 41 665
43 42 363
43 44 369
43 45 844
43 46 232
43 47 660
43 48 562
43 49 449
43 50 302
43 51 698
43 52 281
43 53 59
43 54 121
43 55 614
43 56 351
43 57 721
43 58 265
43 59 571
43 60 736
43 61 567
43 62 254
43 63 143
43 64 114
43 65 537
43 66 355
43 67 603
43 68 264
43 69 130
43 70 504
43 71 710
43 72 361
43 73 455
43 74 297
43 75 186
43 76 420
43 77 105
43 78 281
43 79 737
43 80 536
43 81 626
43 82 180
43 83 691
43 84 406
43 85 708
43 86 482
43 87 870
43 88 480
43 89 667
43 90 374
43 91 730
43 92 521
43 93 322
43 94 525
43 95 123
43 96 772
43 97 308
43 98 449
43 99 343
43 100 367
44 1 447
44 2 474
44 3 170
44 4 604
44 5 526
44 6 715
44 7 315
44 8 227
44 9 821
44 10 694
44 11 704
44 12 779
44 13 585
44 14 306
44 15 153
44 16 839
44 17 325
44 18 332
44 19 423
44 20 453
44 21 602
44 22 676
44 23 171
44 24 862
44 25 458
44 26 762
44 27 651
44 28 728
44 29 892
44 30 368
44 31 279
44 32 398
44 33 417
44 34 787
44 35 281
44 36 380
44 37 379
44 38 884
44 39 660
44 40 367
44 41 694
44 42 727
44 43 369
44 45 650
44 46 600
44 47 718
44 48 350
44 49 280
44 50 631
44 51 829
44 52 377
44 53 366
44 54 275
44 55 638
44 56 685
44 57 831
44 58 106
44 59 702
44 60 733
44 61 815
44 62 226
44 63 375
44 64 346
44 65 252
44 66 197
44 67 816
44 68 522
44 69 240
44 70 755
44 71 493
44 72 420
44 73 802
44 74 75
44 75 220
44 76 782
44 77 361
44 78 202
44 79 602
44 80 357
44 81 659
44 82 533
44 83 699
44 84 769
44 85 934
44 86 403
44 87 1067
44 88 458
44 89 793
44 90 133
44 91 751
44 92 762
44 93 434
44 94 347
44 95 253
44 96 651
44 97 248
44 98 177
44 99 676
44 100 348
45 1 422
45 2 274
45 3 813
45 4 994
45 5 829
45 6 674
45 7 956
45 8 445
45 9 947
45 10 496
45 11 779
45 12 652
45 13 75
45 14 391
45 15 777
45 16 1011
45 17 473
45 18 881
45 19 1004
45 20 208
45 21 584
45 22 912
45 23 512
45 24 669
45 25 627
45 26 1116
45 27 1019
45 28 1107
45 29 815
45 30 282
45 31 922
45 32 415
45 33 918
45 34 1045
45 35 399
45 36 997
45 37 729
45 38 862
45 39 1089
45 40 516
45 41 451
45 42 1076
45 43 844
45 44 650
45 46 1018
45 47 504
45 48 305
45 49 922
45 50 1145
45 51 671
45 52 1000
45 53 883
45 54 830
45 55 437
45 56 955
45 57 634
45 58 704
45 59 623
45 60 401
45 61 869
45 62 854
45 63 732
45 64 741
45 65 404
45 66 846
45 67 806
45 68 762
45 69 764
45 70 841
45 71 157
45 72 533
45 73 1068
45 74 692
45 75 811
45 76 1108
45 77 907
45 78 840
45 79 152
45 80 315
45 81 452
45 82 905
45 83 414
45 84 1101
45 85 900
45 86 373
45 87 931
45 88 410
45 89 647
45 90 780
45 91 450
45 92 828
45 93 592
45 94 326
45 95 743
45 96 166
45 97 539
45 98 474
45 99 948
45 100 994
46 1 606
46 2 747
46 3 619
46 4 45
46 5 210
46 6 567
46 7 492
46 8 636
46 9 424
46 10 709
46 11 446
46 12 664
46 13 944
46 14 649
46 15 483
46 16 385
46 17 549
46 18 294
46 19 306
46 20 824
46 21 543
46 22 258
46 23 740
46 24 754
46 25 409
46 26 172
46 27 83
46 28 131
46 29 660
46 30 793
46 31 503
46 32 604
46 33 196
46 34 269
46 35 657
46 36 403
46 37 293
46 38 602
46 39 71
46 40 503
46 41 747
46 42 146
46 43 232
46 44 600
46 45 1018
46 47 726
46 48 760
46 49 645
46 50 191
46 51 709
46 52 421
46 53 246
46 54 340
46 55 706
46 56 215
46 57 745
46 58 496
46 59 601
46 60 828
46 61 496
46 62 459
46 63 291
46 64 292
46 65 754
46 66 565
46 67 562
46 68 288
46 69 361
46 70 443
46 71 898
46 72 492
46 73 271
46 74 528
46 75 406
46 76 206
46 77 273
46 78 491
46 79 893
46 80 727
46 81 712
46 82 117
46 83 783
46 84 191
46 85 639
46 86 646
46 87 812
46 88 620
46 89 686
46 90 596
46 91 809
46 92 467
46 93 436
46 94 717
46 95 351
46 96 919
46 97 505
46 98 670
46 99 211
46 100 530
47 1 273
47 2 325
47 3 874
47 4 687
47 5 518
47 6 200
47 7 920
47 8 515
47 9 490
47 10 25
47 11 335
47 12 150
47 13 458
47 14 440
47 15 760
47 16 565
47 17 393
47 18 745
47 19 863
47 20 439
47 21 184
47 22 523
47 23 691
47 24 175
47 25 348
47 26 756
47 27 689
47 28 765
47 29 312
47 30 504
47 31 899
47 32 323
47 33 725
47 34 639
47 35 471
47 36 907
47 37 512
47 38 365
47 39 788
47 40 361
47 41 54
47 42 721
47 43 660
47 44 718
47 45 504
47 46 726
47 48 486
47 49 974
47 50 903
47 51 169
47 52 918
47 53 717
47 54 721
47 55 89
47 56 577
47 57 139
47 58 696
47 59 148
47 60 127
47 61 394
47 62 818
47 63 518
47 64 551
47 65 598
47 66 871
47 67 317
47 68 440
47 69 660
47 70 386
47 71 498
47 72 320
47 73 661
47 74 707
47 75 744
47 76 731
47 77 759
47 78 823
47 79 357
47 80 443
47 81 66
47 82 614
47 83 94
47 84 729
47 85 399
47 86 332
47 87 436
47 88 264
47 89 143
47 90 832
47 91 89
47 92 366
47 93 342
47 94 444
47 95 625
47 96 341
47 97 476
47 98 592
47 99 572
47 100 970
48 1 252
48 2 167
48 3 517
48 4 743
48 5 595
48 6 576
48 7 652
48 8 143
48 9 794
48 10 466
48 11 635
48 12 600
48 13 237
48 14 112
48 15 473
48 16 842
48 17 221
48 18 585
48 19 705
48 20 105
48 21 459
48 22 710
48 23 238
48 24 658
48 25 416
48 26 883
48 27 776
48 28 864
48 29 751
48 30 34
48 31 618
48 32 211
48 33 633
48 34 843
48 35 105
48 36 694
48 37 469
48 38 773
48 39 830
48 40 284
48 41 444
48 42 843
48 43 562
48 44 350
48 45 305
48 46 760
48 47 486
48 49 627
48 50 863
48 51 640
48 52 697
48 53 593
48 54 533
48 55 397
48 56 743
48 57 622
48 58 400
48 59 540
48 60 450
48 61 743
48 62 550
48 63 470
48 64 470
48 65 127
48 66 546
48 67 707
48 68 544
48 69 467
48 70 698
48 71 153
48 72 325
48 73 864
48 74 388
48 75 509
48 76 884
48 77 613
48 78 536
48 79 259
48 80 48
48 81 420
48 82 654
48 83 431
48 84 874
48 85 821
48 86 175
48 87 907
48 88 251
48 89 606
48 90 482
48 91 484
48 92 693
48 93 379
48 94 53
48 95 451
48 96 310
48 97 257
48 98 174
48 99 735
48 100 691
49 1 710
49 2 752
49 3 111
49 4 667
49 5 661
49 6 937
49 7 164
49 8 506
49 9 977
49 10 950
49 11 895
49 12 1014
49 13 861
49 14 584
49 15 221
49 16 973
49 17 586
49 18 357
49 19 361
49 20 732
49 21 836
49 22 809
49 23 416
49 24 1103
49 25 670
49 26 816
49 27 718
49 28 772
49 29 1105
49 30 644
49 31 144
49 32 665
49 33 452
49 34 889
49 35 560
49 36 268
49 37 540
49 38 1081
49 39 683
49 40 614
49 41 957
49 42 790
49 43 449
49 44 280
49 45 922
49 46 645
49 47 974
49 48 627
49 50 589
49 51 1066
49 52 253
49 53 409
49 54 329
49 55 900
49 56 799
49 57 1075
49 58 278
49 59 935
49 60 1003
49 61 997
49 62 196
49 63 533
49 64 496
49 65 520
49 66 106
49 67 1018
49 68 687
49 69 355
49 70 934
49 71 766
49 72 660
49 73 898
49 74 269
49 75 270
49 76 850
49 77 373
49 78 172
49 79 881
49 80 636
49 81 920
49 82 626
49 83 966
49 84 835
49 85 1131
49 86 676
49 87 1281
49 88 723
49 89 1031
49 90 149
49 91 1017
49 92 947
49 93 657
49 94 627
49 95 389
49 96 931
49 97 499
49 98 454
49 99 791
49 100 150
50 1 751
50 2 882
50 3 597
50 4 236
50 5 387
50 6 754
50 7 426
50 8 727
50 9 610
50 10 884
50 11 636
50 12 851
50 13 1070
50 14 759
50 15 488
50 16 563
50 17 672
50 18 300
50 19 231
50 20 941
50 21 719
50 22 448
50 23 792
50 24 942
50 25 568
50 26 300
50 27 263
50 28 253
50 29 851
50 30 895
50 31 450
50 32 740
50 33 231
50 34 438
50 35 760
50 36 323
50 37 424
50 38 792
50 39 162
50 40 638
50 41 919
50 42 297
50 43 302
50 44 631
50 45 1145
50 46 191
50 47 903
50 48 863
50 49 589
50 51 897
50 52 339
50 53 275
50 54 358
50 55 874
50 56 403
50 57 932
50 58 528
50 59 785
50 60 997
50 61 686
50 62 437
50 63 420
50 64 404
50 65 831
50 66 535
50 67 753
50 68 464
50 69 409
50 70 634
50 71 1011
50 72 640
50 73 434
50 74 557
50 75 413
50 76 347
50 77 271
50 78 470
50 79 1031
50 80 838
50 81 883
50 82 291
50 83 952
50 84 334
50 85 828
50 86 778
50 87 1002
50 88 766
50 89 873
50 90 586
50 91 982
50 92 658
50 93 590
50 94 827
50 95 416
50 96 1064
50 97 610
50 98 743
50 99 400
50 100 450
51 1 404
51 2 485
51 3 973
51 4 667
51 5 516
51 6 146
51 7 990
51 8 647
51 9 385
51 10 182
51 11 269
51 12 53
51 13 626
51 14 578
51 15 846
51 16 464
51 17 510
51 18 793
51 19 901
51 20 602
51 21 230
51 22 471
51 23 828
51 24 45
51 25 401
51 26 700
51 27 656
51 28 719
51 29 152
51 30 661
51 31 973
51 32 455
51 33 753
51 34 563
51 35 609
51 36 960
51 37 556
51 38 218
51 39 762
51 40 462
51 41 222
51 42 670
51 43 698
51 44 829
51 45 671
51 46 709
51 47 169
51 48 640
51 49 1066
51 50 897
51 52 973
51 53 756
51 54 781
51 55 250
51 56 525
51 57 50
51 58 790
51 59 132
51 60 279
51 61 280
51 62 893
51 63 563
51 64 600
51 65 744
51 66 961
51 67 192
51 68 444
51 69 728
51 70 297
51 71 665
51 72 411
51 73 584
51 74 806
51 75 816
51 76 667
51 77 802
51 78 905
51 79 525
51 80 594
51 81 229
51 82 609
51 83 258
51 84 668
51 85 242
51 86 474
51 87 270
51 88 399
51 89 37
51 90 932
51 91 230
51 92 272
51 93 410
51 94 594
51 95 692
51 96 507
51 97 582
51 98 725
51 99 523
51 100 1040
52 1 687
52 2 776
52 3 282
52 4 451
52 5 495
52 6 832
52 7 90
52 8 555
52 9 803
52 10 895
52 11 757
52 12 921
52 13 929
52 14 617
52 15 229
52 16 784
52 17 573
52 18 181
52 19 117
52 20 794
52 21 752
52 22 628
52 23 547
52 24 1015
52 25 577
52 26 587
52 27 500
52 28 541
52 29 979
52 30 722
52 31 121
52 32 655
52 33 249
52 34 683
52 35 604
52 36 18
52 37 417
52 38 941
52 39 447
52 40 573
52 41 915
52 42 566
52 43 281
52 44 377
52 45 1000
52 46 421
52 47 918
52 48 697
52 49 253
52 50 339
52 51 973
52 53 225
52 54 198
52 55 861
52 56 606
52 57 993
52 58 298
52 59 843
52 60 977
52 61 845
52 62 152
52 63 411
52 64 374
52 65 622
52 66 219
52 67 884
52 68 545
52 69 263
52 70 783
52 71 848
52 72 603
52 73 688
52 74 316
52 75 192
52 76 626
52 77 178
52 78 177
52 79 922
52 80 688
52 81 876
52 82 434
52 83 935
52 84 611
52 85 987
52 86 680
52 87 1150
52 88 702
52 89 941
52 90 284
52 91 979
52 92 800
52 93 577
52 94 677
52 95 295
52 96 966
52 97 486
52 98 537
52 99 599
52 100 113
53 1 514
53 2 629
53 3 374
53 4 261
53 5 271
53 6 613
53 7 270
53 8 454
53 9 583
53 10 695
53 11 533
53 12 705
53 13 808
53 14 493
53 15 238
53 16 570
53 17 417
53 18 52
53 19 147
53 20 676
53 21 542
53 22 410
53 23 520
53 24 799
53 25 369
53 26 416
53 27 312
53 28 376
53 29 755
53 30 624
53 31 272
53 32 493
53 33 52
53 34 481
53 35 490
53 36 209
53 37 206
53 38 716
53 39 298
53 40 397
53 41 720
53 42 386
53 43 59
53 44 366
53 45 883
53 46 246
53 47 717
53 48 593
53 49 409
53 50 275
53 51 756
53 52 225
53 54 95
53 55 668
53 56 394
53 57 779
53 58 261
53 59 629
53 60 790
53 61 621
53 62 217
53 63 199
53 64 168
53 65 556
53 66 322
53 67 660
53 68 322
53 69 134
53 70 559
53 71 743
53 72 414
53 73 490
53 74 292
53 75 161
53 76 445
53 77 47
53 78 248
53 79 780
53 80 571
53 81 682
53 82 220
53 83 746
53 84 431
53 85 763
53 86 526
53 87 926
53 88 529
53 89 725
53 90 351
53 91 785
53 92 576
53 93 377
53 94 560
53 95 143
53 96 817
53 97 344
53 98 468
53 99 386
53 100 316
54 1 493
54 2 591
54 3 283
54 4 352
54 5 333
54 6 642
54 7 212
54 8 391
54 9 650
54 10 698
54 11 580
54 12 729
54 13 758
54 14 440
54 15 144
54 16 645
54 17 382
54 18 59
54 19 174
54 20 623
54 21 557
54 22 481
54 23 434
54 24 822
54 25 382
54 26 509
54 27 403
54 28 470
54 29 797
54 30 562
54 31 203
54 32 463
54 33 146
54 34 565
54 35 433
54 36 188
54 37 228
54 38 766
54 39 393
54 40 377
54 41 717
54 42 478
54 43 121
54 44 275
54 45 830
54 46 340
54 47 721
54 48 533
54 49 329
54 50 358
54 51 781
54 52 198
54 53 95
54 55 663
54 56 472
54 57 799
54 58 171
54 59 650
54 60 781
54 61 676
54 62 133
54 63 221
54 64 183
54 65 481
54 66 235
54 67 705
54 68 368
54 69 69
54 70 613
54 71 685
54 72 405
54 73 575
54 74 200
54 75 67
54 76 536
54 77 88
54 78 160
54 79 740
54 80 516
54 81 679
54 82 301
54 83 738
54 84 522
54 85 814
54 86 491
54 87 972
54 88 508
54 89 748
54 90 257
54 91 782
54 92 628
54 93 380
54 94 505
54 95 99
54 96 781
54 97 299
54 98 392
54 99 464
54 100 262
55 1 192
55 2 237
55 3 798
55 4 670
55 5 497
55 6 240
55 7 856
55 8 430
55 9 524
55 10 69
55 11 359
55 12 221
55 13 383
55 14 353
55 15 690
55 16 594
55 17 315
55 18 692
55 19 814
55 20 353
55 21 174
55 22 528
55 23 604
55 24 262
55 25 308
55 26 756
55 27 679
55 28 760
55 29 383
55 30 416
55 31 833
55 32 241
55 33 682
55 34 653
55 35 385
55 36 850
55 37 466
55 38 426
55 39 772
55 40 292
55 41 57
55 42 719
55 43 614
55 44 638
55 45 437
55 46 706
55 47 89
55 48 397
55 49 900
55 50 874
55 51 250
55 52 861
55 53 668
55 54 663
55 56 579
55 57 226
55 58 624
55 59 188
55 60 124
55 61 437
55 62 751
55 63 472
55 64 502
55 65 510
55 66 798
55 67 371
55 68 419
55 69 599
55 70 417
55 71 416
55 72 258
55 73 676
55 74 632
55 75 681
55 76 736
55 77 709
55 78 755
55 79 286
55 80 354
55 81 24
55 82 591
55 83 78
55 84 732
55 85 466
55 86 246
55 87 519
55 88 181
55 89 220
55 90 756
55 91 119
55 92 401
55 93 293
55 94 355
55 95 566
55 96 280
55 97 402
55 98 506
55 99 574
55 100 904
56 1 534
56 2 684
56 3 750
56 4 172
56 5 162
56 6 392
56 7 663
56 8 646
56 9 210
56 10 564
56 11 257
56 12 485
56 13 884
56 14 633
56 15 604
56 16 179
56 17 523
56 18 445
56 19 498
56 20 782
56 21 406
56 22 55
56 23 790
56 24 569
56 25 333
56 26 180
56 27 142
56 28 195
56 29 455
56 30 777
56 31 665
56 32 551
56 33 358
56 34 104
56 35 650
56 36 588
56 37 311
56 38 391
56 39 249
56 40 461
56 41 608
56 42 147
56 43 351
56 44 685
56 45 955
56 46 215
56 47 577
56 48 743
56 49 799
56 50 403
56 51 525
56 52 606
56 53 394
56 54 472
56 55 579
56 57 566
56 58 592
56 59 436
56 60 693
56 61 286
56 62 605
56 63 314
56 64 339
56 65 773
56 66 706
56 67 359
56 68 200
56 69 463
56 70 239
56 71 860
56 72 428
56 73 123
56 74 622
56 75 535
56 76 158
56 77 435
56 78 632
56 79 814
56 80 702
56 81 579
56 82 175
56 83 649
56 84 153
56 85 426
56 86 594
56 87 600
56 88 545
56 89 507
56 90 718
56 91 664
56 92 264
56 93 370
56 94 693
56 95 439
56 96 830
56 97 514
56 98 701
56 99 9
56 100 707
57 1 395
57 2 463
57 3 979
57 4 703
57 5 547
57 6 179
57 7 1005
57 8 640
57 9 433
57 10 157
57 11 310
57 12 82
57 13 592
57 14 568
57 15 856
57 16 512
57 17 507
57 18 814
57 19 925
57 20 577
57 21 243
57 22 512
57 23 819
57 24 37
57 25 417
57 26 743
57 27 695
57 28 761
57 29 199
57 30 641
57 31 988
57 32 447
57 33 779
57 34 609
57 35 599
57 36 980
57 37 577
57 38 267
57 39 800
57 40 465
57 41 189
57 42 712
57 43 721
57 44 831
57 45 634
57 46 745
57 47 139
57 48 622
57 49 1075
57 50 932
57 51 50
57 52 993
57 53 779
57 54 799
57 55 226
57 56 566
57 58 798
57 59 151
57 60 237
57 61 328
57 62 907
57 63 583
57 64 619
57 65 731
57 66 970
57 67 241
57 68 473
57 69 743
57 70 342
57 71 636
57 72 416
57 73 629
57 74 812
57 75 831
57 76 711
57 77 824
57 78 916
57 79 490
57 80 577
57 81 204
57 82 642
57 83 222
57 84 711
57 85 289
57 86 462
57 87 299
57 88 389
57 89 60
57 90 938
57 91 188
57 92 318
57 93 422
57 94 578
57 95 707
57 96 469
57 97 584
57 98 718
57 99 564
57 100 1055
58 1 435
58 2 495
58 3 184
58 4 502
58 5 436
58 6 665
58 7 255
58 8 261
58 9 741
58 10 672
58 11 637
58 12 739
58 13 634
58 14 329
58 15 75
58 16 752
58 17 312
58 18 228
58 19 327
58 20 499
58 21 560
58 22 588
58 23 266
58 24 826
58 25 400
58 26 660
58 27 549
58 28 624
58 29 838
58 30 425
58 31 224
58 32 393
58 33 312
58 34 692
58 35 311
58 36 297
58 37 294
58 38 821
58 39 555
58 40 336
58 41 680
58 42 625
58 43 265
58 44 106
58 45 704
58 46 496
58 47 696
58 48 400
58 49 278
58 50 528
58 51 790
58 52 298
58 53 261
58 54 171
58 55 624
58 56 592
58 57 798
58 59 660
58 60 729
58 61 745
58 62 151
58 63 289
58 64 256
58 65 326
58 66 175
58 67 755
58 68 442
58 69 136
58 70 683
58 71 551
58 72 382
58 73 706
58 74 32
58 75 121
58 76 682
58 77 257
58 78 140
58 79 636
58 80 395
58 81 643
58 82 434
58 83 692
58 84 668
58 85 872
58 86 408
58 87 1014
58 88 448
58 89 755
58 90 144
58 91 741
58 92 692
58 93 383
58 94 384
58 95 154
58 96 682
58 97 223
58 98 239
58 99 583
58 100 298
59 1 293
59 2 400
59 3 843
59 4 560
59 5 400
59 6 54
59 7 858
59 8 530
59 9 343
59 10 142
59 11 188
59 12 80
59 13 567
59 14 466
59 15 715
59 16 418
59 17 387
59 18 664
59 19 774
59 20 519
59 21 100
59 22 382
59 23 711
59 24 172
59 25 269
59 26 615
59 27 557
59 28 628
59 29 212
59 30 565
59 31 842
59 32 342
59 33 628
59 34 493
59 35 497
59 36 830
59 37 427
59 38 242
59 39 659
59 40 336
59 41 192
59 42 582
59 43 571
59 44 702
59 45 623
59 46 601
59 47 148
59 48 540
59 49 935
59 50 785
59 51 132
59 52 843
59 53 629
59 54 650
59 55 188
59 56 436
59 57 151
59 58 660
59 60 273
59 61 251
59 62 762
59 63 433
59 64 470
59 65 634
59 66 830
59 67 183
59 68 324
59 69 597
59 70 239
59 71 589
59 72 283
59 73 516
59 74 676
59 75 685
59 76 588
59 77 674
59 78 773
59 79 472
59 80 493
59 81 176
59 82 495
59 83 235
59 84 587
59 85 286
59 86 367
59 87 374
59 88 291
59 89 98
59 90 802
59 91 236
59 92 219
59 93 279
59 94 491
59 95 561
59 96 467
59 97 455
59 98 607
59 99 433
59 100 908
60 1 295
60 2 284
60 3 897
60 4 791
60 5 619
60 6 326
60 7 968
60 8 514
60 9 616
60 10 132
60 11 459
60 12 272
60 13 365
60 14 434
60 15 799
60 16 690
60 17 418
60 18 812
60 19 935
60 20 380
60 21 289
60 22 640
60 23 677
60 24 270
60 25 431
60 26 871
60 27 798
60 28 877
60 29 428
60 30 461
60 31 944
60 32 338
60 33 805
60 34 760
60 35 463
60 36 968
60 37 589
60 38 487
60 39 893
60 40 406
60 41 85
60 42 835
60 43 736
60 44 733
60 45 401
60 46 828
60 47 127
60 48 450
60 49 1003
60 50 997
60 51 279
60 52 977
60 53 790
60 54 781
60 55 124
60 56 693
60 57 237
60 58 729
60 59 273
60 61 520
60 62 863
60 63 595
60 64 623
60 65 573
60 66 903
60 67 442
60 68 540
60 69 716
60 70 511
60 71 425
60 72 378
60 73 783
60 74 735
60 75 794
60 76 849
60 77 830
60 78 864
60 79 264
60 80 414
60 81 116
60 82 713
60 83 46
60 84 845
60 85 518
60 86 331
60 87 532
60 88 282
60 89 261
60 90 856
60 91 50
60 92 491
60 93 415
60 94 418
60 95 683
60 96 236
60 97 508
60 98 585
60 99 688
60 100 1016
61 1 494
61 2 627
61 3 924
61 4 452
61 5 350
61 6 199
61 7 885
61 8 696
61 9 107
61 10 392
61 11 113
61 12 258
61 13 809
61 14 650
61 15 781
61 16 186
61 17 549
61 18 668
61 19 750
61 20 744
61 21 292
61 22 239
61 23 870
61 24 319
61 25 362
61 26 444
61 27 427
61 28 472
61 29 173
61 30 773
61 31 878
61 32 534
61 33 600
61 34 295
61 35 677
61 36 828
61 37 458
61 38 106
61 39 534
61 40 484
61 41 442
61 42 421
61 43 567
61 44 815
61 45 869
61 46 496
61 47 394
61 48 743
61 49 997
61 50 686
61 51 280
61 52 845
61 53 621
61 54 676
61 55 437
61 56 286
61 57 328
61 58 745
61 59 251
61 60 520
61 62 805
61 63 464
61 64 502
61 65 816
61 66 894
61 67 89
61 68 310
61 69 642
61 70 64
61 71 818
61 72 432
61 73 314
61 74 769
61 75 728
61 76 405
61 77 667
61 78 826
61 79 718
61 80 697
61 81 426
61 82 423
61 83 485
61 84 409
61 85 145
61 86 570
61 87 317
61 88 498
61 89 276
61 90 886
61 91 478
61 92 54
61 93 393
61 94 692
61 95 609
61 96 717
61 97 586
61 98 767
61 99 288
61 100 933
62 1 568
62 2 642
62 3 163
62 4 478
62 5 466
62 6 759
62 7 107
62 8 411
62 9 782
62 10 794
62 11 706
62 12 841
62 13 785
62 14 477
62 15 78
62 16 778
62 17 448
62 18 166
62 19 211
62 20 650
62 21 665
62 22 614
62 23 396
62 24 932
62 25 493
62 26 631
62 27 528
62 28 589
62 29 920
62 30 575
62 31 82
62 32 530
62 33 264
62 34 696
62 35 462
62 36 154
62 37 351
62 38 893
62 39 505
62 40 460
62 41 807
62 42 602
62 43 254
62 44 226
62 45 854
62 46 459
62 47 818
62 48 550
62 49 196
62 50 437
62 51 893
62 52 152
62 53 217
62 54 133
62 55 751
62 56 605
62 57 907
62 58 151
62 59 762
62 60 863
62 61 805
62 63 344
62 64 306
62 65 471
62 66 106
62 67 831
62 68 496
62 69 167
62 70 742
62 71 701
62 72 498
62 73 705
62 74 165
62 75 79
62 76 661
62 77 187
62 78 34
62 79 785
62 80 545
62 81 769
62 82 432
62 83 823
62 84 647
62 85 942
62 86 551
62 87 1096
62 88 583
62 89 859
62 90 149
62 91 870
62 92 756
62 93 485
62 94 535
62 95 203
62 96 830
62 97 358
62 98 387
62 99 596
62 100 154
63 1 332
63 2 464
63 3 462
63 4 274
63 5 153
63 6 422
63 7 432
63 8 351
63 9 453
63 10 496
63 11 363
63 12 511
63 13 657
63 14 359
63 15 318
63 16 465
63 17 260
63 18 231
63 19 346
63 20 534
63 21 344
63 22 302
63 23 479
63 24 605
63 25 170
63 26 421
63 27 310
63 28 397
63 29 577
63 30 503
63 31 421
63 32 321
63 33 211
63 34 417
63 35 368
63 36 397
63 37 7
63 38 549
63 39 362
63 40 219
63 41 523
63 42 381
63 43 143
63 44 375
63 45 732
63 46 291
63 47 518
63 48 470
63 49 533
63 50 420
63 51 563
63 52 411
63 53 199
63 54 221
63 55 472
63 56 314
63 57 583
63 58 289
63 59 433
63 60 595
63 61 464
63 62 344
63 64 39
63 65 474
63 66 431
63 67 487
63 68 156
63 69 179
63 70 401
63 71 608
63 72 223
63 73 433
63 74 316
63 75 266
63 76 430
63 77 243
63 78 363
63 79 613
63 80 436
63 81 485
63 82 187
63 83 550
63 84 418
63 85 598
63 86 361
63 87 752
63 88 347
63 89 530
63 90 426
63 91 587
63 92 414
63 93 180
63 94 426
63 95 145
63 96 645
63 97 218
63 98 395
63 99 305
63 100 482
64 1 352
64 2 478
64 3 427
64 4 281
64 5 180
64 6 460
64 7 394
64 8 344
64 9 488
64 10 528
64 11 401
64 12 548
64 13 667
64 14 361
64 15 281
64 16 496
64 17 269
64 18 196
64 19 313
64 20 540
64 21 379
64 22 332
64 23 461
64 24 641
64 25 204
64 26 433
64 27 321
64 28 406
64 29 616
64 30 503
64 31 382
64 32 337
64 33 186
64 34 441
64 35 367
64 36 361
64 37 45
64 38 587
64 39 361
64 40 237
64 41 553
64 42 395
64 43 114
64 44 346
64 45 741
64 46 292
64 47 551
64 48 470
64 49 496
64 50 404
64 51 600
64 52 374
64 53 168
64 54 183
64 55 502
64 56 339
64 57 619
64 58 256
64 59 470
64 60 623
64 61 502
64 62 306
64 63 39
64 65 464
64 66 393
64 67 525
64 68 192
64 69 141
64 70 439
64 71 613
64 72 248
64 73 457
64 74 285
64 75 228
64 76 446
64 77 209
64 78 325
64 79 628
64 80 440
64 81 515
64 82 197
64 83 579
64 84 433
64 85 636
64 86 374
64 87 791
64 88 368
64 89 567
64 90 391
64 91 618
64 92 451
64 93 210
64 94 429
64 95 109
64 96 662
64 97 214
64 98 382
64 99 330
64 100 444
65 1 342
65 2 290
65 3 411
65 4 744
65 5 616
65 6 665
65 7 566
65 8 127
65 9 854
65 10 577
65 11 704
65 12 701
65 13 344
65 14 169
65 15 394
65 16 892
65 17 268
65 18 538
65 19 649
65 20 224
65 21 546
65 22 747
65 23 114
65 24 766
65 25 466
65 26 894
65 27 783
65 28 869
65 29 844
65 30 131
65 31 530
65 32 293
65 33 602
65 34 876
65 35 140
65 36 622
65 37 474
65 38 858
65 39 822
65 40 334
65 41 560
65 42 855
65 43 537
65 44 252
65 45 404
65 46 754
65 47 598
65 48 127
65 49 520
65 50 831
65 51 744
65 52 622
65 53 556
65 54 481
65 55 510
65 56 773
65 57 731
65 58 326
65 59 634
65 60 573
65 61 816
65 62 471
65 63 474
65 64 464
65 66 448
65 67 790
65 68 579
65 69 423
65 70 764
65 71 248
65 72 385
65 73 895
65 74 306
65 75 444
65 76 902
65 77 567
65 78 451
65 79 382
65 80 160
65 81 533
65 82 659
65 83 550
65 84 890
65 85 907
65 86 270
65 87 1007
65 88 346
65 89 709
65 90 379
65 91 604
65 92 763
65 93 430
65 94 156
65 95 417
65 96 434
65 97 260
65 98 90
65 99 764
65 100 600
66 1 609
66 2 660
66 3 64
66 4 583
66 5 562
66 6 832
66 7 136
66 8 416
66 9 878
66 10 847
66 11 791
66 12 909
66 13 781
66 14 491
66 15 116
66 16 877
66 17 486
66 18 272
66 19 305
66 20 649
66 21 731
66 22 712
66 23 354
66 24 998
66 25 565
66 26 736
66 27 633
66 28 694
66 29 1000
66 30 565
66 31 100
66 32 566
66 33 369
66 34 799
66 35 470
66 36 228
66 37 437
66 38 977
66 39 610
66 40 510
66 41 855
66 42 707
66 43 355
66 44 197
66 45 846
66 46 565
66 47 871
66 48 546
66 49 106
66 50 535
66 51 961
66 52 219
66 53 322
66 54 235
66 55 798
66 56 706
66 57 970
66 58 175
66 59 830
66 60 903
66 61 894
66 62 106
66 63 431
66 64 393
66 65 448
66 67 913
66 68 585
66 69 253
66 70 831
66 71 690
66 72 555
66 73 809
66 74 170
66 75 171
66 76 767
66 77 293
66 78 75
66 79 794
66 80 550
66 81 818
66 82 535
66 83 866
66 84 752
66 85 1027
66 86 579
66 87 1176
66 88 622
66 89 925
66 90 73
66 91 915
66 92 844
66 93 551
66 94 540
66 95 286
66 96 842
66 97 397
66 98 373
66 99 697
66 100 157
67 1 456
67 2 577
67 3 938
67 4 518
67 5 394
67 6 135
67 7 916
67 8 675
67 9 195
67 10 318
67 11 127
67 12 174
67 13 750
67 14 621
67 15 798
67 16 274
67 17 528
67 18 704
67 19 796
67 20 696
67 21 248
67 22 308
67 23 854
67 24 230
67 25 358
67 26 525
67 27 498
67 28 550
67 29 99
67 30 734
67 31 907
67 32 500
67 33 645
67 34 380
67 35 650
67 36 868
67 37 480
67 38 69
67 39 605
67 40 466
67 41 367
67 42 499
67 43 603
67 44 816
67 45 806
67 46 562
67 47 317
67 48 707
67 49 1018
67 50 753
67 51 192
67 52 884
67 53 660
67 54 705
67 55 371
67 56 359
67 57 241
67 58 755
67 59 183
67 60 442
67 61 89
67 62 831
67 63 487
67 64 525
67 65 790
67 66 913
67 68 340
67 69 665
67 70 121
67 71 768
67 72 412
67 73 400
67 74 777
67 75 753
67 76 488
67 77 707
67 78 848
67 79 655
67 80 660
67 81 357
67 82 477
67 83 410
67 84 491
67 85 120
67 86 532
67 87 267
67 88 457
67 89 191
67 90 899
67 91 399
67 92 96
67 93 384
67 94 656
67 95 630
67 96 649
67 97 577
67 98 750
67 99 359
67 100 966
68 1 341
68 2 490
68 3 617
68 4 252
68 5 79
68 6 299
68 7 578
68 8 452
68 9 301
68 10 422
68 11 213
68 12 395
68 13 690
68 14 434
68 15 473
68 16 321
68 17 324
68 18 365
68 19 461
68 20 584
68 21 256
68 22 169
68 23 606
68 24 488
68 25 136
68 26 355
68 27 264
68 28 349
68 29 434
68 30 577
68 31 570
68 32 353
68 33 311
68 34 300
68 35 453
68 36 530
68 37 150
68 38 399
68 39 353
68 40 262
68 41 459
68 42 315
68 43 264
68 44 522
68 45 762
68 46 288
68 47 440
68 48 544
68 49 687
68 50 464
68 51 444
68 52 545
68 53 322
68 54 368
68 55 419
68 56 200
68 57 473
68 58 442
68 59 324
68 60 540
68 61 310
68 62 496
68 63 156
68 64 192
68 65 579
68 66 585
68 67 340
68 69 333
68 70 247
68 71 662
68 72 231
68 73 320
68 74 468
68 75 419
68 76 347
68 77 368
68 78 517
68 79 626
68 80 503
68 81 425
68 82 175
68 83 495
68 84 339
68 85 447
68 86 397
68 87 607
68 88 353
68 89 416
68 90 581
68 91 521
68 92 261
68 93 172
68 94 494
68 95 300
68 96 646
68 97 322
68 98 511
68 99 192
68 100 627
69 1 426
69 2 522
69 3 289
69 4 366
69 5 313
69 6 592
69 7 263
69 8 326
69 9 626
69 10 636
69 11 541
69 12 676
69 13 690
69 14 373
69 15 142
69 16 630
69 17 314
69 18 118
69 19 241
69 20 556
69 21 501
69 22 465
69 23 387
69 24 768
69 25 328
69 26 524
69 27 414
69 28 489
69 29 754
69 30 497
69 31 246
69 32 395
69 33 183
69 34 561
69 35 366
69 36 254
69 37 185
69 38 728
69 39 421
69 40 311
69 41 654
69 42 490
69 43 130
69 44 240
69 45 764
69 46 361
69 47 660
69 48 467
69 49 355
69 50 409
69 51 728
69 52 263
69 53 134
69 54 69
69 55 599
69 56 463
69 57 743
69 58 136
69 59 597
69 60 716
69 61 642
69 62 167
69 63 179
69 64 141
69 65 423
69 66 253
69 67 665
69 68 333
69 70 579
69 71 619
69 72 342
69 73 574
69 74 168
69 75 89
69 76 547
69 77 146
69 78 184
69 79 672
69 80 450
69 81 616
69 82 300
69 83 674
69 84 533
69 85 777
69 86 423
69 87 929
69 88 441
69 89 694
69 90 256
69 91 718
69 92 592
69 93 322
69 94 438
69 95 36
69 96 712
69 97 230
69 98 334
69 99 455
69 100 313
70 1 452
70 2 590
70 3 862
70 4 399
70 5 288
70 6 187
70 7 822
70 8 642
70 9 107
70 10 380
70 11 64
70 12 265
70 13 778
70 14 601
70 15 718
70 16 179
70 17 497
70 18 605
70 19 689
70 20 705
70 21 258
70 22 188
70 23 814
70 24 339
70 25 305
70 26 407
70 27 378
70 28 430
70 29 217
70 30 728
70 31 815
70 32 488
70 33 539
70 34 267
70 35 626
70 36 767
70 37 395
70 38 162
70 39 485
70 40 431
70 41 429
70 42 380
70 43 504
70 44 755
70 45 841
70 46 443
70 47 386
70 48 698
70 49 934
70 50 634
70 51 297
70 52 783
70 53 559
70 54 613
70 55 417
70 56 239
70 57 342
70 58 683
70 59 239
70 60 511
70 61 64
70 62 742
70 63 401
70 64 439
70 65 764
70 66 831
70 67 121
70 68 247
70 69 579
70 71 781
70 72 380
70 73 288
70 74 708
70 75 665
70 76 372
70 77 605
70 78 763
70 79 691
70 80 651
70 81 409
70 82 364
70 83 473
70 84 374
70 85 205
70 86 526
70 87 374
70 88 457
70 89 285
70 90 824
70 91 473
70 92 26
70 93 338
70 94 646
70 95 546
70 96 694
70 97 529
70 98 713
70 99 239
70 100 870
71 1 334
71 2 192
71 3 657
71 4 878
71 5 721
71 6 633
71 7 801
71 8 295
71 9 883
71 10 483
71 11 717
71 12 635
71 13 101
71 14 253
71 15 624
71 16 939
71 17 350
71 18 737
71 19 858
71 20 79
71 21 527
71 22 822
71 23 357
71 24 673
71 25 528
71 26 1011
71 27 908
71 28 996
71 29 795
71 30 127
71 31 767
71 32 310
71 33 782
71 34 957
71 35 254
71 36 846
71 37 606
71 38 830
71 39 969
71 40 404
71 41 448
71 42 971
71 43 710
71 44 493
71 45 157
71 46 898
71 47 498
71 48 153
71 49 766
71 50 1011
71 51 665
71 52 848
71 53 743
71 54 685
71 55 416
71 56 860
71 57 636
71 58 551
71 59 589
71 60 425
71 61 818
71 62 701
71 63 608
71 64 613
71 65 248
71 66 690
71 67 768
71 68 662
71 69 619
71 70 781
71 72 433
71 73 978
71 74 538
71 75 661
71 76 1008
71 77 764
71 78 686
71 79 173
71 80 174
71 81 436
71 82 789
71 83 421
71 84 999
71 85 874
71 86 267
71 87 934
71 88 326
71 89 635
71 90 624
71 91 469
71 92 771
71 93 491
71 94 185
71 95 602
71 96 220
71 97 402
71 98 318
71 99 853
71 100 839
72 1 114
72 2 260
72 3 564
72 4 464
72 5 296
72 6 298
72 7 601
72 8 265
72 9 472
72 10 296
72 11 320
72 12 360
72 13 461
72 14 222
72 15 443
72 16 518
72 17 118
72 18 435
72 19 558
72 20 355
72 21 183
72 22 390
72 23 442
72 24 445
72 25 96
72 26 584
72 27 486
72 28 574
72 29 479
72 30 357
72 31 580
72 32 123
72 33 432
72 34 525
72 35 247
72 36 592
72 37 218
72 38 481
72 39 562
72 40 55
72 41 313
72 42 544
72 43 361
72 44 420
72 45 533
72 46 492
72 47 320
72 48 325
72 49 660
72 50 640
72 51 411
72 52 603
72 53 414
72 54 405
72 55 258
72 56 428
72 57 416
72 58 382
72 59 283
72 60 378
72 61 432
72 62 498
72 63 223
72 64 248
72 65 385
72 66 555
72 67 412
72 68 231
72 69 342
72 70 380
72 71 433
72 73 546
72 74 396
72 75 425
72 76 578
72 77 453
72 78 505
72 79 402
72 80 280
72 81 274
72 82 376
72 83 334
72 84 569
72 85 531
72 86 166
72 87 651
72 88 128
72 89 375
72 90 523
72 91 377
72 92 379
72 93 60
72 94 273
72 95 308
72 96 428
72 97 172
72 98 339
72 99 421
72 100 650
73 1 649
73 2 799
73 3 856
73 4 237
73 5 282
73 6 466
73 7 753
73 8 768
73 9 212
73 10 652
73 11 328
73 12 552
73 13 998
73 14 754
73 15 712
73 16 143
73 17 644
73 18 541
73 19 575
73 20 900
73 21 503
73 22 157
73 23 911
73 24 626
73 25 451
73 26 143
73 27 189
73 28 184
73 29 485
73 30 897
73 31 760
73 32 669
73 33 448
73 34 23
73 35 772
73 36 670
73 37 431
73 38 413
73 39 273
73 40 581
73 41 699
73 42 137
73 43 455
73 44 802
73 45 1068
73 46 271
73 47 661
73 48 864
73 49 898
73 50 434
73 51 584
73 52 688
73 53 490
73 54 575
73 55 676
73 56 123
73 57 629
73 58 706
73 59 516
73 60 783
73 61 314
73 62 705
73 63 433
73 64 457
73 65 895
73 66 809
73 67 400
73 68 320
73 69 574
73 70 288
73 71 978
73 72 546
73 74 736
73 75 640
73 76 98
73 77 527
73 78 735
73 79 924
73 80 822
73 81 673
73 82 276
73 83 741
73 84 106
73 85 436
73 86 712
73 87 605
73 88 659
73 89 572
73 90 827
73 91 750
73 92 312
73 93 488
73 94 814
73 95 552
73 96 937
73 97 636
73 98 822
73 99 131
73 100 795
74 1 442
74 2 492
74 3 168
74 4 533
74 5 465
74 6 684
74 7 265
74 8 252
74 9 768
74 10 683
74 11 661
74 12 755
74 13 624
74 14 324
74 15 88
74 16 780
74 17 318
74 18 258
74 19 352
74 20 489
74 21 577
74 22 617
74 23 240
74 24 841
74 25 420
74 26 691
74 27 581
74 28 656
74 29 858
74 30 411
74 31 231
74 32 397
74 33 343
74 34 722
74 35 305
74 36 316
74 37 321
74 38 844
74 39 586
74 40 348
74 41 688
74 42 657
74 43 297
74 44 75
74 45 692
74 46 528
74 47 707
74 48 388
74 49 269
74 50 557
74 51 806
74 52 316
74 53 292
74 54 200
74 55 632
74 56 622
74 57 812
74 58 32
74 59 676
74 60 735
74 61 769
74 62 165
74 63 316
74 64 285
74 65 306
74 66 170
74 67 777
74 68 468
74 69 168
74 70 708
74 71 538
74 72 396
74 73 736
74 75 147
74 76 713
74 77 287
74 78 149
74 79 630
74 80 387
74 81 652
74 82 465
74 83 698
74 84 699
74 85 894
74 86 410
74 87 1034
74 88 454
74 89 770
74 90 127
74 91 748
74 92 716
74 93 401
74 94 376
74 95 185
74 96 677
74 97 231
74 98 222
74 99 613
74 100 304
75 1 501
75 2 585
75 3 217
75 4 419
75 5 392
75 6 681
75 7 176
75 8 367
75 9 708
75 10 721
75 11 628
75 12 764
75 13 740
75 14 426
75 15 79
75 16 706
75 17 384
75 18 117
75 19 206
75 20 605
75 21 589
75 22 542
75 23 386
75 24 856
75 25 416
75 26 575
75 27 469
75 28 536
75 29 842
75 30 536
75 31 158
75 32 466
75 33 211
75 34 629
75 35 414
75 36 187
75 37 273
75 38 815
75 39 457
75 40 390
75 41 736
75 42 544
75 43 186
75 44 220
75 45 811
75 46 406
75 47 744
75 48 509
75 49 270
75 50 413
75 51 816
75 52 192
75 53 161
75 54 67
75 55 681
75 56 535
75 57 831
75 58 121
75 59 685
75 60 794
75 61 728
75 62 79
75 63 266
75 64 228
75 65 444
75 66 171
75 67 753
75 68 419
75 69 89
75 70 665
75 71 661
75 72 425
75 73 640
75 74 147
75 76 603
75 77 144
75 78 99
75 79 731
75 80 498
75 81 698
75 82 365
75 83 753
75 84 588
75 85 864
75 86 490
75 87 1018
75 88 516
75 89 782
75 90 191
75 91 799
75 92 679
75 93 409
75 94 487
75 95 125
75 96 775
75 97 296
75 98 356
75 99 527
75 100 226
76 1 687
76 2 836
76 3 818
76 4 185
76 5 290
76 6 542
76 7 698
76 8 777
76 9 307
76 10 719
76 11 404
76 12 631
76 13 1037
76 14 773
76 15 678
76 16 240
76 17 664
76 18 496
76 19 510
76 20 930
76 21 562
76 22 209
76 23 906
76 24 710
76 25 483
76 26 48
76 27 134
76 28 94
76 29 577
76 30 918
76 31 708
76 32 700
76 33 399
76 34 112
76 35 787
76 36 608
76 37 428
76 38 506
76 39 189
76 40 606
76 41 764
76 42 60
76 43 420
76 44 782
76 45 1108
76 46 206
76 47 731
76 48 884
76 49 850
76 50 347
76 51 667
76 52 626
76 53 445
76 54 536
76 55 736
76 56 158
76 57 711
76 58 682
76 59 588
76 60 849
76 61 405
76 62 661
76 63 430
76 64 446
76 65 902
76 66 767
76 67 488
76 68 347
76 69 547
76 70 372
76 71 1008
76 72 578
76 73 98
76 74 713
76 75 603
76 77 477
76 78 693
76 79 969
76 80 845
76 81 736
76 82 251
76 83 805
76 84 15
76 85 531
76 86 743
76 87 701
76 88 698
76 89 653
76 90 792
76 91 819
76 92 397
76 93 519
76 94 836
76 95 530
76 96 986
76 97 643
76 98 824
76 99 163
76 100 736
77 1 550
77 2 659
77 3 349
77 4 294
77 5 317
77 6 659
77 7 228
77 8 472
77 9 628
77 10 737
77 11 580
77 12 750
77 13 833
77 14 516
77 15 222
77 16 613
77 17 448
77 18 30
77 19 106
77 20 700
77 21 586
77 22 453
77 23 522
77 24 845
77 25 412
77 26 445
77 27 345
77 28 402
77 29 802
77 30 643
77 31 233
77 32 525
77 33 80
77 34 519
77 35 511
77 36 162
77 37 249
77 38 763
77 39 319
77 40 432
77 41 761
77 42 417
77 43 105
77 44 361
77 45 907
77 46 273
77 47 759
77 48 613
77 49 373
77 50 271
77 51 802
77 52 178
77 53 47
77 54 88
77 55 709
77 56 435
77 57 824
77 58 257
77 59 674
77 60 830
77 61 667
77 62 187
77 63 243
77 64 209
77 65 567
77 66 293
77 67 707
77 68 368
77 69 146
77 70 605
77 71 764
77 72 453
77 73 527
77 74 287
77 75 144
77 76 477
77 78 220
77 79 810
77 80 594
77 81 723
77 82 261
77 83 786
77 84 462
77 85 809
77 86 557
77 87 973
77 88 565
77 89 771
77 90 329
77 91 826
77 92 622
77 93 418
77 94 583
77 95 164
77 96 848
77 97 370
77 98 478
77 99 428
77 100 273
78 1 569
78 2 635
78 3 130
78 4 508
78 5 490
78 6 772
78 7 116
78 8 399
78 9 806
78 10 799
78 11 725
78 12 852
78 13 772
78 14 469
78 15 67
78 16 804
78 17 447
78 18 198
78 19 244
78 20 637
78 21 675
78 22 640
78 23 371
78 24 943
78 25 506
78 26 663
78 27 559
78 28 621
78 29 937
78 30 559
78 31 84
78 32 529
78 33 295
78 34 724
78 35 451
78 36 182
78 37 369
78 38 912
78 39 538
78 40 464
78 41 811
78 42 633
78 43 281
78 44 202
78 45 840
78 46 491
78 47 823
78 48 536
78 49 172
78 50 470
78 51 905
78 52 177
78 53 248
78 54 160
78 55 755
78 56 632
78 57 916
78 58 140
78 59 773
78 60 864
78 61 826
78 62 34
78 63 363
78 64 325
78 65 451
78 66 75
78 67 848
78 68 517
78 69 184
78 70 763
78 71 686
78 72 505
78 73 735
78 74 149
78 75 99
78 76 693
78 77 220
78 79 775
78 80 534
78 81 773
78 82 460
78 83 825
78 84 678
78 85 961
78 86 547
78 87 1112
78 88 583
78 89 870
78 90 116
78 91 873
78 92 776
78 93 495
78 94 523
78 95 219
78 96 822
78 97 357
78 98 369
78 99 624
78 100 158
79 1 288
79 2 151
79 3 771
79 4 865
79 5 696
79 6 522
79 7 890
79 8 379
79 9 797
79 10 346
79 11 629
79 12 503
79 13 103
79 14 308
79 15 710
79 16 862
79 17 363
79 18 786
79 19 911
79 20 159
79 21 434
79 22 769
79 23 495
79 24 525
79 25 491
79 26 980
79 27 886
79 28 973
79 29 666
79 30 253
79 31 858
79 32 292
79 33 810
79 34 901
79 35 326
79 36 917
79 37 609
79 38 712
79 39 963
79 40 394
79 41 304
79 42 940
79 43 737
79 44 602
79 45 152
79 46 893
79 47 357
79 48 259
79 49 881
79 50 1031
79 51 525
79 52 922
79 53 780
79 54 740
79 55 286
79 56 814
79 57 490
79 58 636
79 59 472
79 60 264
79 61 718
79 62 785
79 63 613
79 64 628
79 65 382
79 66 794
79 67 655
79 68 626
79 69 672
79 70 691
79 71 173
79 72 402
79 73 924
79 74 630
79 75 731
79 76 969
79 77 810
79 78 775
79 80 246
79 81 302
79 82 777
79 83 269
79 84 962
79 85 750
79 86 255
79 87 789
79 88 274
79 89 499
79 90 734
79 91 311
79 92 677
79 93 459
79 94 255
79 95 647
79 96 52
79 97 442
79 98 429
79 99 807
79 100 932
80 1 204
80 2 131
80 3 526
80 4 708
80 5 556
80 6 529
80 7 649
80 8 135
80 9 748
80 10 422
80 11 588
80 12 554
80 13 242
80 14 80
80 15 469
80 16 797
80 17 182
80 18 567
80 19 689
80 20 107
80 21 412
80 22 668
80 23 265
80 24 613
80 25 373
80 26 845
80 27 740
80 28 828
80 29 705
80 30 77
80 31 617
80 32 164
80 33 609
80 34 801
80 35 85
80 36 685
80 37 435
80 38 726
80 39 797
80 40 241
80 41 402
80 42 805
80 43 536
80 44 357
80 45 315
80 46 727
80 47 443
80 48 48
80 49 636
80 50 838
80 51 594
80 52 688
80 53 571
80 54 516
80 55 354
80 56 702
80 57 577
80 58 395
80 59 493
80 60 414
80 61 697
80 62 545
80 63 436
80 64 440
80 65 160
80 66 550
80 67 660
80 68 503
80 69 450
80 70 651
80 71 174
80 72 280
80 73 822
80 74 387
80 75 498
80 76 845
80 77 594
80 78 534
80 79 246
80 81 377
80 82 619
80 83 391
80 84 835
80 85 773
80 86 128
80 87 861
80 88 204
80 89 560
80 90 489
80 91 445
80 92 646
80 93 335
80 94 12
80 95 430
80 96 295
80 97 229
80 98 186
80 99 694
80 100 690
81 1 213
81 2 260
81 3 818
81 4 675
81 5 503
81 6 228
81 7 873
81 8 453
81 9 515
81 10 48
81 11 353
81 12 202
81 13 401
81 14 376
81 15 709
81 16 587
81 17 336
81 18 707
81 19 827
81 20 375
81 21 174
81 22 527
81 23 627
81 24 240
81 25 318
81 26 757
81 27 682
81 28 762
81 29 365
81 30 438
81 31 851
81 32 263
81 33 694
81 34 650
81 35 407
81 36 866
81 37 479
81 38 411
81 39 777
81 40 310
81 41 39
81 42 720
81 43 626
81 44 659
81 45 452
81 46 712
81 47 66
81 48 420
81 49 920
81 50 883
81 51 229
81 52 876
81 53 682
81 54 679
81 55 24
81 56 579
81 57 204
81 58 643
81 59 176
81 60 116
81 61 426
81 62 769
81 63 485
81 64 515
81 65 533
81 66 818
81 67 357
81 68 425
81 69 616
81 70 409
81 71 436
81 72 274
81 73 673
81 74 652
81 75 698
81 76 736
81 77 723
81 78 773
81 79 302
81 80 377
81 82 598
81 83 71
81 84 732
81 85 449
81 86 269
81 87 498
81 88 203
81 89 200
81 90 777
81 91 104
81 92 392
81 93 306
81 94 378
81 95 582
81 96 293
81 97 421
81 98 529
81 99 574
81 100 922
82 1 490
82 2 633
82 3 581
82 4 90
82 5 96
82 6 464
82 7 489
82 8 537
82 9 371
82 10 596
82 11 354
82 12 561
82 13 831
82 14 543
82 15 437
82 16 352
82 17 439
82 18 271
82 19 331
82 20 713
82 21 431
82 22 195
82 23 657
82 24 654
82 25 292
82 26 236
82 27 125
82 28 211
82 29 576
82 30 688
82 31 491
82 32 490
82 33 186
82 34 265
82 35 553
82 36 417
82 37 187
82 38 525
82 39 186
82 40 389
82 41 633
82 42 198
82 43 180
82 44 533
82 45 905
82 46 117
82 47 614
82 48 654
82 49 626
82 50 291
82 51 609
82 52 434
82 53 220
82 54 301
82 55 591
82 56 175
82 57 642
82 58 434
82 59 495
82 60 713
82 61 423
82 62 432
82 63 187
82 64 197
82 65 659
82 66 535
82 67 477
82 68 175
82 69 300
82 70 364
82 71 789
82 72 376
82 73 276
82 74 465
82 75 365
82 76 251
82 77 261
82 78 460
82 79 777
82 80 619
82 81 598
82 83 668
82 84 237
82 85 567
82 86 532
82 87 738
82 88 504
82 89 583
82 90 552
82 91 695
82 92 385
82 93 320
82 94 609
82 95 281
82 96 803
82 97 404
82 98 578
82 99 167
82 100 533
83 1 257
83 2 264
83 3 862
83 4 746
83 5 574
83 6 288
83 7 928
83 8 484
83 9 578
83 10 94
83 11 418
83 12 244
83 13 371
83 14 404
83 15 760
83 16 651
83 17 381
83 18 768
83 19 891
83 20 369
83 21 245
83 22 597
83 23 651
83 24 257
83 25 386
83 26 827
83 27 753
83 28 832
83 29 405
83 30 444
83 31 904
83 32 302
83 33 760
83 34 718
83 35 434
83 36 925
83 37 544
83 38 458
83 39 847
83 40 364
83 41 44
83 42 791
83 43 691
83 44 699
83 45 414
83 46 783
83 47 94
83 48 431
83 49 966
83 50 952
83 51 258
83 52 935
83 53 746
83 54 738
83 55 78
83 56 649
83 57 222
83 58 692
83 59 235
83 60 46
83 61 485
83 62 823
83 63 550
83 64 579
83 65 550
83 66 866
83 67 410
83 68 495
83 69 674
83 70 473
83 71 421
83 72 334
83 73 741
83 74 698
83 75 753
83 76 805
83 77 786
83 78 825
83 79 269
83 80 391
83 81 71
83 82 668
83 84 802
83 85 492
83 86 299
83 87 520
83 88 244
83 89 236
83 90 821
83 91 54
83 92 454
83 93 370
83 94 395
83 95 640
83 96 249
83 97 469
83 98 557
83 99 644
83 100 976
84 1 679
84 2 828
84 3 804
84 4 170
84 5 280
84 6 541
84 7 683
84 8 766
84 9 312
84 10 716
84 11 403
84 12 631
84 13 1029
84 14 763
84 15 664
84 16 247
84 17 654
84 18 481
84 19 496
84 20 921
84 21 558
84 22 206
84 23 893
84 24 711
84 25 475
84 26 38
84 27 120
84 28 81
84 29 581
84 30 908
84 31 693
84 32 691
84 33 384
84 34 118
84 35 777
84 36 593
84 37 417
84 38 511
84 39 175
84 40 596
84 41 761
84 42 45
84 43 406
84 44 769
84 45 1101
84 46 191
84 47 729
84 48 874
84 49 835
84 50 334
84 51 668
84 52 611
84 53 431
84 54 522
84 55 732
84 56 153
84 57 711
84 58 668
84 59 587
84 60 845
84 61 409
84 62 647
84 63 418
84 64 433
84 65 890
84 66 752
84 67 491
84 68 339
84 69 533
84 70 374
84 71 999
84 72 569
84 73 106
84 74 699
84 75 588
84 76 15
84 77 462
84 78 678
84 79 962
84 80 835
84 81 732
84 82 237
84 83 802
84 85 537
84 86 734
84 87 708
84 88 691
84 89 653
84 90 778
84 91 816
84 92 399
84 93 510
84 94 826
84 95 516
84 96 980
84 97 632
84 98 812
84 99 159
84 100 721
85 1 570
85 2 685
85 3 1053
85 4 595
85 5 493
85 6 245
85 7 1024
85 8 793
85 9 226
85 10 405
85 11 236
85 12 249
85 13 848
85 14 738
85 15 913
85 16 295
85 17 646
85 18 809
85 19 894
85 20 804
85 21 363
85 22 382
85 23 972
85 24 265
85 25 477
85 26 573
85 27 567
85 28 606
85 29 91
85 30 847
85 31 1016
85 32 615
85 33 744
85 34 420
85 35 767
85 36 971
85 37 592
85 38 51
85 39 674
85 40 585
85 41 452
85 42 554
85 43 708
85 44 934
85 45 900
85 46 639
85 47 399
85 48 821
85 49 1131
85 50 828
85 51 242
85 52 987
85 53 763
85 54 814
85 55 466
85 56 426
85 57 289
85 58 872
85 59 286
85 60 518
85 61 145
85 62 942
85 63 598
85 64 636
85 65 907
85 66 1027
85 67 120
85 68 447
85 69 777
85 70 205
85 71 874
85 72 531
85 73 436
85 74 894
85 75 864
85 76 531
85 77 809
85 78 961
85 79 750
85 80 773
85 81 449
85 82 567
85 83 492
85 84 537
85 86 646
85 87 174
85 88 570
85 89 258
85 90 1015
85 91 470
85 92 187
85 93 503
85 94 770
85 95 743
85 96 739
85 97 696
85 98 868
85 99 429
85 100 1073
86 1 77
86 2 104
86 3 569
86 4 621
86 5 459
86 6 402
86 7 657
86 8 186
86 9 625
86 10 310
86 11 463
86 12 432
86 13 299
86 14 108
86 15 481
86 16 677
86 17 110
86 18 534
86 19 660
86 20 189
86 21 285
86 22 556
86 23 359
86 24 497
86 25 262
86 26 748
86 27 648
86 28 736
86 29 579
86 30 203
86 31 629
86 32 44
86 33 556
86 34 690
86 35 139
86 36 673
86 37 358
86 38 599
86 39 716
86 40 144
86 41 299
86 42 708
86 43 482
86 44 403
86 45 373
86 46 646
86 47 332
86 48 175
86 49 676
86 50 778
86 51 474
86 52 680
86 53 526
86 54 491
86 55 246
86 56 594
86 57 462
86 58 408
86 59 367
86 60 331
86 61 570
86 62 551
86 63 361
86 64 374
86 65 270
86 66 579
86 67 532
86 68 397
86 69 423
86 70 526
86 71 267
86 72 166
86 73 712
86 74 410
86 75 490
86 76 743
86 77 557
86 78 547
86 79 255
86 80 128
86 81 269
86 82 532
86 83 299
86 84 734
86 85 646
86 87 738
86 88 77
86 89 439
86 90 528
86 91 352
86 92 520
86 93 225
86 94 124
86 95 396
86 96 292
86 97 195
86 98 261
86 99 586
86 100 703
87 1 665
87 2 755
87 3 1197
87 4 768
87 5 659
87 6 353
87 7 1183
87 8 903
87 9 398
87 10 451
87 11 394
87 12 307
87 13 891
87 14 839
87 15 1060
87 16 463
87 17 760
87 18 971
87 19 1061
87 20 872
87 21 469
87 22 555
87 23 1085
87 24 264
87 25 614
87 26 744
87 27 741
87 28 778
87 29 177
87 30 929
87 31 1172
87 32 715
87 33 910
87 34 590
87 35 870
87 36 1135
87 37 746
87 38 213
87 39 847
87 40 705
87 41 488
87 42 727
87 43 870
87 44 1067
87 45 931
87 46 812
87 47 436
87 48 907
87 49 1281
87 50 1002
87 51 270
87 52 1150
87 53 926
87 54 972
87 55 519
87 56 600
87 57 299
87 58 1014
87 59 374
87 60 532
87 61 317
87 62 1096
87 63 752
87 64 791
87 65 1007
87 66 1176
87 67 267
87 68 607
87 69 929
87 70 374
87 71 934
87 72 651
87 73 605
87 74 1034
87 75 1018
87 76 701
87 77 973
87 78 1112
87 79 789
87 80 861
87 81 498
87 82 738
87 83 520
87 84 708
87 85 174
87 86 738
87 88 662
87 89 302
87 90 1157
87 91 483
87 92 353
87 93 634
87 94 860
87 95 894
87 96 767
87 97 822
87 98 980
87 99 602
87 100 1232
88 1 16
88 2 140
88 3 619
88 4 591
88 5 422
88 6 326
88 7 688
88 8 253
88 9 558
88 10 240
88 11 394
88 12 356
88 13 339
88 14 180
88 15 517
88 16 614
88 17 137
88 18 544
88 19 669
88 20 249
88 21 210
88 22 503
88 23 431
88 24 423
88 25 218
88 26 707
88 27 612
88 28 700
88 29 502
88 30 277
88 31 663
88 32 60
88 33 553
88 34 637
88 35 211
88 36 694
88 37 343
88 38 523
88 39 690
88 40 133
88 41 237
88 42 667
88 43 480
88 44 458
88 45 410
88 46 620
88 47 264
88 48 251
88 49 723
88 50 766
88 51 399
88 52 702
88 53 529
88 54 508
88 55 181
88 56 545
88 57 389
88 58 448
88 59 291
88 60 282
88 61 498
88 62 583
88 63 347
88 64 368
88 65 346
88 66 622
88 67 457
88 68 353
88 69 441
88 70 457
88 71 326
88 72 128
88 73 659
88 74 454
88 75 516
88 76 698
88 77 565
88 78 583
88 79 274
88 80 204
88 81 203
88 82 504
88 83 244
88 84 691
88 85 570
88 86 77
88 87 662
88 89 364
88 90 578
88 91 295
88 92 449
88 93 185
88 94 201
88 95 410
88 96 300
88 97 226
88 98 330
88 99 538
88 100 736
89 1 369
89 2 453
89 3 938
89 4 644
89 5 489
89 6 120
89 7 956
89 8 612
89 9 380
89 10 153
89 11 251
89 12 23
89 13 599
89 14 543
89 15 811
89 16 458
89 17 474
89 18 761
89 19 870
89 20 571
89 21 195
89 22 453
89 23 792
89 24 75
89 25 367
89 26 684
89 27 635
89 28 701
89 29 169
89 30 628
89 31 939
89 32 419
89 33 723
89 34 551
89 35 574
89 36 927
89 37 524
89 38 227
89 39 740
89 40 426
89 41 197
89 42 653
89 43 667
89 44 793
89 45 647
89 46 686
89 47 143
89 48 606
89 49 1031
89 50 873
89 51 37
89 52 941
89 53 725
89 54 748
89 55 220
89 56 507
89 57 60
89 58 755
89 59 98
89 60 261
89 61 276
89 62 859
89 63 530
89 64 567
89 65 709
89 66 925
89 67 191
89 68 416
89 69 694
89 70 285
89 71 635
89 72 375
89 73 572
89 74 770
89 75 782
89 76 653
89 77 771
89 78 870
89 79 499
89 80 560
89 81 200
89 82 583
89 83 236
89 84 653
89 85 258
89 86 439
89 87 302
89 88 364
89 90 897
89 91 214
89 92 261
89 93 375
89 94 559
89 95 658
89 96 484
89 97 546
89 98 689
89 99 505
89 100 1006
90 1 565
90 2 604
90 3 42
90 4 609
90 5 567
90 6 809
90 7 206
90 8 358
90 9 878
90 10 808
90 11 780
90 12 881
90 13 716
90 14 435
90 15 116
90 16 885
90 17 442
90 18 304
90 19 359
90 20 586
90 21 703
90 22 719
90 23 283
90 24 967
90 25 544
90 26 765
90 27 659
90 28 726
90 29 981
90 30 499
90 31 169
90 32 519
90 33 401
90 34 815
90 35 412
90 36 292
90 37 431
90 38 965
90 39 646
90 40 474
90 41 813
90 42 734
90 43 374
90 44 133
90 45 780
90 46 596
90 47 832
90 48 482
90 49 149
90 50 586
90 51 932
90 52 284
90 53 351
90 54 257
90 55 756
90 56 718
90 57 938
90 58 144
90 59 802
90 60 856
90 61 886
90 62 149
90 63 426
90 64 391
90 65 379
90 66 73
90 67 899
90 68 581
90 69 256
90 70 824
90 71 624
90 72 523
90 73 827
90 74 127
90 75 191
90 76 792
90 77 329
90 78 116
90 79 734
90 80 489
90 81 777
90 82 552
90 83 821
90 84 778
90 85 1015
90 86 528
90 87 1157
90 88 578
90 89 897
90 91 872
90 92 834
90 93 526
90 94 479
90 95 284
90 96 783
90 97 357
90 98 309
90 99 710
90 100 229
91 1 307
91 2 317
91 3 913
91 4 771
91 5 600
91 6 287
91 7 975
91 8 537
91 9 576
91 10 101
91 11 423
91 12 226
91 13 413
91 14 458
91 15 809
91 16 652
91 17 431
91 18 810
91 19 931
91 20 420
91 21 266
91 22 611
91 23 705
91 24 221
91 25 420
91 26 843
91 27 775
91 28 851
91 29 381
91 30 497
91 31 951
91 32 353
91 33 797
91 34 727
91 35 488
91 36 969
91 37 582
91 38 441
91 39 872
91 40 411
91 41 66
91 42 808
91 43 730
91 44 751
91 45 450
91 46 809
91 47 89
91 48 484
91 49 1017
91 50 982
91 51 230
91 52 979
91 53 785
91 54 782
91 55 119
91 56 664
91 57 188
91 58 741
91 59 236
91 60 50
91 61 478
91 62 870
91 63 587
91 64 618
91 65 604
91 66 915
91 67 399
91 68 521
91 69 718
91 70 473
91 71 469
91 72 377
91 73 750
91 74 748
91 75 799
91 76 819
91 77 826
91 78 873
91 79 311
91 80 445
91 81 104
91 82 695
91 83 54
91 84 816
91 85 470
91 86 352
91 87 483
91 88 295
91 89 214
91 90 872
91 92 452
91 93 409
91 94 448
91 95 684
91 96 285
91 97 519
91 98 611
91 99 660
91 100 1023
92 1 444
92 2 580
92 3 872
92 4 423
92 5 307
92 6 166
92 7 837
92 8 642
92 9 125
92 10 361
92 11 60
92 12 241
92 13 766
92 14 598
92 15 730
92 16 200
92 17 496
92 18 622
92 19 708
92 20 696
92 21 246
92 22 212
92 23 816
92 24 314
92 25 308
92 26 432
92 27 402
92 28 456
92 29 193
92 30 722
92 31 830
92 32 483
92 33 558
92 34 292
92 35 624
92 36 784
92 37 408
92 38 141
92 39 510
92 40 431
92 41 410
92 42 405
92 43 521
92 44 762
92 45 828
92 46 467
92 47 366
92 48 693
92 49 947
92 50 658
92 51 272
92 52 800
92 53 576
92 54 628
92 55 401
92 56 264
92 57 318
92 58 692
92 59 219
92 60 491
92 61 54
92 62 756
92 63 414
92 64 451
92 65 763
92 66 844
92 67 96
92 68 261
92 69 592
92 70 26
92 71 771
92 72 379
92 73 312
92 74 716
92 75 679
92 76 397
92 77 622
92 78 776
92 79 677
92 80 646
92 81 392
92 82 385
92 83 454
92 84 399
92 85 187
92 86 520
92 87 353
92 88 449
92 89 261
92 90 834
92 91 452
92 93 340
92 94 641
92 95 559
92 96 678
92 97 532
92 98 714
92 99 264
92 100 886
93 1 172
93 2 319
93 3 566
93 4 407
93 5 237
93 6 283
93 7 584
93 8 306
93 9 425
93 10 319
93 11 280
93 12 358
93 13 520
93 14 272
93 15 437
93 16 466
93 17 163
93 18 403
93 19 523
93 20 413
93 21 181
93 22 333
93 23 477
93 24 448
93 25 38
93 26 525
93 27 428
93 28 515
93 29 459
93 30 411
93 31 566
93 32 182
93 33 390
93 34 467
93 35 295
93 36 566
93 37 174
93 38 452
93 39 506
93 40 97
93 41 344
93 42 485
93 43 322
93 44 434
93 45 592
93 46 436
93 47 342
93 48 379
93 49 657
93 50 590
93 51 410
93 52 577
93 53 377
93 54 380
93 55 293
93 56 370
93 57 422
93 58 383
93 59 279
93 60 415
93 61 393
93 62 485
93 63 180
93 64 210
93 65 430
93 66 551
93 67 384
93 68 172
93 69 322
93 70 338
93 71 491
93 72 60
93 73 488
93 74 401
93 75 409
93 76 519
93 77 418
93 78 495
93 79 459
93 80 335
93 81 306
93 82 320
93 83 370
93 84 510
93 85 503
93 86 225
93 87 634
93 88 185
93 89 375
93 90 526
93 91 409
93 92 340
93 94 328
93 95 286
93 96 484
93 97 194
93 98 375
93 99 362
93 100 634
94 1 201
94 2 136
94 3 517
94 4 698
94 5 547
94 6 526
94 7 638
94 8 125
94 9 742
94 10 423
94 11 583
94 12 553
94 13 254
94 14 69
94 15 458
94 16 790
94 17 172
94 18 556
94 19 678
94 20 118
94 21 409
94 22 659
94 23 260
94 24 613
94 25 365
94 26 836
94 27 730
94 28 818
94 29 702
94 30 84
94 31 606
94 32 159
94 33 598
94 34 793
94 35 74
94 36 674
94 37 424
94 38 723
94 39 787
94 40 233
94 41 404
94 42 795
94 43 525
94 44 347
94 45 326
94 46 717
94 47 444
94 48 53
94 49 627
94 50 827
94 51 594
94 52 677
94 53 560
94 54 505
94 55 355
94 56 693
94 57 578
94 58 384
94 59 491
94 60 418
94 61 692
94 62 535
94 63 426
94 64 429
94 65 156
94 66 540
94 67 656
94 68 494
94 69 438
94 70 646
94 71 185
94 72 273
94 73 814
94 74 376
94 75 487
94 76 836
94 77 583
94 78 523
94 79 255
94 80 12
94 81 378
94 82 609
94 83 395
94 84 826
94 85 770
94 86 124
94 87 860
94 88 201
94 89 559
94 90 479
94 91 448
94 92 641
94 93 328
94 95 419
94 96 304
94 97 218
94 98 178
94 99 685
94 100 680
95 1 395
95 2 497
95 3 319
95 4 352
95 5 285
95 6 556
95 7 298
95 8 312
95 9 596
95 10 602
95 11 507
95 12 640
95 13 670
95 14 353
95 15 173
95 16 602
95 17 286
95 18 139
95 19 265
95 20 536
95 21 465
95 22 437
95 23 390
95 24 732
95 25 292
95 26 510
95 27 398
95 28 477
95 29 718
95 30 482
95 31 282
95 32 366
95 33 186
95 34 538
95 35 349
95 36 286
95 37 152
95 38 693
95 39 415
95 40 279
95 41 620
95 42 474
95 43 123
95 44 253
95 45 743
95 46 351
95 47 625
95 48 451
95 49 389
95 50 416
95 51 692
95 52 295
95 53 143
95 54 99
95 55 566
95 56 439
95 57 707
95 58 154
95 59 561
95 60 683
95 61 609
95 62 203
95 63 145
95 64 109
95 65 417
95 66 286
95 67 630
95 68 300
95 69 36
95 70 546
95 71 602
95 72 308
95 73 552
95 74 185
95 75 125
95 76 530
95 77 164
95 78 219
95 79 647
95 80 430
95 81 582
95 82 281
95 83 640
95 84 516
95 85 743
95 86 396
95 87 894
95 88 410
95 89 658
95 90 284
95 91 684
95 92 559
95 93 286
95 94 419
95 96 686
95 97 206
95 98 329
95 99 430
95 100 348
96 1 315
96 2 191
96 3 820
96 4 890
96 5 719
96 6 519
96 7 935
96 8 427
96 9 800
96 10 334
96 11 633
96 12 490
96 13 137
96 14 354
96 15 756
96 16 868
96 17 401
96 18 825
96 19 951
96 20 210
96 21 440
96 22 783
96 23 547
96 24 504
96 25 514
96 26 999
96 27 909
96 28 995
96 29 652
96 30 304
96 31 905
96 32 326
96 33 846
96 34 914
96 35 373
96 36 960
96 37 640
96 38 703
96 39 989
96 40 426
96 41 288
96 42 960
96 43 772
96 44 651
96 45 166
96 46 919
96 47 341
96 48 310
96 49 931
96 50 1064
96 51 507
96 52 966
96 53 817
96 54 781
96 55 280
96 56 830
96 57 469
96 58 682
96 59 467
96 60 236
96 61 717
96 62 830
96 63 645
96 64 662
96 65 434
96 66 842
96 67 649
96 68 646
96 69 712
96 70 694
96 71 220
96 72 428
96 73 937
96 74 677
96 75 775
96 76 986
96 77 848
96 78 822
96 79 52
96 80 295
96 81 293
96 82 803
96 83 249
96 84 980
96 85 739
96 86 292
96 87 767
96 88 300
96 89 484
96 90 783
96 91 285
96 92 678
96 93 484
96 94 304
96 95 686
96 97 483
96 98 479
96 99 824
96 100 979
97 1 213
97 2 293
97 3 398
97 4 491
97 5 356
97 6 469
97 7 465
97 8 134
97 9 609
97 10 452
97 11 473
97 12 532
97 13 465
97 14 150
97 15 292
97 16 641
97 17 90
97 18 345
97 19 470
97 20 333
97 21 355
97 22 490
97 23 287
97 24 615
97 25 225
97 26 637
97 27 527
97 28 614
97 29 649
97 30 289
97 31 438
97 32 172
97 33 380
97 34 617
97 35 153
97 36 479
97 37 217
97 38 645
97 39 575
97 40 120
97 41 458
97 42 597
97 43 308
97 44 248
97 45 539
97 46 505
97 47 476
97 48 257
97 49 499
97 50 610
97 51 582
97 52 486
97 53 344
97 54 299
97 55 402
97 56 514
97 57 584
97 58 223
97 59 455
97 60 508
97 61 586
97 62 358
97 63 218
97 64 214
97 65 260
97 66 397
97 67 577
97 68 322
97 69 230
97 70 529
97 71 402
97 72 172
97 73 636
97 74 231
97 75 296
97 76 643
97 77 370
97 78 357
97 79 442
97 80 229
97 81 421
97 82 404
97 83 469
97 84 632
97 85 696
97 86 195
97 87 822
97 88 226
97 89 546
97 90 357
97 91 519
97 92 532
97 93 194
97 94 218
97 95 206
97 96 483
97 98 190
97 99 505
97 100 511
98 1 323
98 2 311
98 3 344
98 4 662
98 5 541
98 6 631
98 7 485
98 8 78
98 9 796
98 10 569
98 11 655
98 12 679
98 13 408
98 14 154
98 15 309
98 16 830
98 17 223
98 18 449
98 19 561
98 20 278
98 21 513
98 22 679
98 23 105
98 24 751
98 25 409
98 26 814
98 27 702
98 28 787
98 29 812
98 30 192
98 31 450
98 32 271
98 33 514
98 34 804
98 35 123
98 36 536
98 37 396
98 38 818
98 39 737
98 40 285
98 41 560
98 42 775
98 43 449
98 44 177
98 45 474
98 46 670
98 47 592
98 48 174
98 49 454
98 50 743
98 51 725
98 52 537
98 53 468
98 54 392
98 55 506
98 56 701
98 57 718
98 58 239
98 59 607
98 60 585
98 61 767
98 62 387
98 63 395
98 64 382
98 65 90
98 66 373
98 67 750
98 68 511
98 69 334
98 70 713
98 71 318
98 72 339
98 73 822
98 74 222
98 75 356
98 76 824
98 77 478
98 78 369
98 79 429
98 80 186
98 81 529
98 82 578
98 83 557
98 84 812
98 85 868
98 86 261
98 87 980
98 88 330
98 89 689
98 90 309
98 91 611
98 92 714
98 93 375
98 94 178
98 95 329
98 96 479
98 97 190
98 99 692
98 100 521
99 1 527
99 2 677
99 3 741
99 4 168
99 5 153
99 6 390
99 7 655
99 8 638
99 9 214
99 10 559
99 11 256
99 12 483
99 13 877
99 14 625
99 15 595
99 16 186
99 17 514
99 18 438
99 19 492
99 20 774
99 21 400
99 22 53
99 23 781
99 24 568
99 25 325
99 26 184
99 27 140
99 28 197
99 29 455
99 30 768
99 31 657
99 32 543
99 33 351
99 34 113
99 35 642
99 36 581
99 37 302
99 38 393
99 39 247
99 40 453
99 41 604
99 42 149
99 43 343
99 44 676
99 45 948
99 46 211
99 47 572
99 48 735
99 49 791
99 50 400
99 51 523
99 52 599
99 53 386
99 54 464
99 55 574
99 56 9
99 57 564
99 58 583
99 59 433
99 60 688
99 61 288
99 62 596
99 63 305
99 64 330
99 65 764
99 66 697
99 67 359
99 68 192
99 69 455
99 70 239
99 71 853
99 72 421
99 73 131
99 74 613
99 75 527
99 76 163
99 77 428
99 78 624
99 79 807
99 80 694
99 81 574
99 82 167
99 83 644
99 84 159
99 85 429
99 86 586
99 87 602
99 88 538
99 89 505
99 90 710
99 91 660
99 92 264
99 93 362
99 94 685
99 95 430
99 96 824
99 97 505
99 98 692
99 100 700
100 1 722
100 2 792
100 3 211
100 4 559
100 5 585
100 6 902
100 7 51
100 8 555
100 9 899
100 10 946
100 11 840
100 12 987
100 13 927
100 14 626
100 15 224
100 16 885
100 17 601
100 18 267
100 19 229
100 20 793
100 21 813
100 22 725
100 23 510
100 24 1080
100 25 640
100 26 699
100 27 608
100 28 653
100 29 1058
100 30 713
100 31 75
100 32 683
100 33 349
100 34 788
100 35 608
100 36 131
100 37 489
100 38 1025
100 39 559
100 40 613
100 41 960
100 42 676
100 43 367
100 44 348
100 45 994
100 46 530
100 47 970
100 48 691
100 49 150
100 50 450
100 51 1040
100 52 113
100 53 316
100 54 262
100 55 904
100 56 707
100 57 1055
100 58 298
100 59 908
100 60 1016
100 61 933
100 62 154
100 63 482
100 64 444
100 65 600
100 66 157
100 67 966
100 68 627
100 69 313
100 70 870
100 71 839
100 72 650
100 73 795
100 74 304
100 75 226
100 76 736
100 77 273
100 78 158
100 79 932
100 80 690
100 81 922
100 82 533
100 83 976
100 84 721
100 85 1073
100 86 703
100 87 1232
100 88 736
100 89 1006
100 90 229
100 91 1023
100 92 886
100 93 634
100 94 680
100 95 348
100 96 979
100 97 511
100 98 521
100 99 700
