nnodes nedges type capacity P s t
100  4950  graph  1000 100 1 100 
nodename posx posy itemvalue itemweight
1 36 489 0 0
2 394 873 48 202
3 543 244 2 16
4 692 450 47 139
5 991 37 31 164
6 887 337 17 211
7 112 886 25 59
8 432 231 6 91
9 672 909 27 138
10 532 517 11 153
11 615 418 15 241
12 419 185 6 200
13 270 17 31 238
14 604 512 20 239
15 789 792 12 23
16 327 177 22 237
17 281 73 11 21
18 402 824 40 113
19 669 95 39 36
20 275 660 3 219
21 484 514 1 220
22 997 948 31 126
23 400 782 30 237
24 179 425 18 206
25 691 63 26 230
26 942 658 8 90
27 482 713 21 116
28 843 104 41 1
29 730 799 5 211
30 968 519 41 216
31 591 647 33 62
32 48 873 2 96
33 720 451 35 241
34 49 389 8 73
35 898 676 28 162
36 401 734 41 178
37 191 751 33 71
38 682 943 3 112
39 533 214 9 222
40 368 224 17 135
41 277 663 2 27
42 882 111 26 172
43 376 77 42 217
44 567 107 24 198
45 876 536 29 114
46 978 468 13 113
47 535 379 27 114
48 693 256 8 63
49 830 94 6 17
50 997 80 35 185
51 771 399 29 27
52 814 314 12 161
53 150 496 50 17
54 257 35 25 210
55 62 626 40 43
56 259 340 44 41
57 289 493 19 22
58 803 17 12 62
59 570 723 40 87
60 476 798 9 220
61 611 807 2 171
62 618 146 32 181
63 186 311 36 142
64 754 368 43 193
65 758 104 8 128
66 448 529 27 188
67 503 262 4 91
68 195 5 1 103
69 110 452 9 75
70 392 173 13 48
71 430 651 17 8
72 865 719 41 38
73 144 20 31 152
74 89 66 49 72
75 743 565 41 108
76 864 354 41 142
77 372 483 30 123
78 853 558 22 118
79 146 607 16 65
80 926 904 12 23
81 711 726 44 141
82 785 566 11 197
83 340 980 31 13
84 923 451 2 41
85 433 315 37 66
86 976 863 40 203
87 966 193 25 130
88 935 462 40 56
89 565 376 34 191
90 528 661 27 224
91 941 745 50 20
92 15 666 15 131
93 580 868 44 39
94 576 726 48 109
95 828 503 3 12
96 983 539 31 146
97 581 120 2 193
98 458 922 44 234
99 101 381 5 197
100 725 886 0 0
endpoint1 endpoint2 weight
1 2 525
1 3 564
1 4 658
1 5 1057
1 6 865
1 7 405
1 8 473
1 9 763
1 10 497
1 11 584
1 12 489
1 13 527
1 14 569
1 15 812
1 16 427
1 17 483
1 18 497
1 19 746
1 20 294
1 21 449
1 22 1065
1 23 468
1 24 157
1 25 782
1 26 922
1 27 500
1 28 895
1 29 761
1 30 933
1 31 578
1 32 385
1 33 686
1 34 101
1 35 883
1 36 440
1 37 305
1 38 790
1 39 569
1 40 425
1 41 298
1 42 927
1 43 535
1 44 655
1 45 842
1 46 943
1 47 511
1 48 698
1 49 887
1 50 1045
1 51 741
1 52 798
1 53 115
1 54 505
1 55 140
1 56 269
1 57 254
1 58 901
1 59 584
1 60 538
1 61 658
1 62 676
1 63 233
1 64 729
1 65 819
1 66 414
1 67 520
1 68 510
1 69 83
1 70 477
1 71 427
1 72 861
1 73 482
1 74 427
1 75 712
1 76 839
1 77 337
1 78 820
1 79 162
1 80 983
1 81 716
1 82 753
1 83 578
1 84 888
1 85 434
1 86 1012
1 87 976
1 88 900
1 89 541
1 90 522
1 91 941
1 92 179
1 93 664
1 94 590
1 95 793
1 96 949
1 97 659
1 98 605
1 99 127
1 100 796
2 1 525
2 3 647
2 4 518
2 5 1028
2 6 729
2 7 283
2 8 644
2 9 281
2 10 382
2 11 506
2 12 689
2 13 865
2 14 418
2 15 404
2 16 700
2 17 808
2 18 50
2 19 826
2 20 244
2 21 371
2 22 608
2 23 92
2 24 497
2 25 863
2 26 589
2 27 183
2 28 891
2 29 345
2 30 675
2 31 300
2 32 346
2 33 534
2 34 595
2 35 542
2 36 140
2 37 237
2 38 297
2 39 674
2 40 650
2 41 241
2 42 905
2 43 797
2 44 786
2 45 589
2 46 711
2 47 514
2 48 686
2 49 893
2 50 997
2 51 606
2 52 700
2 53 450
2 54 850
2 55 414
2 56 550
2 57 395
2 58 949
2 59 232
2 60 112
2 61 227
2 62 761
2 63 600
2 64 621
2 65 851
2 66 349
2 67 621
2 68 891
2 69 508
2 70 701
2 71 225
2 72 496
2 73 889
2 74 863
2 75 466
2 76 701
2 77 391
2 78 557
2 79 364
2 80 533
2 81 350
2 82 498
2 83 120
2 84 677
2 85 560
2 86 583
2 87 889
2 88 680
2 89 526
2 90 251
2 91 562
2 92 432
2 93 187
2 94 234
2 95 571
2 96 678
2 97 776
2 98 81
2 99 573
2 100 332
3 1 564
3 2 647
3 4 255
3 5 494
3 6 357
3 7 774
3 8 112
3 9 678
3 10 274
3 11 189
3 12 138
3 13 356
3 14 275
3 15 601
3 16 227
3 17 313
3 18 597
3 19 196
3 20 495
3 21 277
3 22 838
3 23 557
3 24 407
3 25 234
3 26 575
3 27 473
3 28 332
3 29 586
3 30 507
3 31 406
3 32 801
3 33 273
3 34 515
3 35 560
3 36 511
3 37 618
3 38 713
3 39 32
3 40 177
3 41 497
3 42 365
3 43 237
3 44 140
3 45 443
3 46 490
3 47 136
3 48 151
3 49 324
3 50 483
3 51 276
3 52 280
3 53 467
3 54 355
3 55 615
3 56 300
3 57 356
3 58 346
3 59 480
3 60 559
3 61 568
3 62 124
3 63 364
3 64 245
3 65 257
3 66 301
3 67 44
3 68 423
3 69 481
3 70 167
3 71 423
3 72 574
3 73 458
3 74 488
3 75 379
3 76 340
3 77 294
3 78 442
3 79 538
3 80 764
3 81 511
3 82 403
3 83 764
3 84 433
3 85 131
3 86 756
3 87 427
3 88 449
3 89 134
3 90 418
3 91 640
3 92 676
3 93 626
3 94 484
3 95 386
3 96 530
3 97 130
3 98 684
3 99 463
3 100 668
4 1 658
4 2 518
4 3 255
4 5 510
4 6 226
4 7 726
4 8 340
4 9 460
4 10 174
4 11 84
4 12 381
4 13 605
4 14 108
4 15 356
4 16 456
4 17 558
4 18 474
4 19 356
4 20 467
4 21 218
4 22 584
4 23 443
4 24 514
4 25 388
4 26 326
4 27 337
4 28 378
4 29 352
4 30 285
4 31 222
4 32 771
4 33 29
4 34 646
4 35 306
4 36 407
4 37 585
4 38 494
4 39 285
4 40 396
4 41 467
4 42 389
4 43 489
4 44 366
4 45 204
4 46 287
4 47 173
4 48 195
4 49 382
4 50 480
4 51 95
4 52 183
4 53 544
4 54 602
4 55 655
4 56 447
4 57 406
4 58 448
4 59 300
4 60 410
4 61 367
4 62 313
4 63 525
4 64 103
4 65 353
4 66 257
4 67 267
4 68 668
4 69 583
4 70 409
4 71 331
4 72 320
4 73 697
4 74 715
4 75 126
4 76 197
4 77 322
4 78 194
4 79 569
4 80 511
4 81 277
4 82 149
4 83 637
4 84 232
4 85 293
4 86 502
4 87 376
4 88 244
4 89 147
4 90 268
4 91 387
4 92 711
4 93 433
4 94 300
4 95 146
4 96 305
4 97 349
4 98 527
4 99 596
4 100 438
5 1 1057
5 2 1028
5 3 494
5 4 510
5 6 318
5 7 1223
5 8 592
5 9 929
5 10 665
5 11 536
5 12 591
5 13 722
5 14 613
5 15 782
5 16 679
5 17 711
5 18 984
5 19 328
5 20 950
5 21 697
5 22 912
5 23 951
5 24 900
5 25 302
5 26 623
5 27 847
5 28 163
5 29 806
5 30 483
5 31 730
5 32 1261
5 33 495
5 34 1006
5 35 646
5 36 914
5 37 1073
5 38 958
5 39 492
5 40 651
5 41 950
5 42 132
5 43 617
5 44 430
5 45 513
5 46 432
5 47 570
5 48 370
5 49 171
5 50 44
5 51 424
5 52 329
5 53 959
5 54 735
5 55 1100
5 56 793
5 57 838
5 58 190
5 59 805
5 60 919
5 61 859
5 62 389
5 63 851
5 64 408
5 65 243
5 66 733
5 67 538
5 68 797
5 69 974
5 70 615
5 71 832
5 72 694
5 73 848
5 74 903
5 75 584
5 76 342
5 77 763
5 78 539
5 79 1020
5 80 870
5 81 744
5 82 568
5 83 1146
5 84 420
5 85 624
5 86 827
5 87 158
5 88 429
5 89 545
5 90 778
5 91 710
5 92 1162
5 93 928
5 94 805
5 95 494
5 96 503
5 97 419
5 98 1034
5 99 955
5 100 890
6 1 865
6 2 729
6 3 357
6 4 226
6 5 318
6 7 950
6 8 468
6 9 612
6 10 399
6 11 284
6 12 493
6 13 696
6 14 333
6 15 466
6 16 583
6 17 662
6 18 688
6 19 326
6 20 693
6 21 441
6 22 621
6 23 660
6 24 714
6 25 337
6 26 326
6 27 553
6 28 238
6 29 488
6 30 200
6 31 429
6 32 996
6 33 203
6 34 840
6 35 340
6 36 628
6 37 810
6 38 640
6 39 375
6 40 532
6 41 692
6 42 227
6 43 574
6 44 395
6 45 200
6 46 160
6 47 355
6 48 211
6 49 250
6 50 280
6 51 132
6 52 77
6 53 754
6 54 699
6 55 875
6 56 629
6 57 619
6 58 331
6 59 500
6 60 618
6 61 546
6 62 330
6 63 702
6 64 137
6 65 267
6 66 480
6 67 392
6 68 768
6 69 786
6 70 522
6 71 555
6 72 383
6 73 808
6 74 843
6 75 270
6 76 29
6 77 536
6 78 224
6 79 789
6 80 569
6 81 427
6 82 251
6 83 845
6 84 120
6 85 455
6 86 534
6 87 165
6 88 134
6 89 325
6 90 484
6 91 412
6 92 933
6 93 614
6 94 499
6 95 177
6 96 224
6 97 376
6 98 726
6 99 788
6 100 573
7 1 405
7 2 283
7 3 774
7 4 726
7 5 1223
7 6 950
7 8 729
7 9 561
7 10 560
7 11 688
7 12 766
7 13 884
7 14 619
7 15 684
7 16 741
7 17 831
7 18 297
7 19 968
7 20 279
7 21 527
7 22 888
7 23 307
7 24 466
7 25 1007
7 26 861
7 27 409
7 28 1071
7 29 625
7 30 932
7 31 536
7 32 66
7 33 748
7 34 501
7 35 814
7 36 327
7 37 157
7 38 573
7 39 793
7 40 710
7 41 278
7 42 1093
7 43 851
7 44 903
7 45 841
7 46 962
7 47 661
7 48 858
7 49 1070
7 50 1198
7 51 820
7 52 906
7 53 392
7 54 864
7 55 265
7 56 566
7 57 432
7 58 1111
7 59 487
7 60 375
7 61 506
7 62 897
7 63 580
7 64 825
7 65 1015
7 66 491
7 67 737
7 68 885
7 69 435
7 70 767
7 71 396
7 72 772
7 73 867
7 74 821
7 75 708
7 76 922
7 77 480
7 78 811
7 79 282
7 80 815
7 81 621
7 82 746
7 83 247
7 84 921
7 85 656
7 86 865
7 87 1100
7 88 926
7 89 683
7 90 473
7 91 841
7 92 241
7 93 469
7 94 491
7 95 813
7 96 938
7 97 899
7 98 348
7 99 506
7 100 613
8 1 473
8 2 644
8 3 112
8 4 340
8 5 592
8 6 468
8 7 729
8 9 720
8 10 303
8 11 262
8 12 48
8 13 269
8 14 330
8 15 665
8 16 119
8 17 219
8 18 594
8 19 274
8 20 457
8 21 288
8 22 913
8 23 552
8 24 319
8 25 309
8 26 666
8 27 485
8 28 431
8 29 642
8 30 609
8 31 446
8 32 749
8 33 363
8 34 415
8 35 645
8 36 504
8 37 574
8 38 755
8 39 103
8 40 65
8 41 459
8 42 466
8 43 164
8 44 184
8 45 539
8 46 596
8 47 181
8 48 263
8 49 421
8 50 585
8 51 379
8 52 391
8 53 387
8 54 263
8 55 542
8 56 205
8 57 299
8 58 429
8 59 511
8 60 569
8 61 604
8 62 205
8 63 259
8 64 350
8 65 350
8 66 299
8 67 78
8 68 328
8 69 391
8 70 71
8 71 421
8 72 653
8 73 358
8 74 381
8 75 457
8 76 450
8 77 260
8 78 534
8 79 473
8 80 835
8 81 569
8 82 487
8 83 755
8 84 539
8 85 85
8 86 834
8 87 536
8 88 554
8 89 197
8 90 441
8 91 724
8 92 603
8 93 654
8 94 516
8 95 481
8 96 632
8 97 186
8 98 692
8 99 364
8 100 718
9 1 763
9 2 281
9 3 678
9 4 460
9 5 929
9 6 612
9 7 561
9 8 720
9 10 417
9 11 495
9 12 767
9 13 979
9 14 403
9 15 166
9 16 810
9 17 923
9 18 284
9 19 815
9 20 469
9 21 438
9 22 328
9 23 301
9 24 691
9 25 847
9 26 369
9 27 273
9 28 823
9 29 125
9 30 490
9 31 275
9 32 626
9 33 461
9 34 812
9 35 325
9 36 323
9 37 507
9 38 36
9 39 709
9 40 750
9 41 466
9 42 826
9 43 884
9 44 809
9 45 426
9 46 537
9 47 548
9 48 654
9 49 831
9 50 891
9 51 520
9 52 612
9 53 666
9 54 968
9 55 673
9 56 704
9 57 566
9 58 902
9 59 213
9 60 226
9 61 119
9 62 765
9 63 771
9 64 548
9 65 810
9 66 442
9 67 669
9 68 1023
9 69 725
9 70 788
9 71 354
9 72 271
9 73 1034
9 74 1025
9 75 352
9 76 588
9 77 522
9 78 395
9 79 607
9 80 255
9 81 188
9 82 362
9 83 340
9 84 523
9 85 641
9 86 308
9 87 775
9 88 519
9 89 544
9 90 287
9 91 316
9 92 701
9 93 101
9 94 207
9 95 435
9 96 484
9 97 795
9 98 215
9 99 778
9 100 58
10 1 497
10 2 382
10 3 274
10 4 174
10 5 665
10 6 399
10 7 560
10 8 303
10 9 417
10 11 130
10 12 351
10 13 565
10 14 73
10 15 377
10 16 398
10 17 511
10 18 334
10 19 444
10 20 295
10 21 49
10 22 635
10 23 297
10 24 365
10 25 482
10 26 434
10 27 203
10 28 518
10 29 345
10 30 437
10 31 143
10 32 601
10 33 200
10 34 500
10 35 400
10 36 254
10 37 414
10 38 452
10 39 304
10 40 336
10 41 294
10 42 537
10 43 467
10 44 412
10 45 345
10 46 449
10 47 139
10 48 307
10 49 518
10 50 639
10 51 267
10 52 348
10 53 383
10 54 555
10 55 483
10 56 326
10 57 245
10 58 569
10 59 210
10 60 287
10 61 301
10 62 381
10 63 403
10 64 268
10 65 471
10 66 85
10 67 257
10 68 613
10 69 427
10 70 372
10 71 169
10 72 390
10 73 631
10 74 633
10 75 217
10 76 370
10 77 164
10 78 324
10 79 397
10 80 553
10 81 276
10 82 258
10 83 502
10 84 397
10 85 225
10 86 563
10 87 542
10 88 407
10 89 145
10 90 145
10 91 469
10 92 539
10 93 355
10 94 214
10 95 297
10 96 452
10 97 401
10 98 412
10 99 452
10 100 417
11 1 584
11 2 506
11 3 189
11 4 84
11 5 536
11 6 284
11 7 688
11 8 262
11 9 495
11 10 130
11 12 305
11 13 529
11 14 95
11 15 413
11 16 376
11 17 481
11 18 459
11 19 328
11 20 418
11 21 163
11 22 654
11 23 423
11 24 437
11 25 364
11 26 406
11 27 324
11 28 389
11 29 398
11 30 368
11 31 231
11 32 727
11 33 111
11 34 567
11 35 383
11 36 382
11 37 540
11 38 530
11 39 220
11 40 315
11 41 418
11 42 407
11 43 417
11 44 315
11 45 287
11 46 367
11 47 89
11 48 180
11 49 389
11 50 511
11 51 158
11 52 225
11 53 472
11 54 525
11 55 591
11 56 365
11 57 335
11 58 443
11 59 309
11 60 405
11 61 390
11 62 273
11 63 443
11 64 148
11 65 346
11 66 201
11 67 193
11 68 590
11 69 507
11 70 332
11 71 298
11 72 392
11 73 617
11 74 633
11 75 195
11 76 258
11 77 252
11 78 277
11 79 506
11 80 577
11 81 323
11 82 226
11 83 626
11 84 310
11 85 210
11 86 574
11 87 417
11 88 324
11 89 66
11 90 259
11 91 462
11 92 650
11 93 452
11 94 311
11 95 230
11 96 388
11 97 300
11 98 528
11 99 516
11 100 481
12 1 489
12 2 689
12 3 138
12 4 381
12 5 591
12 6 493
12 7 766
12 8 48
12 9 767
12 10 351
12 11 305
12 13 225
12 14 376
12 15 711
12 16 93
12 17 178
12 18 640
12 19 266
12 20 497
12 21 336
12 22 958
12 23 598
12 24 340
12 25 299
12 26 706
12 27 532
12 28 432
12 29 689
12 30 643
12 31 493
12 32 782
12 33 402
12 34 423
12 35 686
12 36 550
12 37 611
12 38 803
12 39 118
12 40 65
12 41 499
12 42 469
12 43 117
12 44 168
12 45 577
12 46 627
12 47 227
12 48 284
12 49 421
12 50 588
12 51 412
12 52 416
12 53 412
12 54 221
12 55 568
12 56 223
12 57 335
12 58 420
12 59 559
12 60 616
12 61 651
12 62 203
12 63 265
12 64 382
12 65 349
12 66 346
12 67 114
12 68 288
12 69 409
12 70 30
12 71 467
12 72 696
12 73 321
12 74 351
12 75 500
12 76 477
12 77 302
12 78 573
12 79 503
12 80 880
12 81 615
12 82 529
12 83 799
12 84 570
12 85 131
12 86 878
12 87 548
12 88 586
12 89 241
12 90 489
12 91 766
12 92 629
12 93 702
12 94 564
12 95 519
12 96 666
12 97 175
12 98 739
12 99 374
12 100 765
13 1 527
13 2 865
13 3 356
13 4 605
13 5 722
13 6 696
13 7 884
13 8 269
13 9 979
13 10 565
13 11 529
13 12 225
13 14 598
13 15 933
13 16 170
13 17 58
13 18 818
13 19 407
13 20 644
13 21 542
13 22 1182
13 23 776
13 24 419
13 25 424
13 26 929
13 27 728
13 28 580
13 29 908
13 30 860
13 31 708
13 32 885
13 33 626
13 34 433
13 35 911
13 36 729
13 37 739
13 38 1014
13 39 329
13 40 230
13 41 647
13 42 620
13 43 122
13 44 311
13 45 798
13 46 840
13 47 449
13 48 486
13 49 566
13 50 730
13 51 631
13 52 620
13 53 494
13 54 23
13 55 644
13 56 324
13 57 477
13 58 533
13 59 768
13 60 808
13 61 861
13 62 372
13 63 306
13 64 598
13 65 496
13 66 543
13 67 339
13 68 76
13 69 464
13 70 199
13 71 654
13 72 921
13 73 127
13 74 188
13 75 724
13 76 683
13 77 478
13 78 796
13 79 603
13 80 1104
13 81 835
13 82 753
13 83 966
13 84 785
13 85 340
13 86 1102
13 87 718
13 88 801
13 89 465
13 90 694
13 91 991
13 92 698
13 93 906
13 94 773
13 95 740
13 96 884
13 97 328
13 98 925
13 99 402
13 100 981
14 1 569
14 2 418
14 3 275
14 4 108
14 5 613
14 6 333
14 7 619
14 8 330
14 9 403
14 10 73
14 11 95
14 12 376
14 13 598
14 15 336
14 16 435
14 17 546
14 18 372
14 19 423
14 20 361
14 21 121
14 22 587
14 23 339
14 24 434
14 25 458
14 26 369
14 27 236
14 28 473
14 29 314
14 30 365
14 31 136
14 32 663
14 33 132
14 34 569
14 35 337
14 36 301
14 37 478
14 38 439
14 39 307
14 40 373
14 41 361
14 42 488
14 43 492
14 44 407
14 45 274
14 46 377
14 47 150
14 48 272
14 49 476
14 50 585
14 51 202
14 52 289
14 53 455
14 54 590
14 55 554
14 56 386
14 57 316
14 58 534
14 59 214
14 60 314
14 61 296
14 62 367
14 63 464
14 64 208
14 65 437
14 66 157
14 67 270
14 68 652
14 69 498
14 70 400
14 71 223
14 72 334
14 73 674
14 74 682
14 75 149
14 76 305
14 77 234
14 78 254
14 79 468
14 80 508
14 81 240
14 82 189
14 83 538
14 84 325
14 85 261
14 86 512
14 87 483
14 88 335
14 89 142
14 90 168
14 91 410
14 92 609
14 93 357
14 94 216
14 95 225
14 96 380
14 97 393
14 98 436
14 99 520
14 100 394
15 1 812
15 2 404
15 3 601
15 4 356
15 5 782
15 6 466
15 7 684
15 8 665
15 9 166
15 10 377
15 11 413
15 12 711
15 13 933
15 14 336
15 16 770
15 17 881
15 18 389
15 19 708
15 20 531
15 21 413
15 22 260
15 23 390
15 24 712
15 25 736
15 26 204
15 27 318
15 28 691
15 29 60
15 30 327
15 31 246
15 32 746
15 33 348
15 34 843
15 35 160
15 36 393
15 37 600
15 38 186
15 39 633
15 40 708
15 41 529
15 42 688
15 43 826
15 44 721
15 45 271
15 46 376
15 47 485
15 48 545
15 49 700
15 50 742
15 51 394
15 52 479
15 53 705
15 54 926
15 55 746
15 56 697
15 57 583
15 58 776
15 59 230
15 60 314
15 61 179
15 62 669
15 63 772
15 64 426
15 65 689
15 66 431
15 67 603
15 68 987
15 69 760
15 70 736
15 71 386
15 72 106
15 73 1006
15 74 1009
15 75 232
15 76 445
15 77 520
15 78 243
15 79 670
15 80 177
15 81 103
15 82 227
15 83 487
15 84 367
15 85 596
15 86 201
15 87 625
15 88 361
15 89 473
15 90 293
15 91 160
15 92 785
15 93 223
15 94 223
15 95 292
15 96 319
15 97 704
15 98 356
15 99 802
15 100 114
16 1 427
16 2 700
16 3 227
16 4 456
16 5 679
16 6 583
16 7 741
16 8 119
16 9 810
16 10 398
16 11 376
16 12 93
16 13 170
16 14 435
16 15 770
16 17 114
16 18 652
16 19 352
16 20 486
16 21 372
16 22 1022
16 23 610
16 24 289
16 25 382
16 26 781
16 27 558
16 28 522
16 29 742
16 30 727
16 31 540
16 32 750
16 33 480
16 34 350
16 35 759
16 36 562
16 37 590
16 38 845
16 39 210
16 40 63
16 41 489
16 42 559
16 43 112
16 44 250
16 45 656
16 46 714
16 47 290
16 48 375
16 49 510
16 50 677
16 51 497
16 52 506
16 53 365
16 54 159
16 55 522
16 56 177
16 57 319
16 58 503
16 59 598
16 60 639
16 61 692
16 62 293
16 63 195
16 64 468
16 65 438
16 66 373
16 67 196
16 68 217
16 69 351
16 70 66
16 71 486
16 72 764
16 73 242
16 74 263
16 75 569
16 76 566
16 77 310
16 78 650
16 79 467
16 80 942
16 81 670
16 82 601
16 83 804
16 84 656
16 85 175
16 86 945
16 87 640
16 88 672
16 89 311
16 90 525
16 91 837
16 92 581
16 93 736
16 94 603
16 95 598
16 96 750
16 97 261
16 98 757
16 99 305
16 100 814
17 1 483
17 2 808
17 3 313
17 4 558
17 5 711
17 6 662
17 7 831
17 8 219
17 9 923
17 10 511
17 11 481
17 12 178
17 13 58
17 14 546
17 15 881
17 16 114
17 18 761
17 19 389
17 20 588
17 21 486
17 22 1131
17 23 719
17 24 367
17 25 411
17 26 883
17 27 671
17 28 563
17 29 854
17 30 820
17 31 653
17 32 834
17 33 580
17 34 393
17 35 863
17 36 672
17 37 684
17 38 958
17 39 289
17 40 175
17 41 591
17 42 603
17 43 96
17 44 289
17 45 754
17 46 802
17 47 398
17 48 451
17 49 550
17 50 717
17 51 589
17 52 585
17 53 443
17 54 45
17 55 595
17 56 268
17 57 421
17 58 525
17 59 712
17 60 751
17 61 805
17 62 345
17 63 257
17 64 558
17 65 479
17 66 486
17 67 292
17 68 110
17 69 416
17 70 150
17 71 597
17 72 871
17 73 147
17 74 193
17 75 675
17 76 648
17 77 420
17 78 750
17 79 551
17 80 1052
17 81 782
17 82 706
17 83 909
17 84 746
17 85 286
17 86 1053
17 87 696
17 88 761
17 89 416
17 90 638
17 91 942
17 92 650
17 93 850
17 94 717
17 95 696
17 96 843
17 97 304
17 98 868
17 99 357
17 100 927
18 1 497
18 2 50
18 3 597
18 4 474
18 5 984
18 6 688
18 7 297
18 8 594
18 9 284
18 10 334
18 11 459
18 12 640
18 13 818
18 14 372
18 15 389
18 16 652
18 17 761
18 19 777
18 20 208
18 21 321
18 22 608
18 23 43
18 24 458
18 25 815
18 26 565
18 27 137
18 28 845
18 29 329
18 30 643
18 31 259
18 32 358
18 33 491
18 34 561
18 35 518
18 36 91
18 37 224
18 38 305
18 39 624
18 40 601
18 41 204
18 42 860
18 43 748
18 44 736
18 45 555
18 46 678
18 47 465
18 48 639
18 49 847
18 50 953
18 51 563
18 52 656
18 53 414
18 54 803
18 55 394
18 56 505
18 57 350
18 58 902
18 59 197
18 60 79
18 61 210
18 62 712
18 63 557
18 64 577
18 65 804
18 66 299
18 67 572
18 68 845
18 69 473
18 70 652
18 71 176
18 72 475
18 73 845
18 74 821
18 75 429
18 76 660
18 77 343
18 78 524
18 79 336
18 80 531
18 81 325
18 82 462
18 83 168
18 84 641
18 85 510
18 86 576
18 87 847
18 88 645
18 89 477
18 90 207
18 91 545
18 92 419
18 93 184
18 94 200
18 95 534
18 96 648
18 97 727
18 98 113
18 99 536
18 100 329
19 1 746
19 2 826
19 3 196
19 4 356
19 5 328
19 6 326
19 7 968
19 8 274
19 9 815
19 10 444
19 11 328
19 12 266
19 13 407
19 14 423
19 15 708
19 16 352
19 17 389
19 18 777
19 20 689
19 21 459
19 22 914
19 23 738
19 24 591
19 25 39
19 26 626
19 27 646
19 28 175
19 29 707
19 30 519
19 31 558
19 32 996
19 33 360
19 34 687
19 35 625
19 36 693
19 37 812
19 38 849
19 39 181
19 40 328
19 41 691
19 42 214
19 43 294
19 44 103
19 45 488
19 46 485
19 47 315
19 48 163
19 49 162
19 50 329
19 51 321
19 52 263
19 53 656
19 54 417
19 55 807
19 56 478
19 57 551
19 58 156
19 59 636
19 60 730
19 61 715
19 62 73
19 63 530
19 64 286
19 65 90
19 66 488
19 67 236
19 68 483
19 69 664
19 70 288
19 71 606
19 72 655
19 73 531
19 74 581
19 75 476
19 76 325
19 77 489
19 78 499
19 79 732
19 80 849
19 81 633
19 82 486
19 83 945
19 84 438
19 85 323
19 86 828
19 87 313
19 88 454
19 89 300
19 90 584
19 91 705
19 92 869
19 93 779
19 94 638
19 95 438
19 96 544
19 97 92
19 98 854
19 99 636
19 100 793
20 1 294
20 2 244
20 3 495
20 4 467
20 5 950
20 6 693
20 7 279
20 8 457
20 9 469
20 10 295
20 11 418
20 12 497
20 13 644
20 14 361
20 15 531
20 16 486
20 17 588
20 18 208
20 19 689
20 21 255
20 22 778
20 23 175
20 24 254
20 25 728
20 26 668
20 27 214
20 28 795
20 29 476
20 30 708
20 31 317
20 32 312
20 33 492
20 34 353
20 35 624
20 36 147
20 37 124
20 38 496
20 39 516
20 40 446
20 41 4
20 42 819
20 43 592
20 44 626
20 45 614
20 46 729
20 47 383
20 48 582
20 49 793
20 50 927
20 51 561
20 52 641
20 53 207
20 54 626
20 55 216
20 56 321
20 57 168
20 58 833
20 59 302
20 60 244
20 61 367
20 62 618
20 63 361
20 64 561
20 65 737
20 66 218
20 67 459
20 68 660
20 69 266
20 70 501
20 71 156
20 72 593
20 73 654
20 74 623
20 75 478
20 76 664
20 77 202
20 78 587
20 79 140
20 80 696
20 81 441
20 82 519
20 83 327
20 84 681
20 85 380
20 86 730
20 87 835
20 88 690
20 89 406
20 90 254
20 91 672
20 92 261
20 93 370
20 94 309
20 95 575
20 96 719
20 97 621
20 98 320
20 99 329
20 100 504
21 1 449
21 2 371
21 3 277
21 4 218
21 5 697
21 6 441
21 7 527
21 8 288
21 9 438
21 10 49
21 11 163
21 12 336
21 13 542
21 14 121
21 15 413
21 16 372
21 17 486
21 18 321
21 19 459
21 20 255
21 22 672
21 23 281
21 24 318
21 25 497
21 26 481
21 27 200
21 28 545
21 29 377
21 30 485
21 31 171
21 32 565
21 33 245
21 34 453
21 35 445
21 36 236
21 37 377
21 38 473
21 39 304
21 40 313
21 41 256
21 42 567
21 43 451
21 44 416
21 45 393
21 46 497
21 47 145
21 48 333
21 49 545
21 50 672
21 51 310
21 52 386
21 53 335
21 54 531
21 55 437
21 56 285
21 57 197
21 58 591
21 59 227
21 60 285
21 61 320
21 62 392
21 63 361
21 64 307
21 65 494
21 66 39
21 67 253
21 68 586
21 69 380
21 70 354
21 71 148
21 72 433
21 73 600
21 74 598
21 75 264
21 76 413
21 77 117
21 78 372
21 79 351
21 80 590
21 81 311
21 82 306
21 83 488
21 84 444
21 85 206
21 86 604
21 87 580
21 88 454
21 89 161
21 90 154
21 91 513
21 92 494
21 93 367
21 94 232
21 95 345
21 96 500
21 97 406
21 98 409
21 99 406
21 100 444
22 1 1065
22 2 608
22 3 838
22 4 584
22 5 912
22 6 621
22 7 888
22 8 913
22 9 328
22 10 635
22 11 654
22 12 958
22 13 1182
22 14 587
22 15 260
22 16 1022
22 17 1131
22 18 608
22 19 914
22 20 778
22 21 672
22 23 620
22 24 971
22 25 937
22 26 296
22 27 567
22 28 858
22 29 306
22 30 430
22 31 506
22 32 952
22 33 569
22 34 1101
22 35 290
22 36 634
22 37 830
22 38 316
22 39 869
22 40 960
22 41 775
22 42 845
22 43 1070
22 44 945
22 45 430
22 46 481
22 47 733
22 48 756
22 49 871
22 50 868
22 51 594
22 52 660
22 53 961
22 54 1176
22 55 989
22 56 957
22 57 842
22 58 951
22 59 483
22 60 543
22 61 411
22 62 888
22 63 1032
22 64 629
22 65 878
22 66 691
22 67 846
22 68 1238
22 69 1017
22 70 984
22 71 641
22 72 265
22 73 1261
22 74 1266
22 75 460
22 76 609
22 77 780
22 78 416
22 79 917
22 80 84
22 81 363
22 82 437
22 83 658
22 84 503
22 85 848
22 86 88
22 87 756
22 88 490
22 89 717
22 90 550
22 91 211
22 92 1022
22 93 425
22 94 476
22 95 477
22 96 410
22 97 927
22 98 540
22 99 1061
22 100 279
23 1 468
23 2 92
23 3 557
23 4 443
23 5 951
23 6 660
23 7 307
23 8 552
23 9 301
23 10 297
23 11 423
23 12 598
23 13 776
23 14 339
23 15 390
23 16 610
23 17 719
23 18 43
23 19 738
23 20 175
23 21 281
23 22 620
23 24 420
23 25 776
23 26 557
23 27 108
23 28 810
23 29 331
23 30 626
23 31 234
23 32 364
23 33 461
23 34 527
23 35 510
23 36 49
23 37 212
23 38 325
23 39 584
23 40 559
23 41 172
23 42 827
23 43 706
23 44 696
23 45 536
23 46 658
23 47 426
23 48 603
23 49 812
23 50 922
23 51 534
23 52 625
23 53 380
23 54 761
23 55 373
23 56 464
23 57 310
23 58 865
23 59 180
23 60 78
23 61 213
23 62 673
23 63 518
23 64 545
23 65 767
23 66 258
23 67 531
23 68 804
23 69 440
23 70 610
23 71 135
23 72 470
23 73 804
23 74 781
23 75 406
23 76 632
23 77 301
23 78 506
23 79 309
23 80 540
23 81 317
23 82 442
23 83 207
23 84 619
23 85 469
23 86 582
23 87 817
23 88 624
23 89 439
23 90 177
23 91 543
23 92 403
23 93 200
23 94 185
23 95 511
23 96 632
23 97 687
23 98 152
23 99 501
23 100 342
24 1 157
24 2 497
24 3 407
24 4 514
24 5 900
24 6 714
24 7 466
24 8 319
24 9 691
24 10 365
24 11 437
24 12 340
24 13 419
24 14 434
24 15 712
24 16 289
24 17 367
24 18 458
24 19 591
24 20 254
24 21 318
24 22 971
24 23 420
24 25 628
24 26 798
24 27 419
24 28 738
24 29 666
24 30 795
24 31 469
24 32 467
24 33 542
24 34 135
24 35 762
24 36 381
24 37 327
24 38 723
24 39 413
24 40 276
24 41 258
24 42 770
24 43 400
24 44 502
24 45 706
24 46 801
24 47 359
24 48 542
24 49 731
24 50 888
24 51 593
24 52 645
24 53 77
24 54 398
24 55 233
24 56 117
24 57 130
24 58 746
24 59 492
24 60 477
24 61 577
24 62 521
24 63 115
24 64 578
24 65 663
24 66 289
24 67 363
24 68 421
24 69 75
24 70 330
24 71 338
24 72 747
24 73 407
24 74 371
24 75 582
24 76 689
24 77 202
24 78 687
24 79 185
24 80 888
24 81 612
24 82 623
24 83 578
24 84 745
24 85 277
24 86 910
24 87 821
24 88 757
24 89 390
24 90 422
24 91 827
24 92 292
24 93 598
24 94 499
24 95 654
24 96 813
24 97 505
24 98 570
24 99 90
24 100 715
25 1 782
25 2 863
25 3 234
25 4 388
25 5 302
25 6 337
25 7 1007
25 8 309
25 9 847
25 10 482
25 11 364
25 12 299
25 13 424
25 14 458
25 15 736
25 16 382
25 17 411
25 18 815
25 19 39
25 20 728
25 21 497
25 22 937
25 23 776
25 24 628
25 26 646
25 27 683
25 28 158
25 29 738
25 30 534
25 31 593
25 32 1035
25 33 390
25 34 721
25 35 648
25 36 731
25 37 851
25 38 881
25 39 219
25 40 361
25 41 729
25 42 197
25 43 316
25 44 132
25 45 508
25 46 497
25 47 353
25 48 194
25 49 143
25 50 307
25 51 346
25 52 280
25 53 693
25 54 435
25 55 845
25 56 514
25 57 589
25 58 122
25 59 671
25 60 766
25 61 749
25 62 111
25 63 563
25 64 312
25 65 79
25 66 526
25 67 274
25 68 500
25 69 700
25 70 319
25 71 644
25 72 679
25 73 549
25 74 603
25 75 505
25 76 339
25 77 528
25 78 521
25 79 771
25 80 874
25 81 664
25 82 512
25 83 982
25 84 453
25 85 361
25 86 850
25 87 305
25 88 468
25 89 338
25 90 620
25 91 727
25 92 906
25 93 813
25 94 673
25 95 461
25 96 559
25 97 124
25 98 891
25 99 671
25 100 824
26 1 922
26 2 589
26 3 575
26 4 326
26 5 623
26 6 326
26 7 861
26 8 666
26 9 369
26 10 434
26 11 406
26 12 706
26 13 929
26 14 369
26 15 204
26 16 781
26 17 883
26 18 565
26 19 626
26 20 668
26 21 481
26 22 296
26 23 557
26 24 798
26 25 646
26 27 464
26 28 563
26 29 255
26 30 142
26 31 352
26 32 920
26 33 304
26 34 933
26 35 48
26 36 547
26 37 757
26 38 386
26 39 604
26 40 720
26 41 666
26 42 551
26 43 812
26 44 667
26 45 139
26 46 194
26 47 494
26 48 473
26 49 576
26 50 581
26 51 311
26 52 368
26 53 809
26 54 926
26 55 881
26 56 754
26 57 674
26 58 656
26 59 378
26 60 487
26 61 363
26 62 606
26 63 832
26 64 346
26 65 584
26 66 511
26 67 592
26 68 993
26 69 858
26 70 734
26 71 513
26 72 99
26 73 1022
26 74 1039
26 75 220
26 76 314
26 77 597
26 78 134
26 79 798
26 80 247
26 81 241
26 82 182
26 83 683
26 84 208
26 85 614
26 86 208
26 87 466
26 88 197
26 89 471
26 90 415
26 91 88
26 92 928
26 93 419
26 94 373
26 95 193
26 96 126
26 97 648
26 98 552
26 99 886
26 100 315
27 1 500
27 2 183
27 3 473
27 4 337
27 5 847
27 6 553
27 7 409
27 8 485
27 9 273
27 10 203
27 11 324
27 12 532
27 13 728
27 14 236
27 15 318
27 16 558
27 17 671
27 18 137
27 19 646
27 20 214
27 21 200
27 22 567
27 23 108
27 24 419
27 25 683
27 26 464
27 28 708
27 29 263
27 30 524
27 31 128
27 32 463
27 33 354
27 34 541
27 35 418
27 36 84
27 37 294
27 38 305
27 39 502
27 40 503
27 41 212
27 42 723
27 43 645
27 44 612
27 45 432
27 46 554
27 47 339
27 48 504
27 49 711
27 50 817
27 51 427
27 52 520
27 53 397
27 54 715
27 55 429
27 56 435
27 57 293
27 58 767
27 59 89
27 60 86
27 61 160
27 62 584
27 63 500
27 64 440
27 65 669
27 66 188
27 67 452
27 68 764
27 69 455
27 70 548
27 71 81
27 72 384
27 73 772
27 74 758
27 75 301
27 76 525
27 77 255
27 78 403
27 79 353
27 80 484
27 81 230
27 82 337
27 83 303
27 84 513
27 85 402
27 86 517
27 87 711
27 88 518
27 89 348
27 90 70
27 91 461
27 92 470
27 93 184
27 94 95
27 95 405
27 96 531
27 97 602
27 98 211
27 99 506
27 100 299
28 1 895
28 2 891
28 3 332
28 4 378
28 5 163
28 6 238
28 7 1071
28 8 431
28 9 823
28 10 518
28 11 389
28 12 432
28 13 580
28 14 473
28 15 691
28 16 522
28 17 563
28 18 845
28 19 175
28 20 795
28 21 545
28 22 858
28 23 810
28 24 738
28 25 158
28 26 563
28 27 708
28 29 705
28 30 434
28 31 599
28 32 1107
28 33 369
28 34 844
28 35 575
28 36 770
28 37 919
28 38 855
28 39 329
28 40 490
28 41 796
28 42 40
28 43 468
28 44 277
28 45 434
28 46 389
28 47 413
28 48 214
28 49 17
28 50 156
28 51 304
28 52 212
28 53 797
28 54 591
28 55 940
28 56 630
28 57 677
28 58 96
28 59 677
28 60 786
28 61 741
28 62 229
28 63 689
28 64 279
28 65 85
28 66 581
28 67 375
28 68 656
28 69 812
28 70 457
28 71 686
28 72 616
28 73 705
28 74 755
28 75 472
28 76 251
28 77 605
28 78 455
28 79 860
28 80 805
28 81 636
28 82 466
28 83 1011
28 84 357
28 85 462
28 86 771
28 87 152
28 88 370
28 89 389
28 90 640
28 91 649
28 92 1001
28 93 809
28 94 677
28 95 400
28 96 457
28 97 263
28 98 905
28 99 793
28 100 791
29 1 761
29 2 345
29 3 586
29 4 352
29 5 806
29 6 488
29 7 625
29 8 642
29 9 125
29 10 345
29 11 398
29 12 689
29 13 908
29 14 314
29 15 60
29 16 742
29 17 854
29 18 329
29 19 707
29 20 476
29 21 377
29 22 306
29 23 331
29 24 666
29 25 738
29 26 255
29 27 263
29 28 705
29 30 368
29 31 206
29 32 687
29 33 349
29 34 795
29 35 209
29 36 336
29 37 542
29 38 152
29 39 618
29 40 680
29 41 473
29 42 705
29 43 805
29 44 711
29 45 301
29 46 414
29 47 464
29 48 545
29 49 713
29 50 767
29 51 403
29 52 493
29 53 655
29 54 899
29 55 691
29 56 658
29 57 537
29 58 786
29 59 178
29 60 255
29 61 120
29 62 663
29 63 731
29 64 432
29 65 696
29 66 391
29 67 584
29 68 958
29 69 711
29 70 712
29 71 335
29 72 157
29 73 975
29 74 974
29 75 235
29 76 465
29 77 478
29 78 271
29 79 615
29 80 223
29 81 76
29 82 240
29 83 430
29 84 398
29 85 568
29 86 255
29 87 651
29 88 395
29 89 455
29 90 245
29 91 218
29 92 728
29 93 166
29 94 171
29 95 312
29 96 363
29 97 696
29 98 299
29 99 756
29 100 88
30 1 933
30 2 675
30 3 507
30 4 285
30 5 483
30 6 200
30 7 932
30 8 609
30 9 490
30 10 437
30 11 368
30 12 643
30 13 860
30 14 365
30 15 327
30 16 727
30 17 820
30 18 643
30 19 519
30 20 708
30 21 485
30 22 430
30 23 626
30 24 795
30 25 534
30 26 142
30 27 524
30 28 434
30 29 368
30 31 399
30 32 986
30 33 258
30 34 929
30 35 172
30 36 607
30 37 811
30 38 512
30 39 532
30 40 669
30 41 706
30 42 417
30 43 739
30 44 575
30 45 94
30 46 52
30 47 456
30 48 381
30 49 447
30 50 440
30 51 231
30 52 257
30 53 819
30 54 861
30 55 913
30 56 732
30 57 680
30 58 529
30 59 448
30 60 566
30 61 459
30 62 512
30 63 810
30 64 262
30 65 466
30 66 521
30 67 532
30 68 929
30 69 861
30 70 672
30 71 554
30 72 225
30 73 964
30 74 989
30 75 230
30 76 196
30 77 598
30 78 122
30 79 827
30 80 388
30 81 330
30 82 189
30 83 780
30 84 82
30 85 573
30 86 345
30 87 327
30 88 66
30 89 428
30 90 463
30 91 228
30 92 965
30 93 522
30 94 444
30 95 141
30 96 25
30 97 556
30 98 651
30 99 878
30 100 441
31 1 578
31 2 300
31 3 406
31 4 222
31 5 730
31 6 429
31 7 536
31 8 446
31 9 275
31 10 143
31 11 231
31 12 493
31 13 708
31 14 136
31 15 246
31 16 540
31 17 653
31 18 259
31 19 558
31 20 317
31 21 171
31 22 506
31 23 234
31 24 469
31 25 593
31 26 352
31 27 128
31 28 599
31 29 206
31 30 399
31 32 589
31 33 235
31 34 601
31 35 309
31 36 209
31 37 414
31 38 310
31 39 437
31 40 479
31 41 315
31 42 610
31 43 610
31 44 541
31 45 306
31 46 427
31 47 274
31 48 405
31 49 603
31 50 698
31 51 307
31 52 401
31 53 467
31 54 698
31 55 530
31 56 453
31 57 339
31 58 665
31 59 79
31 60 190
31 61 162
31 62 502
31 63 527
31 64 324
31 65 569
31 66 186
31 67 395
31 68 755
31 69 520
31 70 515
31 71 162
31 72 284
31 73 771
31 74 768
31 75 173
31 76 401
31 77 274
31 78 277
31 79 447
31 80 423
31 81 144
31 82 211
31 83 418
31 84 386
31 85 368
31 86 442
31 87 589
31 88 391
31 89 273
31 90 65
31 91 364
31 92 577
31 93 222
31 94 81
31 95 278
31 96 407
31 97 528
31 98 306
31 99 558
31 100 275
32 1 385
32 2 346
32 3 801
32 4 771
32 5 1261
32 6 996
32 7 66
32 8 749
32 9 626
32 10 601
32 11 727
32 12 782
32 13 885
32 14 663
32 15 746
32 16 750
32 17 834
32 18 358
32 19 996
32 20 312
32 21 565
32 22 952
32 23 364
32 24 467
32 25 1035
32 26 920
32 27 463
32 28 1107
32 29 687
32 30 986
32 31 589
32 33 794
32 34 485
32 35 873
32 36 380
32 37 188
32 38 638
32 39 819
32 40 724
32 41 311
32 42 1130
32 43 861
32 44 926
32 45 894
32 46 1015
32 47 694
32 48 893
32 49 1104
32 50 1237
32 51 865
32 52 949
32 53 391
32 54 864
32 55 248
32 56 574
32 57 450
32 58 1142
32 59 544
32 60 435
32 61 567
32 62 924
32 63 579
32 64 869
32 65 1047
32 66 528
32 67 762
32 68 881
32 69 426
32 70 780
32 71 442
32 72 832
32 73 859
32 74 809
32 75 761
32 76 968
32 77 508
32 78 865
32 79 284
32 80 879
32 81 680
32 82 799
32 83 311
32 84 972
32 85 678
32 86 929
32 87 1143
32 88 978
32 89 718
32 90 525
32 91 903
32 92 210
32 93 533
32 94 549
32 95 864
32 96 993
32 97 923
32 98 413
32 99 495
32 100 678
33 1 686
33 2 534
33 3 273
33 4 29
33 5 495
33 6 203
33 7 748
33 8 363
33 9 461
33 10 200
33 11 111
33 12 402
33 13 626
33 14 132
33 15 348
33 16 480
33 17 580
33 18 491
33 19 360
33 20 492
33 21 245
33 22 569
33 23 461
33 24 542
33 25 390
33 26 304
33 27 354
33 28 369
33 29 349
33 30 258
33 31 235
33 32 794
33 34 674
33 35 287
33 36 427
33 37 609
33 38 494
33 39 302
33 40 419
33 41 492
33 42 377
33 43 509
33 44 377
33 45 178
33 46 259
33 47 199
33 48 197
33 49 374
33 50 464
33 51 73
33 52 167
33 53 572
33 54 623
33 55 681
33 56 475
33 57 434
33 58 442
33 59 311
33 60 425
33 61 373
33 62 322
33 63 553
33 64 90
33 65 350
33 66 283
33 67 288
33 68 689
33 69 611
33 70 430
33 71 353
33 72 305
33 73 720
33 74 740
33 75 117
33 76 174
33 77 350
33 78 171
33 79 595
33 80 498
33 81 276
33 82 133
33 83 652
33 84 203
33 85 318
33 86 486
33 87 357
33 88 216
33 89 173
33 90 285
33 91 368
33 92 738
33 93 440
33 94 311
33 95 120
33 96 278
33 97 360
33 98 539
33 99 623
33 100 436
34 1 101
34 2 595
34 3 515
34 4 646
34 5 1006
34 6 840
34 7 501
34 8 415
34 9 812
34 10 500
34 11 567
34 12 423
34 13 433
34 14 569
34 15 843
34 16 350
34 17 393
34 18 561
34 19 687
34 20 353
34 21 453
34 22 1101
34 23 527
34 24 135
34 25 721
34 26 933
34 27 541
34 28 844
34 29 795
34 30 929
34 31 601
34 32 485
34 33 674
34 35 897
34 36 493
34 37 389
34 38 842
34 39 515
34 40 360
34 41 357
34 42 879
34 43 452
34 44 590
34 45 840
34 46 933
34 47 487
34 48 658
34 49 835
34 50 998
34 51 723
34 52 769
34 53 148
34 54 411
34 55 238
34 56 216
34 57 262
34 58 841
34 59 619
34 60 592
34 61 701
34 62 619
34 63 158
34 64 706
34 65 765
34 66 423
34 67 472
34 68 411
34 69 88
34 70 406
34 71 463
34 72 881
34 73 382
34 74 326
34 75 716
34 76 816
34 77 337
34 78 822
34 79 239
34 80 1018
34 81 743
34 82 757
34 83 659
34 84 877
34 85 392
34 86 1042
34 87 938
34 88 890
34 89 517
34 90 551
34 91 961
34 92 280
34 93 716
34 94 626
34 95 788
34 96 946
34 97 597
34 98 672
34 99 53
34 100 840
35 1 883
35 2 542
35 3 560
35 4 306
35 5 646
35 6 340
35 7 814
35 8 645
35 9 325
35 10 400
35 11 383
35 12 686
35 13 911
35 14 337
35 15 160
35 16 759
35 17 863
35 18 518
35 19 625
35 20 624
35 21 445
35 22 290
35 23 510
35 24 762
35 25 648
35 26 48
35 27 418
35 28 575
35 29 209
35 30 172
35 31 309
35 32 873
35 33 287
35 34 897
35 36 501
35 37 711
35 38 344
35 39 589
35 40 697
35 41 622
35 42 566
35 43 795
35 44 659
35 45 142
35 46 223
35 47 470
35 48 468
35 49 586
35 50 605
35 51 305
35 52 372
35 53 770
35 54 907
35 55 838
35 56 722
35 57 636
35 58 666
35 59 332
35 60 440
35 61 316
35 62 600
35 63 801
35 64 340
35 65 589
35 66 474
35 67 573
35 68 972
35 69 820
35 70 714
35 71 469
35 72 55
35 73 1000
35 74 1014
35 75 191
35 76 324
35 77 561
35 78 127
35 79 756
35 80 230
35 81 194
35 82 158
35 83 636
35 84 227
35 85 589
35 86 203
35 87 488
35 88 218
35 89 449
35 90 371
35 91 82
35 92 884
35 93 372
35 94 326
35 95 187
35 96 162
35 97 641
35 98 505
35 99 850
35 100 273
36 1 440
36 2 140
36 3 511
36 4 407
36 5 914
36 6 628
36 7 327
36 8 504
36 9 323
36 10 254
36 11 382
36 12 550
36 13 729
36 14 301
36 15 393
36 16 562
36 17 672
36 18 91
36 19 693
36 20 147
36 21 236
36 22 634
36 23 49
36 24 381
36 25 731
36 26 547
36 27 84
36 28 770
36 29 336
36 30 607
36 31 209
36 32 380
36 33 427
36 34 493
36 35 501
36 37 211
36 38 351
36 39 537
36 40 512
36 41 143
36 42 788
36 43 658
36 44 649
36 45 515
36 46 636
36 47 380
36 48 561
36 49 771
36 50 885
36 51 500
36 52 590
36 53 346
36 54 714
36 55 356
36 56 419
36 57 266
36 58 823
36 59 170
36 60 99
36 61 223
36 62 627
36 63 475
36 64 509
36 65 725
36 66 211
36 67 483
36 68 758
36 69 406
36 70 562
36 71 88
36 72 465
36 73 759
36 74 738
36 75 382
36 76 599
36 77 253
36 78 486
36 79 285
36 80 552
36 81 311
36 82 420
36 83 254
36 84 594
36 85 421
36 86 590
36 87 783
36 88 600
36 89 394
36 90 147
36 91 541
36 92 392
36 93 224
36 94 176
36 95 486
36 96 614
36 97 640
36 98 197
36 99 464
36 100 358
37 1 305
37 2 237
37 3 618
37 4 585
37 5 1073
37 6 810
37 7 157
37 8 574
37 9 507
37 10 414
37 11 540
37 12 611
37 13 739
37 14 478
37 15 600
37 16 590
37 17 684
37 18 224
37 19 812
37 20 124
37 21 377
37 22 830
37 23 212
37 24 327
37 25 851
37 26 757
37 27 294
37 28 919
37 29 542
37 30 811
37 31 414
37 32 188
37 33 609
37 34 389
37 35 711
37 36 211
37 38 528
37 39 637
37 40 556
37 41 124
37 42 942
37 43 699
37 44 746
37 45 718
37 46 837
37 47 507
37 48 706
37 49 917
37 50 1049
37 51 679
37 52 761
37 53 259
37 54 720
37 55 180
37 56 417
37 57 276
37 58 956
37 59 381
37 60 289
37 61 424
37 62 741
37 63 441
37 64 681
37 65 861
37 66 340
37 67 581
37 68 747
37 69 310
37 70 612
37 71 260
37 72 675
37 73 733
37 74 693
37 75 583
37 76 782
37 77 324
37 78 690
37 79 151
37 80 751
37 81 521
37 82 623
37 83 274
37 84 792
37 85 499
37 86 793
37 87 955
37 88 799
37 89 530
37 90 349
37 91 751
37 92 196
37 93 407
37 94 386
37 95 684
37 96 820
37 97 742
37 98 318
37 99 381
37 100 551
38 1 790
38 2 297
38 3 713
38 4 494
38 5 958
38 6 640
38 7 573
38 8 755
38 9 36
38 10 452
38 11 530
38 12 803
38 13 1014
38 14 439
38 15 186
38 16 845
38 17 958
38 18 305
38 19 849
38 20 496
38 21 473
38 22 316
38 23 325
38 24 723
38 25 881
38 26 386
38 27 305
38 28 855
38 29 152
38 30 512
38 31 310
38 32 638
38 33 494
38 34 842
38 35 344
38 36 351
38 37 528
38 39 745
38 40 785
38 41 493
38 42 856
38 43 919
38 44 844
38 45 451
38 46 560
38 47 583
38 48 688
38 49 862
38 50 919
38 51 552
38 52 643
38 53 695
38 54 1003
38 55 697
38 56 737
38 57 598
38 58 934
38 59 247
38 60 252
38 61 154
38 62 800
38 63 804
38 64 580
38 65 843
38 66 476
38 67 705
38 68 1057
38 69 754
38 70 823
38 71 386
38 72 290
38 73 1069
38 74 1059
38 75 383
38 76 617
38 77 555
38 78 422
38 79 633
38 80 248
38 81 219
38 82 391
38 83 344
38 84 548
38 85 676
38 86 305
38 87 802
38 88 544
38 89 579
38 90 322
38 91 327
38 92 723
38 93 127
38 94 242
38 95 464
38 96 504
38 97 830
38 98 225
38 99 809
38 100 72
39 1 569
39 2 674
39 3 32
39 4 285
39 5 492
39 6 375
39 7 793
39 8 103
39 9 709
39 10 304
39 11 220
39 12 118
39 13 329
39 14 307
39 15 633
39 16 210
39 17 289
39 18 624
39 19 181
39 20 516
39 21 304
39 22 869
39 23 584
39 24 413
39 25 219
39 26 604
39 27 502
39 28 329
39 29 618
39 30 532
39 31 437
39 32 819
39 33 302
39 34 515
39 35 589
39 36 537
39 37 637
39 38 745
39 40 166
39 41 517
39 42 364
39 43 209
39 44 113
39 45 471
39 46 513
39 47 166
39 48 166
39 49 321
39 50 483
39 51 302
39 52 299
39 53 476
39 54 329
39 55 626
39 56 302
39 57 371
39 58 335
39 59 511
39 60 587
39 61 599
39 62 109
39 63 361
39 64 270
39 65 251
39 66 327
39 67 57
39 68 398
39 69 486
39 70 147
39 71 449
39 72 605
39 73 435
39 74 469
39 75 410
39 76 360
39 77 314
39 78 470
39 79 552
39 80 795
39 81 543
39 82 433
39 83 790
39 84 457
39 85 143
39 86 786
39 87 434
39 88 473
39 89 166
39 90 448
39 91 670
39 92 688
39 93 656
39 94 514
39 95 413
39 96 556
39 97 106
39 98 712
39 99 464
39 100 699
40 1 425
40 2 650
40 3 177
40 4 396
40 5 651
40 6 532
40 7 710
40 8 65
40 9 750
40 10 336
40 11 315
40 12 65
40 13 230
40 14 373
40 15 708
40 16 63
40 17 175
40 18 601
40 19 328
40 20 446
40 21 313
40 22 960
40 23 559
40 24 276
40 25 361
40 26 720
40 27 503
40 28 490
40 29 680
40 30 669
40 31 479
40 32 724
40 33 419
40 34 360
40 35 697
40 36 512
40 37 556
40 38 785
40 39 166
40 41 449
40 42 527
40 43 148
40 44 231
40 45 597
40 46 657
40 47 228
40 48 327
40 49 480
40 50 646
40 51 440
40 52 455
40 53 349
40 54 220
40 55 506
40 56 160
40 57 281
40 58 482
40 59 539
40 60 585
40 61 632
40 62 262
40 63 202
40 64 412
40 65 409
40 66 316
40 67 141
40 68 280
40 69 345
40 70 57
40 71 432
40 72 702
40 73 303
40 74 321
40 75 507
40 76 513
40 77 260
40 78 589
40 79 443
40 80 880
40 81 608
40 82 540
40 83 757
40 84 600
40 85 112
40 86 883
40 87 599
40 88 615
40 89 249
40 90 466
40 91 775
40 92 566
40 93 678
40 94 544
40 95 538
40 96 691
40 97 238
40 98 704
40 99 310
40 100 753
41 1 298
41 2 241
41 3 497
41 4 467
41 5 950
41 6 692
41 7 278
41 8 459
41 9 466
41 10 294
41 11 418
41 12 499
41 13 647
41 14 361
41 15 529
41 16 489
41 17 591
41 18 204
41 19 691
41 20 4
41 21 256
41 22 775
41 23 172
41 24 258
41 25 729
41 26 666
41 27 212
41 28 796
41 29 473
41 30 706
41 31 315
41 32 311
41 33 492
41 34 357
41 35 622
41 36 143
41 37 124
41 38 493
41 39 517
41 40 449
41 42 819
41 43 595
41 44 628
41 45 613
41 46 728
41 47 384
41 48 582
41 49 794
41 50 927
41 51 561
41 52 641
41 53 210
41 54 629
41 55 219
41 56 324
41 57 171
41 58 834
41 59 300
41 60 241
41 61 364
41 62 620
41 63 364
41 64 561
41 65 738
41 66 218
41 67 461
41 68 664
41 69 270
41 70 504
41 71 154
41 72 591
41 73 657
41 74 626
41 75 477
41 76 664
41 77 204
41 78 586
41 79 143
41 80 693
41 81 439
41 82 518
41 83 324
41 84 680
41 85 382
41 86 728
41 87 835
41 88 689
41 89 407
41 90 252
41 91 670
41 92 263
41 93 366
41 94 306
41 95 574
41 96 717
41 97 623
41 98 316
41 99 333
41 100 501
42 1 927
42 2 905
42 3 365
42 4 389
42 5 132
42 6 227
42 7 1093
42 8 466
42 9 826
42 10 537
42 11 407
42 12 469
42 13 620
42 14 488
42 15 688
42 16 559
42 17 603
42 18 860
42 19 214
42 20 819
42 21 567
42 22 845
42 23 827
42 24 770
42 25 197
42 26 551
42 27 723
42 28 40
42 29 705
42 30 417
42 31 610
42 32 1130
42 33 377
42 34 879
42 35 566
42 36 788
42 37 942
42 38 856
42 39 364
42 40 527
42 41 819
42 43 508
42 44 316
42 45 426
42 46 370
42 47 439
42 48 239
42 49 55
42 50 120
42 51 309
42 52 215
42 53 828
42 54 630
42 55 969
42 56 664
42 57 706
42 58 123
42 59 687
42 60 799
42 61 747
42 62 267
42 63 725
42 64 288
42 65 125
42 66 603
42 67 408
42 68 696
42 69 844
42 70 494
42 71 705
42 72 609
42 73 744
42 74 795
42 75 475
42 76 244
42 77 632
42 78 448
42 79 888
42 80 795
42 81 639
42 82 466
42 83 1025
42 84 343
42 85 494
42 86 758
42 87 118
42 88 355
42 89 414
42 90 655
42 91 637
42 92 1030
42 93 816
42 94 687
42 95 396
42 96 440
42 97 302
42 98 916
42 99 827
42 100 791
43 1 535
43 2 797
43 3 237
43 4 489
43 5 617
43 6 574
43 7 851
43 8 164
43 9 884
43 10 467
43 11 417
43 12 117
43 13 122
43 14 492
43 15 826
43 16 112
43 17 96
43 18 748
43 19 294
43 20 592
43 21 451
43 22 1070
43 23 706
43 24 400
43 25 316
43 26 812
43 27 645
43 28 468
43 29 805
43 30 739
43 31 610
43 32 861
43 33 509
43 34 452
43 35 795
43 36 658
43 37 699
43 38 919
43 39 209
43 40 148
43 41 595
43 42 508
43 44 194
43 45 679
43 46 718
43 47 342
43 48 365
43 49 455
43 50 622
43 51 510
43 52 499
43 53 477
43 54 127
43 55 633
43 56 288
43 57 425
43 58 432
43 59 675
43 60 728
43 61 767
43 62 252
43 63 302
43 64 478
43 65 383
43 66 458
43 67 225
43 68 195
43 69 460
43 70 98
43 71 577
43 72 808
43 73 239
43 74 288
43 75 611
43 76 562
43 77 407
43 78 678
43 79 578
43 80 994
43 81 731
43 82 638
43 83 904
43 84 663
43 85 245
43 86 989
43 87 602
43 88 679
43 89 354
43 90 604
43 91 875
43 92 691
43 93 817
43 94 680
43 95 622
43 96 763
43 97 210
43 98 849
43 99 410
43 100 882
44 1 655
44 2 786
44 3 140
44 4 366
44 5 430
44 6 395
44 7 903
44 8 184
44 9 809
44 10 412
44 11 315
44 12 168
44 13 311
44 14 407
44 15 721
44 16 250
44 17 289
44 18 736
44 19 103
44 20 626
44 21 416
44 22 945
44 23 696
44 24 502
44 25 132
44 26 667
44 27 612
44 28 277
44 29 711
44 30 575
44 31 541
44 32 926
44 33 377
44 34 590
44 35 659
44 36 649
44 37 746
44 38 844
44 39 113
44 40 231
44 41 628
44 42 316
44 43 194
44 45 529
44 46 548
44 47 274
44 48 196
44 49 264
44 50 431
44 51 357
44 52 323
44 53 571
44 54 319
44 55 725
44 56 387
44 57 476
44 58 253
44 59 617
44 60 697
44 61 702
44 62 65
44 63 433
44 64 322
44 65 192
44 66 439
44 67 168
44 68 386
44 69 573
44 70 188
44 71 561
44 72 681
44 73 432
44 74 480
44 75 491
44 76 387
44 77 424
44 78 535
44 79 654
44 80 875
44 81 636
44 82 509
44 83 903
44 84 496
44 85 248
44 86 860
44 87 409
44 88 512
44 89 270
44 90 556
44 91 740
44 92 786
44 93 762
44 94 620
44 95 475
44 96 600
44 97 20
44 98 823
44 99 541
44 100 795
45 1 842
45 2 589
45 3 443
45 4 204
45 5 513
45 6 200
45 7 841
45 8 539
45 9 426
45 10 345
45 11 287
45 12 577
45 13 798
45 14 274
45 15 271
45 16 656
45 17 754
45 18 555
45 19 488
45 20 614
45 21 393
45 22 430
45 23 536
45 24 706
45 25 508
45 26 139
45 27 432
45 28 434
45 29 301
45 30 94
45 31 306
45 32 894
45 33 178
45 34 840
45 35 142
45 36 515
45 37 718
45 38 451
45 39 471
45 40 597
45 41 613
45 42 426
45 43 679
45 44 529
45 46 123
45 47 376
45 48 335
45 49 445
45 50 472
45 51 173
45 52 231
45 53 728
45 54 797
45 55 819
45 56 648
45 57 589
45 58 525
45 59 359
45 60 479
45 61 380
45 62 468
45 63 726
45 64 208
45 65 448
45 66 429
45 67 463
45 68 864
45 69 771
45 70 605
45 71 461
45 72 184
45 73 896
45 74 917
45 75 137
45 76 183
45 77 507
45 78 32
45 79 734
45 80 372
45 81 252
45 82 96
45 83 697
45 84 98
45 85 496
45 86 342
45 87 355
45 88 95
45 89 350
45 90 370
45 91 219
45 92 871
45 93 445
45 94 356
45 95 59
45 96 108
45 97 510
45 98 569
45 99 791
45 100 382
46 1 943
46 2 711
46 3 490
46 4 287
46 5 432
46 6 160
46 7 962
46 8 596
46 9 537
46 10 449
46 11 367
46 12 627
46 13 840
46 14 377
46 15 376
46 16 714
46 17 802
46 18 678
46 19 485
46 20 729
46 21 497
46 22 481
46 23 658
46 24 801
46 25 497
46 26 194
46 27 554
46 28 389
46 29 414
46 30 52
46 31 427
46 32 1015
46 33 259
46 34 933
46 35 223
46 36 636
46 37 837
46 38 560
46 39 513
46 40 657
46 41 728
46 42 370
46 43 718
46 44 548
46 45 123
46 47 452
46 48 356
46 49 403
46 50 389
46 51 219
46 52 225
46 53 829
46 54 842
46 55 930
46 56 731
46 57 690
46 58 484
46 59 482
46 60 601
46 61 500
46 62 483
46 63 808
46 64 246
46 65 426
46 66 534
46 67 518
46 68 910
46 69 869
46 70 657
46 71 578
46 72 276
46 73 947
46 74 976
46 75 255
46 76 162
46 77 607
46 78 155
46 79 844
46 80 440
46 81 372
46 82 217
46 83 819
46 84 58
46 85 567
46 86 396
46 87 276
46 88 44
46 89 424
46 90 490
46 91 280
46 92 984
46 93 565
46 94 478
46 95 155
46 96 72
46 97 528
46 98 691
46 99 882
46 100 489
47 1 511
47 2 514
47 3 136
47 4 173
47 5 570
47 6 355
47 7 661
47 8 181
47 9 548
47 10 139
47 11 89
47 12 227
47 13 449
47 14 150
47 15 485
47 16 290
47 17 398
47 18 465
47 19 315
47 20 383
47 21 145
47 22 733
47 23 426
47 24 359
47 25 353
47 26 494
47 27 339
47 28 413
47 29 464
47 30 456
47 31 274
47 32 694
47 33 199
47 34 487
47 35 470
47 36 380
47 37 507
47 38 583
47 39 166
47 40 228
47 41 384
47 42 439
47 43 342
47 44 274
47 45 376
47 46 452
47 48 201
47 49 411
47 50 551
47 51 237
47 52 287
47 53 403
47 54 443
47 55 534
47 56 279
47 57 272
47 58 451
47 59 346
47 60 424
47 61 435
47 62 248
47 63 356
47 64 220
47 65 355
47 66 174
47 67 122
47 68 506
47 69 432
47 70 251
47 71 292
47 72 474
47 73 531
47 74 545
47 75 280
47 76 330
47 77 194
47 78 365
47 79 451
47 80 655
47 81 390
47 82 313
47 83 632
47 84 395
47 85 121
47 86 655
47 87 470
47 88 409
47 89 31
47 90 283
47 91 547
47 92 594
47 93 492
47 94 350
47 95 319
47 96 476
47 97 264
47 98 549
47 99 435
47 100 542
48 1 698
48 2 686
48 3 151
48 4 195
48 5 370
48 6 211
48 7 858
48 8 263
48 9 654
48 10 307
48 11 180
48 12 284
48 13 486
48 14 272
48 15 545
48 16 375
48 17 451
48 18 639
48 19 163
48 20 582
48 21 333
48 22 756
48 23 603
48 24 542
48 25 194
48 26 473
48 27 504
48 28 214
48 29 545
48 30 381
48 31 405
48 32 893
48 33 197
48 34 658
48 35 468
48 36 561
48 37 706
48 38 688
48 39 166
48 40 327
48 41 582
48 42 239
48 43 365
48 44 196
48 45 335
48 46 356
48 47 201
48 49 213
48 50 352
48 51 163
48 52 135
48 53 594
48 54 489
48 55 732
48 56 443
48 57 469
48 58 264
48 59 483
48 60 584
48 61 558
48 62 134
48 63 510
48 64 128
48 65 166
48 66 367
48 67 191
48 68 558
48 69 616
48 70 313
48 71 475
48 72 494
48 73 598
48 74 634
48 75 314
48 76 198
48 77 394
48 78 342
48 79 650
48 80 689
48 81 471
48 82 324
48 83 806
48 84 302
48 85 267
48 86 670
48 87 281
48 88 318
48 89 176
48 90 438
48 91 549
48 92 793
48 93 623
48 94 485
48 95 282
48 96 406
48 97 177
48 98 707
48 99 606
48 100 631
49 1 887
49 2 893
49 3 324
49 4 382
49 5 171
49 6 250
49 7 1070
49 8 421
49 9 831
49 10 518
49 11 389
49 12 421
49 13 566
49 14 476
49 15 700
49 16 510
49 17 550
49 18 847
49 19 162
49 20 793
49 21 545
49 22 871
49 23 812
49 24 731
49 25 143
49 26 576
49 27 711
49 28 17
49 29 713
49 30 447
49 31 603
49 32 1104
49 33 374
49 34 835
49 35 586
49 36 771
49 37 917
49 38 862
49 39 321
49 40 480
49 41 794
49 42 55
49 43 455
49 44 264
49 45 445
49 46 403
49 47 411
49 48 213
49 50 168
49 51 311
49 52 221
49 53 790
49 54 577
49 55 935
49 56 622
49 57 673
49 58 82
49 59 681
49 60 788
49 61 746
49 62 219
49 63 680
49 64 285
49 65 73
49 66 579
49 67 368
49 68 642
49 69 805
49 70 446
49 71 686
49 72 626
49 73 690
49 74 742
49 75 479
49 76 263
49 77 601
49 78 465
49 79 855
49 80 816
49 81 644
49 82 475
49 83 1013
49 84 369
49 85 455
49 86 783
49 87 169
49 88 383
49 89 387
49 90 643
49 91 661
49 92 996
49 93 814
49 94 682
49 95 410
49 96 471
49 97 251
49 98 908
49 99 784
49 100 799
50 1 1045
50 2 997
50 3 483
50 4 480
50 5 44
50 6 280
50 7 1198
50 8 585
50 9 891
50 10 639
50 11 511
50 12 588
50 13 730
50 14 585
50 15 742
50 16 677
50 17 717
50 18 953
50 19 329
50 20 927
50 21 672
50 22 868
50 23 922
50 24 888
50 25 307
50 26 581
50 27 817
50 28 156
50 29 767
50 30 440
50 31 698
50 32 1237
50 33 464
50 34 998
50 35 605
50 36 885
50 37 1049
50 38 919
50 39 483
50 40 646
50 41 927
50 42 120
50 43 622
50 44 431
50 45 472
50 46 389
50 47 551
50 48 352
50 49 168
50 51 391
50 52 298
50 53 944
50 54 742
50 55 1083
50 56 783
50 57 820
50 58 204
50 59 772
50 60 888
50 61 824
50 62 385
50 63 844
50 64 377
50 65 241
50 66 710
50 67 527
50 68 806
50 69 962
50 70 613
50 71 805
50 72 653
50 73 856
50 74 909
50 75 548
50 76 305
50 77 744
50 78 500
50 79 1001
50 80 828
50 81 707
50 82 531
50 83 1115
50 84 379
50 85 611
50 86 784
50 87 118
50 88 387
50 89 524
50 90 747
50 91 668
50 92 1144
50 93 892
50 94 772
50 95 456
50 96 460
50 97 418
50 98 1000
50 99 946
50 100 851
51 1 741
51 2 606
51 3 276
51 4 95
51 5 424
51 6 132
51 7 820
51 8 379
51 9 520
51 10 267
51 11 158
51 12 412
51 13 631
51 14 202
51 15 394
51 16 497
51 17 589
51 18 563
51 19 321
51 20 561
51 21 310
51 22 594
51 23 534
51 24 593
51 25 346
51 26 311
51 27 427
51 28 304
51 29 403
51 30 231
51 31 307
51 32 865
51 33 73
51 34 723
51 35 305
51 36 500
51 37 679
51 38 552
51 39 302
51 40 440
51 41 561
51 42 309
51 43 510
51 44 357
51 45 173
51 46 219
51 47 237
51 48 163
51 49 311
51 50 391
51 52 96
51 53 629
51 54 630
51 55 745
51 56 516
51 57 492
51 58 384
51 59 382
51 60 497
51 61 439
51 62 296
51 63 592
51 64 36
51 65 296
51 66 349
51 67 301
51 68 698
51 69 664
51 70 442
51 71 425
51 72 334
51 73 733
51 74 759
51 75 169
51 76 104
51 77 408
51 78 179
51 79 659
51 80 529
51 81 333
51 82 168
51 83 724
51 84 161
51 85 349
51 86 508
51 87 284
51 88 176
51 89 208
51 90 358
51 91 386
51 92 802
51 93 507
51 94 381
51 95 119
51 96 255
51 97 338
51 98 610
51 99 671
51 100 490
52 1 798
52 2 700
52 3 280
52 4 183
52 5 329
52 6 77
52 7 906
52 8 391
52 9 612
52 10 348
52 11 225
52 12 416
52 13 620
52 14 289
52 15 479
52 16 506
52 17 585
52 18 656
52 19 263
52 20 641
52 21 386
52 22 660
52 23 625
52 24 645
52 25 280
52 26 368
52 27 520
52 28 212
52 29 493
52 30 257
52 31 401
52 32 949
52 33 167
52 34 769
52 35 372
52 36 590
52 37 761
52 38 643
52 39 299
52 40 455
52 41 641
52 42 215
52 43 499
52 44 323
52 45 231
52 46 225
52 47 287
52 48 135
52 49 221
52 50 298
52 51 96
52 53 689
52 54 623
52 55 815
52 56 556
52 57 555
52 58 298
52 59 477
52 60 591
52 61 534
52 62 259
52 63 629
52 64 81
52 65 218
52 66 425
52 67 316
52 68 692
52 69 718
52 70 445
52 71 511
52 72 409
52 73 732
52 74 767
52 75 261
52 76 65
52 77 474
52 78 248
52 79 730
52 80 601
52 81 425
52 82 254
52 83 818
52 84 176
52 85 382
52 86 573
52 87 195
52 88 192
52 89 257
52 90 450
52 91 450
52 92 874
52 93 602
52 94 476
52 95 190
52 96 282
52 97 304
52 98 705
52 99 717
52 100 579
53 1 115
53 2 450
53 3 467
53 4 544
53 5 959
53 6 754
53 7 392
53 8 387
53 9 666
53 10 383
53 11 472
53 12 412
53 13 494
53 14 455
53 15 705
53 16 365
53 17 443
53 18 414
53 19 656
53 20 207
53 21 335
53 22 961
53 23 380
53 24 77
53 25 693
53 26 809
53 27 397
53 28 797
53 29 655
53 30 819
53 31 467
53 32 391
53 33 572
53 34 148
53 35 770
53 36 346
53 37 259
53 38 695
53 39 476
53 40 349
53 41 210
53 42 828
53 43 477
53 44 571
53 45 728
53 46 829
53 47 403
53 48 594
53 49 790
53 50 944
53 51 629
53 52 689
53 54 474
53 55 157
53 56 191
53 57 140
53 58 810
53 59 478
53 60 445
53 61 557
53 62 585
53 63 189
53 64 618
53 65 724
53 66 300
53 67 424
53 68 494
53 69 60
53 70 404
53 71 321
53 72 749
53 73 477
53 74 435
53 75 598
53 76 728
53 77 223
53 78 706
53 79 112
53 80 877
53 81 607
53 82 639
53 83 520
53 84 775
53 85 336
53 86 904
53 87 871
53 88 786
53 89 433
53 90 413
53 91 830
53 92 218
53 93 569
53 94 485
53 95 679
53 96 835
53 97 572
53 98 526
53 99 126
53 100 695
54 1 505
54 2 850
54 3 355
54 4 602
54 5 735
54 6 699
54 7 864
54 8 263
54 9 968
54 10 555
54 11 525
54 12 221
54 13 23
54 14 590
54 15 926
54 16 159
54 17 45
54 18 803
54 19 417
54 20 626
54 21 531
54 22 1176
54 23 761
54 24 398
54 25 435
54 26 926
54 27 715
54 28 591
54 29 899
54 30 861
54 31 698
54 32 864
54 33 623
54 34 411
54 35 907
54 36 714
54 37 720
54 38 1003
54 39 329
54 40 220
54 41 629
54 42 630
54 43 127
54 44 319
54 45 797
54 46 842
54 47 443
54 48 489
54 49 577
54 50 742
54 51 630
54 52 623
54 53 474
54 55 623
54 56 306
54 57 460
54 58 547
54 59 756
54 60 794
54 61 850
54 62 378
54 63 285
54 64 599
54 65 506
54 66 530
54 67 335
54 68 69
54 69 443
54 70 194
54 71 640
54 72 916
54 73 114
54 74 171
54 75 720
54 76 686
54 77 463
54 78 793
54 79 583
54 80 1097
54 81 827
54 82 749
54 83 949
54 84 786
54 85 331
54 86 1097
54 87 727
54 88 802
54 89 460
54 90 683
54 91 986
54 92 676
54 93 894
54 94 762
54 95 739
54 96 884
54 97 335
54 98 910
54 99 380
54 100 972
55 1 140
55 2 414
55 3 615
55 4 655
55 5 1100
55 6 875
55 7 265
55 8 542
55 9 673
55 10 483
55 11 591
55 12 568
55 13 644
55 14 554
55 15 746
55 16 522
55 17 595
55 18 394
55 19 807
55 20 216
55 21 437
55 22 989
55 23 373
55 24 233
55 25 845
55 26 881
55 27 429
55 28 940
55 29 691
55 30 913
55 31 530
55 32 248
55 33 681
55 34 238
55 35 838
55 36 356
55 37 180
55 38 697
55 39 626
55 40 506
55 41 219
55 42 969
55 43 633
55 44 725
55 45 819
55 46 930
55 47 534
55 48 732
55 49 935
55 50 1083
55 51 745
55 52 815
55 53 157
55 54 623
55 56 348
55 57 264
55 58 960
55 59 518
55 60 449
55 61 579
55 62 735
55 63 339
55 64 739
55 65 870
55 66 399
55 67 572
55 68 636
55 69 181
55 70 561
55 71 369
55 72 809
55 73 612
55 74 561
55 75 684
55 76 847
55 77 342
55 78 794
55 79 87
55 80 908
55 81 657
55 82 726
55 83 451
55 84 879
55 85 485
55 86 945
55 87 1003
55 88 889
55 89 562
55 90 468
55 91 888
55 92 62
55 93 572
55 94 524
55 95 776
55 96 926
55 97 725
55 98 495
55 99 249
55 100 713
56 1 269
56 2 550
56 3 300
56 4 447
56 5 793
56 6 629
56 7 566
56 8 205
56 9 704
56 10 326
56 11 365
56 12 223
56 13 324
56 14 386
56 15 697
56 16 177
56 17 268
56 18 505
56 19 478
56 20 321
56 21 285
56 22 957
56 23 464
56 24 117
56 25 514
56 26 754
56 27 435
56 28 630
56 29 658
56 30 732
56 31 453
56 32 574
56 33 475
56 34 216
56 35 722
56 36 419
56 37 417
56 38 737
56 39 302
56 40 160
56 41 324
56 42 664
56 43 288
56 44 387
56 45 648
56 46 731
56 47 279
56 48 443
56 49 622
56 50 783
56 51 516
56 52 556
56 53 191
56 54 306
56 55 348
56 57 156
56 58 633
56 59 494
56 60 507
56 61 585
56 62 409
56 63 79
56 64 496
56 65 552
56 66 268
56 67 257
56 68 342
56 69 187
56 70 214
56 71 355
56 72 715
56 73 341
56 74 323
56 75 534
56 76 606
56 77 183
56 78 633
56 79 290
56 80 874
56 81 595
56 82 573
56 83 646
56 84 674
56 85 176
56 86 888
56 87 723
56 88 687
56 89 309
56 90 419
56 91 794
56 92 408
56 93 618
56 94 500
56 95 592
56 96 751
56 97 390
56 98 616
56 99 164
56 100 718
57 1 254
57 2 395
57 3 356
57 4 406
57 5 838
57 6 619
57 7 432
57 8 299
57 9 566
57 10 245
57 11 335
57 12 335
57 13 477
57 14 316
57 15 583
57 16 319
57 17 421
57 18 350
57 19 551
57 20 168
57 21 197
57 22 842
57 23 310
57 24 130
57 25 589
57 26 674
57 27 293
57 28 677
57 29 537
57 30 680
57 31 339
57 32 450
57 33 434
57 34 262
57 35 636
57 36 266
57 37 276
57 38 598
57 39 371
57 40 281
57 41 171
57 42 706
57 43 425
57 44 476
57 45 589
57 46 690
57 47 272
57 48 469
57 49 673
57 50 820
57 51 492
57 52 555
57 53 140
57 54 460
57 55 264
57 56 156
57 58 701
57 59 364
57 60 358
57 61 450
57 62 479
57 63 210
57 64 482
57 65 610
57 66 164
57 67 315
57 68 497
57 69 184
57 70 337
57 71 212
57 72 619
57 73 495
57 74 472
57 75 460
57 76 592
57 77 84
57 78 568
57 79 183
57 80 759
57 81 483
57 82 502
57 83 490
57 84 636
57 85 229
57 86 781
57 87 741
57 88 647
57 89 300
57 90 293
57 91 700
57 92 325
57 93 475
57 94 370
57 95 540
57 96 696
57 97 474
57 98 462
57 99 219
57 100 587
58 1 901
58 2 949
58 3 346
58 4 448
58 5 190
58 6 331
58 7 1111
58 8 429
58 9 902
58 10 569
58 11 443
58 12 420
58 13 533
58 14 534
58 15 776
58 16 503
58 17 525
58 18 902
58 19 156
58 20 833
58 21 591
58 22 951
58 23 865
58 24 746
58 25 122
58 26 656
58 27 767
58 28 96
58 29 786
58 30 529
58 31 665
58 32 1142
58 33 442
58 34 841
58 35 666
58 36 823
58 37 956
58 38 934
58 39 335
58 40 482
58 41 834
58 42 123
58 43 432
58 44 253
58 45 525
58 46 484
58 47 451
58 48 264
58 49 82
58 50 204
58 51 384
58 52 298
58 53 810
58 54 547
58 55 960
58 56 633
58 57 701
58 59 744
58 60 847
58 61 813
58 62 226
58 63 684
58 64 355
58 65 98
58 66 624
58 67 388
58 68 609
58 69 819
58 70 440
58 71 736
58 72 705
58 73 660
58 74 716
58 75 552
58 76 343
58 77 635
58 78 544
58 79 884
58 80 896
58 81 715
58 82 550
58 83 1069
58 84 451
58 85 476
58 86 864
58 87 240
58 88 465
58 89 431
58 90 701
58 91 741
58 92 1021
58 93 880
58 94 745
58 95 487
58 96 553
58 97 245
58 98 969
58 99 791
58 100 873
59 1 584
59 2 232
59 3 480
59 4 300
59 5 805
59 6 500
59 7 487
59 8 511
59 9 213
59 10 210
59 11 309
59 12 559
59 13 768
59 14 214
59 15 230
59 16 598
59 17 712
59 18 197
59 19 636
59 20 302
59 21 227
59 22 483
59 23 180
59 24 492
59 25 671
59 26 378
59 27 89
59 28 677
59 29 178
59 30 448
59 31 79
59 32 544
59 33 311
59 34 619
59 35 332
59 36 170
59 37 381
59 38 247
59 39 511
59 40 539
59 41 300
59 42 687
59 43 675
59 44 617
59 45 359
59 46 482
59 47 346
59 48 483
59 49 681
59 50 772
59 51 382
59 52 477
59 53 478
59 54 756
59 55 518
59 56 494
59 57 364
59 58 744
59 60 121
59 61 94
59 62 579
59 63 564
59 64 400
59 65 647
59 66 230
59 67 466
59 68 811
59 69 534
59 70 579
59 71 158
59 72 296
59 73 823
59 74 815
59 75 235
59 76 472
59 77 312
59 78 328
59 79 440
59 80 400
59 81 142
59 82 267
59 83 345
59 84 446
59 85 431
59 86 430
59 87 662
59 88 449
59 89 348
59 90 75
59 91 372
59 92 558
59 93 146
59 94 7
59 95 340
59 96 453
59 97 604
59 98 229
59 99 581
59 100 225
60 1 538
60 2 112
60 3 559
60 4 410
60 5 919
60 6 618
60 7 375
60 8 569
60 9 226
60 10 287
60 11 405
60 12 616
60 13 808
60 14 314
60 15 314
60 16 639
60 17 751
60 18 79
60 19 730
60 20 244
60 21 285
60 22 543
60 23 78
60 24 477
60 25 766
60 26 487
60 27 86
60 28 786
60 29 255
60 30 566
60 31 190
60 32 435
60 33 425
60 34 592
60 35 440
60 36 99
60 37 289
60 38 252
60 39 587
60 40 585
60 41 241
60 42 799
60 43 728
60 44 697
60 45 479
60 46 601
60 47 424
60 48 584
60 49 788
60 50 888
60 51 497
60 52 591
60 53 445
60 54 794
60 55 449
60 56 507
60 57 358
60 58 847
60 59 121
60 61 136
60 62 668
60 63 567
60 64 513
60 65 750
60 66 271
60 67 537
60 68 842
60 69 504
60 70 631
60 71 155
60 72 397
60 73 846
60 74 829
60 75 355
60 76 590
60 77 332
60 78 447
60 79 382
60 80 463
60 81 246
60 82 387
60 83 228
60 84 566
60 85 485
60 86 505
60 87 779
60 88 569
60 89 432
60 90 147
60 91 469
60 92 480
60 93 126
60 94 124
60 95 460
60 96 570
60 97 687
60 98 126
60 99 561
60 100 265
61 1 658
61 2 227
61 3 568
61 4 367
61 5 859
61 6 546
61 7 506
61 8 604
61 9 119
61 10 301
61 11 390
61 12 651
61 13 861
61 14 296
61 15 179
61 16 692
61 17 805
61 18 210
61 19 715
61 20 367
61 21 320
61 22 411
61 23 213
61 24 577
61 25 749
61 26 363
61 27 160
61 28 741
61 29 120
61 30 459
61 31 162
61 32 567
61 33 373
61 34 701
61 35 316
61 36 223
61 37 424
61 38 154
61 39 599
61 40 632
61 41 364
61 42 747
61 43 767
61 44 702
61 45 380
61 46 500
61 47 435
61 48 558
61 49 746
61 50 824
61 51 439
61 52 534
61 53 557
61 54 850
61 55 579
61 56 585
61 57 450
61 58 813
61 59 94
61 60 136
61 62 662
61 63 654
61 64 462
61 65 719
61 66 323
61 67 556
61 68 904
61 69 615
61 70 671
61 71 239
61 72 269
61 73 916
61 74 907
61 75 276
61 76 519
61 77 403
61 78 348
61 79 507
61 80 330
61 81 129
61 82 298
61 83 322
61 84 474
61 85 524
61 86 370
61 87 710
61 88 474
61 89 434
61 90 168
61 91 336
61 92 613
61 93 69
61 94 89
61 95 374
61 96 459
61 97 688
61 98 192
61 99 665
61 100 139
62 1 676
62 2 761
62 3 124
62 4 313
62 5 389
62 6 330
62 7 897
62 8 205
62 9 765
62 10 381
62 11 273
62 12 203
62 13 372
62 14 367
62 15 669
62 16 293
62 17 345
62 18 712
62 19 73
62 20 618
62 21 392
62 22 888
62 23 673
62 24 521
62 25 111
62 26 606
62 27 584
62 28 229
62 29 663
62 30 512
62 31 502
62 32 924
62 33 322
62 34 619
62 35 600
62 36 627
62 37 741
62 38 800
62 39 109
62 40 262
62 41 620
62 42 267
62 43 252
62 44 65
62 45 468
62 46 483
62 47 248
62 48 134
62 49 219
62 50 385
62 51 296
62 52 259
62 53 585
62 54 378
62 55 735
62 56 409
62 57 479
62 58 226
62 59 579
62 60 668
62 61 662
62 63 463
62 64 261
62 65 147
62 66 420
62 67 164
62 68 446
62 69 594
62 70 228
62 71 539
62 72 624
62 73 491
62 74 536
62 75 438
62 76 323
62 77 418
62 78 475
62 79 660
62 80 819
62 81 588
62 82 452
62 83 880
62 84 432
62 85 251
62 86 802
62 87 352
62 88 448
62 89 237
62 90 523
62 91 681
62 92 797
62 93 723
62 94 582
62 95 415
62 96 537
62 97 46
62 98 793
62 99 568
62 100 748
63 1 233
63 2 600
63 3 364
63 4 525
63 5 851
63 6 702
63 7 580
63 8 259
63 9 771
63 10 403
63 11 443
63 12 265
63 13 306
63 14 464
63 15 772
63 16 195
63 17 257
63 18 557
63 19 530
63 20 361
63 21 361
63 22 1032
63 23 518
63 24 115
63 25 563
63 26 832
63 27 500
63 28 689
63 29 731
63 30 810
63 31 527
63 32 579
63 33 553
63 34 158
63 35 801
63 36 475
63 37 441
63 38 804
63 39 361
63 40 202
63 41 364
63 42 725
63 43 302
63 44 433
63 45 726
63 46 808
63 47 356
63 48 510
63 49 680
63 50 844
63 51 592
63 52 629
63 53 189
63 54 285
63 55 339
63 56 79
63 57 210
63 58 684
63 59 564
63 60 567
63 61 654
63 62 463
63 64 571
63 65 609
63 66 341
63 67 321
63 68 307
63 69 161
63 70 248
63 71 419
63 72 793
63 73 295
63 74 264
63 75 613
63 76 680
63 77 254
63 78 712
63 79 299
63 80 949
63 81 670
63 82 652
63 83 687
63 84 751
63 85 248
63 86 964
63 87 789
63 88 765
63 89 385
63 90 490
63 91 871
63 92 395
63 93 683
63 94 570
63 95 671
63 96 829
63 97 439
63 98 669
63 99 111
63 100 789
64 1 729
64 2 621
64 3 245
64 4 103
64 5 408
64 6 137
64 7 825
64 8 350
64 9 548
64 10 268
64 11 148
64 12 382
64 13 598
64 14 208
64 15 426
64 16 468
64 17 558
64 18 577
64 19 286
64 20 561
64 21 307
64 22 629
64 23 545
64 24 578
64 25 312
64 26 346
64 27 440
64 28 279
64 29 432
64 30 262
64 31 324
64 32 869
64 33 90
64 34 706
64 35 340
64 36 509
64 37 681
64 38 580
64 39 270
64 40 412
64 41 561
64 42 288
64 43 478
64 44 322
64 45 208
64 46 246
64 47 220
64 48 128
64 49 285
64 50 377
64 51 36
64 52 81
64 53 618
64 54 599
64 55 739
64 56 496
64 57 482
64 58 355
64 59 400
64 60 513
64 61 462
64 62 261
64 63 571
64 65 265
64 66 346
64 67 273
64 68 667
64 69 650
64 70 412
64 71 431
64 72 369
64 73 703
64 74 731
64 75 198
64 76 111
64 77 399
64 78 215
64 79 654
64 80 563
64 81 361
64 82 201
64 83 739
64 84 189
64 85 326
64 86 543
64 87 275
64 88 204
64 89 190
64 90 371
64 91 421
64 92 797
64 93 530
64 94 400
64 95 154
64 96 286
64 97 303
64 98 629
64 99 654
64 100 519
65 1 819
65 2 851
65 3 257
65 4 353
65 5 243
65 6 267
65 7 1015
65 8 350
65 9 810
65 10 471
65 11 346
65 12 349
65 13 496
65 14 437
65 15 689
65 16 438
65 17 479
65 18 804
65 19 90
65 20 737
65 21 494
65 22 878
65 23 767
65 24 663
65 25 79
65 26 584
65 27 669
65 28 85
65 29 696
65 30 466
65 31 569
65 32 1047
65 33 350
65 34 765
65 35 589
65 36 725
65 37 861
65 38 843
65 39 251
65 40 409
65 41 738
65 42 125
65 43 383
65 44 192
65 45 448
65 46 426
65 47 355
65 48 166
65 49 73
65 50 241
65 51 296
65 52 218
65 53 724
65 54 506
65 55 870
65 56 552
65 57 610
65 58 98
65 59 647
65 60 750
65 61 719
65 62 147
65 63 609
65 64 265
65 66 527
65 67 300
65 68 572
65 69 736
65 70 373
65 71 638
65 72 625
65 73 620
65 74 671
65 75 462
65 76 272
65 77 541
65 78 464
65 79 793
65 80 818
65 81 624
65 82 463
65 83 971
65 84 385
65 85 388
65 86 790
65 87 227
65 88 400
65 89 334
65 90 603
65 91 667
65 92 932
65 93 785
65 94 649
65 95 406
65 96 490
65 97 178
65 98 872
65 99 714
65 100 783
66 1 414
66 2 349
66 3 301
66 4 257
66 5 733
66 6 480
66 7 491
66 8 299
66 9 442
66 10 85
66 11 201
66 12 346
66 13 543
66 14 157
66 15 431
66 16 373
66 17 486
66 18 299
66 19 488
66 20 218
66 21 39
66 22 691
66 23 258
66 24 289
66 25 526
66 26 511
66 27 188
66 28 581
66 29 391
66 30 521
66 31 186
66 32 528
66 33 283
66 34 423
66 35 474
66 36 211
66 37 340
66 38 476
66 39 327
66 40 316
66 41 218
66 42 603
66 43 458
66 44 439
66 45 429
66 46 534
66 47 174
66 48 367
66 49 579
66 50 710
66 51 349
66 52 425
66 53 300
66 54 530
66 55 399
66 56 268
66 57 164
66 58 624
66 59 230
66 60 271
66 61 323
66 62 420
66 63 341
66 64 346
66 65 527
66 67 273
66 68 582
66 69 347
66 70 361
66 71 124
66 72 459
66 73 593
66 74 586
66 75 298
66 76 452
66 77 89
66 78 407
66 79 312
66 80 608
66 81 329
66 82 340
66 83 464
66 84 482
66 85 215
66 86 625
66 87 618
66 88 492
66 89 193
66 90 155
66 91 539
66 92 455
66 93 364
66 94 235
66 95 381
66 96 536
66 97 431
66 98 394
66 99 378
66 100 452
67 1 520
67 2 621
67 3 44
67 4 267
67 5 538
67 6 392
67 7 737
67 8 78
67 9 669
67 10 257
67 11 193
67 12 114
67 13 339
67 14 270
67 15 603
67 16 196
67 17 292
67 18 572
67 19 236
67 20 459
67 21 253
67 22 846
67 23 531
67 24 363
67 25 274
67 26 592
67 27 452
67 28 375
67 29 584
67 30 532
67 31 395
67 32 762
67 33 288
67 34 472
67 35 573
67 36 483
67 37 581
67 38 705
67 39 57
67 40 141
67 41 461
67 42 408
67 43 225
67 44 168
67 45 463
67 46 518
67 47 122
67 48 191
67 49 368
67 50 527
67 51 301
67 52 316
67 53 424
67 54 335
67 55 572
67 56 257
67 57 315
67 58 388
67 59 466
67 60 537
67 61 556
67 62 164
67 63 321
67 64 273
67 65 300
67 66 273
67 68 402
67 69 437
67 70 143
67 71 396
67 72 584
67 73 433
67 74 459
67 75 387
67 76 373
67 77 257
67 78 459
67 79 497
67 80 769
67 81 509
67 82 415
67 83 737
67 84 461
67 85 88
67 86 765
67 87 469
67 88 477
67 89 130
67 90 400
67 91 653
67 92 634
67 93 611
67 94 470
67 95 405
67 96 555
67 97 163
67 98 662
67 99 420
67 100 663
68 1 510
68 2 891
68 3 423
68 4 668
68 5 797
68 6 768
68 7 885
68 8 328
68 9 1023
68 10 613
68 11 590
68 12 288
68 13 76
68 14 652
68 15 987
68 16 217
68 17 110
68 18 845
68 19 483
68 20 660
68 21 586
68 22 1238
68 23 804
68 24 421
68 25 500
68 26 993
68 27 764
68 28 656
68 29 958
68 30 929
68 31 755
68 32 881
68 33 689
68 34 411
68 35 972
68 36 758
68 37 747
68 38 1057
68 39 398
68 40 280
68 41 664
68 42 696
68 43 195
68 44 386
68 45 864
68 46 910
68 47 506
68 48 558
68 49 642
68 50 806
68 51 698
68 52 692
68 53 494
68 54 69
68 55 636
68 56 342
68 57 497
68 58 609
68 59 811
68 60 842
68 61 904
68 62 446
68 63 307
68 64 667
68 65 572
68 66 582
68 67 402
68 69 456
68 70 259
68 71 688
68 72 980
68 73 54
68 74 123
68 75 784
68 76 755
68 77 510
68 78 860
68 79 604
68 80 1159
68 81 887
68 82 815
68 83 986
68 84 854
68 85 391
68 86 1161
68 87 794
68 88 870
68 89 524
68 90 736
68 91 1051
68 92 686
68 93 945
68 94 816
68 95 806
68 96 952
68 97 403
68 98 954
68 99 388
68 100 1029
69 1 83
69 2 508
69 3 481
69 4 583
69 5 974
69 6 786
69 7 435
69 8 391
69 9 725
69 10 427
69 11 507
69 12 409
69 13 464
69 14 498
69 15 760
69 16 351
69 17 416
69 18 473
69 19 664
69 20 266
69 21 380
69 22 1017
69 23 440
69 24 75
69 25 700
69 26 858
69 27 455
69 28 812
69 29 711
69 30 861
69 31 520
69 32 426
69 33 611
69 34 88
69 35 820
69 36 406
69 37 310
69 38 754
69 39 486
69 40 345
69 41 270
69 42 844
69 43 460
69 44 573
69 45 771
69 46 869
69 47 432
69 48 616
69 49 805
69 50 962
69 51 664
69 52 718
69 53 60
69 54 443
69 55 181
69 56 187
69 57 184
69 58 819
69 59 534
69 60 504
69 61 615
69 62 594
69 63 161
69 64 650
69 65 736
69 66 347
69 67 437
69 68 456
69 70 397
69 71 377
69 72 801
69 73 434
69 74 387
69 75 644
69 76 761
69 77 264
69 78 751
69 79 160
69 80 933
69 81 661
69 82 685
69 83 576
69 84 814
69 85 351
69 86 959
69 87 895
69 88 826
69 89 462
69 90 468
69 91 882
69 92 235
69 93 628
69 94 541
69 95 720
69 96 878
69 97 577
69 98 585
69 99 72
69 100 753
70 1 477
70 2 701
70 3 167
70 4 409
70 5 615
70 6 522
70 7 767
70 8 71
70 9 788
70 10 372
70 11 332
70 12 30
70 13 199
70 14 400
70 15 736
70 16 66
70 17 150
70 18 652
70 19 288
70 20 501
70 21 354
70 22 984
70 23 610
70 24 330
70 25 319
70 26 734
70 27 548
70 28 457
70 29 712
70 30 672
70 31 515
70 32 780
70 33 430
70 34 406
70 35 714
70 36 562
70 37 612
70 38 823
70 39 147
70 40 57
70 41 504
70 42 494
70 43 98
70 44 188
70 45 605
70 46 657
70 47 251
70 48 313
70 49 446
70 50 613
70 51 442
70 52 445
70 53 404
70 54 194
70 55 561
70 56 214
70 57 337
70 58 440
70 59 579
70 60 631
70 61 671
70 62 228
70 63 248
70 64 412
70 65 373
70 66 361
70 67 143
70 68 259
70 69 397
70 71 480
70 72 723
70 73 292
70 74 322
70 75 527
70 76 506
70 77 311
70 78 601
70 79 499
70 80 906
70 81 639
70 82 556
70 83 809
70 84 600
70 85 148
70 86 904
70 87 575
70 88 616
70 89 267
70 90 507
70 91 793
70 92 621
70 93 720
70 94 583
70 95 547
70 96 696
70 97 197
70 98 752
70 99 358
70 100 787
71 1 427
71 2 225
71 3 423
71 4 331
71 5 832
71 6 555
71 7 396
71 8 421
71 9 354
71 10 169
71 11 298
71 12 467
71 13 654
71 14 223
71 15 386
71 16 486
71 17 597
71 18 176
71 19 606
71 20 156
71 21 148
71 22 641
71 23 135
71 24 338
71 25 644
71 26 513
71 27 81
71 28 686
71 29 335
71 30 554
71 31 162
71 32 442
71 33 353
71 34 463
71 35 469
71 36 88
71 37 260
71 38 386
71 39 449
71 40 432
71 41 154
71 42 705
71 43 577
71 44 561
71 45 461
71 46 578
71 47 292
71 48 475
71 49 686
71 50 805
71 51 425
71 52 511
71 53 321
71 54 640
71 55 369
71 56 355
71 57 212
71 58 736
71 59 158
71 60 155
71 61 239
71 62 539
71 63 419
71 64 431
71 65 638
71 66 124
71 67 396
71 68 688
71 69 377
71 70 480
71 72 441
71 73 693
71 74 678
71 75 325
71 76 526
71 77 178
71 78 434
71 79 288
71 80 557
71 81 291
71 82 366
71 83 342
71 84 533
71 85 337
71 86 586
71 87 706
71 88 540
71 89 307
71 90 99
71 91 520
71 92 416
71 93 264
71 94 165
71 95 425
71 96 565
71 97 553
71 98 273
71 99 426
71 100 378
72 1 861
72 2 496
72 3 574
72 4 320
72 5 694
72 6 383
72 7 772
72 8 653
72 9 271
72 10 390
72 11 392
72 12 696
72 13 921
72 14 334
72 15 106
72 16 764
72 17 871
72 18 475
72 19 655
72 20 593
72 21 433
72 22 265
72 23 470
72 24 747
72 25 679
72 26 99
72 27 384
72 28 616
72 29 157
72 30 225
72 31 284
72 32 832
72 33 305
72 34 881
72 35 55
72 36 465
72 37 675
72 38 290
72 39 605
72 40 702
72 41 591
72 42 609
72 43 808
72 44 681
72 45 184
72 46 276
72 47 474
72 48 494
72 49 626
72 50 653
72 51 334
72 52 409
72 53 749
72 54 916
72 55 809
72 56 715
72 57 619
72 58 705
72 59 296
72 60 397
72 61 269
72 62 624
72 63 793
72 64 369
72 65 625
72 66 459
72 67 584
72 68 980
72 69 801
72 70 723
72 71 441
72 73 1005
72 74 1015
72 75 197
72 76 366
72 77 547
72 78 162
72 79 728
72 80 195
72 81 155
72 82 173
72 83 587
72 84 275
72 85 592
72 86 182
72 87 536
72 88 267
72 89 456
72 90 342
72 91 81
72 92 852
72 93 322
72 94 290
72 95 220
72 96 216
72 97 663
72 98 455
72 99 836
72 100 218
73 1 482
73 2 889
73 3 458
73 4 697
73 5 848
73 6 808
73 7 867
73 8 358
73 9 1034
73 10 631
73 11 617
73 12 321
73 13 127
73 14 674
73 15 1006
73 16 242
73 17 147
73 18 845
73 19 531
73 20 654
73 21 600
73 22 1261
73 23 804
73 24 407
73 25 549
73 26 1022
73 27 772
73 28 705
73 29 975
73 30 964
73 31 771
73 32 859
73 33 720
73 34 382
73 35 1000
73 36 759
73 37 733
73 38 1069
73 39 435
73 40 303
73 41 657
73 42 744
73 43 239
73 44 432
73 45 896
73 46 947
73 47 531
73 48 598
73 49 690
73 50 856
73 51 733
73 52 732
73 53 477
73 54 114
73 55 612
73 56 341
73 57 495
73 58 660
73 59 823
73 60 846
73 61 916
73 62 491
73 63 295
73 64 703
73 65 620
73 66 593
73 67 433
73 68 54
73 69 434
73 70 292
73 71 693
73 72 1005
73 74 72
73 75 810
73 76 794
73 77 517
73 78 891
73 79 588
73 80 1181
73 81 906
73 82 843
73 83 980
73 84 891
73 85 413
73 86 1185
73 87 841
73 88 907
73 89 552
73 90 748
73 91 1078
73 92 659
73 93 954
73 94 828
73 95 838
73 96 987
73 97 449
73 98 956
73 99 364
73 100 1043
74 1 427
74 2 863
74 3 488
74 4 715
74 5 903
74 6 843
74 7 821
74 8 381
74 9 1025
74 10 633
74 11 633
74 12 351
74 13 188
74 14 682
74 15 1009
74 16 263
74 17 193
74 18 821
74 19 581
74 20 623
74 21 598
74 22 1266
74 23 781
74 24 371
74 25 603
74 26 1039
74 27 758
74 28 755
74 29 974
74 30 989
74 31 768
74 32 809
74 33 740
74 34 326
74 35 1014
74 36 738
74 37 693
74 38 1059
74 39 469
74 40 321
74 41 626
74 42 795
74 43 288
74 44 480
74 45 917
74 46 976
74 47 545
74 48 634
74 49 742
74 50 909
74 51 759
74 52 767
74 53 435
74 54 171
74 55 561
74 56 323
74 57 472
74 58 716
74 59 815
74 60 829
74 61 907
74 62 536
74 63 264
74 64 731
74 65 671
74 66 586
74 67 459
74 68 123
74 69 387
74 70 322
74 71 678
74 72 1015
74 73 72
74 75 823
74 76 827
74 77 504
74 78 909
74 79 544
74 80 1185
74 81 907
74 82 857
74 83 948
74 84 919
74 85 425
74 86 1193
74 87 887
74 88 935
74 89 569
74 90 740
74 91 1090
74 92 605
74 93 941
74 94 821
74 95 859
74 96 1012
74 97 495
74 98 933
74 99 316
74 100 1038
75 1 712
75 2 466
75 3 379
75 4 126
75 5 584
75 6 270
75 7 708
75 8 457
75 9 352
75 10 217
75 11 195
75 12 500
75 13 724
75 14 149
75 15 232
75 16 569
75 17 675
75 18 429
75 19 476
75 20 478
75 21 264
75 22 460
75 23 406
75 24 582
75 25 505
75 26 220
75 27 301
75 28 472
75 29 235
75 30 230
75 31 173
75 32 761
75 33 117
75 34 716
75 35 191
75 36 382
75 37 583
75 38 383
75 39 410
75 40 507
75 41 477
75 42 475
75 43 611
75 44 491
75 45 137
75 46 255
75 47 280
75 48 314
75 49 479
75 50 548
75 51 169
75 52 261
75 53 598
75 54 720
75 55 684
75 56 534
75 57 460
75 58 552
75 59 235
75 60 355
75 61 276
75 62 438
75 63 613
75 64 198
75 65 462
75 66 298
75 67 387
75 68 784
75 69 644
75 70 527
75 71 325
75 72 197
75 73 810
75 74 823
75 76 244
75 77 380
75 78 111
75 79 599
75 80 386
75 81 165
75 82 43
75 83 579
75 84 214
75 85 399
75 86 379
75 87 434
75 88 218
75 89 260
75 90 236
75 91 268
75 92 735
75 93 345
75 94 232
75 95 106
75 96 242
75 97 474
75 98 457
75 99 668
75 100 322
76 1 839
76 2 701
76 3 340
76 4 197
76 5 342
76 6 29
76 7 922
76 8 450
76 9 588
76 10 370
76 11 258
76 12 477
76 13 683
76 14 305
76 15 445
76 16 566
76 17 648
76 18 660
76 19 325
76 20 664
76 21 413
76 22 609
76 23 632
76 24 689
76 25 339
76 26 314
76 27 525
76 28 251
76 29 465
76 30 196
76 31 401
76 32 968
76 33 174
76 34 816
76 35 324
76 36 599
76 37 782
76 38 617
76 39 360
76 40 513
76 41 664
76 42 244
76 43 562
76 44 387
76 45 183
76 46 162
76 47 330
76 48 198
76 49 263
76 50 305
76 51 104
76 52 65
76 53 728
76 54 686
76 55 847
76 56 606
76 57 592
76 58 343
76 59 472
76 60 590
76 61 519
76 62 323
76 63 680
76 64 111
76 65 272
76 66 452
76 67 373
76 68 755
76 69 761
76 70 506
76 71 526
76 72 366
76 73 794
76 74 827
76 75 244
76 77 509
76 78 205
76 79 762
76 80 554
76 81 403
76 82 227
76 83 817
76 84 114
76 85 433
76 86 522
76 87 191
76 88 130
76 89 300
76 90 456
76 91 399
76 92 905
76 93 588
76 94 471
76 95 154
76 96 220
76 97 368
76 98 699
76 99 764
76 100 550
77 1 337
77 2 391
77 3 294
77 4 322
77 5 763
77 6 536
77 7 480
77 8 260
77 9 522
77 10 164
77 11 252
77 12 302
77 13 478
77 14 234
77 15 520
77 16 310
77 17 420
77 18 343
77 19 489
77 20 202
77 21 117
77 22 780
77 23 301
77 24 202
77 25 528
77 26 597
77 27 255
77 28 605
77 29 478
77 30 598
77 31 274
77 32 508
77 33 350
77 34 337
77 35 561
77 36 253
77 37 324
77 38 555
77 39 314
77 40 260
77 41 204
77 42 632
77 43 407
77 44 424
77 45 507
77 46 607
77 47 194
77 48 394
77 49 601
77 50 744
77 51 408
77 52 474
77 53 223
77 54 463
77 55 342
77 56 183
77 57 84
77 58 635
77 59 312
77 60 332
77 61 403
77 62 418
77 63 254
77 64 399
77 65 541
77 66 89
77 67 257
77 68 510
77 69 264
77 70 311
77 71 178
77 72 547
77 73 517
77 74 504
77 75 380
77 76 509
77 78 487
77 79 258
77 80 696
77 81 418
77 82 422
77 83 499
77 84 552
77 85 179
77 86 714
77 87 662
77 88 564
77 89 221
77 90 237
77 91 627
77 92 402
77 93 438
77 94 318
77 95 457
77 96 614
77 97 419
77 98 448
77 99 290
77 100 536
78 1 820
78 2 557
78 3 442
78 4 194
78 5 539
78 6 224
78 7 811
78 8 534
78 9 395
78 10 324
78 11 277
78 12 573
78 13 796
78 14 254
78 15 243
78 16 650
78 17 750
78 18 524
78 19 499
78 20 587
78 21 372
78 22 416
78 23 506
78 24 687
78 25 521
78 26 134
78 27 403
78 28 455
78 29 271
78 30 122
78 31 277
78 32 865
78 33 171
78 34 822
78 35 127
78 36 486
78 37 690
78 38 422
78 39 470
78 40 589
78 41 586
78 42 448
78 43 678
78 44 535
78 45 32
78 46 155
78 47 365
78 48 342
78 49 465
78 50 500
78 51 179
78 52 248
78 53 706
78 54 793
78 55 794
78 56 633
78 57 568
78 58 544
78 59 328
78 60 447
78 61 348
78 62 475
78 63 712
78 64 215
78 65 464
78 66 407
78 67 459
78 68 860
78 69 751
78 70 601
78 71 434
78 72 162
78 73 891
78 74 909
78 75 111
78 76 205
78 77 487
78 79 709
78 80 354
78 81 220
78 82 69
78 83 665
78 84 128
78 85 486
78 86 329
78 87 383
78 88 127
78 89 341
78 90 341
78 91 207
78 92 845
78 93 414
78 94 324
78 95 61
78 96 132
78 97 516
78 98 538
78 99 773
78 100 353
79 1 162
79 2 364
79 3 538
79 4 569
79 5 1020
79 6 789
79 7 282
79 8 473
79 9 607
79 10 397
79 11 506
79 12 503
79 13 603
79 14 468
79 15 670
79 16 467
79 17 551
79 18 336
79 19 732
79 20 140
79 21 351
79 22 917
79 23 309
79 24 185
79 25 771
79 26 798
79 27 353
79 28 860
79 29 615
79 30 827
79 31 447
79 32 284
79 33 595
79 34 239
79 35 756
79 36 285
79 37 151
79 38 633
79 39 552
79 40 443
79 41 143
79 42 888
79 43 578
79 44 654
79 45 734
79 46 844
79 47 451
79 48 650
79 49 855
79 50 1001
79 51 659
79 52 730
79 53 112
79 54 583
79 55 87
79 56 290
79 57 183
79 58 884
79 59 440
79 60 382
79 61 507
79 62 660
79 63 299
79 64 654
79 65 793
79 66 312
79 67 497
79 68 604
79 69 160
79 70 499
79 71 288
79 72 728
79 73 588
79 74 544
79 75 599
79 76 762
79 77 258
79 78 709
79 80 835
79 81 578
79 82 641
79 83 421
79 84 793
79 85 410
79 86 869
79 87 919
79 88 803
79 89 479
79 90 386
79 91 807
79 92 144
79 93 507
79 94 447
79 95 690
79 96 840
79 97 653
79 98 444
79 99 231
79 100 643
80 1 983
80 2 533
80 3 764
80 4 511
80 5 870
80 6 569
80 7 815
80 8 835
80 9 255
80 10 553
80 11 577
80 12 880
80 13 1104
80 14 508
80 15 177
80 16 942
80 17 1052
80 18 531
80 19 849
80 20 696
80 21 590
80 22 84
80 23 540
80 24 888
80 25 874
80 26 247
80 27 484
80 28 805
80 29 223
80 30 388
80 31 423
80 32 879
80 33 498
80 34 1018
80 35 230
80 36 552
80 37 751
80 38 248
80 39 795
80 40 880
80 41 693
80 42 795
80 43 994
80 44 875
80 45 372
80 46 440
80 47 655
80 48 689
80 49 816
80 50 828
80 51 529
80 52 601
80 53 877
80 54 1097
80 55 908
80 56 874
80 57 759
80 58 896
80 59 400
80 60 463
80 61 330
80 62 819
80 63 949
80 64 563
80 65 818
80 66 608
80 67 769
80 68 1159
80 69 933
80 70 906
80 71 557
80 72 195
80 73 1181
80 74 1185
80 75 386
80 76 554
80 77 696
80 78 354
80 79 835
80 81 280
80 82 367
80 83 591
80 84 454
80 85 769
80 86 65
80 87 713
80 88 443
80 89 640
80 90 467
80 91 160
80 92 942
80 93 348
80 94 393
80 95 413
80 96 370
80 97 857
80 98 469
80 99 977
80 100 202
81 1 716
81 2 350
81 3 511
81 4 277
81 5 744
81 6 427
81 7 621
81 8 569
81 9 188
81 10 276
81 11 323
81 12 615
81 13 835
81 14 240
81 15 103
81 16 670
81 17 782
81 18 325
81 19 633
81 20 441
81 21 311
81 22 363
81 23 317
81 24 612
81 25 664
81 26 241
81 27 230
81 28 636
81 29 76
81 30 330
81 31 144
81 32 680
81 33 276
81 34 743
81 35 194
81 36 311
81 37 521
81 38 219
81 39 543
81 40 608
81 41 439
81 42 639
81 43 731
81 44 636
81 45 252
81 46 372
81 47 390
81 48 471
81 49 644
81 50 707
81 51 333
81 52 425
81 53 607
81 54 827
81 55 657
81 56 595
81 57 483
81 58 715
81 59 142
81 60 246
81 61 129
81 62 588
81 63 670
81 64 361
81 65 624
81 66 329
81 67 509
81 68 887
81 69 661
81 70 639
81 71 291
81 72 155
81 73 906
81 74 907
81 75 165
81 76 403
81 77 418
81 78 220
81 79 578
81 80 280
81 82 177
81 83 450
81 84 348
81 85 497
81 86 299
81 87 591
81 88 347
81 89 380
81 90 195
81 91 231
81 92 699
81 93 194
81 94 135
81 95 252
81 96 331
81 97 620
81 98 321
81 99 701
81 100 161
82 1 753
82 2 498
82 3 403
82 4 149
82 5 568
82 6 251
82 7 746
82 8 487
82 9 362
82 10 258
82 11 226
82 12 529
82 13 753
82 14 189
82 15 227
82 16 601
82 17 706
82 18 462
82 19 486
82 20 519
82 21 306
82 22 437
82 23 442
82 24 623
82 25 512
82 26 182
82 27 337
82 28 466
82 29 240
82 30 189
82 31 211
82 32 799
82 33 133
82 34 757
82 35 158
82 36 420
82 37 623
82 38 391
82 39 433
82 40 540
82 41 518
82 42 466
82 43 638
82 44 509
82 45 96
82 46 217
82 47 313
82 48 324
82 49 475
82 50 531
82 51 168
82 52 254
82 53 639
82 54 749
82 55 726
82 56 573
82 57 502
82 58 550
82 59 267
82 60 387
82 61 298
82 62 452
82 63 652
82 64 201
82 65 463
82 66 340
82 67 415
82 68 815
82 69 685
82 70 556
82 71 366
82 72 173
82 73 843
82 74 857
82 75 43
82 76 227
82 77 422
82 78 69
82 79 641
82 80 367
82 81 177
82 83 608
82 84 180
82 85 433
82 86 354
82 87 415
82 88 183
82 89 291
82 90 274
82 91 238
82 92 777
82 93 366
82 94 264
82 95 77
82 96 200
82 97 491
82 98 484
82 99 709
82 100 326
83 1 578
83 2 120
83 3 764
83 4 637
83 5 1146
83 6 845
83 7 247
83 8 755
83 9 340
83 10 502
83 11 626
83 12 799
83 13 966
83 14 538
83 15 487
83 16 804
83 17 909
83 18 168
83 19 945
83 20 327
83 21 488
83 22 658
83 23 207
83 24 578
83 25 982
83 26 683
83 27 303
83 28 1011
83 29 430
83 30 780
83 31 418
83 32 311
83 33 652
83 34 659
83 35 636
83 36 254
83 37 274
83 38 344
83 39 790
83 40 757
83 41 324
83 42 1025
83 43 904
83 44 903
83 45 697
83 46 819
83 47 632
83 48 806
83 49 1013
83 50 1115
83 51 724
83 52 818
83 53 520
83 54 949
83 55 451
83 56 646
83 57 490
83 58 1069
83 59 345
83 60 228
83 61 322
83 62 880
83 63 687
83 64 739
83 65 971
83 66 464
83 67 737
83 68 986
83 69 576
83 70 809
83 71 342
83 72 587
83 73 980
83 74 948
83 75 579
83 76 817
83 77 499
83 78 665
83 79 421
83 80 591
83 81 450
83 82 608
83 84 788
83 85 672
83 86 647
83 87 1006
83 88 789
83 89 645
83 90 371
83 91 646
83 92 452
83 93 265
83 94 347
83 95 683
83 96 780
83 97 894
83 98 132
83 99 645
83 100 397
84 1 888
84 2 677
84 3 433
84 4 232
84 5 420
84 6 120
84 7 921
84 8 539
84 9 523
84 10 397
84 11 310
84 12 570
84 13 785
84 14 325
84 15 367
84 16 656
84 17 746
84 18 641
84 19 438
84 20 681
84 21 444
84 22 503
84 23 619
84 24 745
84 25 453
84 26 208
84 27 513
84 28 357
84 29 398
84 30 82
84 31 386
84 32 972
84 33 203
84 34 877
84 35 227
84 36 594
84 37 792
84 38 548
84 39 457
84 40 600
84 41 680
84 42 343
84 43 663
84 44 496
84 45 98
84 46 58
84 47 395
84 48 302
84 49 369
84 50 379
84 51 161
84 52 176
84 53 775
84 54 786
84 55 879
84 56 674
84 57 636
84 58 451
84 59 446
84 60 566
84 61 474
84 62 432
84 63 751
84 64 189
84 65 385
84 66 482
84 67 461
84 68 854
84 69 814
84 70 600
84 71 533
84 72 275
84 73 891
84 74 919
84 75 214
84 76 114
84 77 552
84 78 128
84 79 793
84 80 454
84 81 348
84 82 180
84 83 788
84 85 509
84 86 416
84 87 262
84 88 17
84 89 366
84 90 448
84 91 295
84 92 934
84 93 540
84 94 443
84 95 109
84 96 107
84 97 476
84 98 662
84 99 825
84 100 478
85 1 434
85 2 560
85 3 131
85 4 293
85 5 624
85 6 455
85 7 656
85 8 85
85 9 641
85 10 225
85 11 210
85 12 131
85 13 340
85 14 261
85 15 596
85 16 175
85 17 286
85 18 510
85 19 323
85 20 380
85 21 206
85 22 848
85 23 469
85 24 277
85 25 361
85 26 614
85 27 402
85 28 462
85 29 568
85 30 573
85 31 368
85 32 678
85 33 318
85 34 392
85 35 589
85 36 421
85 37 499
85 38 676
85 39 143
85 40 112
85 41 382
85 42 494
85 43 245
85 44 248
85 45 496
85 46 567
85 47 121
85 48 267
85 49 455
85 50 611
85 51 349
85 52 382
85 53 336
85 54 331
85 55 485
85 56 176
85 57 229
85 58 476
85 59 431
85 60 485
85 61 524
85 62 251
85 63 248
85 64 326
85 65 388
85 66 215
85 67 88
85 68 391
85 69 351
85 70 148
85 71 337
85 72 592
85 73 413
85 74 425
85 75 399
85 76 433
85 77 179
85 78 486
85 79 410
85 80 769
85 81 497
85 82 433
85 83 672
85 84 509
85 86 772
85 87 547
85 88 524
85 89 146
85 90 359
85 91 666
85 92 546
85 93 573
85 94 436
85 95 438
85 96 594
85 97 245
85 98 608
85 99 339
85 100 642
86 1 1012
86 2 583
86 3 756
86 4 502
86 5 827
86 6 534
86 7 865
86 8 834
86 9 308
86 10 563
86 11 574
86 12 878
86 13 1102
86 14 512
86 15 201
86 16 945
86 17 1053
86 18 576
86 19 828
86 20 730
86 21 604
86 22 88
86 23 582
86 24 910
86 25 850
86 26 208
86 27 517
86 28 771
86 29 255
86 30 345
86 31 442
86 32 929
86 33 486
86 34 1042
86 35 203
86 36 590
86 37 793
86 38 305
86 39 786
86 40 883
86 41 728
86 42 758
86 43 989
86 44 860
86 45 342
86 46 396
86 47 655
86 48 670
86 49 783
86 50 784
86 51 508
86 52 573
86 53 904
86 54 1097
86 55 945
86 56 888
86 57 781
86 58 864
86 59 430
86 60 505
86 61 370
86 62 802
86 63 964
86 64 543
86 65 790
86 66 625
86 67 765
86 68 1161
86 69 959
86 70 904
86 71 586
86 72 182
86 73 1185
86 74 1193
86 75 379
86 76 522
86 77 714
86 78 329
86 79 869
86 80 65
86 81 299
86 82 354
86 83 647
86 84 416
86 85 772
86 87 671
86 88 404
86 89 638
86 90 492
86 91 124
86 92 981
86 93 397
86 94 423
86 95 390
86 96 325
86 97 842
86 98 522
86 99 999
86 100 253
87 1 976
87 2 889
87 3 427
87 4 376
87 5 158
87 6 165
87 7 1100
87 8 536
87 9 775
87 10 542
87 11 417
87 12 548
87 13 718
87 14 483
87 15 625
87 16 640
87 17 696
87 18 847
87 19 313
87 20 835
87 21 580
87 22 756
87 23 817
87 24 821
87 25 305
87 26 466
87 27 711
87 28 152
87 29 651
87 30 327
87 31 589
87 32 1143
87 33 357
87 34 938
87 35 488
87 36 783
87 37 955
87 38 802
87 39 434
87 40 599
87 41 835
87 42 118
87 43 602
87 44 409
87 45 355
87 46 276
87 47 470
87 48 281
87 49 169
87 50 118
87 51 284
87 52 195
87 53 871
87 54 727
87 55 1003
87 56 723
87 57 741
87 58 240
87 59 662
87 60 779
87 61 710
87 62 352
87 63 789
87 64 275
87 65 227
87 66 618
87 67 469
87 68 794
87 69 895
87 70 575
87 71 706
87 72 536
87 73 841
87 74 887
87 75 434
87 76 191
87 77 662
87 78 383
87 79 919
87 80 713
87 81 591
87 82 415
87 83 1006
87 84 262
87 85 547
87 86 671
87 88 271
87 89 441
87 90 641
87 91 553
87 92 1063
87 93 778
87 94 661
87 95 340
87 96 347
87 97 392
87 98 889
87 99 886
87 100 734
88 1 900
88 2 680
88 3 449
88 4 244
88 5 429
88 6 134
88 7 926
88 8 554
88 9 519
88 10 407
88 11 324
88 12 586
88 13 801
88 14 335
88 15 361
88 16 672
88 17 761
88 18 645
88 19 454
88 20 690
88 21 454
88 22 490
88 23 624
88 24 757
88 25 468
88 26 197
88 27 518
88 28 370
88 29 395
88 30 66
88 31 391
88 32 978
88 33 216
88 34 890
88 35 218
88 36 600
88 37 799
88 38 544
88 39 473
88 40 615
88 41 689
88 42 355
88 43 679
88 44 512
88 45 95
88 46 44
88 47 409
88 48 318
88 49 383
88 50 387
88 51 176
88 52 192
88 53 786
88 54 802
88 55 889
88 56 687
88 57 647
88 58 465
88 59 449
88 60 569
88 61 474
88 62 448
88 63 765
88 64 204
88 65 400
88 66 492
88 67 477
88 68 870
88 69 826
88 70 616
88 71 540
88 72 267
88 73 907
88 74 935
88 75 218
88 76 130
88 77 564
88 78 127
88 79 803
88 80 443
88 81 347
88 82 183
88 83 789
88 84 17
88 85 524
88 86 404
88 87 271
88 89 380
88 90 454
88 91 284
88 92 943
88 93 540
88 94 446
88 95 115
88 96 91
88 97 493
88 98 663
88 99 838
88 100 474
89 1 541
89 2 526
89 3 134
89 4 147
89 5 545
89 6 325
89 7 683
89 8 197
89 9 544
89 10 145
89 11 66
89 12 241
89 13 465
89 14 142
89 15 473
89 16 311
89 17 416
89 18 477
89 19 300
89 20 406
89 21 161
89 22 717
89 23 439
89 24 390
89 25 338
89 26 471
89 27 348
89 28 389
89 29 455
89 30 428
89 31 273
89 32 718
89 33 173
89 34 517
89 35 449
89 36 394
89 37 530
89 38 579
89 39 166
89 40 249
89 41 407
89 42 414
89 43 354
89 44 270
89 45 350
89 46 424
89 47 31
89 48 176
89 49 387
89 50 524
89 51 208
89 52 257
89 53 433
89 54 460
89 55 562
89 56 309
89 57 300
89 58 431
89 59 348
89 60 432
89 61 434
89 62 237
89 63 385
89 64 190
89 65 334
89 66 193
89 67 130
89 68 524
89 69 462
89 70 267
89 71 307
89 72 456
89 73 552
89 74 569
89 75 260
89 76 300
89 77 221
89 78 341
89 79 479
89 80 640
89 81 380
89 82 291
89 83 645
89 84 366
89 85 146
89 86 638
89 87 441
89 88 380
89 90 288
89 91 527
89 92 622
89 93 493
89 94 351
89 95 293
89 96 449
89 97 257
89 98 557
89 99 465
89 100 535
90 1 522
90 2 251
90 3 418
90 4 268
90 5 778
90 6 484
90 7 473
90 8 441
90 9 287
90 10 145
90 11 259
90 12 489
90 13 694
90 14 168
90 15 293
90 16 525
90 17 638
90 18 207
90 19 584
90 20 254
90 21 154
90 22 550
90 23 177
90 24 422
90 25 620
90 26 415
90 27 70
90 28 640
90 29 245
90 30 463
90 31 65
90 32 525
90 33 285
90 34 551
90 35 371
90 36 147
90 37 349
90 38 322
90 39 448
90 40 466
90 41 252
90 42 655
90 43 604
90 44 556
90 45 370
90 46 490
90 47 283
90 48 438
90 49 643
90 50 747
90 51 358
90 52 450
90 53 413
90 54 683
90 55 468
90 56 419
90 57 293
90 58 701
90 59 75
90 60 147
90 61 168
90 62 523
90 63 490
90 64 371
90 65 603
90 66 155
90 67 400
90 68 736
90 69 468
90 70 507
90 71 99
90 72 342
90 73 748
90 74 740
90 75 236
90 76 456
90 77 237
90 78 341
90 79 386
90 80 467
90 81 195
90 82 274
90 83 371
90 84 448
90 85 359
90 86 492
90 87 641
90 88 454
90 89 288
90 91 422
90 92 514
90 93 214
90 94 81
90 95 340
90 96 472
90 97 544
90 98 271
90 99 511
90 100 300
91 1 941
91 2 562
91 3 640
91 4 387
91 5 710
91 6 412
91 7 841
91 8 724
91 9 316
91 10 469
91 11 462
91 12 766
91 13 991
91 14 410
91 15 160
91 16 837
91 17 942
91 18 545
91 19 705
91 20 672
91 21 513
91 22 211
91 23 543
91 24 827
91 25 727
91 26 88
91 27 461
91 28 649
91 29 218
91 30 228
91 31 364
91 32 903
91 33 368
91 34 961
91 35 82
91 36 541
91 37 751
91 38 327
91 39 670
91 40 775
91 41 670
91 42 637
91 43 875
91 44 740
91 45 219
91 46 280
91 47 547
91 48 549
91 49 661
91 50 668
91 51 386
91 52 450
91 53 830
91 54 986
91 55 888
91 56 794
91 57 700
91 58 741
91 59 372
91 60 469
91 61 336
91 62 681
91 63 871
91 64 421
91 65 667
91 66 539
91 67 653
91 68 1051
91 69 882
91 70 793
91 71 520
91 72 81
91 73 1078
91 74 1090
91 75 268
91 76 399
91 77 627
91 78 207
91 79 807
91 80 160
91 81 231
91 82 238
91 83 646
91 84 295
91 85 666
91 86 124
91 87 553
91 88 284
91 89 527
91 90 422
91 92 930
91 93 382
91 94 366
91 95 268
91 96 211
91 97 722
91 98 515
91 99 916
91 100 258
92 1 179
92 2 432
92 3 676
92 4 711
92 5 1162
92 6 933
92 7 241
92 8 603
92 9 701
92 10 539
92 11 650
92 12 629
92 13 698
92 14 609
92 15 785
92 16 581
92 17 650
92 18 419
92 19 869
92 20 261
92 21 494
92 22 1022
92 23 403
92 24 292
92 25 906
92 26 928
92 27 470
92 28 1001
92 29 728
92 30 965
92 31 577
92 32 210
92 33 738
92 34 280
92 35 884
92 36 392
92 37 196
92 38 723
92 39 688
92 40 566
92 41 263
92 42 1030
92 43 691
92 44 786
92 45 871
92 46 984
92 47 594
92 48 793
92 49 996
92 50 1144
92 51 802
92 52 874
92 53 218
92 54 676
92 55 62
92 56 408
92 57 325
92 58 1021
92 59 558
92 60 480
92 61 613
92 62 797
92 63 395
92 64 797
92 65 932
92 66 455
92 67 634
92 68 686
92 69 235
92 70 621
92 71 416
92 72 852
92 73 659
92 74 605
92 75 735
92 76 905
92 77 402
92 78 845
92 79 144
92 80 942
92 81 699
92 82 777
92 83 452
92 84 934
92 85 546
92 86 981
92 87 1063
92 88 943
92 89 622
92 90 514
92 91 930
92 93 601
92 94 565
92 95 830
92 96 977
92 97 787
92 98 512
92 99 298
92 100 744
93 1 664
93 2 187
93 3 626
93 4 433
93 5 928
93 6 614
93 7 469
93 8 654
93 9 101
93 10 355
93 11 452
93 12 702
93 13 906
93 14 357
93 15 223
93 16 736
93 17 850
93 18 184
93 19 779
93 20 370
93 21 367
93 22 425
93 23 200
93 24 598
93 25 813
93 26 419
93 27 184
93 28 809
93 29 166
93 30 522
93 31 222
93 32 533
93 33 440
93 34 716
93 35 372
93 36 224
93 37 407
93 38 127
93 39 656
93 40 678
93 41 366
93 42 816
93 43 817
93 44 762
93 45 445
93 46 565
93 47 492
93 48 623
93 49 814
93 50 892
93 51 507
93 52 602
93 53 569
93 54 894
93 55 572
93 56 618
93 57 475
93 58 880
93 59 146
93 60 126
93 61 69
93 62 723
93 63 683
93 64 530
93 65 785
93 66 364
93 67 611
93 68 945
93 69 628
93 70 720
93 71 264
93 72 322
93 73 954
93 74 941
93 75 345
93 76 588
93 77 438
93 78 414
93 79 507
93 80 348
93 81 194
93 82 366
93 83 265
93 84 540
93 85 573
93 86 397
93 87 778
93 88 540
93 89 493
93 90 214
93 91 382
93 92 601
93 94 143
93 95 442
93 96 521
93 97 749
93 98 134
93 99 684
93 100 147
94 1 590
94 2 234
94 3 484
94 4 300
94 5 805
94 6 499
94 7 491
94 8 516
94 9 207
94 10 214
94 11 311
94 12 564
94 13 773
94 14 216
94 15 223
94 16 603
94 17 717
94 18 200
94 19 638
94 20 309
94 21 232
94 22 476
94 23 185
94 24 499
94 25 673
94 26 373
94 27 95
94 28 677
94 29 171
94 30 444
94 31 81
94 32 549
94 33 311
94 34 626
94 35 326
94 36 176
94 37 386
94 38 242
94 39 514
94 40 544
94 41 306
94 42 687
94 43 680
94 44 620
94 45 356
94 46 478
94 47 350
94 48 485
94 49 682
94 50 772
94 51 381
94 52 476
94 53 485
94 54 762
94 55 524
94 56 500
94 57 370
94 58 745
94 59 7
94 60 124
94 61 89
94 62 582
94 63 570
94 64 400
94 65 649
94 66 235
94 67 470
94 68 816
94 69 541
94 70 583
94 71 165
94 72 290
94 73 828
94 74 821
94 75 232
94 76 471
94 77 318
94 78 324
94 79 447
94 80 393
94 81 135
94 82 264
94 83 347
94 84 443
94 85 436
94 86 423
94 87 661
94 88 446
94 89 351
94 90 81
94 91 366
94 92 565
94 93 143
94 95 337
94 96 448
94 97 607
94 98 229
94 99 588
94 100 219
95 1 793
95 2 571
95 3 386
95 4 146
95 5 494
95 6 177
95 7 813
95 8 481
95 9 435
95 10 297
95 11 230
95 12 519
95 13 740
95 14 225
95 15 292
95 16 598
95 17 696
95 18 534
95 19 438
95 20 575
95 21 345
95 22 477
95 23 511
95 24 654
95 25 461
95 26 193
95 27 405
95 28 400
95 29 312
95 30 141
95 31 278
95 32 864
95 33 120
95 34 788
95 35 187
95 36 486
95 37 684
95 38 464
95 39 413
95 40 538
95 41 574
95 42 396
95 43 622
95 44 475
95 45 59
95 46 155
95 47 319
95 48 282
95 49 410
95 50 456
95 51 119
95 52 190
95 53 679
95 54 739
95 55 776
95 56 592
95 57 540
95 58 487
95 59 340
95 60 460
95 61 374
95 62 415
95 63 671
95 64 154
95 65 406
95 66 381
95 67 405
95 68 806
95 69 720
95 70 547
95 71 425
95 72 220
95 73 838
95 74 859
95 75 106
95 76 154
95 77 457
95 78 61
95 79 690
95 80 413
95 81 252
95 82 77
95 83 683
95 84 109
95 85 438
95 86 390
95 87 340
95 88 115
95 89 293
95 90 340
95 91 268
95 92 830
95 93 442
95 94 337
95 96 160
95 97 456
95 98 559
95 99 738
95 100 397
96 1 949
96 2 678
96 3 530
96 4 305
96 5 503
96 6 224
96 7 938
96 8 632
96 9 484
96 10 452
96 11 388
96 12 666
96 13 884
96 14 380
96 15 319
96 16 750
96 17 843
96 18 648
96 19 544
96 20 719
96 21 500
96 22 410
96 23 632
96 24 813
96 25 559
96 26 126
96 27 531
96 28 457
96 29 363
96 30 25
96 31 407
96 32 993
96 33 278
96 34 946
96 35 162
96 36 614
96 37 820
96 38 504
96 39 556
96 40 691
96 41 717
96 42 440
96 43 763
96 44 600
96 45 108
96 46 72
96 47 476
96 48 406
96 49 471
96 50 460
96 51 255
96 52 282
96 53 835
96 54 884
96 55 926
96 56 751
96 57 696
96 58 553
96 59 453
96 60 570
96 61 459
96 62 537
96 63 829
96 64 286
96 65 490
96 66 536
96 67 555
96 68 952
96 69 878
96 70 696
96 71 565
96 72 216
96 73 987
96 74 1012
96 75 242
96 76 220
96 77 614
96 78 132
96 79 840
96 80 370
96 81 331
96 82 200
96 83 780
96 84 107
96 85 594
96 86 325
96 87 347
96 88 91
96 89 449
96 90 472
96 91 211
96 92 977
96 93 521
96 94 448
96 95 160
96 97 581
96 98 650
96 99 897
96 100 433
97 1 659
97 2 776
97 3 130
97 4 349
97 5 419
97 6 376
97 7 899
97 8 186
97 9 795
97 10 401
97 11 300
97 12 175
97 13 328
97 14 393
97 15 704
97 16 261
97 17 304
97 18 727
97 19 92
97 20 621
97 21 406
97 22 927
97 23 687
97 24 505
97 25 124
97 26 648
97 27 602
97 28 263
97 29 696
97 30 556
97 31 528
97 32 923
97 33 360
97 34 597
97 35 641
97 36 640
97 37 742
97 38 830
97 39 106
97 40 238
97 41 623
97 42 302
97 43 210
97 44 20
97 45 510
97 46 528
97 47 264
97 48 177
97 49 251
97 50 418
97 51 338
97 52 304
97 53 572
97 54 335
97 55 725
97 56 390
97 57 474
97 58 245
97 59 604
97 60 687
97 61 688
97 62 46
97 63 439
97 64 303
97 65 178
97 66 431
97 67 163
97 68 403
97 69 577
97 70 197
97 71 553
97 72 663
97 73 449
97 74 495
97 75 474
97 76 368
97 77 419
97 78 516
97 79 653
97 80 857
97 81 620
97 82 491
97 83 894
97 84 476
97 85 245
97 86 842
97 87 392
97 88 493
97 89 257
97 90 544
97 91 722
97 92 787
97 93 749
97 94 607
97 95 456
97 96 581
97 98 812
97 99 547
97 100 780
98 1 605
98 2 81
98 3 684
98 4 527
98 5 1034
98 6 726
98 7 348
98 8 692
98 9 215
98 10 412
98 11 528
98 12 739
98 13 925
98 14 436
98 15 356
98 16 757
98 17 868
98 18 113
98 19 854
98 20 320
98 21 409
98 22 540
98 23 152
98 24 570
98 25 891
98 26 552
98 27 211
98 28 905
98 29 299
98 30 651
98 31 306
98 32 413
98 33 539
98 34 672
98 35 505
98 36 197
98 37 318
98 38 225
98 39 712
98 40 704
98 41 316
98 42 916
98 43 849
98 44 823
98 45 569
98 46 691
98 47 549
98 48 707
98 49 908
98 50 1000
98 51 610
98 52 705
98 53 526
98 54 910
98 55 495
98 56 616
98 57 462
98 58 969
98 59 229
98 60 126
98 61 192
98 62 793
98 63 669
98 64 629
98 65 872
98 66 394
98 67 662
98 68 954
98 69 585
98 70 752
98 71 273
98 72 455
98 73 956
98 74 933
98 75 457
98 76 699
98 77 448
98 78 538
98 79 444
98 80 469
98 81 321
98 82 484
98 83 132
98 84 662
98 85 608
98 86 522
98 87 889
98 88 663
98 89 557
98 90 271
98 91 515
98 92 512
98 93 134
98 94 229
98 95 559
98 96 650
98 97 812
98 99 649
98 100 270
99 1 127
99 2 573
99 3 463
99 4 596
99 5 955
99 6 788
99 7 506
99 8 364
99 9 778
99 10 452
99 11 516
99 12 374
99 13 402
99 14 520
99 15 802
99 16 305
99 17 357
99 18 536
99 19 636
99 20 329
99 21 406
99 22 1061
99 23 501
99 24 90
99 25 671
99 26 886
99 27 506
99 28 793
99 29 756
99 30 878
99 31 558
99 32 495
99 33 623
99 34 53
99 35 850
99 36 464
99 37 381
99 38 809
99 39 464
99 40 310
99 41 333
99 42 827
99 43 410
99 44 541
99 45 791
99 46 882
99 47 435
99 48 606
99 49 784
99 50 946
99 51 671
99 52 717
99 53 126
99 54 380
99 55 249
99 56 164
99 57 219
99 58 791
99 59 581
99 60 561
99 61 665
99 62 568
99 63 111
99 64 654
99 65 714
99 66 378
99 67 420
99 68 388
99 69 72
99 70 358
99 71 426
99 72 836
99 73 364
99 74 316
99 75 668
99 76 764
99 77 290
99 78 773
99 79 231
99 80 977
99 81 701
99 82 709
99 83 645
99 84 825
99 85 339
99 86 999
99 87 886
99 88 838
99 89 465
99 90 511
99 91 916
99 92 298
99 93 684
99 94 588
99 95 738
99 96 897
99 97 547
99 98 649
99 100 803
100 1 796
100 2 332
100 3 668
100 4 438
100 5 890
100 6 573
100 7 613
100 8 718
100 9 58
100 10 417
100 11 481
100 12 765
100 13 981
100 14 394
100 15 114
100 16 814
100 17 927
100 18 329
100 19 793
100 20 504
100 21 444
100 22 279
100 23 342
100 24 715
100 25 824
100 26 315
100 27 299
100 28 791
100 29 88
100 30 441
100 31 275
100 32 678
100 33 436
100 34 840
100 35 273
100 36 358
100 37 551
100 38 72
100 39 699
100 40 753
100 41 501
100 42 791
100 43 882
100 44 795
100 45 382
100 46 489
100 47 542
100 48 631
100 49 799
100 50 851
100 51 490
100 52 579
100 53 695
100 54 972
100 55 713
100 56 718
100 57 587
100 58 873
100 59 225
100 60 265
100 61 139
100 62 748
100 63 789
100 64 519
100 65 783
100 66 452
100 67 663
100 68 1029
100 69 753
100 70 787
100 71 378
100 72 218
100 73 1043
100 74 1038
100 75 322
100 76 550
100 77 536
100 78 353
100 79 643
100 80 202
100 81 161
100 82 326
100 83 397
100 84 478
100 85 642
100 86 253
100 87 734
100 88 474
100 89 535
100 90 300
100 91 258
100 92 744
100 93 147
100 94 219
100 95 397
100 96 433
100 97 780
100 98 270
100 99 803
