nnodes nedges type capacity P s t
100  4950  graph  1000 100 1 100 
nodename posx posy itemvalue itemweight
1 563 57 0 0
2 716 375 7 11
3 828 300 10 18
4 44 847 7 24
5 923 364 1 12
6 766 200 9 13
7 438 763 5 12
8 928 792 1 12
9 424 813 2 19
10 554 332 7 17
11 790 270 3 26
12 522 699 8 19
13 281 330 10 6
14 756 347 1 37
15 859 444 10 26
16 601 422 3 50
17 853 317 7 1
18 150 33 1 28
19 969 546 9 17
20 232 893 2 41
21 262 998 10 32
22 445 700 3 34
23 762 725 5 23
24 845 186 6 47
25 890 751 1 24
26 870 681 5 6
27 373 392 1 42
28 732 6 4 22
29 74 841 10 47
30 353 934 8 49
31 285 955 2 23
32 356 490 9 48
33 624 858 3 9
34 523 594 6 43
35 405 755 7 29
36 839 667 5 6
37 106 284 2 37
38 720 220 9 7
39 9 917 2 36
40 406 900 5 4
41 668 628 1 19
42 933 42 9 12
43 21 665 1 33
44 48 95 3 10
45 506 754 9 43
46 29 143 8 2
47 61 738 7 8
48 633 685 1 41
49 948 508 6 28
50 631 353 6 44
51 616 470 6 20
52 373 722 9 20
53 754 93 7 40
54 942 116 8 18
55 10 700 7 32
56 16 30 3 38
57 328 301 10 32
58 424 349 1 12
59 318 825 4 35
60 797 177 3 44
61 579 178 7 33
62 320 640 5 45
63 268 306 10 45
64 677 217 6 8
65 166 309 3 21
66 922 782 1 30
67 779 295 10 2
68 504 534 1 48
69 740 446 1 28
70 650 102 7 17
71 498 18 1 40
72 485 827 6 11
73 671 909 1 6
74 528 989 4 36
75 734 677 1 47
76 166 665 9 19
77 856 487 1 25
78 305 124 4 20
79 145 983 1 49
80 693 311 9 45
81 292 616 1 32
82 94 423 7 10
83 263 950 3 27
84 957 356 10 25
85 397 959 7 26
86 810 895 3 17
87 329 295 5 49
88 74 0 9 37
89 205 603 6 3
90 990 291 2 48
91 280 508 1 2
92 957 488 7 31
93 347 614 8 32
94 965 492 2 49
95 949 658 2 33
96 156 241 3 2
97 626 602 4 21
98 17 242 3 48
99 552 974 8 24
100 950 301 0 0
endpoint1 endpoint2 weight
1 2 353
1 3 360
1 4 946
1 5 474
1 6 249
1 7 717
1 8 821
1 9 769
1 10 276
1 11 312
1 12 644
1 13 393
1 14 349
1 15 488
1 16 367
1 17 390
1 18 414
1 19 636
1 20 900
1 21 988
1 22 654
1 23 698
1 24 311
1 25 768
1 26 696
1 27 386
1 28 177
1 29 925
1 30 902
1 31 941
1 32 480
1 33 804
1 34 539
1 35 716
1 36 670
1 37 511
1 38 227
1 39 1023
1 40 858
1 41 581
1 42 371
1 43 815
1 44 517
1 45 700
1 46 541
1 47 847
1 48 632
1 49 593
1 50 304
1 51 417
1 52 692
1 53 195
1 54 384
1 55 849
1 56 548
1 57 339
1 58 324
1 59 807
1 60 263
1 61 123
1 62 632
1 63 387
1 64 197
1 65 471
1 66 810
1 67 322
1 68 481
1 69 428
1 70 98
1 71 76
1 72 774
1 73 859
1 74 933
1 75 644
1 76 727
1 77 521
1 78 267
1 79 1016
1 80 286
1 81 622
1 82 595
1 83 943
1 84 495
1 85 918
1 86 874
1 87 334
1 88 493
1 89 653
1 90 487
1 91 533
1 92 584
1 93 598
1 94 593
1 95 715
1 96 447
1 97 549
1 98 577
1 99 918
1 100 458
2 1 353
2 3 135
2 4 822
2 5 208
2 6 183
2 7 478
2 8 468
2 9 527
2 10 168
2 11 129
2 12 378
2 13 438
2 14 49
2 15 159
2 16 125
2 17 149
2 18 662
2 19 306
2 20 709
2 21 771
2 22 424
2 23 354
2 24 229
2 25 415
2 26 343
2 27 344
2 28 370
2 29 794
2 30 667
2 31 723
2 32 378
2 33 492
2 34 292
2 35 492
2 36 317
2 37 617
2 38 156
2 39 891
2 40 610
2 41 258
2 42 398
2 43 754
2 44 725
2 45 434
2 46 726
2 47 749
2 48 321
2 49 268
2 50 88
2 51 138
2 52 488
2 53 285
2 54 344
2 55 778
2 56 781
2 57 395
2 58 294
2 59 601
2 60 214
2 61 240
2 62 477
2 63 454
2 64 163
2 65 554
2 66 457
2 67 102
2 68 265
2 69 75
2 70 281
2 71 419
2 72 508
2 73 536
2 74 643
2 75 303
2 76 622
2 77 180
2 78 482
2 79 835
2 80 69
2 81 488
2 82 624
2 83 733
2 84 242
2 85 666
2 86 529
2 87 396
2 88 744
2 89 560
2 90 287
2 91 456
2 92 267
2 93 440
2 94 276
2 95 367
2 96 576
2 97 245
2 98 712
2 99 622
2 100 246
3 1 360
3 2 135
3 4 956
3 5 115
3 6 118
3 7 606
3 8 503
3 9 653
3 10 276
3 11 49
3 12 503
3 13 548
3 14 86
3 15 148
3 16 258
3 17 31
3 18 729
3 19 284
3 20 841
3 21 899
3 22 554
3 23 431
3 24 116
3 25 456
3 26 384
3 27 465
3 28 310
3 29 929
3 30 793
3 31 851
3 32 509
3 33 595
3 34 424
3 35 622
3 36 368
3 37 723
3 38 135
3 39 1026
3 40 734
3 41 365
3 42 279
3 43 886
3 44 807
3 45 557
3 46 815
3 47 884
3 48 432
3 49 241
3 50 205
3 51 272
3 52 621
3 53 220
3 54 217
3 55 911
3 56 856
3 57 501
3 58 407
3 59 732
3 60 127
3 61 278
3 62 612
3 63 561
3 64 173
3 65 663
3 66 492
3 67 50
3 68 400
3 69 171
3 70 267
3 71 435
3 72 629
3 73 629
3 74 752
3 75 389
3 76 756
3 77 190
3 78 552
3 79 966
3 80 136
3 81 623
3 82 745
3 83 862
3 84 141
3 85 788
3 86 596
3 87 500
3 88 812
3 89 693
3 90 163
3 91 587
3 92 229
3 93 575
3 94 236
3 95 378
3 96 675
3 97 364
3 98 814
3 99 729
3 100 123
4 1 946
4 2 822
4 3 956
4 5 1003
4 6 970
4 7 403
4 8 886
4 9 382
4 10 725
4 11 944
4 12 501
4 13 569
4 14 871
4 15 910
4 16 701
4 17 968
4 18 821
4 19 973
4 20 194
4 21 266
4 22 428
4 23 729
4 24 1039
4 25 852
4 26 843
4 27 562
4 28 1087
4 29 31
4 30 322
4 31 265
4 32 475
4 33 581
4 34 542
4 35 373
4 36 816
4 37 567
4 38 923
4 39 79
4 40 366
4 41 662
4 42 1200
4 43 184
4 44 753
4 45 472
4 46 705
4 47 111
4 48 611
4 49 966
4 50 768
4 51 686
4 52 352
4 53 1036
4 54 1158
4 55 151
4 56 818
4 57 616
4 58 627
4 59 275
4 60 1008
4 61 857
4 62 345
4 63 586
4 64 894
4 65 552
4 66 881
4 67 920
4 68 557
4 69 804
4 70 961
4 71 946
4 72 442
4 73 631
4 74 505
4 75 711
4 76 220
4 77 889
4 78 769
4 79 170
4 80 842
4 81 339
4 82 427
4 83 243
4 84 1037
4 85 371
4 86 768
4 87 622
4 88 848
4 89 293
4 90 1098
4 91 414
4 92 982
4 93 383
4 94 988
4 95 925
4 96 617
4 97 632
4 98 606
4 99 524
4 100 1058
5 1 474
5 2 208
5 3 115
5 4 1003
5 6 228
5 7 629
5 8 429
5 9 672
5 10 371
5 11 163
5 12 523
5 13 643
5 14 168
5 15 103
5 16 328
5 17 85
5 18 841
5 19 188
5 20 871
5 21 916
5 22 585
5 23 396
5 24 195
5 25 389
5 26 322
5 27 551
5 28 406
5 29 974
5 30 807
5 31 870
5 32 581
5 33 578
5 34 462
5 35 650
5 36 315
5 37 821
5 38 249
5 39 1069
5 40 745
5 41 368
5 42 323
5 43 951
5 44 916
5 45 571
5 46 921
5 47 940
5 48 433
5 49 147
5 50 293
5 51 325
5 52 657
5 53 320
5 54 249
5 55 973
5 56 967
5 57 599
5 58 500
5 59 761
5 60 226
5 61 392
5 62 664
5 63 658
5 64 287
5 65 759
5 66 419
5 67 160
5 68 453
5 69 201
5 70 379
5 71 549
5 72 638
5 73 601
5 74 740
5 75 366
5 76 815
5 77 141
5 78 663
5 79 995
5 80 237
5 81 680
5 82 832
5 83 883
5 84 35
5 85 795
5 86 543
5 87 598
5 88 924
5 89 757
5 90 100
5 91 659
5 92 129
5 93 628
5 94 135
5 95 296
5 96 777
5 97 381
5 98 915
5 99 714
5 100 69
6 1 249
6 2 183
6 3 118
6 4 970
6 5 228
6 7 652
6 8 614
6 9 702
6 10 250
6 11 74
6 12 556
6 13 503
6 14 148
6 15 262
6 16 277
6 17 146
6 18 639
6 19 402
6 20 875
6 21 944
6 22 595
6 23 526
6 24 81
6 25 565
6 26 493
6 27 438
6 28 197
6 29 944
6 30 843
6 31 896
6 32 503
6 33 674
6 34 463
6 35 663
6 36 473
6 37 666
6 38 51
6 39 1043
6 40 788
6 41 440
6 42 230
6 43 879
6 44 726
6 45 612
6 46 740
6 47 887
6 48 503
6 49 358
6 50 205
6 51 309
6 52 654
6 53 108
6 54 196
6 55 907
6 56 770
6 57 450
6 58 374
6 59 769
6 60 39
6 61 189
6 62 627
6 63 510
6 64 91
6 65 610
6 66 603
6 67 96
6 68 425
6 69 248
6 70 152
6 71 324
6 72 688
6 73 716
6 74 825
6 75 479
6 76 760
6 77 301
6 78 468
6 79 1000
6 80 133
6 81 631
6 82 709
6 83 904
6 84 247
6 85 844
6 86 697
6 87 448
6 88 721
6 89 691
6 90 242
6 91 576
6 92 346
6 93 590
6 94 354
6 95 494
6 96 612
6 97 426
6 98 751
6 99 804
6 100 210
7 1 717
7 2 478
7 3 606
7 4 403
7 5 629
7 6 652
7 8 491
7 9 52
7 10 447
7 11 606
7 12 106
7 13 461
7 14 524
7 15 529
7 16 378
7 17 610
7 18 785
7 19 574
7 20 244
7 21 294
7 22 64
7 23 327
7 24 707
7 25 453
7 26 440
7 27 377
7 28 813
7 29 373
7 30 191
7 31 246
7 32 286
7 33 209
7 34 190
7 35 34
7 36 413
7 37 583
7 38 612
7 39 456
7 40 141
7 41 267
7 42 875
7 43 429
7 44 774
7 45 69
7 46 743
7 47 378
7 48 211
7 49 571
7 50 454
7 51 343
7 52 77
7 53 741
7 54 821
7 55 433
7 56 846
7 57 475
7 58 415
7 59 136
7 60 688
7 61 602
7 62 171
7 63 488
7 64 597
7 65 530
7 66 485
7 67 580
7 68 239
7 69 438
7 70 695
7 71 748
7 72 80
7 73 275
7 74 244
7 75 309
7 76 290
7 77 501
7 78 653
7 79 367
7 80 519
7 81 208
7 82 484
7 83 257
7 84 660
7 85 201
7 86 395
7 87 481
7 88 846
7 89 283
7 90 727
7 91 300
7 92 588
7 93 175
7 94 593
7 95 522
7 96 594
7 97 248
7 98 670
7 99 240
7 100 690
8 1 821
8 2 468
8 3 503
8 4 886
8 5 429
8 6 614
8 7 491
8 9 505
8 10 593
8 11 540
8 12 417
8 13 796
8 14 478
8 15 355
8 16 494
8 17 481
8 18 1087
8 19 250
8 20 704
8 21 698
8 22 492
8 23 180
8 24 612
8 25 56
8 26 126
8 27 685
8 28 811
8 29 856
8 30 593
8 31 664
8 32 647
8 33 312
8 34 451
8 35 525
8 36 154
8 37 967
8 38 609
8 39 928
8 40 534
8 41 308
8 42 751
8 43 916
8 44 1123
8 45 424
8 46 1109
8 47 869
8 48 314
8 49 285
8 50 531
8 51 449
8 52 560
8 53 721
8 54 677
8 55 923
8 56 1189
8 57 776
8 58 672
8 59 611
8 60 629
8 61 707
8 62 627
8 63 820
8 64 628
8 65 903
8 66 12
8 67 519
8 68 497
8 69 394
8 70 744
8 71 886
8 72 445
8 73 283
8 74 446
8 75 226
8 76 773
8 77 314
8 78 914
8 79 806
8 80 536
8 81 660
8 82 912
8 83 684
8 84 437
8 85 557
8 86 157
8 87 779
8 88 1165
8 89 748
8 90 505
8 91 708
8 92 306
8 93 608
8 94 303
8 95 136
8 96 949
8 97 357
8 98 1065
8 99 418
8 100 492
9 1 769
9 2 527
9 3 653
9 4 382
9 5 672
9 6 702
9 7 52
9 8 505
9 10 499
9 11 655
9 12 151
9 13 504
9 14 573
9 15 571
9 16 430
9 17 656
9 18 827
9 19 607
9 20 208
9 21 246
9 22 115
9 23 350
9 24 756
9 25 471
9 26 466
9 27 425
9 28 864
9 29 352
9 30 141
9 31 199
9 32 331
9 33 205
9 34 241
9 35 62
9 36 440
9 37 618
9 38 663
9 39 428
9 40 89
9 41 307
9 42 924
9 43 430
9 44 811
9 45 102
9 46 778
9 47 371
9 48 246
9 49 607
9 50 505
9 51 394
9 52 105
9 53 793
9 54 869
9 55 430
9 56 883
9 57 521
9 58 464
9 59 107
9 60 738
9 61 654
9 62 202
9 63 531
9 64 648
9 65 567
9 66 499
9 67 628
9 68 291
9 69 485
9 70 747
9 71 799
9 72 63
9 73 265
9 74 205
9 75 339
9 76 298
9 77 542
9 78 700
9 79 327
9 80 570
9 81 238
9 82 511
9 83 212
9 84 703
9 85 149
9 86 395
9 87 527
9 88 886
9 89 304
9 90 770
9 91 338
9 92 625
9 93 214
9 94 630
9 95 548
9 96 632
9 97 293
9 98 702
9 99 206
9 100 735
10 1 276
10 2 168
10 3 276
10 4 725
10 5 371
10 6 250
10 7 447
10 8 593
10 9 499
10 11 245
10 12 369
10 13 274
10 14 203
10 15 325
10 16 102
10 17 300
10 18 503
10 19 467
10 20 647
10 21 728
10 22 384
10 23 445
10 24 326
10 25 538
10 26 471
10 27 191
10 28 372
10 29 700
10 30 635
10 31 679
10 32 254
10 33 531
10 34 264
10 35 449
10 36 440
10 37 451
10 38 201
10 39 800
10 40 587
10 41 318
10 42 478
10 43 629
10 44 559
10 45 425
10 46 558
10 47 639
10 48 362
10 49 432
10 50 80
10 51 152
10 52 430
10 53 312
10 54 445
10 55 657
10 56 617
10 57 229
10 58 132
10 59 547
10 60 289
10 61 157
10 62 387
10 63 288
10 64 169
10 65 389
10 66 582
10 67 229
10 68 209
10 69 219
10 70 250
10 71 319
10 72 500
10 73 589
10 74 658
10 75 390
10 76 512
10 77 340
10 78 325
10 79 769
10 80 141
10 81 387
10 82 469
10 83 684
10 84 404
10 85 647
10 86 619
10 87 229
10 88 584
10 89 442
10 90 438
10 91 326
10 92 433
10 93 350
10 94 442
10 95 513
10 96 409
10 97 280
10 98 545
10 99 643
10 100 398
11 1 312
11 2 129
11 3 49
11 4 944
11 5 163
11 6 74
11 7 606
11 8 540
11 9 655
11 10 245
11 12 506
11 13 513
11 14 85
11 15 188
11 16 243
11 17 79
11 18 683
11 19 329
11 20 837
11 21 900
11 22 552
11 23 456
11 24 101
11 25 492
11 26 419
11 27 435
11 28 271
11 29 916
11 30 795
11 31 852
11 32 487
11 33 611
11 34 420
11 35 620
11 36 401
11 37 685
11 38 87
11 39 1015
11 40 738
11 41 379
11 42 270
11 43 865
11 44 763
11 45 562
11 46 772
11 47 867
11 48 444
11 49 286
11 50 180
11 51 266
11 52 615
11 53 181
11 54 217
11 55 891
11 56 811
11 57 464
11 58 375
11 59 729
11 60 94
11 61 231
11 62 599
11 63 524
11 64 125
11 65 626
11 66 529
11 67 28
11 68 390
11 69 183
11 70 219
11 71 386
11 72 636
11 73 650
11 74 766
11 75 411
11 76 739
11 77 227
11 78 507
11 79 962
11 80 106
11 81 607
11 82 713
11 83 861
11 84 188
11 85 794
11 86 626
11 87 462
11 88 766
11 89 674
11 90 202
11 91 563
11 92 275
11 93 561
11 94 283
11 95 420
11 96 635
11 97 371
11 98 774
11 99 744
11 100 163
12 1 644
12 2 378
12 3 503
12 4 501
12 5 523
12 6 556
12 7 106
12 8 417
12 9 151
12 10 369
12 11 506
12 13 441
12 14 423
12 15 423
12 16 289
12 17 506
12 18 763
12 19 473
12 20 349
12 21 397
12 22 78
12 23 242
12 24 607
12 25 372
12 26 349
12 27 342
12 28 725
12 29 470
12 30 290
12 31 349
12 32 267
12 33 189
12 34 106
12 35 130
12 36 319
12 37 588
12 38 519
12 39 558
12 40 233
12 41 163
12 42 775
12 43 503
12 44 768
12 45 58
12 46 744
12 47 463
12 48 112
12 49 467
12 50 363
12 51 248
12 52 151
12 53 649
12 54 719
12 55 513
12 56 839
12 57 443
12 58 364
12 59 240
12 60 591
12 61 525
12 62 211
12 63 468
12 64 507
12 65 529
12 66 409
12 67 479
12 68 166
12 69 334
12 70 611
12 71 682
12 72 134
12 73 258
12 74 291
12 75 214
12 76 358
12 77 396
12 78 615
12 79 473
12 80 425
12 81 245
12 82 510
12 83 361
12 84 554
12 85 289
12 86 349
12 87 448
12 88 831
12 89 332
12 90 621
12 91 309
12 92 484
12 93 195
12 94 489
12 95 429
12 96 587
12 97 143
12 98 682
12 99 277
12 100 585
13 1 393
13 2 438
13 3 548
13 4 569
13 5 643
13 6 503
13 7 461
13 8 796
13 9 504
13 10 274
13 11 513
13 12 441
13 14 476
13 15 590
13 16 333
13 17 573
13 18 325
13 19 722
13 20 566
13 21 669
13 22 405
13 23 623
13 24 583
13 25 741
13 26 686
13 27 111
13 28 556
13 29 552
13 30 609
13 31 626
13 32 177
13 33 630
13 34 359
13 35 443
13 36 652
13 37 181
13 38 453
13 39 647
13 40 584
13 41 489
13 42 713
13 43 425
13 44 331
13 45 481
13 46 314
13 47 464
13 48 500
13 49 691
13 50 351
13 51 364
13 52 403
13 53 530
13 54 695
13 55 459
13 56 401
13 57 56
13 58 145
13 59 497
13 60 539
13 61 335
13 62 313
13 63 28
13 64 412
13 65 117
13 66 785
13 67 500
13 68 303
13 69 474
13 70 434
13 71 381
13 72 538
13 73 699
13 74 704
13 75 571
13 76 355
13 77 597
13 78 208
13 79 668
13 80 413
13 81 287
13 82 209
13 83 621
13 84 677
13 85 640
13 86 774
13 87 60
13 88 390
13 89 284
13 90 711
13 91 179
13 92 695
13 93 292
13 94 703
13 95 745
13 96 154
13 97 440
13 98 279
13 99 699
13 100 670
14 1 349
14 2 49
14 3 86
14 4 871
14 5 168
14 6 148
14 7 524
14 8 478
14 9 573
14 10 203
14 11 85
14 12 423
14 13 476
14 15 142
14 16 173
14 17 102
14 18 683
14 19 292
14 20 757
14 21 818
14 22 471
14 23 379
14 24 184
14 25 426
14 26 353
14 27 386
14 28 342
14 29 843
14 30 713
14 31 770
14 32 425
14 33 528
14 34 340
14 35 539
14 36 331
14 37 654
14 38 133
14 39 940
14 40 655
14 41 295
14 42 353
14 43 801
14 44 752
14 45 478
14 46 756
14 47 798
14 48 360
14 49 251
14 50 126
14 51 187
14 52 537
14 53 255
14 54 297
14 55 826
14 56 806
14 57 431
14 58 333
14 59 649
14 60 175
14 61 245
14 62 526
14 63 490
14 64 153
14 65 592
14 66 466
14 67 57
14 68 314
14 69 101
14 70 267
14 71 419
14 72 552
14 73 569
14 74 682
14 75 331
14 76 671
14 77 173
14 78 504
14 79 882
14 80 73
14 81 537
14 82 667
14 83 779
14 84 202
14 85 710
14 86 551
14 87 431
14 88 766
14 89 608
14 90 241
14 91 503
14 92 246
14 93 489
14 94 255
14 95 367
14 96 610
14 97 287
14 98 747
14 99 660
14 100 200
15 1 488
15 2 159
15 3 148
15 4 910
15 5 103
15 6 262
15 7 529
15 8 355
15 9 571
15 10 325
15 11 188
15 12 423
15 13 590
15 14 142
15 16 259
15 17 128
15 18 820
15 19 151
15 20 772
15 21 815
15 22 487
15 23 298
15 24 259
15 25 309
15 26 238
15 27 489
15 28 457
15 29 880
15 30 705
15 31 769
15 32 506
15 33 477
15 34 368
15 35 551
15 36 224
15 37 770
15 38 264
15 39 973
15 40 643
15 41 266
15 42 409
15 43 867
15 44 883
15 45 470
15 46 883
15 47 851
15 48 331
15 49 110
15 50 246
15 51 245
15 52 560
15 53 367
15 54 339
15 55 887
15 56 940
15 57 550
15 58 446
15 59 662
15 60 275
15 61 387
15 62 574
15 63 607
15 64 291
15 65 707
15 66 344
15 67 170
15 68 367
15 69 120
15 70 401
15 71 559
15 72 536
15 73 502
15 74 638
15 75 265
15 76 728
15 77 44
15 78 640
15 79 895
15 80 213
15 81 593
15 82 766
15 83 782
15 84 132
15 85 692
15 86 454
15 87 551
15 88 902
15 89 674
15 90 202
15 91 583
15 92 108
15 93 540
15 94 117
15 95 233
15 96 732
15 97 282
15 98 866
15 99 613
15 100 170
16 1 367
16 2 125
16 3 258
16 4 701
16 5 328
16 6 277
16 7 378
16 8 494
16 9 430
16 10 102
16 11 243
16 12 289
16 13 333
16 14 173
16 15 259
16 17 273
16 18 596
16 19 389
16 20 599
16 21 669
16 22 319
16 23 344
16 24 340
16 25 438
16 26 374
16 27 230
16 28 437
16 29 674
16 30 569
16 31 620
16 32 255
16 33 437
16 34 189
16 35 387
16 36 342
16 37 514
16 38 235
16 39 772
16 40 517
16 41 217
16 42 505
16 43 629
16 44 643
16 45 346
16 46 637
16 47 626
16 48 265
16 49 358
16 50 76
16 51 51
16 52 377
16 53 363
16 54 459
16 55 654
16 56 705
16 57 299
16 58 192
16 59 493
16 60 314
16 61 245
16 62 356
16 63 353
16 64 219
16 65 450
16 66 483
16 67 219
16 68 149
16 69 142
16 70 324
16 71 417
16 72 422
16 73 493
16 74 572
16 75 288
16 76 499
16 77 264
16 78 421
16 79 723
16 80 145
16 81 365
16 82 508
16 83 627
16 84 363
16 85 575
16 86 518
16 87 301
16 88 676
16 89 436
16 90 411
16 91 333
16 92 363
16 93 319
16 94 371
16 95 421
16 96 481
16 97 182
16 98 612
16 99 555
16 100 370
17 1 390
17 2 149
17 3 31
17 4 968
17 5 85
17 6 146
17 7 610
17 8 481
17 9 656
17 10 300
17 11 79
17 12 506
17 13 573
17 14 102
17 15 128
17 16 273
17 18 759
17 19 257
17 20 848
17 21 902
17 22 560
17 23 419
17 24 132
17 25 436
17 26 365
17 27 486
17 28 334
17 29 939
17 30 795
17 31 855
17 32 527
17 33 588
17 34 431
17 35 627
17 36 351
17 37 748
17 38 165
17 39 1036
17 40 735
17 41 362
17 42 287
17 43 902
17 44 836
17 45 559
17 46 843
17 47 897
17 48 429
17 49 214
17 50 225
17 51 283
17 52 629
17 53 245
17 54 220
17 55 926
17 56 885
17 57 526
17 58 431
17 59 738
17 60 151
17 61 308
17 62 624
17 63 586
17 64 203
17 65 688
17 66 471
17 67 78
17 68 411
17 69 172
17 70 296
17 71 465
17 72 629
17 73 620
17 74 747
17 75 380
17 76 771
17 77 171
17 78 581
17 79 973
17 80 161
17 81 636
17 82 767
17 83 866
17 84 112
17 85 788
17 86 580
17 87 525
17 88 842
17 89 709
17 90 140
17 91 604
17 92 201
17 93 587
17 94 208
17 95 355
17 96 702
17 97 365
17 98 840
17 99 723
17 100 99
18 1 414
18 2 662
18 3 729
18 4 821
18 5 841
18 6 639
18 7 785
18 8 1087
18 9 827
18 10 503
18 11 683
18 12 763
18 13 325
18 14 683
18 15 820
18 16 596
18 17 759
18 19 967
18 20 864
18 21 972
18 22 730
18 23 924
18 24 712
18 25 1032
18 26 969
18 27 423
18 28 583
18 29 812
18 30 924
18 31 932
18 32 502
18 33 952
18 34 674
18 35 766
18 36 937
18 37 255
18 38 600
18 39 896
18 40 905
18 41 789
18 42 784
18 43 646
18 44 120
18 45 805
18 46 164
18 47 711
18 48 812
18 49 929
18 50 578
18 51 639
18 52 725
18 53 607
18 54 797
18 55 682
18 56 135
18 57 322
18 58 419
18 59 810
18 60 663
18 61 453
18 62 631
18 63 298
18 64 559
18 65 277
18 66 1076
18 67 682
18 68 614
18 69 721
18 70 505
18 71 349
18 72 862
18 73 1020
18 74 1029
18 75 870
18 76 633
18 77 840
18 78 180
18 79 951
18 80 611
18 81 601
18 82 394
18 83 924
18 84 870
18 85 959
18 86 1086
18 87 318
18 88 83
18 89 573
18 90 879
18 91 493
18 92 927
18 93 614
18 94 936
18 95 1015
18 96 209
18 97 742
18 98 248
18 99 1024
18 100 844
19 1 636
19 2 306
19 3 284
19 4 973
19 5 188
19 6 402
19 7 574
19 8 250
19 9 607
19 10 467
19 11 329
19 12 473
19 13 722
19 14 292
19 15 151
19 16 389
19 17 257
19 18 967
19 20 815
19 21 840
19 22 547
19 23 274
19 24 381
19 25 220
19 26 168
19 27 616
19 28 590
19 29 943
19 30 729
19 31 797
19 32 616
19 33 466
19 34 449
19 35 602
19 36 178
19 37 902
19 38 411
19 39 1030
19 40 666
19 41 312
19 42 506
19 43 956
19 44 1026
19 45 508
19 46 1023
19 47 929
19 48 364
19 49 44
19 50 390
19 51 362
19 52 622
19 53 502
19 54 431
19 55 972
19 56 1084
19 57 687
19 58 580
19 59 709
19 60 408
19 61 537
19 62 656
19 63 741
19 64 440
19 65 838
19 66 241
19 67 315
19 68 466
19 69 250
19 70 547
19 71 708
19 72 560
19 73 470
19 74 626
19 75 270
19 76 812
19 77 128
19 78 787
19 79 933
19 80 363
19 81 681
19 82 884
19 83 814
19 84 191
19 85 706
19 86 384
19 87 688
19 88 1049
19 89 767
19 90 256
19 91 691
19 92 60
19 93 626
19 94 55
19 95 114
19 96 869
19 97 348
19 98 1000
19 99 598
19 100 246
20 1 900
20 2 709
20 3 841
20 4 194
20 5 871
20 6 875
20 7 244
20 8 704
20 9 208
20 10 647
20 11 837
20 12 349
20 13 566
20 14 757
20 15 772
20 16 599
20 17 848
20 18 864
20 19 815
20 21 110
20 22 288
20 23 556
20 24 936
20 25 674
20 26 673
20 27 521
20 28 1019
20 29 167
20 30 128
20 31 82
20 32 422
20 33 394
20 34 418
20 35 222
20 36 648
20 37 622
20 38 832
20 39 225
20 40 175
20 41 511
20 42 1103
20 43 311
20 44 819
20 45 308
20 46 777
20 47 231
20 48 452
20 49 813
20 50 672
20 51 572
20 52 222
20 53 956
20 54 1053
20 55 295
20 56 890
20 57 600
20 58 577
20 59 110
20 60 913
20 61 795
20 62 268
20 63 589
20 64 810
20 65 588
20 66 699
20 67 811
20 68 451
20 69 677
20 70 895
20 71 915
20 72 262
20 73 440
20 74 312
20 75 547
20 76 238
20 77 745
20 78 773
20 79 126
20 80 743
20 81 284
20 82 490
20 83 65
20 84 903
20 85 178
20 86 579
20 87 606
20 88 907
20 89 292
20 90 968
20 91 388
20 92 831
20 93 302
20 94 836
20 95 755
20 96 657
20 97 490
20 98 686
20 99 331
20 100 931
21 1 988
21 2 771
21 3 899
21 4 266
21 5 916
21 6 944
21 7 294
21 8 698
21 9 246
21 10 728
21 11 900
21 12 397
21 13 669
21 14 818
21 15 815
21 16 669
21 17 902
21 18 972
21 19 840
21 20 110
21 22 350
21 23 570
21 24 1000
21 25 675
21 26 686
21 27 617
21 28 1098
21 29 245
21 30 112
21 31 49
21 32 517
21 33 389
21 34 481
21 35 282
21 36 666
21 37 731
21 38 903
21 39 266
21 40 175
21 41 550
21 42 1168
21 43 412
21 44 929
21 45 346
21 46 887
21 47 329
21 48 486
21 49 844
21 50 744
21 51 636
21 52 298
21 53 1031
21 54 1114
21 55 391
21 56 999
21 57 701
21 58 669
21 59 182
21 60 980
21 61 880
21 62 363
21 63 693
21 64 885
21 65 696
21 66 695
21 67 873
21 68 524
21 69 731
21 70 977
21 71 1009
21 72 282
21 73 419
21 74 267
21 75 571
21 76 347
21 77 784
21 78 876
21 79 118
21 80 812
21 81 384
21 82 600
21 83 49
21 84 947
21 85 141
21 86 558
21 87 707
21 88 1016
21 89 400
21 90 1015
21 91 491
21 92 863
21 93 394
21 94 867
21 95 767
21 96 765
21 97 538
21 98 795
21 99 291
21 100 980
22 1 654
22 2 424
22 3 554
22 4 428
22 5 585
22 6 595
22 7 64
22 8 492
22 9 115
22 10 384
22 11 552
22 12 78
22 13 405
22 14 471
22 15 487
22 16 319
22 17 560
22 18 730
22 19 547
22 20 288
22 21 350
22 23 318
22 24 652
22 25 448
22 26 426
22 27 317
22 28 752
22 29 397
22 30 252
22 31 302
22 32 229
22 33 239
22 34 132
22 35 69
22 36 396
22 37 537
22 38 554
22 39 488
22 40 204
22 41 235
22 42 820
22 43 426
22 44 724
22 45 82
22 46 696
22 47 386
22 48 189
22 49 539
22 50 394
22 51 287
22 52 76
22 53 682
22 54 767
22 55 435
22 56 796
22 57 416
22 58 352
22 59 179
22 60 631
22 61 539
22 62 139
22 63 432
22 64 536
22 65 481
22 66 484
22 67 525
22 68 177
22 69 390
22 70 633
22 71 685
22 72 134
22 73 308
22 74 301
22 75 290
22 76 282
22 77 463
22 78 593
22 79 413
22 80 462
22 81 175
22 82 448
22 83 310
22 84 617
22 85 264
22 86 414
22 87 422
22 88 793
22 89 259
22 90 682
22 91 254
22 92 555
22 93 131
22 94 561
22 95 506
22 96 543
22 97 206
22 98 627
22 99 295
22 100 644
23 1 698
23 2 354
23 3 431
23 4 729
23 5 396
23 6 526
23 7 327
23 8 180
23 9 350
23 10 445
23 11 456
23 12 242
23 13 623
23 14 379
23 15 298
23 16 344
23 17 419
23 18 924
23 19 274
23 20 556
23 21 570
23 22 318
23 24 546
23 25 131
23 26 117
23 27 513
23 28 720
23 29 698
23 30 460
23 31 530
23 32 470
23 33 192
23 34 273
23 35 359
23 36 97
23 37 791
23 38 507
23 39 778
23 40 397
23 41 136
23 42 705
23 43 744
23 44 953
23 45 258
23 46 936
23 47 702
23 48 136
23 49 286
23 50 395
23 51 294
23 52 390
23 53 633
23 54 636
23 55 753
23 56 1020
23 57 607
23 58 506
23 59 456
23 60 550
23 61 577
23 62 451
23 63 648
23 64 516
23 65 727
23 66 170
23 67 431
23 68 322
23 69 280
23 70 633
23 71 755
23 72 296
23 73 206
23 74 353
23 75 56
23 76 600
23 77 256
23 78 756
23 79 669
23 80 420
23 81 483
23 82 734
23 83 548
23 84 418
23 85 434
23 86 177
23 87 611
23 88 1000
23 89 571
23 90 491
23 91 529
23 92 307
23 93 430
23 94 310
23 95 199
23 96 776
23 97 184
23 98 888
23 99 326
23 100 464
24 1 311
24 2 229
24 3 116
24 4 1039
24 5 195
24 6 81
24 7 707
24 8 612
24 9 756
24 10 326
24 11 101
24 12 607
24 13 583
24 14 184
24 15 259
24 16 340
24 17 132
24 18 712
24 19 381
24 20 936
24 21 1000
24 22 652
24 23 546
24 25 567
24 26 496
24 27 515
24 28 213
24 29 1012
24 30 896
24 31 952
24 32 576
24 33 708
24 34 520
24 35 720
24 36 482
24 37 746
24 38 130
24 39 1111
24 40 839
24 41 477
24 42 169
24 43 954
24 44 803
24 45 662
24 46 818
24 47 959
24 48 543
24 49 339
24 50 272
24 51 365
24 52 715
24 53 131
24 54 120
24 55 981
24 56 844
24 57 530
24 58 452
24 59 829
24 60 49
24 61 267
24 62 695
24 63 590
24 64 171
24 65 691
24 66 601
24 67 128
24 68 488
24 69 281
24 70 213
24 71 386
24 72 736
24 73 744
24 74 864
24 75 504
24 76 831
24 77 302
24 78 544
24 79 1061
24 80 197
24 81 701
24 82 788
24 83 961
24 84 204
24 85 894
24 86 710
24 87 528
24 88 794
24 89 764
24 90 180
24 91 651
24 92 323
24 93 657
24 94 329
24 95 484
24 96 692
24 97 471
24 98 830
24 99 841
24 100 156
25 1 768
25 2 415
25 3 456
25 4 852
25 5 389
25 6 565
25 7 453
25 8 56
25 9 471
25 10 538
25 11 492
25 12 372
25 13 741
25 14 426
25 15 309
25 16 438
25 17 436
25 18 1032
25 19 220
25 20 674
25 21 675
25 22 448
25 23 131
25 24 567
25 26 73
25 27 630
25 28 762
25 29 821
25 30 568
25 31 639
25 32 595
25 33 287
25 34 400
25 35 486
25 36 99
25 37 913
25 38 558
25 39 897
25 40 507
25 41 254
25 42 711
25 43 874
25 44 1068
25 45 385
25 46 1055
25 47 830
25 48 266
25 49 250
25 50 475
25 51 393
25 52 518
25 53 672
25 54 638
25 55 882
25 56 1134
25 57 720
25 58 616
25 59 577
25 60 582
25 61 652
25 62 581
25 63 765
25 64 575
25 65 849
25 66 45
25 67 470
25 68 443
25 69 340
25 70 692
25 71 832
25 72 413
25 73 271
25 74 434
25 75 173
25 76 730
25 77 267
25 78 858
25 79 781
25 80 483
25 81 614
25 82 861
25 83 658
25 84 401
25 85 536
25 86 165
25 87 723
25 88 1109
25 89 701
25 90 471
25 91 657
25 92 272
25 93 561
25 94 270
25 95 111
25 96 894
25 97 304
25 98 1011
25 99 405
25 100 454
26 1 696
26 2 343
26 3 384
26 4 843
26 5 322
26 6 493
26 7 440
26 8 126
26 9 466
26 10 471
26 11 419
26 12 349
26 13 686
26 14 353
26 15 238
26 16 374
26 17 365
26 18 969
26 19 168
26 20 673
26 21 686
26 22 426
26 23 117
26 24 496
26 25 73
26 27 575
26 28 689
26 29 812
26 30 576
26 31 646
26 32 549
26 33 304
26 34 358
26 35 471
26 36 35
26 37 861
26 38 485
26 39 893
26 40 514
26 41 209
26 42 643
26 43 850
26 44 1010
26 45 372
26 46 999
26 47 812
26 48 238
26 49 190
26 50 406
26 51 331
26 52 499
26 53 600
26 54 570
26 55 861
26 56 1074
26 57 662
26 58 557
26 59 571
26 60 510
26 61 582
26 62 552
26 63 710
26 64 503
26 65 797
26 66 114
26 67 397
26 68 395
26 69 269
26 70 620
26 71 761
26 72 412
26 73 303
26 74 461
26 75 137
26 76 705
26 77 195
26 78 794
26 79 786
26 80 411
26 81 582
26 82 818
26 83 664
26 84 337
26 85 549
26 86 223
26 87 665
26 88 1048
26 89 670
26 90 409
26 91 615
26 92 212
26 93 528
26 94 212
26 95 83
26 96 839
26 97 257
26 98 960
26 99 433
26 100 389
27 1 386
27 2 344
27 3 465
27 4 562
27 5 551
27 6 438
27 7 377
27 8 685
27 9 425
27 10 191
27 11 435
27 12 342
27 13 111
27 14 386
27 15 489
27 16 230
27 17 486
27 18 423
27 19 616
27 20 521
27 21 617
27 22 317
27 23 513
27 24 515
27 25 630
27 26 575
27 28 528
27 29 540
27 30 543
27 31 570
27 32 100
27 33 530
27 34 252
27 35 365
27 36 542
27 37 289
27 38 388
27 39 639
27 40 510
27 41 378
27 42 661
27 43 446
27 44 441
27 45 386
27 46 425
27 47 466
27 48 392
27 49 587
27 50 261
27 51 256
27 52 330
27 53 485
27 54 633
27 55 477
27 56 509
27 57 102
27 58 67
27 59 437
27 60 476
27 61 298
27 62 254
27 63 136
27 64 351
27 65 224
27 66 674
27 67 418
27 68 194
27 69 371
27 70 402
27 71 395
27 72 450
27 73 597
27 74 617
27 75 460
27 76 343
27 77 493
27 78 277
27 79 634
27 80 331
27 81 239
27 82 281
27 83 569
27 84 586
27 85 568
27 86 667
27 87 107
27 88 494
27 89 270
27 90 626
27 91 149
27 92 592
27 93 224
27 94 601
27 95 635
27 96 265
27 97 329
27 98 387
27 99 609
27 100 585
28 1 177
28 2 370
28 3 310
28 4 1087
28 5 406
28 6 197
28 7 813
28 8 811
28 9 864
28 10 372
28 11 271
28 12 725
28 13 556
28 14 342
28 15 457
28 16 437
28 17 334
28 18 583
28 19 590
28 20 1019
28 21 1098
28 22 752
28 23 720
28 24 213
28 25 762
28 26 689
28 27 528
28 29 1064
28 30 1003
28 31 1050
28 32 613
28 33 859
28 34 625
28 35 818
28 36 670
28 37 685
28 38 215
28 39 1164
28 40 952
28 41 626
28 42 205
28 43 970
28 44 690
28 45 782
28 46 717
28 47 994
28 48 687
28 49 547
28 50 362
28 51 479
28 52 801
28 53 90
28 54 238
28 55 1002
28 56 717
28 57 501
28 58 461
28 59 918
28 60 183
28 61 231
28 62 757
28 63 553
28 64 219
28 65 643
28 66 799
28 67 293
28 68 576
28 69 441
28 70 127
28 71 235
28 72 858
28 73 906
28 74 1004
28 75 672
28 76 869
28 77 497
28 78 444
28 79 1140
28 80 308
28 81 753
28 82 763
28 83 1055
28 84 417
28 85 1011
28 86 893
28 87 496
28 88 659
28 89 797
28 90 385
28 91 676
28 92 532
28 93 720
28 94 539
28 95 688
28 96 623
28 97 606
28 98 753
28 99 985
28 100 367
29 1 925
29 2 794
29 3 929
29 4 31
29 5 974
29 6 944
29 7 373
29 8 856
29 9 352
29 10 700
29 11 916
29 12 470
29 13 552
29 14 843
29 15 880
29 16 674
29 17 939
29 18 812
29 19 943
29 20 167
29 21 245
29 22 397
29 23 698
29 24 1012
29 25 821
29 26 812
29 27 540
29 28 1064
29 30 295
29 31 240
29 32 451
29 33 551
29 34 513
29 35 342
29 36 785
29 37 558
29 38 897
29 39 101
29 40 338
29 41 632
29 42 1174
29 43 184
29 44 747
29 45 441
29 46 700
29 47 104
29 48 581
29 49 936
29 50 741
29 51 657
29 52 322
29 53 1011
29 54 1131
29 55 155
29 56 814
29 57 597
29 58 604
29 59 245
29 60 982
29 61 834
29 62 318
29 63 570
29 64 868
29 65 540
29 66 851
29 67 892
29 68 529
29 69 775
29 70 937
29 71 926
29 72 412
29 73 601
29 74 478
29 75 681
29 76 199
29 77 859
29 78 754
29 79 159
29 80 815
29 81 314
29 82 419
29 83 219
29 84 1008
29 85 344
29 86 738
29 87 603
29 88 841
29 89 272
29 90 1069
29 91 392
29 92 951
29 93 356
29 94 957
29 95 894
29 96 606
29 97 602
29 98 602
29 99 497
29 100 1030
30 1 902
30 2 667
30 3 793
30 4 322
30 5 807
30 6 843
30 7 191
30 8 593
30 9 141
30 10 635
30 11 795
30 12 290
30 13 609
30 14 713
30 15 705
30 16 569
30 17 795
30 18 924
30 19 729
30 20 128
30 21 112
30 22 252
30 23 460
30 24 896
30 25 568
30 26 576
30 27 543
30 28 1003
30 29 295
30 31 72
30 32 445
30 33 282
30 34 381
30 35 187
30 36 555
30 37 696
30 38 803
30 39 345
30 40 63
30 41 440
30 42 1064
30 43 428
30 44 893
30 45 237
30 46 855
30 47 352
30 48 375
30 49 732
30 50 645
30 51 534
30 52 213
30 53 932
30 54 1008
30 55 416
30 56 965
30 57 634
30 58 590
30 59 115
30 60 878
30 61 790
30 62 296
30 63 634
30 64 787
30 65 653
30 66 589
30 67 768
30 68 428
30 69 623
30 70 884
30 71 928
30 72 170
30 73 319
30 74 184
30 75 460
30 76 328
30 77 673
30 78 812
30 79 214
30 80 710
30 81 324
30 82 573
30 83 92
30 84 837
30 85 51
30 86 459
30 87 640
30 88 975
30 89 363
30 90 906
30 91 433
30 92 751
30 93 321
30 94 755
30 95 657
30 96 721
30 97 430
30 98 770
30 99 203
30 100 871
31 1 941
31 2 723
31 3 851
31 4 265
31 5 870
31 6 896
31 7 246
31 8 664
31 9 199
31 10 679
31 11 852
31 12 349
31 13 626
31 14 770
31 15 769
31 16 620
31 17 855
31 18 932
31 19 797
31 20 82
31 21 49
31 22 302
31 23 530
31 24 952
31 25 639
31 26 646
31 27 570
31 28 1050
31 29 240
31 30 72
31 32 471
31 33 353
31 34 433
31 35 234
31 36 625
31 37 695
31 38 855
31 39 279
31 40 133
31 41 504
31 42 1120
31 43 393
31 44 893
31 45 299
31 46 852
31 47 312
31 48 441
31 49 800
31 50 695
31 51 588
31 52 250
31 53 982
31 54 1066
31 55 376
31 56 964
31 57 656
31 58 622
31 59 135
31 60 932
31 61 831
31 62 317
31 63 650
31 64 836
31 65 657
31 66 661
31 67 825
31 68 475
31 69 683
31 70 928
31 71 961
31 72 238
31 73 389
31 74 246
31 75 529
31 76 314
31 77 739
31 78 832
31 79 143
31 80 763
31 81 340
31 82 566
31 83 23
31 84 901
31 85 113
31 86 529
31 87 662
31 88 979
31 89 361
31 90 969
31 91 448
31 92 819
31 93 347
31 94 823
31 95 728
31 96 726
31 97 491
31 98 762
31 99 268
31 100 933
32 1 480
32 2 378
32 3 509
32 4 475
32 5 581
32 6 503
32 7 286
32 8 647
32 9 331
32 10 254
32 11 487
32 12 267
32 13 177
32 14 425
32 15 506
32 16 255
32 17 527
32 18 502
32 19 616
32 20 422
32 21 517
32 22 229
32 23 470
32 24 576
32 25 595
32 26 549
32 27 100
32 28 613
32 29 451
32 30 445
32 31 471
32 33 456
32 34 197
32 35 270
32 36 515
32 37 324
32 38 454
32 39 551
32 40 414
32 41 342
32 42 731
32 43 378
32 44 501
32 45 304
32 46 477
32 47 386
32 48 339
32 49 593
32 50 308
32 51 261
32 52 233
32 53 563
32 54 696
32 55 405
32 56 573
32 57 192
32 58 157
32 59 338
32 60 541
32 61 384
32 62 155
32 63 204
32 64 422
32 65 263
32 66 637
32 67 466
32 68 155
32 69 387
32 70 487
32 71 493
32 72 361
32 73 525
32 74 528
32 75 422
32 76 259
32 77 501
32 78 370
32 79 537
32 80 382
32 81 142
32 82 271
32 83 470
32 84 616
32 85 471
32 86 609
32 87 197
32 88 566
32 89 189
32 90 665
32 91 79
32 92 602
32 93 125
32 94 610
32 95 617
32 96 320
32 97 293
32 98 421
32 99 523
32 100 624
33 1 804
33 2 492
33 3 595
33 4 581
33 5 578
33 6 674
33 7 209
33 8 312
33 9 205
33 10 531
33 11 611
33 12 189
33 13 630
33 14 528
33 15 477
33 16 437
33 17 588
33 18 952
33 19 466
33 20 394
33 21 389
33 22 239
33 23 192
33 24 708
33 25 287
33 26 304
33 27 530
33 28 859
33 29 551
33 30 282
33 31 353
33 32 456
33 34 283
33 35 243
33 36 288
33 37 774
33 38 646
33 39 618
33 40 223
33 41 235
33 42 873
33 43 634
33 44 957
33 45 158
33 46 931
33 47 576
33 48 174
33 49 477
33 50 506
33 51 389
33 52 286
33 53 776
33 54 808
33 55 635
33 56 1028
33 57 631
33 58 547
33 59 308
33 60 703
33 61 682
33 62 375
33 63 657
33 64 644
33 65 715
33 66 308
33 67 584
33 68 346
33 69 429
33 70 757
33 71 850
33 72 143
33 73 70
33 74 163
33 75 212
33 76 498
33 77 438
33 78 801
33 79 496
33 80 552
33 81 411
33 82 686
33 83 373
33 84 603
33 85 249
33 86 190
33 87 636
33 88 1020
33 89 491
33 90 675
33 91 491
33 92 498
33 93 370
33 94 501
33 95 382
33 96 775
33 97 257
33 98 865
33 99 137
33 100 646
34 1 539
34 2 292
34 3 424
34 4 542
34 5 462
34 6 463
34 7 190
34 8 451
34 9 241
34 10 264
34 11 420
34 12 106
34 13 359
34 14 340
34 15 368
34 16 189
34 17 431
34 18 674
34 19 449
34 20 418
34 21 481
34 22 132
34 23 273
34 24 520
34 25 400
34 26 358
34 27 252
34 28 625
34 29 513
34 30 381
34 31 433
34 32 197
34 33 283
34 35 200
34 36 325
34 37 520
34 38 423
34 39 608
34 40 328
34 41 149
34 42 688
34 43 507
34 44 689
34 45 161
34 46 669
34 47 484
34 48 143
34 49 434
34 50 265
34 51 155
34 52 198
34 53 552
34 54 636
34 55 524
34 56 759
34 57 352
34 58 265
34 59 309
34 60 499
34 61 420
34 62 209
34 63 385
34 64 408
34 65 457
34 66 442
34 67 394
34 68 63
34 69 263
34 70 509
34 71 577
34 72 237
34 73 349
34 74 396
34 75 227
34 76 364
34 77 350
34 78 519
34 79 543
34 80 331
34 81 233
34 82 462
34 83 441
34 84 495
34 85 387
34 86 416
34 87 357
34 88 745
34 89 319
34 90 557
34 91 258
34 92 447
34 93 178
34 94 454
34 95 431
34 96 510
34 97 104
34 98 617
34 99 382
34 100 518
35 1 716
35 2 492
35 3 622
35 4 373
35 5 650
35 6 663
35 7 34
35 8 525
35 9 62
35 10 449
35 11 620
35 12 130
35 13 443
35 14 539
35 15 551
35 16 387
35 17 627
35 18 766
35 19 602
35 20 222
35 21 282
35 22 69
35 23 359
35 24 720
35 25 486
35 26 471
35 27 365
35 28 818
35 29 342
35 30 187
35 31 234
35 32 270
35 33 243
35 34 200
35 36 443
35 37 558
35 38 621
35 39 428
35 40 146
35 41 293
35 42 888
35 43 395
35 44 751
35 45 102
35 46 719
35 47 345
35 48 239
35 49 597
35 50 462
35 51 355
35 52 46
35 53 749
35 54 835
35 55 399
35 56 823
35 57 461
35 58 407
35 59 112
35 60 699
35 61 603
35 62 144
35 63 470
35 64 603
35 65 507
35 66 518
35 67 593
35 68 243
35 69 456
35 70 698
35 71 743
35 72 108
35 73 308
35 74 265
35 75 339
35 76 256
35 77 525
35 78 639
35 79 346
35 80 530
35 81 180
35 82 455
35 83 242
35 84 682
35 85 205
35 86 429
35 87 467
35 88 825
35 89 252
35 90 747
35 91 277
35 92 614
35 93 153
35 94 619
35 95 553
35 96 572
35 97 269
35 98 644
35 99 264
35 100 710
36 1 670
36 2 317
36 3 368
36 4 816
36 5 315
36 6 473
36 7 413
36 8 154
36 9 440
36 10 440
36 11 401
36 12 319
36 13 652
36 14 331
36 15 224
36 16 342
36 17 351
36 18 937
36 19 178
36 20 648
36 21 666
36 22 396
36 23 97
36 24 482
36 25 99
36 26 35
36 27 542
36 28 670
36 29 785
36 30 555
36 31 625
36 32 515
36 33 288
36 34 325
36 35 443
36 37 828
36 38 463
36 39 867
36 40 492
36 41 176
36 42 633
36 43 819
36 44 977
36 45 345
36 46 965
36 47 782
36 48 207
36 49 193
36 50 377
36 51 298
36 52 470
36 53 581
36 54 561
36 55 830
36 56 1041
36 57 629
36 58 523
36 59 545
36 60 492
36 61 554
36 62 520
36 63 676
36 64 479
36 65 763
36 66 142
36 67 377
36 68 361
36 69 243
36 70 596
36 71 734
36 72 389
36 73 295
36 74 448
36 75 106
36 76 674
36 77 181
36 78 762
36 79 763
36 80 385
36 81 550
36 82 784
36 83 642
36 84 333
36 85 530
36 86 230
36 87 632
36 88 1015
36 89 638
36 90 406
36 91 582
36 92 215
36 93 495
36 94 216
36 95 111
36 96 805
36 97 223
36 98 926
36 99 421
36 100 383
37 1 511
37 2 617
37 3 723
37 4 567
37 5 821
37 6 666
37 7 583
37 8 967
37 9 618
37 10 451
37 11 685
37 12 588
37 13 181
37 14 654
37 15 770
37 16 514
37 17 748
37 18 255
37 19 902
37 20 622
37 21 731
37 22 537
37 23 791
37 24 746
37 25 913
37 26 861
37 27 289
37 28 685
37 29 558
37 30 696
37 31 695
37 32 324
37 33 774
37 34 520
37 35 558
37 36 828
37 38 618
37 39 641
37 40 686
37 41 659
37 42 862
37 43 391
37 44 198
37 45 618
37 46 161
37 47 457
37 48 663
37 49 872
37 50 530
37 51 543
37 52 513
37 53 676
37 54 853
37 55 427
37 56 270
37 57 223
37 58 325
37 59 582
37 60 700
37 61 485
37 62 416
37 63 164
37 64 575
37 65 65
37 66 956
37 67 674
37 68 471
37 69 655
37 70 574
37 71 474
37 72 663
37 73 843
37 74 822
37 75 741
37 76 386
37 77 777
37 78 256
37 79 701
37 80 588
37 81 381
37 82 140
37 83 685
37 84 855
37 85 736
37 86 933
37 87 224
37 88 286
37 89 335
37 90 885
37 91 284
37 92 876
37 93 409
37 94 884
37 95 923
37 96 66
37 97 610
37 98 99
37 99 822
37 100 845
38 1 227
38 2 156
38 3 135
38 4 923
38 5 249
38 6 51
38 7 612
38 8 609
38 9 663
38 10 201
38 11 87
38 12 519
38 13 453
38 14 133
38 15 264
38 16 235
38 17 165
38 18 600
38 19 411
38 20 832
38 21 903
38 22 554
38 23 507
38 24 130
38 25 558
38 26 485
38 27 388
38 28 215
38 29 897
38 30 803
38 31 855
38 32 454
38 33 646
38 34 423
38 35 621
38 36 463
38 37 618
38 39 996
38 40 749
38 41 412
38 42 278
38 43 829
38 44 684
38 45 576
38 46 696
38 47 839
38 48 474
38 49 368
38 50 161
38 51 271
38 52 611
38 53 132
38 54 246
38 55 858
38 56 730
38 57 401
38 58 323
38 59 727
38 60 89
38 61 148
38 62 580
38 63 461
38 64 44
38 65 562
38 66 598
38 67 96
38 68 382
38 69 227
38 70 138
38 71 301
38 72 651
38 73 691
38 74 793
38 75 458
38 76 711
38 77 300
38 78 426
38 79 956
38 80 95
38 81 584
38 82 659
38 83 862
38 84 274
38 85 807
38 86 681
38 87 399
38 88 683
38 89 642
38 90 280
38 91 526
38 92 358
38 93 543
38 94 367
38 95 495
38 96 565
38 97 394
38 98 704
38 99 773
38 100 244
39 1 1023
39 2 891
39 3 1026
39 4 79
39 5 1069
39 6 1043
39 7 456
39 8 928
39 9 428
39 10 800
39 11 1015
39 12 558
39 13 647
39 14 940
39 15 973
39 16 772
39 17 1036
39 18 896
39 19 1030
39 20 225
39 21 266
39 22 488
39 23 778
39 24 1111
39 25 897
39 26 893
39 27 639
39 28 1164
39 29 101
39 30 345
39 31 279
39 32 551
39 33 618
39 34 608
39 35 428
39 36 867
39 37 641
39 38 996
39 40 398
39 41 720
39 42 1273
39 43 253
39 44 823
39 45 524
39 46 775
39 47 187
39 48 666
39 49 1025
39 50 840
39 51 754
39 52 413
39 53 1111
39 54 1230
39 55 218
39 56 888
39 57 694
39 58 704
39 59 323
39 60 1081
39 61 934
39 62 417
39 63 664
39 64 968
39 65 628
39 66 923
39 67 990
39 68 626
39 69 870
39 70 1037
39 71 1024
39 72 485
39 73 663
39 74 524
39 75 764
39 76 297
39 77 950
39 78 847
39 79 152
39 80 914
39 81 414
39 82 502
39 83 257
39 84 1102
39 85 391
39 86 802
39 87 700
39 88 920
39 89 371
39 90 1164
39 91 491
39 92 1041
39 93 454
39 94 1047
39 95 976
39 96 692
39 97 693
39 98 676
39 99 546
39 100 1125
40 1 858
40 2 610
40 3 734
40 4 366
40 5 745
40 6 788
40 7 141
40 8 534
40 9 89
40 10 587
40 11 738
40 12 233
40 13 584
40 14 655
40 15 643
40 16 517
40 17 735
40 18 905
40 19 666
40 20 175
40 21 175
40 22 204
40 23 397
40 24 839
40 25 507
40 26 514
40 27 510
40 28 952
40 29 338
40 30 63
40 31 133
40 32 414
40 33 223
40 34 328
40 35 146
40 36 492
40 37 686
40 38 749
40 39 398
40 41 378
40 42 1007
40 43 452
40 44 882
40 45 177
40 46 846
40 47 382
40 48 313
40 49 669
40 50 592
40 51 479
40 52 182
40 53 879
40 54 950
40 55 444
40 56 954
40 57 605
40 58 552
40 59 116
40 60 822
40 61 743
40 62 274
40 63 610
40 64 735
40 65 638
40 66 530
40 67 711
40 68 379
40 69 564
40 70 835
40 71 887
40 72 108
40 73 266
40 74 152
40 75 397
40 76 336
40 77 611
40 78 783
40 79 274
40 80 656
40 81 307
40 82 570
40 83 152
40 84 775
40 85 60
40 86 405
40 87 610
40 88 960
40 89 359
40 90 844
40 91 412
40 92 689
40 93 293
40 94 693
40 95 595
40 96 705
40 97 371
40 98 765
40 99 164
40 100 810
41 1 581
41 2 258
41 3 365
41 4 662
41 5 368
41 6 440
41 7 267
41 8 308
41 9 307
41 10 318
41 11 379
41 12 163
41 13 489
41 14 295
41 15 266
41 16 217
41 17 362
41 18 789
41 19 312
41 20 511
41 21 550
41 22 235
41 23 136
41 24 477
41 25 254
41 26 209
41 27 378
41 28 626
41 29 632
41 30 440
41 31 504
41 32 342
41 33 235
41 34 149
41 35 293
41 36 176
41 37 659
41 38 412
41 39 720
41 40 378
41 42 644
41 43 649
41 44 818
41 45 206
41 46 803
41 47 617
41 48 67
41 49 305
41 50 278
41 51 167
41 52 310
41 53 542
41 54 581
41 55 662
41 56 885
41 57 472
41 58 371
41 59 402
41 60 470
41 61 459
41 62 349
41 63 514
41 64 412
41 65 595
41 66 298
41 67 352
41 68 190
41 69 196
41 70 527
41 71 634
41 72 271
41 73 282
41 74 388
41 75 83
41 76 504
41 77 235
41 78 622
41 79 633
41 80 318
41 81 377
41 82 610
41 83 518
41 84 397
41 85 428
41 86 303
41 87 476
41 88 865
41 89 464
41 90 467
41 91 407
41 92 322
41 93 322
41 94 327
41 95 283
41 96 642
41 97 50
41 98 757
41 99 365
41 100 432
42 1 371
42 2 398
42 3 279
42 4 1200
42 5 323
42 6 230
42 7 875
42 8 751
42 9 924
42 10 478
42 11 270
42 12 775
42 13 713
42 14 353
42 15 409
42 16 505
42 17 287
42 18 784
42 19 506
42 20 1103
42 21 1168
42 22 820
42 23 705
42 24 169
42 25 711
42 26 643
42 27 661
42 28 205
42 29 1174
42 30 1064
42 31 1120
42 32 731
42 33 873
42 34 688
42 35 888
42 36 633
42 37 862
42 38 278
42 39 1273
42 40 1007
42 41 644
42 43 1105
42 44 887
42 45 831
42 46 910
42 47 1116
42 48 710
42 49 467
42 50 434
42 51 533
42 52 881
42 53 187
42 54 75
42 55 1134
42 56 918
42 57 659
42 58 595
42 59 996
42 60 192
42 61 380
42 62 857
42 63 716
42 64 311
42 65 813
42 66 741
42 67 297
42 68 653
42 69 448
42 70 290
42 71 436
42 72 904
42 73 906
42 74 1030
42 75 666
42 76 989
42 77 452
42 78 634
42 79 1228
42 80 361
42 81 861
42 82 922
42 83 1129
42 84 315
42 85 1063
42 86 862
42 87 655
42 88 861
42 89 920
42 90 256
42 91 803
42 92 447
42 93 819
42 94 452
42 95 617
42 96 803
42 97 639
42 98 938
42 99 1007
42 100 260
43 1 815
43 2 754
43 3 886
43 4 184
43 5 951
43 6 879
43 7 429
43 8 916
43 9 430
43 10 629
43 11 865
43 12 503
43 13 425
43 14 801
43 15 867
43 16 629
43 17 902
43 18 646
43 19 956
43 20 311
43 21 412
43 22 426
43 23 744
43 24 954
43 25 874
43 26 850
43 27 446
43 28 970
43 29 184
43 30 428
43 31 393
43 32 378
43 33 634
43 34 507
43 35 395
43 36 819
43 37 391
43 38 829
43 39 253
43 40 452
43 41 649
43 42 1105
43 44 571
43 45 494
43 46 523
43 47 84
43 48 613
43 49 941
43 50 686
43 51 627
43 52 357
43 53 930
43 54 1073
43 55 37
43 56 636
43 57 477
43 58 513
43 59 338
43 60 917
43 61 741
43 62 301
43 63 436
43 64 795
43 65 385
43 66 909
43 67 844
43 68 501
43 69 752
43 70 845
43 71 804
43 72 492
43 73 695
43 74 602
43 75 714
43 76 145
43 77 854
43 78 612
43 79 342
43 80 760
43 81 276
43 82 253
43 83 374
43 84 986
43 85 478
43 86 822
43 87 482
43 88 668
43 89 195
43 90 1039
43 91 303
43 92 953
43 93 330
43 94 960
43 95 929
43 96 445
43 97 609
43 98 424
43 99 615
43 100 998
44 1 517
44 2 725
44 3 807
44 4 753
44 5 916
44 6 726
44 7 774
44 8 1123
44 9 811
44 10 559
44 11 763
44 12 768
44 13 331
44 14 752
44 15 883
44 16 643
44 17 836
44 18 120
44 19 1026
44 20 819
44 21 929
44 22 724
44 23 953
44 24 803
44 25 1068
44 26 1010
44 27 441
44 28 690
44 29 747
44 30 893
44 31 893
44 32 501
44 33 957
44 34 689
44 35 751
44 36 977
44 37 198
44 38 684
44 39 823
44 40 882
44 41 818
44 42 887
44 43 571
44 45 803
44 46 52
44 47 644
44 48 831
44 49 991
44 50 638
44 51 681
44 52 707
44 53 707
44 54 895
44 55 607
44 56 73
44 57 348
44 58 454
44 59 779
44 60 754
44 61 538
44 62 610
44 63 305
44 64 641
44 65 245
44 66 1112
44 67 758
44 68 633
44 69 776
44 70 603
44 71 457
44 72 853
44 73 1026
44 74 1015
44 75 900
44 76 583
44 77 899
44 78 259
44 79 894
44 80 681
44 81 576
44 82 332
44 83 882
44 84 946
44 85 932
44 86 1105
44 87 345
44 88 99
44 89 532
44 90 963
44 91 474
44 92 991
44 93 599
44 94 1000
44 95 1063
44 96 182
44 97 769
44 98 151
44 99 1014
44 100 926
45 1 700
45 2 434
45 3 557
45 4 472
45 5 571
45 6 612
45 7 69
45 8 424
45 9 102
45 10 425
45 11 562
45 12 58
45 13 481
45 14 478
45 15 470
45 16 346
45 17 559
45 18 805
45 19 508
45 20 308
45 21 346
45 22 82
45 23 258
45 24 662
45 25 385
45 26 372
45 27 386
45 28 782
45 29 441
45 30 237
45 31 299
45 32 304
45 33 158
45 34 161
45 35 102
45 36 345
45 37 618
45 38 576
45 39 524
45 40 177
45 41 206
45 42 831
45 43 494
45 44 803
45 46 776
45 47 446
45 48 145
45 49 506
45 50 421
45 51 305
45 52 137
45 53 706
45 54 773
45 55 499
45 56 875
45 57 487
45 58 414
45 59 201
45 60 647
45 61 581
45 62 219
45 63 508
45 64 564
45 65 561
45 66 417
45 67 535
45 68 221
45 69 387
45 70 668
45 71 737
45 72 76
45 73 227
45 74 237
45 75 241
45 76 352
45 77 441
45 78 662
45 79 428
45 80 481
45 81 255
45 82 529
45 83 313
45 84 602
45 85 233
45 86 336
45 87 492
45 88 869
45 89 337
45 90 670
45 91 335
45 92 524
45 93 212
45 94 529
45 95 454
45 96 622
45 97 194
45 98 709
45 99 225
45 100 635
46 1 541
46 2 726
46 3 815
46 4 705
46 5 921
46 6 740
46 7 743
46 8 1109
46 9 778
46 10 558
46 11 772
46 12 744
46 13 314
46 14 756
46 15 883
46 16 637
46 17 843
46 18 164
46 19 1023
46 20 777
46 21 887
46 22 696
46 23 936
46 24 818
46 25 1055
46 26 999
46 27 425
46 28 717
46 29 700
46 30 855
46 31 852
46 32 477
46 33 931
46 34 669
46 35 719
46 36 965
46 37 161
46 38 696
46 39 775
46 40 846
46 41 803
46 42 910
46 43 523
46 44 52
46 45 776
46 47 596
46 48 812
46 49 989
46 50 638
46 51 672
46 52 674
46 53 727
46 54 914
46 55 558
46 56 114
46 57 339
46 58 446
46 59 741
46 60 769
46 61 552
46 62 576
46 63 290
46 64 653
46 65 216
46 66 1099
46 67 766
46 68 616
46 69 773
46 70 623
46 71 486
46 72 823
46 73 1000
46 74 983
46 75 885
46 76 540
46 77 896
46 78 277
46 79 848
46 80 685
46 81 542
46 82 288
46 83 841
46 84 953
46 85 896
46 86 1085
46 87 337
46 88 150
46 89 493
46 90 973
46 91 443
46 92 991
46 93 569
46 94 999
46 95 1055
46 96 161
46 97 754
46 98 100
46 99 982
46 100 935
47 1 847
47 2 749
47 3 884
47 4 111
47 5 940
47 6 887
47 7 378
47 8 869
47 9 371
47 10 639
47 11 867
47 12 463
47 13 464
47 14 798
47 15 851
47 16 626
47 17 897
47 18 711
47 19 929
47 20 231
47 21 329
47 22 386
47 23 702
47 24 959
47 25 830
47 26 812
47 27 466
47 28 994
47 29 104
47 30 352
47 31 312
47 32 386
47 33 576
47 34 484
47 35 345
47 36 782
47 37 457
47 38 839
47 39 187
47 40 382
47 41 617
47 42 1116
47 43 84
47 44 644
47 45 446
47 46 596
47 48 575
47 49 917
47 50 688
47 51 617
47 52 313
47 53 947
47 54 1079
47 55 64
47 56 710
47 57 513
47 58 533
47 59 272
47 60 926
47 61 763
47 62 277
47 63 480
47 64 807
47 65 442
47 66 863
47 67 844
47 68 488
47 69 740
47 70 867
47 71 843
47 72 434
47 73 634
47 74 531
47 75 676
47 76 128
47 77 834
47 78 661
47 79 259
47 80 763
47 81 262
47 82 317
47 83 293
47 84 975
47 85 403
47 86 766
47 87 518
47 88 739
47 89 198
47 90 1031
47 91 318
47 92 931
47 93 312
47 94 937
47 95 892
47 96 506
47 97 582
47 98 498
47 99 545
47 100 991
48 1 632
48 2 321
48 3 432
48 4 611
48 5 433
48 6 503
48 7 211
48 8 314
48 9 246
48 10 362
48 11 444
48 12 112
48 13 500
48 14 360
48 15 331
48 16 265
48 17 429
48 18 812
48 19 364
48 20 452
48 21 486
48 22 189
48 23 136
48 24 543
48 25 266
48 26 238
48 27 392
48 28 687
48 29 581
48 30 375
48 31 441
48 32 339
48 33 174
48 34 143
48 35 239
48 36 207
48 37 663
48 38 474
48 39 666
48 40 313
48 41 67
48 42 710
48 43 613
48 44 831
48 45 145
48 46 812
48 47 575
48 49 362
48 50 333
48 51 216
48 52 263
48 53 605
48 54 648
48 55 624
48 56 900
48 57 491
48 58 396
48 59 345
48 60 534
48 61 510
48 62 317
48 63 527
48 64 471
48 65 600
48 66 305
48 67 417
48 68 199
48 69 262
48 70 584
48 71 681
48 72 206
48 73 228
48 74 322
48 75 102
48 76 468
48 77 299
48 78 650
48 79 572
48 80 379
48 81 348
48 82 600
48 83 456
48 84 462
48 85 362
48 86 275
48 87 495
48 88 885
48 89 436
48 90 532
48 91 395
48 92 380
48 93 295
48 94 385
48 95 318
48 96 652
48 97 84
48 98 759
48 99 301
48 100 498
49 1 593
49 2 268
49 3 241
49 4 966
49 5 147
49 6 358
49 7 571
49 8 285
49 9 607
49 10 432
49 11 286
49 12 467
49 13 691
49 14 251
49 15 110
49 16 358
49 17 214
49 18 929
49 19 44
49 20 813
49 21 844
49 22 539
49 23 286
49 24 339
49 25 250
49 26 190
49 27 587
49 28 547
49 29 936
49 30 732
49 31 800
49 32 593
49 33 477
49 34 434
49 35 597
49 36 193
49 37 872
49 38 368
49 39 1025
49 40 669
49 41 305
49 42 467
49 43 941
49 44 991
49 45 506
49 46 989
49 47 917
49 48 362
49 50 353
49 51 335
49 52 614
49 53 459
49 54 393
49 55 958
49 56 1048
49 57 654
49 58 548
49 59 706
49 60 364
49 61 496
49 62 642
49 63 710
49 64 398
49 65 807
49 66 276
49 67 272
49 68 445
49 69 218
49 70 504
49 71 666
49 72 563
49 73 488
49 74 639
49 75 273
49 76 798
49 77 95
49 78 749
49 79 933
49 80 323
49 81 665
49 82 859
49 83 816
49 84 153
49 85 713
49 86 411
49 87 655
49 88 1011
49 89 750
49 90 222
49 91 668
49 92 22
49 93 611
49 94 24
49 95 151
49 96 836
49 97 336
49 98 969
49 99 612
49 100 208
50 1 304
50 2 88
50 3 205
50 4 768
50 5 293
50 6 205
50 7 454
50 8 531
50 9 505
50 10 80
50 11 180
50 12 363
50 13 351
50 14 126
50 15 246
50 16 76
50 17 225
50 18 578
50 19 390
50 20 672
50 21 744
50 22 394
50 23 395
50 24 272
50 25 475
50 26 406
50 27 261
50 28 362
50 29 741
50 30 645
50 31 695
50 32 308
50 33 506
50 34 265
50 35 462
50 36 377
50 37 530
50 38 161
50 39 840
50 40 592
50 41 278
50 42 434
50 43 686
50 44 638
50 45 421
50 46 638
50 47 688
50 48 333
50 49 353
50 51 118
50 52 451
50 53 288
50 54 392
50 55 712
50 56 695
50 57 308
50 58 208
50 59 567
50 60 242
50 61 183
50 62 424
50 63 367
50 64 144
50 65 468
50 66 519
50 67 159
50 68 222
50 69 144
50 70 252
50 71 361
50 72 496
50 73 558
50 74 645
50 75 340
50 76 560
50 77 262
50 78 399
50 79 796
50 80 75
50 81 430
50 82 542
50 83 702
50 84 327
50 85 650
50 86 571
50 87 308
50 88 660
50 89 494
50 90 365
50 91 384
50 92 353
50 93 386
50 94 362
50 95 441
50 96 489
50 97 250
50 98 624
50 99 627
50 100 324
51 1 417
51 2 138
51 3 272
51 4 686
51 5 325
51 6 309
51 7 343
51 8 449
51 9 394
51 10 152
51 11 266
51 12 248
51 13 364
51 14 187
51 15 245
51 16 51
51 17 283
51 18 639
51 19 362
51 20 572
51 21 636
51 22 287
51 23 294
51 24 365
51 25 393
51 26 331
51 27 256
51 28 479
51 29 657
51 30 534
51 31 588
51 32 261
51 33 389
51 34 155
51 35 355
51 36 298
51 37 543
51 38 271
51 39 754
51 40 479
51 41 167
51 42 533
51 43 627
51 44 681
51 45 305
51 46 672
51 47 617
51 48 216
51 49 335
51 50 118
51 52 351
51 53 402
51 54 482
51 55 649
51 56 745
51 57 334
51 58 227
51 59 464
51 60 345
51 61 295
51 62 342
51 63 385
51 64 261
51 65 478
51 66 438
51 67 240
51 68 129
51 69 127
51 70 370
51 71 468
51 72 381
51 73 443
51 74 527
51 75 239
51 76 491
51 77 241
51 78 466
51 79 697
51 80 177
51 81 356
51 82 525
51 83 596
51 84 360
51 85 536
51 86 468
51 87 337
51 88 718
51 89 432
51 90 415
51 91 339
51 92 342
51 93 306
51 94 350
51 95 383
51 96 514
51 97 133
51 98 641
51 99 509
51 100 375
52 1 692
52 2 488
52 3 621
52 4 352
52 5 657
52 6 654
52 7 77
52 8 560
52 9 105
52 10 430
52 11 615
52 12 151
52 13 403
52 14 537
52 15 560
52 16 377
52 17 629
52 18 725
52 19 622
52 20 222
52 21 298
52 22 76
52 23 390
52 24 715
52 25 518
52 26 499
52 27 330
52 28 801
52 29 322
52 30 213
52 31 250
52 32 233
52 33 286
52 34 198
52 35 46
52 36 470
52 37 513
52 38 611
52 39 413
52 40 182
52 41 310
52 42 881
52 43 357
52 44 707
52 45 137
52 46 674
52 47 313
52 48 263
52 49 614
52 50 451
52 51 351
52 53 736
52 54 832
52 55 364
52 56 779
52 57 424
52 58 377
52 59 117
52 60 691
52 61 582
52 62 98
52 63 430
52 64 590
52 65 462
52 66 553
52 67 590
52 68 230
52 69 460
52 70 680
52 71 716
52 72 154
52 73 352
52 74 309
52 75 364
52 76 215
52 77 538
52 78 602
52 79 347
52 80 521
52 81 134
52 82 409
52 83 254
52 84 690
52 85 239
52 86 470
52 87 430
52 88 782
52 89 206
52 90 753
52 91 234
52 92 630
52 93 112
52 94 636
52 95 580
52 96 528
52 97 281
52 98 598
52 99 310
52 100 715
53 1 195
53 2 285
53 3 220
53 4 1036
53 5 320
53 6 108
53 7 741
53 8 721
53 9 793
53 10 312
53 11 181
53 12 649
53 13 530
53 14 255
53 15 367
53 16 363
53 17 245
53 18 607
53 19 502
53 20 956
53 21 1031
53 22 682
53 23 633
53 24 131
53 25 672
53 26 600
53 27 485
53 28 90
53 29 1011
53 30 932
53 31 982
53 32 563
53 33 776
53 34 552
53 35 749
53 36 581
53 37 676
53 38 132
53 39 1111
53 40 879
53 41 542
53 42 187
53 43 930
53 44 707
53 45 706
53 46 727
53 47 947
53 48 605
53 49 459
53 50 288
53 51 402
53 52 736
53 54 190
53 55 961
53 56 741
53 57 475
53 58 418
53 59 853
53 60 95
53 61 195
53 62 699
53 63 531
53 64 146
53 65 627
53 66 710
53 67 204
53 68 507
53 69 354
53 70 105
53 71 267
53 72 782
53 73 821
53 74 925
53 75 585
53 76 821
53 77 407
53 78 451
53 79 1079
53 80 227
53 81 698
53 82 738
53 83 988
53 84 333
53 85 937
53 86 804
53 87 471
53 88 687
53 89 750
53 90 309
53 91 631
53 92 445
53 93 662
53 94 452
53 95 598
53 96 617
53 97 525
53 98 752
53 99 904
53 100 286
54 1 384
54 2 344
54 3 217
54 4 1158
54 5 249
54 6 196
54 7 821
54 8 677
54 9 869
54 10 445
54 11 217
54 12 719
54 13 695
54 14 297
54 15 339
54 16 459
54 17 220
54 18 797
54 19 431
54 20 1053
54 21 1114
54 22 767
54 23 636
54 24 120
54 25 638
54 26 570
54 27 633
54 28 238
54 29 1131
54 30 1008
54 31 1066
54 32 696
54 33 808
54 34 636
54 35 835
54 36 561
54 37 853
54 38 246
54 39 1230
54 40 950
54 41 581
54 42 75
54 43 1073
54 44 895
54 45 773
54 46 914
54 47 1079
54 48 648
54 49 393
54 50 392
54 51 482
54 52 832
54 53 190
54 55 1100
54 56 930
54 57 642
54 58 568
54 59 945
54 60 158
54 61 369
54 62 814
54 63 701
54 64 284
54 65 800
54 66 667
54 67 243
54 68 606
54 69 387
54 70 293
54 71 455
54 72 846
54 73 839
54 74 967
54 75 599
54 76 951
54 77 381
54 78 638
54 79 1178
54 80 317
54 81 821
54 82 902
54 83 1076
54 84 241
54 85 1004
54 86 791
54 87 639
54 88 876
54 89 884
54 90 182
54 91 770
54 92 373
54 93 776
54 94 377
54 95 543
54 96 796
54 97 580
54 98 934
54 99 943
54 100 186
55 1 849
55 2 778
55 3 911
55 4 151
55 5 973
55 6 907
55 7 433
55 8 923
55 9 430
55 10 657
55 11 891
55 12 513
55 13 459
55 14 826
55 15 887
55 16 654
55 17 926
55 18 682
55 19 972
55 20 295
55 21 391
55 22 435
55 23 753
55 24 981
55 25 882
55 26 861
55 27 477
55 28 1002
55 29 155
55 30 416
55 31 376
55 32 405
55 33 635
55 34 524
55 35 399
55 36 830
55 37 427
55 38 858
55 39 218
55 40 444
55 41 662
55 42 1134
55 43 37
55 44 607
55 45 499
55 46 558
55 47 64
55 48 624
55 49 958
55 50 712
55 51 649
55 52 364
55 53 961
55 54 1100
55 56 671
55 57 511
55 58 543
55 59 333
55 60 945
55 61 773
55 62 316
55 63 471
55 64 824
55 65 421
55 66 916
55 67 870
55 68 522
55 69 773
55 70 876
55 71 839
55 72 492
55 73 694
55 74 594
55 75 725
55 76 160
55 77 873
55 78 648
55 79 314
55 80 787
55 81 295
55 82 290
55 83 356
55 84 1008
55 85 466
55 86 824
55 87 516
55 88 703
55 89 218
55 90 1062
55 91 332
55 92 971
55 93 348
55 94 978
55 95 940
55 96 482
55 97 624
55 98 459
55 99 608
55 100 1022
56 1 548
56 2 781
56 3 856
56 4 818
56 5 967
56 6 770
56 7 846
56 8 1189
56 9 883
56 10 617
56 11 811
56 12 839
56 13 401
56 14 806
56 15 940
56 16 705
56 17 885
56 18 135
56 19 1084
56 20 890
56 21 999
56 22 796
56 23 1020
56 24 844
56 25 1134
56 26 1074
56 27 509
56 28 717
56 29 814
56 30 965
56 31 964
56 32 573
56 33 1028
56 34 759
56 35 823
56 36 1041
56 37 270
56 38 730
56 39 888
56 40 954
56 41 885
56 42 918
56 43 636
56 44 73
56 45 875
56 46 114
56 47 710
56 48 900
56 49 1048
56 50 695
56 51 745
56 52 779
56 53 741
56 54 930
56 55 671
56 57 414
56 58 518
56 59 851
56 60 795
56 61 583
56 62 682
56 63 374
56 64 687
56 65 317
56 66 1178
56 67 808
56 68 702
56 69 836
56 70 639
56 71 483
56 72 925
56 73 1097
56 74 1088
56 75 967
56 76 653
56 77 957
56 78 304
56 79 962
56 80 734
56 81 648
56 82 401
56 83 953
56 84 996
56 85 1005
56 86 1175
56 87 411
56 88 66
56 89 604
56 90 1009
56 91 547
56 92 1047
56 93 672
56 94 1056
56 95 1125
56 96 254
56 97 837
56 98 213
56 99 1086
56 100 973
57 1 339
57 2 395
57 3 501
57 4 616
57 5 599
57 6 450
57 7 475
57 8 776
57 9 521
57 10 229
57 11 464
57 12 443
57 13 56
57 14 431
57 15 550
57 16 299
57 17 526
57 18 322
57 19 687
57 20 600
57 21 701
57 22 416
57 23 607
57 24 530
57 25 720
57 26 662
57 27 102
57 28 501
57 29 597
57 30 634
57 31 656
57 32 192
57 33 631
57 34 352
57 35 461
57 36 629
57 37 223
57 38 401
57 39 694
57 40 605
57 41 472
57 42 659
57 43 477
57 44 348
57 45 487
57 46 339
57 47 513
57 48 491
57 49 654
57 50 308
57 51 334
57 52 424
57 53 475
57 54 642
57 55 511
57 56 414
57 58 108
57 59 525
57 60 486
57 61 280
57 62 340
57 63 61
57 64 359
57 65 163
57 66 765
57 67 452
57 68 293
57 69 437
57 70 379
57 71 331
57 72 549
57 73 699
57 74 717
57 75 554
57 76 399
57 77 560
57 78 179
57 79 707
57 80 366
57 81 318
57 82 264
57 83 653
57 84 632
57 85 662
57 86 765
57 87 7
57 88 394
57 89 327
57 90 663
57 91 213
57 92 657
57 93 314
57 94 666
57 95 717
57 96 183
57 97 424
57 98 317
57 99 710
57 100 622
58 1 324
58 2 294
58 3 407
58 4 627
58 5 500
58 6 374
58 7 415
58 8 672
58 9 464
58 10 132
58 11 375
58 12 364
58 13 145
58 14 333
58 15 446
58 16 192
58 17 431
58 18 419
58 19 580
58 20 577
58 21 669
58 22 352
58 23 506
58 24 452
58 25 616
58 26 557
58 27 67
58 28 461
58 29 604
58 30 590
58 31 622
58 32 157
58 33 547
58 34 265
58 35 407
58 36 523
58 37 325
58 38 323
58 39 704
58 40 552
58 41 371
58 42 595
58 43 513
58 44 454
58 45 414
58 46 446
58 47 533
58 48 396
58 49 548
58 50 208
58 51 227
58 52 377
58 53 418
58 54 568
58 55 543
58 56 518
58 57 108
58 59 488
58 60 411
58 61 231
58 62 310
58 63 162
58 64 286
58 65 262
58 66 660
58 67 360
58 68 202
58 69 331
58 70 335
58 71 340
58 72 482
58 73 613
58 74 649
58 75 452
58 76 408
58 77 454
58 78 255
58 79 693
58 80 272
58 81 298
58 82 339
58 83 623
58 84 534
58 85 611
58 86 669
58 87 110
58 88 495
58 89 336
58 90 569
58 91 215
58 92 551
58 93 276
58 94 560
58 95 610
58 96 289
58 97 324
58 98 421
58 99 638
58 100 529
59 1 807
59 2 601
59 3 732
59 4 275
59 5 761
59 6 769
59 7 136
59 8 611
59 9 107
59 10 547
59 11 729
59 12 240
59 13 497
59 14 649
59 15 662
59 16 493
59 17 738
59 18 810
59 19 709
59 20 110
59 21 182
59 22 179
59 23 456
59 24 829
59 25 577
59 26 571
59 27 437
59 28 918
59 29 245
59 30 115
59 31 135
59 32 338
59 33 308
59 34 309
59 35 112
59 36 545
59 37 582
59 38 727
59 39 323
59 40 116
59 41 402
59 42 996
59 43 338
59 44 779
59 45 201
59 46 741
59 47 272
59 48 345
59 49 706
59 50 567
59 51 464
59 52 117
59 53 853
59 54 945
59 55 333
59 56 851
59 57 525
59 58 488
59 60 806
59 61 698
59 62 186
59 63 522
59 64 707
59 65 538
59 66 606
59 67 703
59 68 346
59 69 568
59 70 796
59 71 827
59 72 168
59 73 363
59 74 267
59 75 442
59 76 221
59 77 636
59 78 702
59 79 235
59 80 637
59 81 211
59 82 461
59 83 137
59 84 793
59 85 156
59 86 497
59 87 531
59 88 861
59 89 250
59 90 859
59 91 320
59 92 723
59 93 213
59 94 728
59 95 653
59 96 607
59 97 381
59 98 657
59 99 278
59 100 821
60 1 263
60 2 214
60 3 127
60 4 1008
60 5 226
60 6 39
60 7 688
60 8 629
60 9 738
60 10 289
60 11 94
60 12 591
60 13 539
60 14 175
60 15 275
60 16 314
60 17 151
60 18 663
60 19 408
60 20 913
60 21 980
60 22 631
60 23 550
60 24 49
60 25 582
60 26 510
60 27 476
60 28 183
60 29 982
60 30 878
60 31 932
60 32 541
60 33 703
60 34 499
60 35 699
60 36 492
60 37 700
60 38 89
60 39 1081
60 40 822
60 41 470
60 42 192
60 43 917
60 44 754
60 45 647
60 46 769
60 47 926
60 48 534
60 49 364
60 50 242
60 51 345
60 52 691
60 53 95
60 54 158
60 55 945
60 56 795
60 57 486
60 58 411
60 59 806
60 61 219
60 62 665
60 63 545
60 64 127
60 65 645
60 66 618
60 67 120
60 68 462
60 69 275
60 70 166
60 71 339
60 72 722
60 73 743
60 74 856
60 75 504
60 76 798
60 77 316
60 78 495
60 79 1037
60 80 170
60 81 670
60 82 745
60 83 940
60 84 241
60 85 879
60 86 719
60 87 483
60 88 745
60 89 730
60 90 225
60 91 614
60 92 350
60 93 628
60 94 357
60 95 505
60 96 645
60 97 459
60 98 783
60 99 834
60 100 197
61 1 123
61 2 240
61 3 278
61 4 857
61 5 392
61 6 189
61 7 602
61 8 707
61 9 654
61 10 157
61 11 231
61 12 525
61 13 335
61 14 245
61 15 387
61 16 245
61 17 308
61 18 453
61 19 537
61 20 795
61 21 880
61 22 539
61 23 577
61 24 267
61 25 652
61 26 582
61 27 298
61 28 231
61 29 834
61 30 790
61 31 831
61 32 384
61 33 682
61 34 420
61 35 603
61 36 554
61 37 485
61 38 148
61 39 934
61 40 743
61 41 459
61 42 380
61 43 741
61 44 538
61 45 581
61 46 552
61 47 763
61 48 510
61 49 496
61 50 183
61 51 295
61 52 582
61 53 195
61 54 369
61 55 773
61 56 583
61 57 280
61 58 231
61 59 698
61 60 219
61 62 530
61 63 337
61 64 106
61 65 434
61 66 695
61 67 232
61 68 364
61 69 313
61 70 105
61 71 180
61 72 656
61 73 737
61 74 813
61 75 523
61 76 639
61 77 415
61 78 280
61 79 915
61 80 176
61 81 524
61 82 544
61 83 835
61 84 418
61 85 802
61 86 754
61 87 277
61 88 536
61 89 567
61 90 427
61 91 446
61 92 489
61 93 494
61 94 498
61 95 607
61 96 428
61 97 427
61 98 566
61 99 797
61 100 391
62 1 632
62 2 477
62 3 612
62 4 345
62 5 664
62 6 627
62 7 171
62 8 627
62 9 202
62 10 387
62 11 599
62 12 211
62 13 313
62 14 526
62 15 574
62 16 356
62 17 624
62 18 631
62 19 656
62 20 268
62 21 363
62 22 139
62 23 451
62 24 695
62 25 581
62 26 552
62 27 254
62 28 757
62 29 318
62 30 296
62 31 317
62 32 155
62 33 375
62 34 209
62 35 144
62 36 520
62 37 416
62 38 580
62 39 417
62 40 274
62 41 349
62 42 857
62 43 301
62 44 610
62 45 219
62 46 576
62 47 277
62 48 317
62 49 642
62 50 424
62 51 342
62 52 98
62 53 699
62 54 814
62 55 316
62 56 682
62 57 340
62 58 310
62 59 186
62 60 665
62 61 530
62 63 339
62 64 554
62 65 366
62 66 619
62 67 575
62 68 213
62 69 463
62 70 632
62 71 647
62 72 250
62 73 443
62 74 407
62 75 416
62 76 157
62 77 558
62 78 517
62 79 386
62 80 498
62 81 37
62 82 314
62 83 316
62 84 698
62 85 329
62 86 553
62 87 346
62 88 686
62 89 121
62 90 756
62 91 138
62 92 655
62 93 38
62 94 662
62 95 630
62 96 432
62 97 309
62 98 501
62 99 407
62 100 716
63 1 387
63 2 454
63 3 561
63 4 586
63 5 658
63 6 510
63 7 488
63 8 820
63 9 531
63 10 288
63 11 524
63 12 468
63 13 28
63 14 490
63 15 607
63 16 353
63 17 586
63 18 298
63 19 741
63 20 589
63 21 693
63 22 432
63 23 648
63 24 590
63 25 765
63 26 710
63 27 136
63 28 553
63 29 570
63 30 634
63 31 650
63 32 204
63 33 657
63 34 385
63 35 470
63 36 676
63 37 164
63 38 461
63 39 664
63 40 610
63 41 514
63 42 716
63 43 436
63 44 305
63 45 508
63 46 290
63 47 480
63 48 527
63 49 710
63 50 367
63 51 385
63 52 430
63 53 531
63 54 701
63 55 471
63 56 374
63 57 61
63 58 162
63 59 522
63 60 545
63 61 337
63 62 339
63 64 419
63 65 103
63 66 809
63 67 512
63 68 329
63 69 493
63 70 434
63 71 369
63 72 565
63 73 726
63 74 731
63 75 596
63 76 374
63 77 616
63 78 186
63 79 689
63 80 426
63 81 311
63 82 210
63 83 645
63 84 691
63 85 666
63 86 801
63 87 62
63 88 363
63 89 304
63 90 723
63 91 203
63 92 713
63 93 318
63 94 722
63 95 767
63 96 130
63 97 465
63 98 260
63 99 726
63 100 683
64 1 197
64 2 163
64 3 173
64 4 894
64 5 287
64 6 91
64 7 597
64 8 628
64 9 648
64 10 169
64 11 125
64 12 507
64 13 412
64 14 153
64 15 291
64 16 219
64 17 203
64 18 559
64 19 440
64 20 810
64 21 885
64 22 536
64 23 516
64 24 171
64 25 575
64 26 503
64 27 351
64 28 219
64 29 868
64 30 787
64 31 836
64 32 422
64 33 644
64 34 408
64 35 603
64 36 479
64 37 575
64 38 44
64 39 968
64 40 735
64 41 412
64 42 311
64 43 795
64 44 641
64 45 564
64 46 653
64 47 807
64 48 471
64 49 398
64 50 144
64 51 261
64 52 590
64 53 146
64 54 284
64 55 824
64 56 687
64 57 359
64 58 286
64 59 707
64 60 127
64 61 106
64 62 554
64 63 419
64 65 520
64 66 616
64 67 129
64 68 362
64 69 238
64 70 119
64 71 268
64 72 640
64 73 693
64 74 787
64 75 464
64 76 680
64 77 324
64 78 384
64 79 933
64 80 96
64 81 555
64 82 619
64 83 842
64 84 313
64 85 794
64 86 691
64 87 357
64 88 641
64 89 610
64 90 322
64 91 493
64 92 390
64 93 517
64 94 399
64 95 519
64 96 522
64 97 389
64 98 661
64 99 768
64 100 286
65 1 471
65 2 554
65 3 663
65 4 552
65 5 759
65 6 610
65 7 530
65 8 903
65 9 567
65 10 389
65 11 626
65 12 529
65 13 117
65 14 592
65 15 707
65 16 450
65 17 688
65 18 277
65 19 838
65 20 588
65 21 696
65 22 481
65 23 727
65 24 691
65 25 849
65 26 797
65 27 224
65 28 643
65 29 540
65 30 653
65 31 657
65 32 263
65 33 715
65 34 457
65 35 507
65 36 763
65 37 65
65 38 562
65 39 628
65 40 638
65 41 595
65 42 813
65 43 385
65 44 245
65 45 561
65 46 216
65 47 442
65 48 600
65 49 807
65 50 468
65 51 478
65 52 462
65 53 627
65 54 800
65 55 421
65 56 317
65 57 163
65 58 262
65 59 538
65 60 645
65 61 434
65 62 366
65 63 103
65 64 520
65 66 892
65 67 614
65 68 407
65 69 591
65 70 527
65 71 442
65 72 609
65 73 785
65 74 771
65 75 677
65 76 356
65 77 713
65 78 232
65 79 675
65 80 528
65 81 332
65 82 135
65 83 649
65 84 793
65 85 690
65 86 871
65 87 164
65 88 323
65 89 297
65 90 825
65 91 230
65 92 812
65 93 355
65 94 820
65 95 858
65 96 69
65 97 546
65 98 164
65 99 769
65 100 785
66 1 810
66 2 457
66 3 492
66 4 881
66 5 419
66 6 603
66 7 485
66 8 12
66 9 499
66 10 582
66 11 529
66 12 409
66 13 785
66 14 466
66 15 344
66 16 483
66 17 471
66 18 1076
66 19 241
66 20 699
66 21 695
66 22 484
66 23 170
66 24 601
66 25 45
66 26 114
66 27 674
66 28 799
66 29 851
66 30 589
66 31 661
66 32 637
66 33 308
66 34 442
66 35 518
66 36 142
66 37 956
66 38 598
66 39 923
66 40 530
66 41 298
66 42 741
66 43 909
66 44 1112
66 45 417
66 46 1099
66 47 863
66 48 305
66 49 276
66 50 519
66 51 438
66 52 553
66 53 710
66 54 667
66 55 916
66 56 1178
66 57 765
66 58 660
66 59 606
66 60 618
66 61 695
66 62 619
66 63 809
66 64 616
66 65 892
66 67 508
66 68 487
66 69 383
66 70 733
66 71 874
66 72 440
66 73 282
66 74 446
66 75 216
66 76 765
66 77 303
66 78 903
66 79 803
66 80 524
66 81 652
66 82 903
66 83 681
66 84 428
66 85 555
66 86 160
66 87 768
66 88 1154
66 89 740
66 90 496
66 91 699
66 92 297
66 93 600
66 94 294
66 95 127
66 96 938
66 97 347
66 98 1054
66 99 417
66 100 482
67 1 322
67 2 102
67 3 50
67 4 920
67 5 160
67 6 96
67 7 580
67 8 519
67 9 628
67 10 229
67 11 28
67 12 479
67 13 500
67 14 57
67 15 170
67 16 219
67 17 78
67 18 682
67 19 315
67 20 811
67 21 873
67 22 525
67 23 431
67 24 128
67 25 470
67 26 397
67 27 418
67 28 293
67 29 892
67 30 768
67 31 825
67 32 466
67 33 584
67 34 394
67 35 593
67 36 377
67 37 674
67 38 96
67 39 990
67 40 711
67 41 352
67 42 297
67 43 844
67 44 758
67 45 535
67 46 766
67 47 844
67 48 417
67 49 272
67 50 159
67 51 240
67 52 590
67 53 204
67 54 243
67 55 870
67 56 808
67 57 452
67 58 360
67 59 703
67 60 120
67 61 232
67 62 575
67 63 512
67 64 129
67 65 614
67 66 508
67 68 365
67 69 156
67 70 233
67 71 395
67 72 608
67 73 624
67 74 738
67 75 385
67 76 717
67 77 207
67 78 504
67 79 936
67 80 88
67 81 584
67 82 697
67 83 834
67 84 189
67 85 767
67 86 601
67 87 450
67 88 765
67 89 652
67 90 212
67 91 543
67 92 263
67 93 538
67 94 271
67 95 401
67 96 626
67 97 344
67 98 764
67 99 716
67 100 172
68 1 481
68 2 265
68 3 400
68 4 557
68 5 453
68 6 425
68 7 239
68 8 497
68 9 291
68 10 209
68 11 390
68 12 166
68 13 303
68 14 314
68 15 367
68 16 149
68 17 411
68 18 614
68 19 466
68 20 451
68 21 524
68 22 177
68 23 322
68 24 488
68 25 443
68 26 395
68 27 194
68 28 576
68 29 529
68 30 428
68 31 475
68 32 155
68 33 346
68 34 63
68 35 243
68 36 361
68 37 471
68 38 382
68 39 626
68 40 379
68 41 190
68 42 653
68 43 501
68 44 633
68 45 221
68 46 616
68 47 488
68 48 199
68 49 445
68 50 222
68 51 129
68 52 230
68 53 507
68 54 606
68 55 522
68 56 702
68 57 293
68 58 202
68 59 346
68 60 462
68 61 364
68 62 213
68 63 329
68 64 362
68 65 407
68 66 487
68 67 365
68 69 252
68 70 457
68 71 517
68 72 294
68 73 411
68 74 456
68 75 271
68 76 363
68 77 356
68 78 456
68 79 575
68 80 293
68 81 228
68 82 425
68 83 481
68 84 487
68 85 439
68 86 474
68 87 297
68 88 686
68 89 307
68 90 544
68 91 226
68 92 456
68 93 177
68 94 463
68 95 462
68 96 455
68 97 140
68 98 568
68 99 443
68 100 504
69 1 428
69 2 75
69 3 171
69 4 804
69 5 201
69 6 248
69 7 438
69 8 394
69 9 485
69 10 219
69 11 183
69 12 334
69 13 474
69 14 101
69 15 120
69 16 142
69 17 172
69 18 721
69 19 250
69 20 677
69 21 731
69 22 390
69 23 280
69 24 281
69 25 340
69 26 269
69 27 371
69 28 441
69 29 775
69 30 623
69 31 683
69 32 387
69 33 429
69 34 263
69 35 456
69 36 243
69 37 655
69 38 227
69 39 870
69 40 564
69 41 196
69 42 448
69 43 752
69 44 776
69 45 387
69 46 773
69 47 740
69 48 262
69 49 218
69 50 144
69 51 127
69 52 460
69 53 354
69 54 387
69 55 773
69 56 836
69 57 437
69 58 331
69 59 568
69 60 275
69 61 313
69 62 463
69 63 493
69 64 238
69 65 591
69 66 383
69 67 156
69 68 252
69 70 356
69 71 492
69 72 459
69 73 469
69 74 583
69 75 232
69 76 615
69 77 124
69 78 542
69 79 802
69 80 143
69 81 480
69 82 647
69 83 694
69 84 235
69 85 618
69 86 455
69 87 438
69 88 802
69 89 558
69 90 295
69 91 465
69 92 222
69 93 428
69 94 230
69 95 298
69 96 619
69 97 194
69 98 752
69 99 561
69 100 256
70 1 98
70 2 281
70 3 267
70 4 961
70 5 379
70 6 152
70 7 695
70 8 744
70 9 747
70 10 250
70 11 219
70 12 611
70 13 434
70 14 267
70 15 401
70 16 324
70 17 296
70 18 505
70 19 547
70 20 895
70 21 977
70 22 633
70 23 633
70 24 213
70 25 692
70 26 620
70 27 402
70 28 127
70 29 937
70 30 884
70 31 928
70 32 487
70 33 757
70 34 509
70 35 698
70 36 596
70 37 574
70 38 138
70 39 1037
70 40 835
70 41 527
70 42 290
70 43 845
70 44 603
70 45 668
70 46 623
70 47 867
70 48 584
70 49 504
70 50 252
70 51 370
70 52 680
70 53 105
70 54 293
70 55 876
70 56 639
70 57 379
70 58 335
70 59 796
70 60 166
70 61 105
70 62 632
70 63 434
70 64 119
70 65 527
70 66 733
70 67 233
70 68 457
70 69 356
70 71 174
70 72 744
70 73 808
70 74 896
70 75 582
70 76 743
70 77 437
70 78 346
70 79 1016
70 80 214
70 81 627
70 82 643
70 83 933
70 84 399
70 85 894
70 86 809
70 87 375
70 88 585
70 89 671
70 90 389
70 91 550
70 92 494
70 93 595
70 94 502
70 95 632
70 96 514
70 97 501
70 98 649
70 99 878
70 100 361
71 1 76
71 2 419
71 3 435
71 4 946
71 5 549
71 6 324
71 7 748
71 8 886
71 9 799
71 10 319
71 11 386
71 12 682
71 13 381
71 14 419
71 15 559
71 16 417
71 17 465
71 18 349
71 19 708
71 20 915
71 21 1009
71 22 685
71 23 755
71 24 386
71 25 832
71 26 761
71 27 395
71 28 235
71 29 926
71 30 928
71 31 961
71 32 493
71 33 850
71 34 577
71 35 743
71 36 734
71 37 474
71 38 301
71 39 1024
71 40 887
71 41 634
71 42 436
71 43 804
71 44 457
71 45 737
71 46 486
71 47 843
71 48 681
71 49 666
71 50 361
71 51 468
71 52 716
71 53 267
71 54 455
71 55 839
71 56 483
71 57 331
71 58 340
71 59 827
71 60 339
71 61 180
71 62 647
71 63 369
71 64 268
71 65 442
71 66 874
71 67 395
71 68 517
71 69 492
71 70 174
71 72 810
71 73 908
71 74 972
71 75 700
71 76 728
71 77 591
71 78 221
71 79 1028
71 80 352
71 81 633
71 82 573
71 83 962
71 84 571
71 85 947
71 86 931
71 87 325
71 88 425
71 89 655
71 90 563
71 91 537
71 92 657
71 93 615
71 94 666
71 95 783
71 96 409
71 97 598
71 98 531
71 99 958
71 100 534
72 1 774
72 2 508
72 3 629
72 4 442
72 5 638
72 6 688
72 7 80
72 8 445
72 9 63
72 10 500
72 11 636
72 12 134
72 13 538
72 14 552
72 15 536
72 16 422
72 17 629
72 18 862
72 19 560
72 20 262
72 21 282
72 22 134
72 23 296
72 24 736
72 25 413
72 26 412
72 27 450
72 28 858
72 29 412
72 30 170
72 31 238
72 32 361
72 33 143
72 34 237
72 35 108
72 36 389
72 37 663
72 38 651
72 39 485
72 40 108
72 41 271
72 42 904
72 43 492
72 44 853
72 45 76
72 46 823
72 47 434
72 48 206
72 49 563
72 50 496
72 51 381
72 52 154
72 53 782
72 54 846
72 55 492
72 56 925
72 57 549
72 58 482
72 59 168
72 60 722
72 61 656
72 62 250
72 63 565
72 64 640
72 65 609
72 66 440
72 67 608
72 68 294
72 69 459
72 70 744
72 71 810
72 73 204
72 74 168
72 75 291
72 76 358
72 77 504
72 78 726
72 79 375
72 80 557
72 81 286
72 82 563
72 83 254
72 84 667
72 85 159
72 86 333
72 87 555
72 88 924
72 89 359
72 90 737
72 91 380
72 92 582
72 93 254
72 94 586
72 95 494
72 96 673
72 97 266
72 98 750
72 99 162
72 100 703
73 1 859
73 2 536
73 3 629
73 4 631
73 5 601
73 6 716
73 7 275
73 8 283
73 9 265
73 10 589
73 11 650
73 12 258
73 13 699
73 14 569
73 15 502
73 16 493
73 17 620
73 18 1020
73 19 470
73 20 440
73 21 419
73 22 308
73 23 206
73 24 744
73 25 271
73 26 303
73 27 597
73 28 906
73 29 601
73 30 319
73 31 389
73 32 525
73 33 70
73 34 349
73 35 308
73 36 295
73 37 843
73 38 691
73 39 663
73 40 266
73 41 282
73 42 906
73 43 695
73 44 1026
73 45 227
73 46 1000
73 47 634
73 48 228
73 49 488
73 50 558
73 51 443
73 52 352
73 53 821
73 54 839
73 55 694
73 56 1097
73 57 699
73 58 613
73 59 363
73 60 743
73 61 737
73 62 443
73 63 726
73 64 693
73 65 785
73 66 282
73 67 624
73 68 411
73 69 469
73 70 808
73 71 908
73 72 204
73 74 164
73 75 241
73 76 561
73 77 461
73 78 867
73 79 532
73 80 599
73 81 480
73 82 755
73 83 411
73 84 623
73 85 279
73 86 140
73 87 703
73 88 1088
73 89 558
73 90 696
73 91 561
73 92 509
73 93 439
73 94 511
73 95 375
73 96 844
73 97 311
73 98 935
73 99 136
73 100 669
74 1 933
74 2 643
74 3 752
74 4 505
74 5 740
74 6 825
74 7 244
74 8 446
74 9 205
74 10 658
74 11 766
74 12 291
74 13 704
74 14 682
74 15 638
74 16 572
74 17 747
74 18 1029
74 19 626
74 20 312
74 21 267
74 22 301
74 23 353
74 24 864
74 25 434
74 26 461
74 27 617
74 28 1004
74 29 478
74 30 184
74 31 246
74 32 528
74 33 163
74 34 396
74 35 265
74 36 448
74 37 822
74 38 793
74 39 524
74 40 152
74 41 388
74 42 1030
74 43 602
74 44 1015
74 45 237
74 46 983
74 47 531
74 48 322
74 49 639
74 50 645
74 51 527
74 52 309
74 53 925
74 54 967
74 55 594
74 56 1088
74 57 717
74 58 649
74 59 267
74 60 856
74 61 813
74 62 407
74 63 731
74 64 787
74 65 771
74 66 446
74 67 738
74 68 456
74 69 583
74 70 896
74 71 972
74 72 168
74 73 164
74 75 374
74 76 486
74 77 600
74 78 894
74 79 384
74 80 698
74 81 442
74 82 714
74 83 268
74 84 765
74 85 135
74 86 298
74 87 722
74 88 1089
74 89 504
74 90 838
74 91 542
74 92 660
74 93 417
74 94 662
74 95 536
74 96 836
74 97 400
74 98 906
74 99 29
74 100 808
75 1 644
75 2 303
75 3 389
75 4 711
75 5 366
75 6 479
75 7 309
75 8 226
75 9 339
75 10 390
75 11 411
75 12 214
75 13 571
75 14 331
75 15 265
75 16 288
75 17 380
75 18 870
75 19 270
75 20 547
75 21 571
75 22 290
75 23 56
75 24 504
75 25 173
75 26 137
75 27 460
75 28 672
75 29 681
75 30 460
75 31 529
75 32 422
75 33 212
75 34 227
75 35 339
75 36 106
75 37 741
75 38 458
75 39 764
75 40 397
75 41 83
75 42 666
75 43 714
75 44 900
75 45 241
75 46 885
75 47 676
75 48 102
75 49 273
75 50 340
75 51 239
75 52 364
75 53 585
75 54 599
75 55 725
75 56 967
75 57 554
75 58 452
75 59 442
75 60 504
75 61 523
75 62 416
75 63 596
75 64 464
75 65 677
75 66 216
75 67 385
75 68 271
75 69 232
75 70 582
75 71 700
75 72 291
75 73 241
75 74 374
75 76 569
75 77 226
75 78 700
75 79 664
75 80 369
75 81 447
75 82 689
75 83 545
75 84 391
75 85 440
75 86 231
75 87 557
75 88 946
75 89 535
75 90 464
75 91 485
75 92 293
75 93 393
75 94 296
75 95 216
75 96 725
75 97 132
75 98 839
75 99 349
75 100 434
76 1 727
76 2 622
76 3 756
76 4 220
76 5 815
76 6 760
76 7 290
76 8 773
76 9 298
76 10 512
76 11 739
76 12 358
76 13 355
76 14 671
76 15 728
76 16 499
76 17 771
76 18 633
76 19 812
76 20 238
76 21 347
76 22 282
76 23 600
76 24 831
76 25 730
76 26 705
76 27 343
76 28 869
76 29 199
76 30 328
76 31 314
76 32 259
76 33 498
76 34 364
76 35 256
76 36 674
76 37 386
76 38 711
76 39 297
76 40 336
76 41 504
76 42 989
76 43 145
76 44 583
76 45 352
76 46 540
76 47 128
76 48 468
76 49 798
76 50 560
76 51 491
76 52 215
76 53 821
76 54 951
76 55 160
76 56 653
76 57 399
76 58 408
76 59 221
76 60 798
76 61 639
76 62 157
76 63 374
76 64 680
76 65 356
76 66 765
76 67 717
76 68 363
76 69 615
76 70 743
76 71 728
76 72 358
76 73 561
76 74 486
76 75 569
76 77 713
76 78 559
76 79 319
76 80 635
76 81 136
76 82 253
76 83 302
76 84 850
76 85 374
76 86 684
76 87 405
76 88 672
76 89 74
76 90 905
76 91 195
76 92 811
76 93 189
76 94 818
76 95 784
76 96 425
76 97 465
76 98 449
76 99 495
76 100 865
77 1 521
77 2 180
77 3 190
77 4 889
77 5 141
77 6 301
77 7 501
77 8 314
77 9 542
77 10 340
77 11 227
77 12 396
77 13 597
77 14 173
77 15 44
77 16 264
77 17 171
77 18 840
77 19 128
77 20 745
77 21 784
77 22 463
77 23 256
77 24 302
77 25 267
77 26 195
77 27 493
77 28 497
77 29 859
77 30 673
77 31 739
77 32 501
77 33 438
77 34 350
77 35 525
77 36 181
77 37 777
77 38 300
77 39 950
77 40 611
77 41 235
77 42 452
77 43 854
77 44 899
77 45 441
77 46 896
77 47 834
77 48 299
77 49 95
77 50 262
77 51 241
77 52 538
77 53 407
77 54 381
77 55 873
77 56 957
77 57 560
77 58 454
77 59 636
77 60 316
77 61 415
77 62 558
77 63 616
77 64 324
77 65 713
77 66 303
77 67 207
77 68 356
77 69 124
77 70 437
77 71 591
77 72 504
77 73 461
77 74 600
77 75 226
77 76 713
77 78 660
77 79 867
77 80 240
77 81 579
77 82 765
77 83 753
77 84 166
77 85 659
77 86 411
77 87 561
77 88 922
77 89 662
77 90 238
77 91 577
77 92 102
77 93 525
77 94 110
77 95 195
77 96 742
77 97 258
77 98 875
77 99 575
77 100 209
78 1 267
78 2 482
78 3 552
78 4 769
78 5 663
78 6 468
78 7 653
78 8 914
78 9 700
78 10 325
78 11 507
78 12 615
78 13 208
78 14 504
78 15 640
78 16 421
78 17 581
78 18 180
78 19 787
78 20 773
78 21 876
78 22 593
78 23 756
78 24 544
78 25 858
78 26 794
78 27 277
78 28 444
78 29 754
78 30 812
78 31 832
78 32 370
78 33 801
78 34 519
78 35 639
78 36 762
78 37 256
78 38 426
78 39 847
78 40 783
78 41 622
78 42 634
78 43 612
78 44 259
78 45 662
78 46 277
78 47 661
78 48 650
78 49 749
78 50 399
78 51 466
78 52 602
78 53 451
78 54 638
78 55 648
78 56 304
78 57 179
78 58 255
78 59 702
78 60 495
78 61 280
78 62 517
78 63 186
78 64 384
78 65 232
78 66 903
78 67 504
78 68 456
78 69 542
78 70 346
78 71 221
78 72 726
78 73 867
78 74 894
78 75 700
78 76 559
78 77 660
78 79 874
78 80 431
78 81 493
78 82 366
78 83 828
78 84 693
78 85 841
78 86 922
78 87 173
78 88 263
78 89 490
78 90 706
78 91 385
78 92 747
78 93 492
78 94 756
78 95 837
78 96 190
78 97 576
78 98 312
78 99 886
78 100 669
79 1 1016
79 2 835
79 3 966
79 4 170
79 5 995
79 6 1000
79 7 367
79 8 806
79 9 327
79 10 769
79 11 962
79 12 473
79 13 668
79 14 882
79 15 895
79 16 723
79 17 973
79 18 951
79 19 933
79 20 126
79 21 118
79 22 413
79 23 669
79 24 1061
79 25 781
79 26 786
79 27 634
79 28 1140
79 29 159
79 30 214
79 31 143
79 32 537
79 33 496
79 34 543
79 35 346
79 36 763
79 37 701
79 38 956
79 39 152
79 40 274
79 41 633
79 42 1228
79 43 342
79 44 894
79 45 428
79 46 848
79 47 259
79 48 572
79 49 933
79 50 796
79 51 697
79 52 347
79 53 1079
79 54 1178
79 55 314
79 56 962
79 57 707
79 58 693
79 59 235
79 60 1037
79 61 915
79 62 386
79 63 689
79 64 933
79 65 675
79 66 803
79 67 936
79 68 575
79 69 802
79 70 1016
79 71 1028
79 72 375
79 73 532
79 74 384
79 75 664
79 76 319
79 77 867
79 78 874
79 80 868
79 81 396
79 82 563
79 83 123
79 84 1026
79 85 254
79 86 671
79 87 713
79 88 986
79 89 385
79 90 1093
79 91 494
79 92 951
79 93 421
79 94 956
79 95 868
79 96 743
79 97 614
79 98 752
79 99 408
79 100 1056
80 1 286
80 2 69
80 3 136
80 4 842
80 5 237
80 6 133
80 7 519
80 8 536
80 9 570
80 10 141
80 11 106
80 12 425
80 13 413
80 14 73
80 15 213
80 16 145
80 17 161
80 18 611
80 19 363
80 20 743
80 21 812
80 22 462
80 23 420
80 24 197
80 25 483
80 26 411
80 27 331
80 28 308
80 29 815
80 30 710
80 31 763
80 32 382
80 33 552
80 34 331
80 35 530
80 36 385
80 37 588
80 38 95
80 39 914
80 40 656
80 41 318
80 42 361
80 43 760
80 44 681
80 45 481
80 46 685
80 47 763
80 48 379
80 49 323
80 50 75
80 51 177
80 52 521
80 53 227
80 54 317
80 55 787
80 56 734
80 57 366
80 58 272
80 59 637
80 60 170
80 61 176
80 62 498
80 63 426
80 64 96
80 65 528
80 66 524
80 67 88
80 68 293
80 69 143
80 70 214
80 71 352
80 72 557
80 73 599
80 74 698
80 75 369
80 76 635
80 77 240
80 78 431
80 79 868
80 81 504
80 82 610
80 83 771
80 84 268
80 85 713
80 86 596
80 87 365
80 88 693
80 89 569
80 90 298
80 91 458
80 92 318
80 93 460
80 94 327
80 95 432
80 96 542
80 97 299
80 98 680
80 99 678
80 100 258
81 1 622
81 2 488
81 3 623
81 4 339
81 5 680
81 6 631
81 7 208
81 8 660
81 9 238
81 10 387
81 11 607
81 12 245
81 13 287
81 14 537
81 15 593
81 16 365
81 17 636
81 18 601
81 19 681
81 20 284
81 21 384
81 22 175
81 23 483
81 24 701
81 25 614
81 26 582
81 27 239
81 28 753
81 29 314
81 30 324
81 31 340
81 32 142
81 33 411
81 34 233
81 35 180
81 36 550
81 37 381
81 38 584
81 39 414
81 40 307
81 41 377
81 42 861
81 43 276
81 44 576
81 45 255
81 46 542
81 47 262
81 48 348
81 49 665
81 50 430
81 51 356
81 52 134
81 53 698
81 54 821
81 55 295
81 56 648
81 57 318
81 58 298
81 59 211
81 60 670
81 61 524
81 62 37
81 63 311
81 64 555
81 65 332
81 66 652
81 67 584
81 68 228
81 69 480
81 70 627
81 71 633
81 72 286
81 73 480
81 74 442
81 75 447
81 76 136
81 77 579
81 78 493
81 79 396
81 80 504
81 82 277
81 83 336
81 84 715
81 85 359
81 86 589
81 87 324
81 88 654
81 89 88
81 90 770
81 91 109
81 92 678
81 93 56
81 94 685
81 95 659
81 96 399
81 97 335
81 98 465
81 99 443
81 100 730
82 1 595
82 2 624
82 3 745
82 4 427
82 5 832
82 6 709
82 7 484
82 8 912
82 9 511
82 10 469
82 11 713
82 12 510
82 13 209
82 14 667
82 15 766
82 16 508
82 17 767
82 18 394
82 19 884
82 20 490
82 21 600
82 22 448
82 23 734
82 24 788
82 25 861
82 26 818
82 27 281
82 28 763
82 29 419
82 30 573
82 31 566
82 32 271
82 33 686
82 34 462
82 35 455
82 36 784
82 37 140
82 38 659
82 39 502
82 40 570
82 41 610
82 42 922
82 43 253
82 44 332
82 45 529
82 46 288
82 47 317
82 48 600
82 49 859
82 50 542
82 51 525
82 52 409
82 53 738
82 54 902
82 55 290
82 56 401
82 57 264
82 58 339
82 59 461
82 60 745
82 61 544
82 62 314
82 63 210
82 64 619
82 65 135
82 66 903
82 67 697
82 68 425
82 69 647
82 70 643
82 71 573
82 72 563
82 73 755
82 74 714
82 75 689
82 76 253
82 77 765
82 78 366
82 79 563
82 80 610
82 81 277
82 83 554
82 84 866
82 85 616
82 86 858
82 87 268
82 88 424
82 89 212
82 90 906
82 91 205
82 92 866
82 93 318
82 94 874
82 95 887
82 96 193
82 97 562
82 98 197
82 99 717
82 100 865
83 1 943
83 2 733
83 3 862
83 4 243
83 5 883
83 6 904
83 7 257
83 8 684
83 9 212
83 10 684
83 11 861
83 12 361
83 13 621
83 14 779
83 15 782
83 16 627
83 17 866
83 18 924
83 19 814
83 20 65
83 21 49
83 22 310
83 23 548
83 24 961
83 25 658
83 26 664
83 27 569
83 28 1055
83 29 219
83 30 92
83 31 23
83 32 470
83 33 373
83 34 441
83 35 242
83 36 642
83 37 685
83 38 862
83 39 257
83 40 152
83 41 518
83 42 1129
83 43 374
83 44 882
83 45 313
83 46 841
83 47 293
83 48 456
83 49 816
83 50 702
83 51 596
83 52 254
83 53 988
83 54 1076
83 55 356
83 56 953
83 57 653
83 58 623
83 59 137
83 60 940
83 61 835
83 62 316
83 63 645
83 64 842
83 65 649
83 66 681
83 67 834
83 68 481
83 69 694
83 70 933
83 71 962
83 72 254
83 73 411
83 74 268
83 75 545
83 76 302
83 77 753
83 78 828
83 79 123
83 80 771
83 81 336
83 82 554
83 84 914
83 85 135
83 86 550
83 87 659
83 88 969
83 89 352
83 90 982
83 91 443
83 92 834
83 93 347
83 94 839
83 95 746
83 96 718
83 97 503
83 98 750
83 99 290
83 100 946
84 1 495
84 2 242
84 3 141
84 4 1037
84 5 35
84 6 247
84 7 660
84 8 437
84 9 703
84 10 404
84 11 188
84 12 554
84 13 677
84 14 202
84 15 132
84 16 363
84 17 112
84 18 870
84 19 191
84 20 903
84 21 947
84 22 617
84 23 418
84 24 204
84 25 401
84 26 337
84 27 586
84 28 417
84 29 1008
84 30 837
84 31 901
84 32 616
84 33 603
84 34 495
84 35 682
84 36 333
84 37 855
84 38 274
84 39 1102
84 40 775
84 41 397
84 42 315
84 43 986
84 44 946
84 45 602
84 46 953
84 47 975
84 48 462
84 49 153
84 50 327
84 51 360
84 52 690
84 53 333
84 54 241
84 55 1008
84 56 996
84 57 632
84 58 534
84 59 793
84 60 241
84 61 418
84 62 698
84 63 691
84 64 313
84 65 793
84 66 428
84 67 189
84 68 487
84 69 235
84 70 399
84 71 571
84 72 667
84 73 623
84 74 765
84 75 391
84 76 850
84 77 166
84 78 693
84 79 1026
84 80 268
84 81 715
84 82 866
84 83 914
84 85 823
84 86 559
84 87 631
84 88 953
84 89 792
84 90 73
84 91 694
84 92 132
84 93 663
84 94 137
84 95 303
84 96 810
84 97 413
84 98 947
84 99 739
84 100 56
85 1 918
85 2 666
85 3 788
85 4 371
85 5 795
85 6 844
85 7 201
85 8 557
85 9 149
85 10 647
85 11 794
85 12 289
85 13 640
85 14 710
85 15 692
85 16 575
85 17 788
85 18 959
85 19 706
85 20 178
85 21 141
85 22 264
85 23 434
85 24 894
85 25 536
85 26 549
85 27 568
85 28 1011
85 29 344
85 30 51
85 31 113
85 32 471
85 33 249
85 34 387
85 35 205
85 36 530
85 37 736
85 38 807
85 39 391
85 40 60
85 41 428
85 42 1063
85 43 478
85 44 932
85 45 233
85 46 896
85 47 403
85 48 362
85 49 713
85 50 650
85 51 536
85 52 239
85 53 937
85 54 1004
85 55 466
85 56 1005
85 57 662
85 58 611
85 59 156
85 60 879
85 61 802
85 62 329
85 63 666
85 64 794
85 65 690
85 66 555
85 67 767
85 68 439
85 69 618
85 70 894
85 71 947
85 72 159
85 73 279
85 74 135
85 75 440
85 76 374
85 77 659
85 78 841
85 79 254
85 80 713
85 81 359
85 82 616
85 83 135
85 84 823
85 86 418
85 87 668
85 88 1012
85 89 405
85 90 894
85 91 466
85 92 732
85 93 349
85 94 736
85 95 629
85 96 758
85 97 425
85 98 812
85 99 156
85 100 860
86 1 874
86 2 529
86 3 596
86 4 768
86 5 543
86 6 697
86 7 395
86 8 157
86 9 395
86 10 619
86 11 626
86 12 349
86 13 774
86 14 551
86 15 454
86 16 518
86 17 580
86 18 1086
86 19 384
86 20 579
86 21 558
86 22 414
86 23 177
86 24 710
86 25 165
86 26 223
86 27 667
86 28 893
86 29 738
86 30 459
86 31 529
86 32 609
86 33 190
86 34 416
86 35 429
86 36 230
86 37 933
86 38 681
86 39 802
86 40 405
86 41 303
86 42 862
86 43 822
86 44 1105
86 45 336
86 46 1085
86 47 766
86 48 275
86 49 411
86 50 571
86 51 468
86 52 470
86 53 804
86 54 791
86 55 824
86 56 1175
86 57 765
86 58 669
86 59 497
86 60 719
86 61 754
86 62 553
86 63 801
86 64 691
86 65 871
86 66 160
86 67 601
86 68 474
86 69 455
86 70 809
86 71 931
86 72 333
86 73 140
86 74 298
86 75 231
86 76 684
86 77 411
86 78 922
86 79 671
86 80 596
86 81 589
86 82 858
86 83 550
86 84 559
86 85 418
86 87 769
86 88 1159
86 89 672
86 90 631
86 91 657
86 92 433
86 93 542
86 94 432
86 95 275
86 96 925
86 97 346
86 98 1028
86 99 270
86 100 611
87 1 334
87 2 396
87 3 500
87 4 622
87 5 598
87 6 448
87 7 481
87 8 779
87 9 527
87 10 229
87 11 462
87 12 448
87 13 60
87 14 431
87 15 551
87 16 301
87 17 525
87 18 318
87 19 688
87 20 606
87 21 707
87 22 422
87 23 611
87 24 528
87 25 723
87 26 665
87 27 107
87 28 496
87 29 603
87 30 640
87 31 662
87 32 197
87 33 636
87 34 357
87 35 467
87 36 632
87 37 224
87 38 399
87 39 700
87 40 610
87 41 476
87 42 655
87 43 482
87 44 345
87 45 492
87 46 337
87 47 518
87 48 495
87 49 655
87 50 308
87 51 337
87 52 430
87 53 471
87 54 639
87 55 516
87 56 411
87 57 7
87 58 110
87 59 531
87 60 483
87 61 277
87 62 346
87 63 62
87 64 357
87 65 164
87 66 768
87 67 450
87 68 297
87 69 438
87 70 375
87 71 325
87 72 555
87 73 703
87 74 722
87 75 557
87 76 405
87 77 561
87 78 173
87 79 713
87 80 365
87 81 324
87 82 268
87 83 659
87 84 631
87 85 668
87 86 769
87 88 390
87 89 333
87 90 662
87 91 219
87 92 657
87 93 320
87 94 666
87 95 719
87 96 182
87 97 428
87 98 317
87 99 715
87 100 622
88 1 493
88 2 744
88 3 812
88 4 848
88 5 924
88 6 721
88 7 846
88 8 1165
88 9 886
88 10 584
88 11 766
88 12 831
88 13 390
88 14 766
88 15 902
88 16 676
88 17 842
88 18 83
88 19 1049
88 20 907
88 21 1016
88 22 793
88 23 1000
88 24 794
88 25 1109
88 26 1048
88 27 494
88 28 659
88 29 841
88 30 975
88 31 979
88 32 566
88 33 1020
88 34 745
88 35 825
88 36 1015
88 37 286
88 38 683
88 39 920
88 40 960
88 41 865
88 42 861
88 43 668
88 44 99
88 45 869
88 46 150
88 47 739
88 48 885
88 49 1011
88 50 660
88 51 718
88 52 782
88 53 687
88 54 876
88 55 703
88 56 66
88 57 394
88 58 495
88 59 861
88 60 745
88 61 536
88 62 686
88 63 363
88 64 641
88 65 323
88 66 1154
88 67 765
88 68 686
88 69 802
88 70 585
88 71 425
88 72 924
88 73 1088
88 74 1089
88 75 946
88 76 672
88 77 922
88 78 263
88 79 986
88 80 693
88 81 654
88 82 424
88 83 969
88 84 953
88 85 1012
88 86 1159
88 87 390
88 89 618
88 90 962
88 91 549
88 92 1009
88 93 672
88 94 1018
88 95 1095
88 96 255
88 97 817
88 98 249
88 99 1085
88 100 927
89 1 653
89 2 560
89 3 693
89 4 293
89 5 757
89 6 691
89 7 283
89 8 748
89 9 304
89 10 442
89 11 674
89 12 332
89 13 284
89 14 608
89 15 674
89 16 436
89 17 709
89 18 573
89 19 767
89 20 292
89 21 400
89 22 259
89 23 571
89 24 764
89 25 701
89 26 670
89 27 270
89 28 797
89 29 272
89 30 363
89 31 361
89 32 189
89 33 491
89 34 319
89 35 252
89 36 638
89 37 335
89 38 642
89 39 371
89 40 359
89 41 464
89 42 920
89 43 195
89 44 532
89 45 337
89 46 493
89 47 198
89 48 436
89 49 750
89 50 494
89 51 432
89 52 206
89 53 750
89 54 884
89 55 218
89 56 604
89 57 327
89 58 336
89 59 250
89 60 730
89 61 567
89 62 121
89 63 304
89 64 610
89 65 297
89 66 740
89 67 652
89 68 307
89 69 558
89 70 671
89 71 655
89 72 359
89 73 558
89 74 504
89 75 535
89 76 74
89 77 662
89 78 490
89 79 385
89 80 569
89 81 88
89 82 212
89 83 352
89 84 792
89 85 405
89 86 672
89 87 333
89 88 618
89 90 845
89 91 122
89 92 761
89 93 143
89 94 769
89 95 747
89 96 366
89 97 422
89 98 408
89 99 508
89 100 804
90 1 487
90 2 287
90 3 163
90 4 1098
90 5 100
90 6 242
90 7 727
90 8 505
90 9 770
90 10 438
90 11 202
90 12 621
90 13 711
90 14 241
90 15 202
90 16 411
90 17 140
90 18 879
90 19 256
90 20 968
90 21 1015
90 22 682
90 23 491
90 24 180
90 25 471
90 26 409
90 27 626
90 28 385
90 29 1069
90 30 906
90 31 969
90 32 665
90 33 675
90 34 557
90 35 747
90 36 406
90 37 885
90 38 280
90 39 1164
90 40 844
90 41 467
90 42 256
90 43 1039
90 44 963
90 45 670
90 46 973
90 47 1031
90 48 532
90 49 222
90 50 365
90 51 415
90 52 753
90 53 309
90 54 182
90 55 1062
90 56 1009
90 57 663
90 58 569
90 59 859
90 60 225
90 61 427
90 62 756
90 63 723
90 64 322
90 65 825
90 66 496
90 67 212
90 68 544
90 69 295
90 70 389
90 71 563
90 72 737
90 73 696
90 74 838
90 75 464
90 76 905
90 77 238
90 78 706
90 79 1093
90 80 298
90 81 770
90 82 906
90 83 982
90 84 73
90 85 894
90 86 631
90 87 662
90 88 962
90 89 845
90 91 743
90 92 200
90 93 720
90 94 203
90 95 370
90 96 836
90 97 479
90 98 975
90 99 812
90 100 42
91 1 533
91 2 456
91 3 587
91 4 414
91 5 659
91 6 576
91 7 300
91 8 708
91 9 338
91 10 326
91 11 563
91 12 309
91 13 179
91 14 503
91 15 583
91 16 333
91 17 604
91 18 493
91 19 691
91 20 388
91 21 491
91 22 254
91 23 529
91 24 651
91 25 657
91 26 615
91 27 149
91 28 676
91 29 392
91 30 433
91 31 448
91 32 79
91 33 491
91 34 258
91 35 277
91 36 582
91 37 284
91 38 526
91 39 491
91 40 412
91 41 407
91 42 803
91 43 303
91 44 474
91 45 335
91 46 443
91 47 318
91 48 395
91 49 668
91 50 384
91 51 339
91 52 234
91 53 631
91 54 770
91 55 332
91 56 547
91 57 213
91 58 215
91 59 320
91 60 614
91 61 446
91 62 138
91 63 203
91 64 493
91 65 230
91 66 699
91 67 543
91 68 226
91 69 465
91 70 550
91 71 537
91 72 380
91 73 561
91 74 542
91 75 485
91 76 195
91 77 577
91 78 385
91 79 494
91 80 458
91 81 109
91 82 205
91 83 443
91 84 694
91 85 466
91 86 657
91 87 219
91 88 549
91 89 122
91 90 743
91 92 678
91 93 126
91 94 686
91 95 686
91 96 295
91 97 359
91 98 375
91 99 540
91 100 702
92 1 584
92 2 267
92 3 229
92 4 982
92 5 129
92 6 346
92 7 588
92 8 306
92 9 625
92 10 433
92 11 275
92 12 484
92 13 695
92 14 246
92 15 108
92 16 363
92 17 201
92 18 927
92 19 60
92 20 831
92 21 863
92 22 555
92 23 307
92 24 323
92 25 272
92 26 212
92 27 592
92 28 532
92 29 951
92 30 751
92 31 819
92 32 602
92 33 498
92 34 447
92 35 614
92 36 215
92 37 876
92 38 358
92 39 1041
92 40 689
92 41 322
92 42 447
92 43 953
92 44 991
92 45 524
92 46 991
92 47 931
92 48 380
92 49 22
92 50 353
92 51 342
92 52 630
92 53 445
92 54 373
92 55 971
92 56 1047
92 57 657
92 58 551
92 59 723
92 60 350
92 61 489
92 62 655
92 63 713
92 64 390
92 65 812
92 66 297
92 67 263
92 68 456
92 69 222
92 70 494
92 71 657
92 72 582
92 73 509
92 74 660
92 75 293
92 76 811
92 77 102
92 78 747
92 79 951
92 80 318
92 81 678
92 82 866
92 83 834
92 84 132
92 85 732
92 86 433
92 87 657
92 88 1009
92 89 761
92 90 200
92 91 678
92 93 623
92 94 9
92 95 171
92 96 839
92 97 351
92 98 972
92 99 633
92 100 188
93 1 598
93 2 440
93 3 575
93 4 383
93 5 628
93 6 590
93 7 175
93 8 608
93 9 214
93 10 350
93 11 561
93 12 195
93 13 292
93 14 489
93 15 540
93 16 319
93 17 587
93 18 614
93 19 626
93 20 302
93 21 394
93 22 131
93 23 430
93 24 657
93 25 561
93 26 528
93 27 224
93 28 720
93 29 356
93 30 321
93 31 347
93 32 125
93 33 370
93 34 178
93 35 153
93 36 495
93 37 409
93 38 543
93 39 454
93 40 293
93 41 322
93 42 819
93 43 330
93 44 599
93 45 212
93 46 569
93 47 312
93 48 295
93 49 611
93 50 386
93 51 306
93 52 112
93 53 662
93 54 776
93 55 348
93 56 672
93 57 314
93 58 276
93 59 213
93 60 628
93 61 494
93 62 38
93 63 318
93 64 517
93 65 355
93 66 600
93 67 538
93 68 177
93 69 428
93 70 595
93 71 615
93 72 254
93 73 439
93 74 417
93 75 393
93 76 189
93 77 525
93 78 492
93 79 421
93 80 460
93 81 56
93 82 318
93 83 347
93 84 663
93 85 349
93 86 542
93 87 320
93 88 672
93 89 143
93 90 720
93 91 126
93 92 623
93 94 630
93 95 604
93 96 420
93 97 280
93 98 498
93 99 415
93 100 680
94 1 593
94 2 276
94 3 236
94 4 988
94 5 135
94 6 354
94 7 593
94 8 303
94 9 630
94 10 442
94 11 283
94 12 489
94 13 703
94 14 255
94 15 117
94 16 371
94 17 208
94 18 936
94 19 55
94 20 836
94 21 867
94 22 561
94 23 310
94 24 329
94 25 270
94 26 212
94 27 601
94 28 539
94 29 957
94 30 755
94 31 823
94 32 610
94 33 501
94 34 454
94 35 619
94 36 216
94 37 884
94 38 367
94 39 1047
94 40 693
94 41 327
94 42 452
94 43 960
94 44 1000
94 45 529
94 46 999
94 47 937
94 48 385
94 49 24
94 50 362
94 51 350
94 52 636
94 53 452
94 54 377
94 55 978
94 56 1056
94 57 666
94 58 560
94 59 728
94 60 357
94 61 498
94 62 662
94 63 722
94 64 399
94 65 820
94 66 294
94 67 271
94 68 463
94 69 230
94 70 502
94 71 666
94 72 586
94 73 511
94 74 662
94 75 296
94 76 818
94 77 110
94 78 756
94 79 956
94 80 327
94 81 685
94 82 874
94 83 839
94 84 137
94 85 736
94 86 432
94 87 666
94 88 1018
94 89 769
94 90 203
94 91 686
94 92 9
94 93 630
94 95 167
94 96 848
94 97 357
94 98 981
94 99 635
94 100 192
95 1 715
95 2 367
95 3 378
95 4 925
95 5 296
95 6 494
95 7 522
95 8 136
95 9 548
95 10 513
95 11 420
95 12 429
95 13 745
95 14 367
95 15 233
95 16 421
95 17 355
95 18 1015
95 19 114
95 20 755
95 21 767
95 22 506
95 23 199
95 24 484
95 25 111
95 26 83
95 27 635
95 28 688
95 29 894
95 30 657
95 31 728
95 32 617
95 33 382
95 34 431
95 35 553
95 36 111
95 37 923
95 38 495
95 39 976
95 40 595
95 41 283
95 42 617
95 43 929
95 44 1063
95 45 454
95 46 1055
95 47 892
95 48 318
95 49 151
95 50 441
95 51 383
95 52 580
95 53 598
95 54 543
95 55 940
95 56 1125
95 57 717
95 58 610
95 59 653
95 60 505
95 61 607
95 62 630
95 63 767
95 64 519
95 65 858
95 66 127
95 67 401
95 68 462
95 69 298
95 70 632
95 71 783
95 72 494
95 73 375
95 74 536
95 75 216
95 76 784
95 77 195
95 78 837
95 79 868
95 80 432
95 81 659
95 82 887
95 83 746
95 84 303
95 85 629
95 86 275
95 87 719
95 88 1095
95 89 747
95 90 370
95 91 686
95 92 171
95 93 604
95 94 167
95 96 896
95 97 328
95 98 1021
95 99 508
95 100 358
96 1 447
96 2 576
96 3 675
96 4 617
96 5 777
96 6 612
96 7 594
96 8 949
96 9 632
96 10 409
96 11 635
96 12 587
96 13 154
96 14 610
96 15 732
96 16 481
96 17 702
96 18 209
96 19 869
96 20 657
96 21 765
96 22 543
96 23 776
96 24 692
96 25 894
96 26 839
96 27 265
96 28 623
96 29 606
96 30 721
96 31 726
96 32 320
96 33 775
96 34 510
96 35 572
96 36 805
96 37 66
96 38 565
96 39 692
96 40 705
96 41 642
96 42 803
96 43 445
96 44 182
96 45 622
96 46 161
96 47 506
96 48 652
96 49 836
96 50 489
96 51 514
96 52 528
96 53 617
96 54 796
96 55 482
96 56 254
96 57 183
96 58 289
96 59 607
96 60 645
96 61 428
96 62 432
96 63 130
96 64 522
96 65 69
96 66 938
96 67 626
96 68 455
96 69 619
96 70 514
96 71 409
96 72 673
96 73 844
96 74 836
96 75 725
96 76 425
96 77 742
96 78 190
96 79 743
96 80 542
96 81 399
96 82 193
96 83 718
96 84 810
96 85 758
96 86 925
96 87 182
96 88 255
96 89 366
96 90 836
96 91 295
96 92 839
96 93 420
96 94 848
96 95 896
96 97 593
96 98 140
96 99 834
96 100 797
97 1 549
97 2 245
97 3 364
97 4 632
97 5 381
97 6 426
97 7 248
97 8 357
97 9 293
97 10 280
97 11 371
97 12 143
97 13 440
97 14 287
97 15 282
97 16 182
97 17 365
97 18 742
97 19 348
97 20 490
97 21 538
97 22 206
97 23 184
97 24 471
97 25 304
97 26 257
97 27 329
97 28 606
97 29 602
97 30 430
97 31 491
97 32 293
97 33 257
97 34 104
97 35 269
97 36 223
97 37 610
97 38 394
97 39 693
97 40 371
97 41 50
97 42 639
97 43 609
97 44 769
97 45 194
97 46 754
97 47 582
97 48 84
97 49 336
97 50 250
97 51 133
97 52 281
97 53 525
97 54 580
97 55 624
97 56 837
97 57 424
97 58 324
97 59 381
97 60 459
97 61 427
97 62 309
97 63 465
97 64 389
97 65 546
97 66 347
97 67 344
97 68 140
97 69 194
97 70 501
97 71 598
97 72 266
97 73 311
97 74 400
97 75 132
97 76 465
97 77 258
97 78 576
97 79 614
97 80 299
97 81 335
97 82 562
97 83 503
97 84 413
97 85 425
97 86 346
97 87 428
97 88 817
97 89 422
97 90 479
97 91 359
97 92 351
97 93 280
97 94 357
97 95 328
97 96 593
97 98 708
97 99 380
97 100 443
98 1 577
98 2 712
98 3 814
98 4 606
98 5 915
98 6 751
98 7 670
98 8 1065
98 9 702
98 10 545
98 11 774
98 12 682
98 13 279
98 14 747
98 15 866
98 16 612
98 17 840
98 18 248
98 19 1000
98 20 686
98 21 795
98 22 627
98 23 888
98 24 830
98 25 1011
98 26 960
98 27 387
98 28 753
98 29 602
98 30 770
98 31 762
98 32 421
98 33 865
98 34 617
98 35 644
98 36 926
98 37 99
98 38 704
98 39 676
98 40 765
98 41 757
98 42 938
98 43 424
98 44 151
98 45 709
98 46 100
98 47 498
98 48 759
98 49 969
98 50 624
98 51 641
98 52 598
98 53 752
98 54 934
98 55 459
98 56 213
98 57 317
98 58 421
98 59 657
98 60 783
98 61 566
98 62 501
98 63 260
98 64 661
98 65 164
98 66 1054
98 67 764
98 68 568
98 69 752
98 70 649
98 71 531
98 72 750
98 73 935
98 74 906
98 75 839
98 76 449
98 77 875
98 78 312
98 79 752
98 80 680
98 81 465
98 82 197
98 83 750
98 84 947
98 85 812
98 86 1028
98 87 317
98 88 249
98 89 408
98 90 975
98 91 375
98 92 972
98 93 498
98 94 981
98 95 1021
98 96 140
98 97 708
98 99 907
98 100 935
99 1 918
99 2 622
99 3 729
99 4 524
99 5 714
99 6 804
99 7 240
99 8 418
99 9 206
99 10 643
99 11 744
99 12 277
99 13 699
99 14 660
99 15 613
99 16 555
99 17 723
99 18 1024
99 19 598
99 20 331
99 21 291
99 22 295
99 23 326
99 24 841
99 25 405
99 26 433
99 27 609
99 28 985
99 29 497
99 30 203
99 31 268
99 32 523
99 33 137
99 34 382
99 35 264
99 36 421
99 37 822
99 38 773
99 39 546
99 40 164
99 41 365
99 42 1007
99 43 615
99 44 1014
99 45 225
99 46 982
99 47 545
99 48 301
99 49 612
99 50 627
99 51 509
99 52 310
99 53 904
99 54 943
99 55 608
99 56 1086
99 57 710
99 58 638
99 59 278
99 60 834
99 61 797
99 62 407
99 63 726
99 64 768
99 65 769
99 66 417
99 67 716
99 68 443
99 69 561
99 70 878
99 71 958
99 72 162
99 73 136
99 74 29
99 75 349
99 76 495
99 77 575
99 78 886
99 79 408
99 80 678
99 81 443
99 82 717
99 83 290
99 84 739
99 85 156
99 86 270
99 87 715
99 88 1085
99 89 508
99 90 812
99 91 540
99 92 633
99 93 415
99 94 635
99 95 508
99 96 834
99 97 380
99 98 907
99 100 782
100 1 458
100 2 246
100 3 123
100 4 1058
100 5 69
100 6 210
100 7 690
100 8 492
100 9 735
100 10 398
100 11 163
100 12 585
100 13 670
100 14 200
100 15 170
100 16 370
100 17 99
100 18 844
100 19 246
100 20 931
100 21 980
100 22 644
100 23 464
100 24 156
100 25 454
100 26 389
100 27 585
100 28 367
100 29 1030
100 30 871
100 31 933
100 32 624
100 33 646
100 34 518
100 35 710
100 36 383
100 37 845
100 38 244
100 39 1125
100 40 810
100 41 432
100 42 260
100 43 998
100 44 926
100 45 635
100 46 935
100 47 991
100 48 498
100 49 208
100 50 324
100 51 375
100 52 715
100 53 286
100 54 186
100 55 1022
100 56 973
100 57 622
100 58 529
100 59 821
100 60 197
100 61 391
100 62 716
100 63 683
100 64 286
100 65 785
100 66 482
100 67 172
100 68 504
100 69 256
100 70 361
100 71 534
100 72 703
100 73 669
100 74 808
100 75 434
100 76 865
100 77 209
100 78 669
100 79 1056
100 80 258
100 81 730
100 82 865
100 83 946
100 84 56
100 85 860
100 86 611
100 87 622
100 88 927
100 89 804
100 90 42
100 91 702
100 92 188
100 93 680
100 94 192
100 95 358
100 96 797
100 97 443
100 98 935
100 99 782
