nnodes nedges type capacity P s t
100  4950  graph  1000 100 1 100 
nodename posx posy itemvalue itemweight
1 586 205 0 0
2 35 661 18 10
3 842 166 10 37
4 545 323 65 33
5 592 260 64 30
6 609 644 18 20
7 884 8 73 36
8 828 47 35 40
9 94 386 85 41
10 477 321 35 13
11 899 570 37 24
12 668 225 38 20
13 510 913 94 11
14 956 152 74 43
15 925 243 97 44
16 942 863 13 45
17 800 329 31 32
18 524 643 4 41
19 496 422 68 18
20 966 440 75 32
21 34 576 100 43
22 84 271 3 24
23 936 264 80 37
24 318 31 63 15
25 2 796 29 49
26 704 901 79 18
27 366 373 72 16
28 126 228 87 17
29 638 435 79 12
30 381 915 61 25
31 678 675 6 23
32 779 478 70 38
33 4 655 54 23
34 473 852 28 22
35 429 440 93 3
36 644 464 5 42
37 368 80 47 7
38 735 304 15 26
39 345 53 95 29
40 687 347 42 26
41 201 392 77 21
42 601 567 45 48
43 117 727 88 31
44 148 107 16 16
45 514 881 95 26
46 375 192 41 2
47 556 154 49 12
48 23 912 39 4
49 161 496 34 19
50 117 591 27 28
51 936 761 73 33
52 55 304 69 19
53 842 790 41 33
54 961 539 96 38
55 843 0 11 38
56 238 397 63 37
57 744 839 10 9
58 316 861 86 47
59 919 464 41 1
60 969 433 63 35
61 345 696 29 5
62 626 253 38 29
63 850 649 68 27
64 166 363 82 3
65 145 635 95 11
66 954 434 31 19
67 396 9 43 49
68 90 590 37 34
69 151 403 82 32
70 129 347 71 44
71 404 368 21 35
72 744 148 83 30
73 207 60 43 20
74 362 126 79 33
75 525 683 73 43
76 560 222 70 1
77 379 538 47 7
78 476 581 29 14
79 539 994 35 12
80 944 36 66 31
81 629 899 22 48
82 470 377 99 15
83 260 913 47 37
84 968 412 100 30
85 316 449 71 20
86 759 72 23 41
87 817 855 54 7
88 221 377 73 48
89 915 935 77 1
90 503 792 82 49
91 618 415 43 1
92 15 997 1 41
93 305 843 10 29
94 578 844 6 44
95 189 522 42 23
96 881 170 25 14
97 773 703 71 25
98 547 34 80 17
99 968 867 62 29
100 798 637 0 0
endpoint1 endpoint2 weight
1 2 716
1 3 259
1 4 125
1 5 56
1 6 440
1 7 358
1 8 290
1 9 525
1 10 160
1 11 481
1 12 85
1 13 713
1 14 374
1 15 342
1 16 749
1 17 248
1 18 443
1 19 235
1 20 447
1 21 666
1 22 507
1 23 355
1 24 320
1 25 831
1 26 706
1 27 277
1 28 461
1 29 236
1 30 740
1 31 479
1 32 335
1 33 736
1 34 657
1 35 283
1 36 266
1 37 252
1 38 179
1 39 285
1 40 175
1 41 429
1 42 363
1 43 702
1 44 449
1 45 680
1 46 212
1 47 60
1 48 904
1 49 516
1 50 608
1 51 657
1 52 541
1 53 639
1 54 503
1 55 329
1 56 398
1 57 654
1 58 710
1 59 422
1 60 446
1 61 547
1 62 63
1 63 517
1 64 449
1 65 616
1 66 434
1 67 273
1 68 628
1 69 478
1 70 479
1 71 245
1 72 168
1 73 406
1 74 238
1 75 482
1 76 32
1 77 393
1 78 392
1 79 791
1 80 396
1 81 696
1 82 208
1 83 780
1 84 435
1 85 364
1 86 219
1 87 690
1 88 404
1 89 801
1 90 593
1 91 213
1 92 977
1 93 698
1 94 640
1 95 509
1 96 298
1 97 532
1 98 176
1 99 765
1 100 482
2 1 716
2 3 947
2 4 612
2 5 687
2 6 575
2 7 1072
2 8 1003
2 9 282
2 10 558
2 11 869
2 12 769
2 13 538
2 14 1053
2 15 984
2 16 930
2 17 834
2 18 490
2 19 520
2 20 957
2 21 86
2 22 394
2 23 985
2 24 691
2 25 139
2 26 711
2 27 439
2 28 443
2 29 644
2 30 430
2 31 644
2 32 767
2 33 32
2 34 478
2 35 452
2 36 641
2 37 670
2 38 786
2 39 683
2 40 724
2 41 317
2 42 574
2 43 106
2 44 566
2 45 528
2 46 580
2 47 727
2 48 252
2 49 208
2 50 108
2 51 907
2 52 358
2 53 818
2 54 935
2 55 1044
2 56 334
2 57 732
2 58 345
2 59 906
2 60 962
2 61 312
2 62 719
2 63 816
2 64 326
2 65 114
2 66 947
2 67 746
2 68 90
2 69 283
2 70 328
2 71 472
2 72 876
2 73 626
2 74 628
2 75 491
2 76 685
2 77 366
2 78 449
2 79 605
2 80 1104
2 81 640
2 82 520
2 83 338
2 84 966
2 85 353
2 86 934
2 87 806
2 88 340
2 89 922
2 90 486
2 91 633
2 92 337
2 93 326
2 94 574
2 95 208
2 96 979
2 97 740
2 98 810
2 99 956
2 100 764
3 1 259
3 2 947
3 4 336
3 5 268
3 6 532
3 7 164
3 8 120
3 9 780
3 10 397
3 11 409
3 12 184
3 13 818
3 14 115
3 15 114
3 16 705
3 17 169
3 18 574
3 19 431
3 20 301
3 21 907
3 22 766
3 23 136
3 24 542
3 25 1050
3 26 748
3 27 520
3 28 719
3 29 338
3 30 880
3 31 535
3 32 319
3 33 971
3 34 779
3 35 496
3 36 358
3 37 482
3 38 175
3 39 510
3 40 239
3 41 680
3 42 468
3 43 917
3 44 697
3 45 787
3 46 468
3 47 287
3 48 1108
3 49 757
3 50 841
3 51 603
3 52 800
3 53 624
3 54 392
3 55 167
3 56 647
3 57 681
3 58 872
3 59 308
3 60 296
3 61 727
3 62 233
3 63 484
3 64 705
3 65 841
3 66 291
3 67 473
3 68 864
3 69 731
3 70 736
3 71 483
3 72 100
3 73 644
3 74 482
3 75 607
3 76 288
3 77 594
3 78 554
3 79 882
3 80 166
3 81 764
3 82 428
3 83 947
3 84 277
3 85 598
3 86 126
3 87 690
3 88 656
3 89 773
3 90 712
3 91 335
3 92 1173
3 93 865
3 94 728
3 95 744
3 96 40
3 97 542
3 98 324
3 99 713
3 100 474
4 1 125
4 2 612
4 3 336
4 5 79
4 6 328
4 7 463
4 8 396
4 9 456
4 10 69
4 11 432
4 12 158
4 13 592
4 14 446
4 15 389
4 16 671
4 17 256
4 18 321
4 19 111
4 20 437
4 21 571
4 22 464
4 23 396
4 24 370
4 25 721
4 26 600
4 27 186
4 28 430
4 29 146
4 30 615
4 31 377
4 32 281
4 33 635
4 34 534
4 35 165
4 36 173
4 37 301
4 38 191
4 39 337
4 40 145
4 41 351
4 42 251
4 43 589
4 44 452
4 45 559
4 46 215
4 47 170
4 48 788
4 49 422
4 50 505
4 51 588
4 52 491
4 53 554
4 54 469
4 55 440
4 56 316
4 57 554
4 58 585
4 59 400
4 60 439
4 61 424
4 62 108
4 63 447
4 64 382
4 65 508
4 66 424
4 67 348
4 68 528
4 69 403
4 70 417
4 71 149
4 72 266
4 73 429
4 74 269
4 75 361
4 76 103
4 77 272
4 78 268
4 79 672
4 80 492
4 81 583
4 82 93
4 83 656
4 84 433
4 85 262
4 86 330
4 87 598
4 88 329
4 89 716
4 90 471
4 91 118
4 92 858
4 93 573
4 94 523
4 95 408
4 96 370
4 97 444
4 98 290
4 99 690
4 100 404
5 1 56
5 2 687
5 3 268
5 4 79
5 6 385
5 7 386
5 8 318
5 9 514
5 10 131
5 11 437
5 12 84
5 13 659
5 14 380
5 15 334
5 16 698
5 17 220
5 18 389
5 19 189
5 20 416
5 21 642
5 22 509
5 23 345
5 24 358
5 25 798
5 26 651
5 27 253
5 28 468
5 29 181
5 30 689
5 31 424
5 32 288
5 33 709
5 34 604
5 35 243
5 36 211
5 37 288
5 38 150
5 39 323
5 40 129
5 41 413
5 42 308
5 43 667
5 44 470
5 45 626
5 46 228
5 47 112
5 48 866
5 49 492
5 50 579
5 51 608
5 52 539
5 53 587
5 54 463
5 55 362
5 56 380
5 57 599
5 58 662
5 59 386
5 60 415
5 61 502
5 62 35
5 63 467
5 64 439
5 65 584
5 66 402
5 67 319
5 68 601
5 69 464
5 70 472
5 71 217
5 72 189
5 73 434
5 74 267
5 75 429
5 76 50
5 77 351
5 78 342
5 79 736
5 80 418
5 81 641
5 82 170
5 83 733
5 84 406
5 85 335
5 86 252
5 87 637
5 88 390
5 89 749
5 90 540
5 91 158
5 92 937
5 93 650
5 94 585
5 95 481
5 96 303
5 97 479
5 98 231
5 99 715
5 100 430
6 1 440
6 2 575
6 3 532
6 4 328
6 5 385
6 7 693
6 8 636
6 9 577
6 10 349
6 11 300
6 12 424
6 13 287
6 14 603
6 15 511
6 16 399
6 17 369
6 18 86
6 19 250
6 20 412
6 21 580
6 22 645
6 23 502
6 24 679
6 25 626
6 26 274
6 27 364
6 28 638
6 29 212
6 30 355
6 31 76
6 32 238
6 33 606
6 34 249
6 35 273
6 36 184
6 37 614
6 38 363
6 39 648
6 40 308
6 41 480
6 42 78
6 43 499
6 44 708
6 45 256
6 46 509
6 47 493
6 48 645
6 49 472
6 50 495
6 51 348
6 52 651
6 53 275
6 54 368
6 55 686
6 56 446
6 57 238
6 58 365
6 59 359
6 60 418
6 61 270
6 62 392
6 63 242
6 64 525
6 65 465
6 66 404
6 67 670
6 68 522
6 69 518
6 70 565
6 71 344
6 72 515
6 73 709
6 74 574
6 75 93
6 76 425
6 77 254
6 78 148
6 79 357
6 80 695
6 81 256
6 82 302
6 83 441
6 84 428
6 85 352
6 86 592
6 87 297
6 88 471
6 89 423
6 90 183
6 91 230
6 92 691
6 93 364
6 94 203
6 95 438
6 96 547
6 97 175
6 98 614
6 99 423
6 100 190
7 1 358
7 2 1072
7 3 164
7 4 463
7 5 386
7 6 693
7 8 69
7 9 876
7 10 514
7 11 563
7 12 307
7 13 980
7 14 161
7 15 239
7 16 857
7 17 332
7 18 730
7 19 568
7 20 440
7 21 1023
7 22 843
7 23 262
7 24 567
7 25 1183
7 26 911
7 27 634
7 28 790
7 29 493
7 30 1038
7 31 699
7 32 482
7 33 1093
7 34 939
7 35 628
7 36 516
7 37 521
7 38 332
7 39 541
7 40 393
7 41 784
7 42 627
7 43 1052
7 44 743
7 45 949
7 46 542
7 47 360
7 48 1249
7 49 873
7 50 964
7 51 755
7 52 881
7 53 784
7 54 537
7 55 42
7 56 755
7 57 843
7 58 1025
7 59 458
7 60 434
7 61 874
7 62 356
7 63 642
7 64 801
7 65 970
7 66 432
7 67 489
7 68 985
7 69 833
7 70 828
7 71 600
7 72 198
7 73 679
7 74 536
7 75 765
7 76 389
7 77 733
7 78 704
7 79 1045
7 80 67
7 81 927
7 82 555
7 83 1100
7 84 413
7 85 720
7 86 141
7 87 850
7 88 759
7 89 928
7 90 872
7 91 487
7 92 1317
7 93 1017
7 94 891
7 95 865
7 96 163
7 97 704
7 98 339
7 99 864
7 100 635
8 1 290
8 2 1003
8 3 120
8 4 396
8 5 318
8 6 636
8 7 69
8 9 809
8 10 446
8 11 528
8 12 240
8 13 923
8 14 166
8 15 219
8 16 824
8 17 284
8 18 670
8 19 501
8 20 417
8 21 955
8 22 777
8 23 243
8 24 511
8 25 1116
8 26 863
8 27 566
8 28 725
8 29 433
8 30 977
8 31 646
8 32 434
8 33 1025
8 34 880
8 35 561
8 36 456
8 37 462
8 38 274
8 39 484
8 40 332
8 41 716
8 42 568
8 43 984
8 44 683
8 45 892
8 46 476
8 47 293
8 48 1182
8 49 805
8 50 896
8 51 723
8 52 815
8 53 744
8 54 510
8 55 50
8 56 687
8 57 797
8 58 962
8 59 427
8 60 411
8 61 810
8 62 289
8 63 603
8 64 734
8 65 902
8 66 407
8 67 434
8 68 917
8 69 765
8 70 761
8 71 532
8 72 132
8 73 622
8 74 473
8 75 705
8 76 321
8 77 666
8 78 640
8 79 991
8 80 117
8 81 875
8 82 487
8 83 1036
8 84 391
8 85 651
8 86 74
8 87 809
8 88 691
8 89 893
8 90 813
8 91 424
8 92 1251
8 93 953
8 94 836
8 95 797
8 96 134
8 97 659
8 98 282
8 99 832
8 100 591
9 1 525
9 2 282
9 3 780
9 4 456
9 5 514
9 6 577
9 7 876
9 8 809
9 10 389
9 11 826
9 12 597
9 13 672
9 14 894
9 15 844
9 16 973
9 17 709
9 18 501
9 19 404
9 20 874
9 21 200
9 22 116
9 23 851
9 24 420
9 25 421
9 26 799
9 27 273
9 28 162
9 29 547
9 30 602
9 31 652
9 32 692
9 33 284
9 34 601
9 35 340
9 36 556
9 37 411
9 38 647
9 39 418
9 40 595
9 41 108
9 42 539
9 43 342
9 44 285
9 45 650
9 46 342
9 47 517
9 48 531
9 49 129
9 50 207
9 51 922
9 52 91
9 53 851
9 54 881
9 55 843
9 56 145
9 57 793
9 58 525
9 59 829
9 60 877
9 61 399
9 62 549
9 63 801
9 64 76
9 65 255
9 66 862
9 67 484
9 68 205
9 69 60
9 70 53
9 71 311
9 72 693
9 73 346
9 74 374
9 75 524
9 76 495
9 77 323
9 78 429
9 79 754
9 80 920
9 81 742
9 82 377
9 83 553
9 84 875
9 85 231
9 86 736
9 87 862
9 88 128
9 89 988
9 90 577
9 91 525
9 92 617
9 93 504
9 94 667
9 95 166
9 96 817
9 97 750
9 98 574
9 99 998
9 100 748
10 1 160
10 2 558
10 3 397
10 4 69
10 5 131
10 6 349
10 7 514
10 8 446
10 9 389
10 11 490
10 12 214
10 13 593
10 14 508
10 15 455
10 16 715
10 17 324
10 18 326
10 19 103
10 20 504
10 21 512
10 22 397
10 23 463
10 24 331
10 25 672
10 26 623
10 27 123
10 28 364
10 29 198
10 30 602
10 31 408
10 32 341
10 33 580
10 34 532
10 35 129
10 36 220
10 37 265
10 38 259
10 39 299
10 40 212
10 41 285
10 42 276
10 43 543
10 44 393
10 45 562
10 46 165
10 47 185
10 48 746
10 49 362
10 50 450
10 51 636
10 52 423
10 53 595
10 54 531
10 55 487
10 56 251
10 57 583
10 58 564
10 59 465
10 60 505
10 61 398
10 62 164
10 63 497
10 64 314
10 65 457
10 66 491
10 67 323
10 68 472
10 69 337
10 70 349
10 71 87
10 72 319
10 73 376
10 74 227
10 75 366
10 76 130
10 77 239
10 78 261
10 79 676
10 80 548
10 81 598
10 82 57
10 83 631
10 84 500
10 85 206
10 86 377
10 87 634
10 88 263
10 89 755
10 90 472
10 91 170
10 92 819
10 93 550
10 94 533
10 95 352
10 96 432
10 97 484
10 98 296
10 99 735
10 100 451
11 1 481
11 2 869
11 3 409
11 4 432
11 5 437
11 6 300
11 7 563
11 8 528
11 9 826
11 10 490
11 12 416
11 13 519
11 14 422
11 15 329
11 16 297
11 17 261
11 18 383
11 19 430
11 20 147
11 21 866
11 22 869
11 23 309
11 24 793
11 25 926
11 26 385
11 27 569
11 28 846
11 29 294
11 30 623
11 31 245
11 32 152
11 33 900
11 34 511
11 35 488
11 36 277
11 37 723
11 38 313
11 39 758
11 40 308
11 41 721
11 42 299
11 43 798
11 44 883
11 45 495
11 46 647
11 47 540
11 48 941
11 49 742
11 50 783
11 51 195
11 52 885
11 53 228
11 54 70
11 55 573
11 56 684
11 57 311
11 58 652
11 59 108
11 60 154
11 61 569
11 62 419
11 63 93
11 64 762
11 65 757
11 66 147
11 67 754
11 68 810
11 69 767
11 70 802
11 71 535
11 72 450
11 73 860
11 74 697
11 75 391
11 76 486
11 77 521
11 78 424
11 79 557
11 80 536
11 81 426
11 82 471
11 83 726
11 84 173
11 85 596
11 86 518
11 87 297
11 88 705
11 89 366
11 90 454
11 91 321
11 92 982
11 93 654
11 94 423
11 95 712
11 96 401
11 97 184
11 98 642
11 99 305
11 100 122
12 1 85
12 2 769
12 3 184
12 4 158
12 5 84
12 6 424
12 7 307
12 8 240
12 9 597
12 10 214
12 11 416
12 13 706
12 14 298
12 15 258
12 16 695
12 17 169
12 18 443
12 19 262
12 20 368
12 21 725
12 22 586
12 23 271
12 24 401
12 25 878
12 26 677
12 27 337
12 28 543
12 29 213
12 30 748
12 31 451
12 32 277
12 33 792
12 34 657
12 35 322
12 36 241
12 37 334
12 38 104
12 39 366
12 40 124
12 41 496
12 42 349
12 43 746
12 44 534
12 45 674
12 46 295
12 47 133
12 48 943
12 49 575
12 50 662
12 51 600
12 52 619
12 53 592
12 54 430
12 55 286
12 56 464
12 57 619
12 58 727
12 59 347
12 60 366
12 61 572
12 62 51
12 63 462
12 64 521
12 65 665
12 66 355
12 67 348
12 68 684
12 69 547
12 70 553
12 71 301
12 72 109
12 73 490
12 74 322
12 75 480
12 76 109
12 77 427
12 78 405
12 79 780
12 80 335
12 81 676
12 82 250
12 83 800
12 84 354
12 85 418
12 86 179
12 87 648
12 88 473
12 89 752
12 90 591
12 91 197
12 92 1012
12 93 717
12 94 626
12 95 564
12 96 220
12 97 490
12 98 227
12 99 709
12 100 433
13 1 713
13 2 538
13 3 818
13 4 592
13 5 659
13 6 287
13 7 980
13 8 923
13 9 672
13 10 593
13 11 519
13 12 706
13 14 883
13 15 789
13 16 435
13 17 653
13 18 271
13 19 492
13 20 658
13 21 584
13 22 771
13 23 777
13 24 903
13 25 522
13 26 195
13 27 559
13 28 786
13 29 495
13 30 130
13 31 292
13 32 512
13 33 568
13 34 72
13 35 480
13 36 469
13 37 846
13 38 650
13 39 876
13 40 594
13 41 606
13 42 358
13 43 435
13 44 884
13 45 33
13 46 734
13 47 761
13 48 488
13 49 544
13 50 509
13 51 453
13 52 761
13 53 355
13 54 586
13 55 972
13 56 584
13 57 246
13 58 201
13 59 608
13 60 665
13 61 273
13 62 671
13 63 431
13 64 649
13 65 459
13 66 654
13 67 912
13 68 530
13 69 624
13 70 683
13 71 556
13 72 800
13 73 906
13 74 801
13 75 231
13 76 693
13 77 398
13 78 334
13 79 87
13 80 979
13 81 120
13 82 538
13 83 250
13 84 679
13 85 503
13 86 878
13 87 313
13 88 609
13 89 406
13 90 122
13 91 510
13 92 503
13 93 217
13 94 97
13 95 506
13 96 831
13 97 337
13 98 880
13 99 461
13 100 399
14 1 374
14 2 1053
14 3 115
14 4 446
14 5 380
14 6 603
14 7 161
14 8 166
14 9 894
14 10 508
14 11 422
14 12 298
14 13 883
14 15 97
14 16 712
14 17 236
14 18 654
14 19 534
14 20 289
14 21 1015
14 22 881
14 23 114
14 24 650
14 25 1152
14 26 791
14 27 631
14 28 834
14 29 426
14 30 956
14 31 593
14 32 371
14 33 1077
14 34 851
14 35 601
14 36 442
14 37 593
14 38 269
14 39 619
14 40 333
14 41 793
14 42 547
14 43 1018
14 44 810
14 45 853
14 46 583
14 47 401
14 48 1204
14 49 867
14 50 947
14 51 610
14 52 914
14 53 649
14 54 388
14 55 190
14 56 759
14 57 719
14 58 956
14 59 315
14 60 282
14 61 819
14 62 346
14 63 509
14 64 818
14 65 944
14 66 283
14 67 578
14 68 971
14 69 844
14 70 850
14 71 593
14 72 213
14 73 755
14 74 595
14 75 684
14 76 403
14 77 695
14 78 644
14 79 940
14 80 117
14 81 816
14 82 536
14 83 1032
14 84 261
14 85 706
14 86 213
14 87 717
14 88 769
14 89 785
14 90 785
14 91 429
14 92 1265
14 93 950
14 94 789
14 95 852
14 96 78
14 97 581
14 98 426
14 99 716
14 100 511
15 1 342
15 2 984
15 3 114
15 4 389
15 5 334
15 6 511
15 7 239
15 8 219
15 9 844
15 10 455
15 11 329
15 12 258
15 13 789
15 14 97
15 16 621
15 17 152
15 18 567
15 19 465
15 20 202
15 21 952
15 22 842
15 23 24
15 24 643
15 25 1076
15 26 695
15 27 574
15 28 800
15 29 346
15 30 865
15 31 498
15 32 277
15 33 1009
15 34 759
15 35 534
15 36 358
15 37 581
15 38 200
15 39 611
15 40 260
15 41 740
15 42 459
15 43 942
15 44 789
15 45 759
15 46 553
15 47 380
15 48 1124
15 49 805
15 50 880
15 51 519
15 52 873
15 53 554
15 54 299
15 55 257
15 56 705
15 57 623
15 58 868
15 59 222
15 60 196
15 61 736
15 62 300
15 63 413
15 64 769
15 65 873
15 66 194
15 67 579
15 68 905
15 69 791
15 70 803
15 71 536
15 72 205
15 73 741
15 74 576
15 75 595
15 76 366
15 77 621
15 78 563
15 79 845
15 80 208
15 81 720
15 82 475
15 83 944
15 84 175
15 85 643
15 86 239
15 87 622
15 88 717
15 89 693
15 90 693
15 91 352
15 92 1182
15 93 863
15 94 694
15 95 788
15 96 86
15 97 485
15 98 432
15 99 626
15 100 414
16 1 749
16 2 930
16 3 705
16 4 671
16 5 698
16 6 399
16 7 857
16 8 824
16 9 973
16 10 715
16 11 297
16 12 695
16 13 435
16 14 712
16 15 621
16 17 553
16 18 473
16 19 628
16 20 424
16 21 953
16 22 1043
16 23 600
16 24 1040
16 25 943
16 26 242
16 27 757
16 28 1034
16 29 525
16 30 564
16 31 325
16 32 419
16 33 961
16 34 470
16 35 665
16 36 499
16 37 971
16 38 597
16 39 1007
16 40 576
16 41 879
16 42 452
16 43 837
16 44 1097
16 45 429
16 46 879
16 47 808
16 48 921
16 49 863
16 50 869
16 51 103
16 52 1049
16 53 124
16 54 325
16 55 869
16 56 845
16 57 200
16 58 627
16 59 400
16 60 431
16 61 620
16 62 687
16 63 233
16 64 924
16 65 829
16 66 430
16 67 1014
16 68 895
16 69 916
16 70 963
16 71 732
16 72 742
16 73 1089
16 74 938
16 75 455
16 76 747
16 77 651
16 78 545
16 79 424
16 80 828
16 81 316
16 82 678
16 83 684
16 84 452
16 85 751
16 86 812
16 87 126
16 88 870
16 89 77
16 90 445
16 91 553
16 92 937
16 93 638
16 94 365
16 95 827
16 96 696
16 97 233
16 98 919
16 99 27
16 100 268
17 1 248
17 2 834
17 3 169
17 4 256
17 5 220
17 6 369
17 7 332
17 8 284
17 9 709
17 10 324
17 11 261
17 12 169
17 13 653
17 14 236
17 15 152
17 16 553
17 18 419
17 19 318
17 20 200
17 21 805
17 22 719
17 23 151
17 24 567
17 25 925
17 26 580
17 27 437
17 28 682
17 29 194
17 30 721
17 31 367
17 32 151
17 33 861
17 34 617
17 35 388
17 36 207
17 37 499
17 38 70
17 39 533
17 40 115
17 41 603
17 42 311
17 43 791
17 44 689
17 45 622
17 46 447
17 47 301
17 48 972
17 49 661
17 50 732
17 51 453
17 52 746
17 53 463
17 54 265
17 55 332
17 56 567
17 57 514
17 58 720
17 59 180
17 60 199
17 61 585
17 62 190
17 63 324
17 64 635
17 65 723
17 66 187
17 67 516
17 68 757
17 69 654
17 70 672
17 71 398
17 72 190
17 73 652
17 74 483
17 75 449
17 76 263
17 77 471
17 78 411
17 79 715
17 80 327
17 81 596
17 82 334
17 83 796
17 84 188
17 85 499
17 86 261
17 87 527
17 88 581
17 89 617
17 90 551
17 91 202
17 92 1031
17 93 714
17 94 561
17 95 641
17 96 179
17 97 375
17 98 389
17 99 564
17 100 309
18 1 443
18 2 490
18 3 574
18 4 321
18 5 389
18 6 86
18 7 730
18 8 670
18 9 501
18 10 326
18 11 383
18 12 443
18 13 271
18 14 654
18 15 567
18 16 473
18 17 419
18 19 223
18 20 487
18 21 495
18 22 577
18 23 560
18 24 646
18 25 544
18 26 315
18 27 313
18 28 576
18 29 238
18 30 308
18 31 158
18 32 304
18 33 521
18 34 216
18 35 225
18 36 216
18 37 585
18 38 400
18 39 617
18 40 338
18 41 410
18 42 109
18 43 416
18 44 655
18 45 239
18 46 475
18 47 491
18 48 569
18 49 392
18 50 411
18 51 429
18 52 579
18 53 351
18 54 450
18 55 718
18 56 378
18 57 295
18 58 302
18 59 434
18 60 493
18 61 187
18 62 404
18 63 327
18 64 455
18 65 380
18 66 479
18 67 647
18 68 438
18 69 444
18 70 494
18 71 301
18 72 542
18 73 664
18 74 542
18 75 41
18 76 423
18 77 180
18 78 79
18 79 352
18 80 739
18 81 277
18 82 272
18 83 378
18 84 501
18 85 285
18 86 618
18 87 362
18 88 404
18 89 489
18 90 151
18 91 247
18 92 620
18 93 297
18 94 209
18 95 357
18 96 593
18 97 257
18 98 610
18 99 498
18 100 275
19 1 235
19 2 520
19 3 431
19 4 111
19 5 189
19 6 250
19 7 568
19 8 501
19 9 404
19 10 103
19 11 430
19 12 262
19 13 492
19 14 534
19 15 465
19 16 628
19 17 318
19 18 223
19 20 471
19 21 487
19 22 439
19 23 468
19 24 430
19 25 620
19 26 523
19 27 139
19 28 418
19 29 143
19 30 507
19 31 312
19 32 289
19 33 545
19 34 431
19 35 70
19 36 154
19 37 366
19 38 267
19 39 399
19 40 206
19 41 297
19 42 180
19 43 487
19 44 470
19 45 460
19 46 260
19 47 275
19 48 682
19 49 344
19 50 415
19 51 556
19 52 457
19 53 506
19 54 480
19 55 547
19 56 260
19 57 486
19 58 475
19 59 426
19 60 474
19 61 313
19 62 214
19 63 421
19 64 336
19 65 411
19 66 459
19 67 425
19 68 440
19 69 346
19 70 375
19 71 107
19 72 370
19 73 464
19 74 325
19 75 263
19 76 210
19 77 165
19 78 161
19 79 574
19 80 592
19 81 496
19 82 52
19 83 545
19 84 473
19 85 183
19 86 438
19 87 540
19 88 279
19 89 663
19 90 371
19 91 123
19 92 750
19 93 463
19 94 430
19 95 323
19 96 461
19 97 395
19 98 392
19 99 649
19 100 371
20 1 447
20 2 957
20 3 301
20 4 437
20 5 416
20 6 412
20 7 440
20 8 417
20 9 874
20 10 504
20 11 147
20 12 368
20 13 658
20 14 289
20 15 202
20 16 424
20 17 200
20 18 487
20 19 471
20 21 942
20 22 899
20 23 179
20 24 767
20 25 1028
20 26 531
20 27 604
20 28 867
20 29 329
20 30 754
20 31 372
20 32 191
20 33 986
20 34 643
20 35 537
20 36 323
20 37 698
20 38 269
20 39 732
20 40 295
20 41 767
20 42 387
20 43 897
20 44 884
20 45 632
20 46 641
20 47 500
20 48 1055
20 49 807
20 50 863
20 51 323
20 52 922
20 53 372
20 54 100
20 55 457
20 56 730
20 57 457
20 58 775
20 59 53
20 60 8
20 61 672
20 62 389
20 63 240
20 64 804
20 65 844
20 66 14
20 67 715
20 68 889
20 69 816
20 70 843
20 71 567
20 72 367
20 73 849
20 74 681
20 75 504
20 76 461
20 77 596
20 78 510
20 79 700
20 80 405
20 81 570
20 82 500
20 83 850
20 84 29
20 85 651
20 86 423
20 87 441
20 88 748
20 89 498
20 90 582
20 91 349
20 92 1103
20 93 775
20 94 561
20 95 782
20 96 284
20 97 327
20 98 584
20 99 428
20 100 259
21 1 666
21 2 86
21 3 907
21 4 571
21 5 642
21 6 580
21 7 1023
21 8 955
21 9 200
21 10 512
21 11 866
21 12 725
21 13 584
21 14 1015
21 15 952
21 16 953
21 17 805
21 18 495
21 19 487
21 20 942
21 22 310
21 23 955
21 24 615
21 25 223
21 26 745
21 27 390
21 28 360
21 29 621
21 30 486
21 31 652
21 32 752
21 33 85
21 34 519
21 35 418
21 36 621
21 37 598
21 38 752
21 39 609
21 40 692
21 41 249
21 42 568
21 43 173
21 44 483
21 45 569
21 46 514
21 47 672
21 48 337
21 49 151
21 50 85
21 51 921
21 52 273
21 53 836
21 54 928
21 55 994
21 56 272
21 57 758
21 58 401
21 59 893
21 60 946
21 61 334
21 62 675
21 63 820
21 64 251
21 65 126
21 66 931
21 67 673
21 68 58
21 69 209
21 70 248
21 71 425
21 72 830
21 73 545
21 74 557
21 75 503
21 76 635
21 77 348
21 78 443
21 79 656
21 80 1059
21 81 678
21 82 480
21 83 406
21 84 949
21 85 310
21 86 883
21 87 832
21 88 274
21 89 952
21 90 517
21 91 606
21 92 422
21 93 381
21 94 607
21 95 165
21 96 940
21 97 750
21 98 747
21 99 979
21 100 767
22 1 507
22 2 394
22 3 766
22 4 464
22 5 509
22 6 645
22 7 843
22 8 777
22 9 116
22 10 397
22 11 869
22 12 586
22 13 771
22 14 881
22 15 842
22 16 1043
22 17 719
22 18 577
22 19 439
22 20 899
22 21 310
22 23 853
22 24 336
22 25 532
22 26 884
22 27 300
22 28 61
22 29 578
22 30 710
22 31 719
22 32 726
22 33 393
22 34 700
22 35 385
22 36 593
22 37 343
22 38 652
22 39 341
22 40 608
22 41 169
22 42 596
22 43 458
22 44 177
22 45 747
22 46 302
22 47 487
22 48 644
22 49 238
22 50 322
22 51 983
22 52 44
22 53 919
22 54 918
22 55 806
22 56 199
22 57 871
22 58 634
22 59 858
22 60 900
22 61 499
22 62 543
22 63 855
22 64 124
22 65 370
22 66 886
22 67 408
22 68 320
22 69 149
22 70 89
22 71 335
22 72 672
22 73 245
22 74 314
22 75 604
22 76 479
22 77 398
22 78 500
22 79 855
22 80 892
22 81 832
22 82 401
22 83 666
22 84 896
22 85 293
22 86 704
22 87 938
22 88 174
22 89 1064
22 90 669
22 91 554
22 92 730
22 93 614
22 94 757
22 95 273
22 96 804
22 97 814
22 98 521
22 99 1067
22 100 803
23 1 355
23 2 985
23 3 136
23 4 396
23 5 345
23 6 502
23 7 262
23 8 243
23 9 851
23 10 463
23 11 309
23 12 271
23 13 777
23 14 114
23 15 24
23 16 600
23 17 151
23 18 560
23 19 468
23 20 179
23 21 955
23 22 853
23 24 661
23 25 1075
23 26 678
23 27 581
23 28 811
23 29 344
23 30 856
23 31 486
23 32 266
23 33 1011
23 34 749
23 35 537
23 36 354
23 37 598
23 38 205
23 39 628
23 40 263
23 41 747
23 42 452
23 43 941
23 44 804
23 45 748
23 46 566
23 47 396
23 48 1120
23 49 809
23 50 882
23 51 497
23 52 882
23 53 535
23 54 277
23 55 280
23 56 711
23 57 607
23 58 861
23 59 201
23 60 173
23 61 733
23 62 311
23 63 395
23 64 777
23 65 874
23 66 171
23 67 598
23 68 907
23 69 798
23 70 812
23 71 543
23 72 225
23 73 758
23 74 591
23 75 587
23 76 379
23 77 621
23 78 559
23 79 831
23 80 229
23 81 706
23 82 480
23 83 938
23 84 152
23 85 648
23 86 262
23 87 603
23 88 724
23 89 672
23 90 683
23 91 353
23 92 1178
23 93 857
23 94 682
23 95 791
23 96 109
23 97 469
23 98 452
23 99 604
23 100 398
24 1 320
24 2 691
24 3 542
24 4 370
24 5 358
24 6 679
24 7 567
24 8 511
24 9 420
24 10 331
24 11 793
24 12 401
24 13 903
24 14 650
24 15 643
24 16 1040
24 17 567
24 18 646
24 19 430
24 20 767
24 21 615
24 22 336
24 23 661
24 25 828
24 26 952
24 27 346
24 28 276
24 29 516
24 30 887
24 31 738
24 32 643
24 33 699
24 34 836
24 35 424
24 36 543
24 37 71
24 38 499
24 39 35
24 40 486
24 41 380
24 42 607
24 43 725
24 44 187
24 45 873
24 46 171
24 47 268
24 48 930
24 49 491
24 50 595
24 51 957
24 52 380
24 53 923
24 54 820
24 55 526
24 56 375
24 57 914
24 58 831
24 59 741
24 60 766
24 61 666
24 62 380
24 63 816
24 64 366
24 65 629
24 66 753
24 67 82
24 68 604
24 69 408
24 70 369
24 71 348
24 72 442
24 73 115
24 74 105
24 75 685
24 76 309
24 77 511
24 78 573
24 79 989
24 80 627
24 81 923
24 82 378
24 83 884
24 84 754
24 85 419
24 86 443
24 87 964
24 88 360
24 89 1084
24 90 784
24 91 488
24 92 1013
24 93 813
24 94 854
24 95 508
24 96 580
24 97 812
24 98 230
24 99 1059
24 100 774
25 1 831
25 2 139
25 3 1050
25 4 721
25 5 798
25 6 626
25 7 1183
25 8 1116
25 9 421
25 10 672
25 11 926
25 12 878
25 13 522
25 14 1152
25 15 1076
25 16 943
25 17 925
25 18 544
25 19 620
25 20 1028
25 21 223
25 22 532
25 23 1075
25 24 828
25 26 710
25 27 559
25 28 582
25 29 732
25 30 398
25 31 687
25 32 840
25 33 142
25 34 475
25 35 556
25 36 723
25 37 805
25 38 883
25 39 819
25 40 820
25 41 451
25 42 642
25 43 135
25 44 705
25 45 520
25 46 710
25 47 848
25 48 118
25 49 340
25 50 236
25 51 935
25 52 495
25 53 841
25 54 993
25 55 1158
25 56 464
25 57 744
25 58 321
25 59 976
25 60 1033
25 61 358
25 62 828
25 63 861
25 64 464
25 65 216
25 66 1019
25 67 881
25 68 225
25 69 421
25 70 467
25 71 588
25 72 986
25 73 765
25 74 761
25 75 536
25 76 801
25 77 457
25 78 521
25 79 573
25 80 1211
25 81 636
25 82 629
25 83 284
25 84 1040
25 85 468
25 86 1048
25 87 818
25 88 473
25 89 924
25 90 502
25 91 725
25 92 202
25 93 307
25 94 578
25 95 332
25 96 1080
25 97 777
25 98 937
25 99 969
25 100 812
26 1 706
26 2 711
26 3 748
26 4 600
26 5 651
26 6 274
26 7 911
26 8 863
26 9 799
26 10 623
26 11 385
26 12 677
26 13 195
26 14 791
26 15 695
26 16 242
26 17 580
26 18 315
26 19 523
26 20 531
26 21 745
26 22 884
26 23 678
26 24 952
26 25 710
26 27 627
26 28 888
26 29 471
26 30 324
26 31 228
26 32 430
26 33 742
26 34 237
26 35 537
26 36 442
26 37 888
26 38 598
26 39 921
26 40 555
26 41 716
26 42 350
26 43 613
26 44 970
26 45 192
26 46 782
26 47 762
26 48 682
26 49 678
26 50 664
26 51 271
26 52 882
26 53 178
26 54 444
26 55 912
26 56 687
26 57 74
26 58 391
26 59 488
26 60 538
26 61 414
26 62 653
26 63 292
26 64 761
26 65 620
26 66 530
26 67 944
26 68 689
26 69 745
26 70 799
26 71 612
26 72 755
26 73 977
26 74 848
26 75 283
26 76 695
26 77 488
26 78 393
26 79 190
26 80 898
26 81 76
26 82 574
26 83 445
26 84 556
26 85 596
26 86 831
26 87 123
26 88 713
26 89 214
26 90 229
26 91 494
26 92 696
26 93 404
26 94 139
26 95 640
26 96 753
26 97 210
26 98 882
26 99 267
26 100 281
27 1 277
27 2 439
27 3 520
27 4 186
27 5 253
27 6 364
27 7 634
27 8 566
27 9 273
27 10 123
27 11 569
27 12 337
27 13 559
27 14 631
27 15 574
27 16 757
27 17 437
27 18 313
27 19 139
27 20 604
27 21 390
27 22 300
27 23 581
27 24 346
27 25 559
27 26 627
27 28 281
27 29 279
27 30 543
27 31 435
27 32 427
27 33 459
27 34 491
27 35 92
27 36 293
27 37 294
27 38 376
27 39 321
27 40 323
27 41 167
27 42 305
27 43 433
27 44 344
27 45 530
27 46 182
27 47 290
27 48 639
27 49 240
27 50 331
27 51 690
27 52 319
27 53 633
27 54 618
27 55 606
27 56 131
27 57 601
27 58 491
27 59 561
27 60 606
27 61 324
27 62 287
27 63 558
27 64 201
27 65 343
27 66 592
27 67 366
27 68 352
27 69 218
27 70 239
27 71 39
27 72 440
27 73 352
27 74 248
27 75 349
27 76 246
27 77 166
27 78 236
27 79 645
27 80 670
27 81 589
27 82 105
27 83 551
27 84 604
27 85 91
27 86 496
27 87 661
27 88 146
27 89 786
27 90 441
27 91 256
27 92 716
27 93 474
27 94 517
27 95 232
27 96 554
27 97 524
27 98 385
27 99 779
27 100 507
28 1 461
28 2 443
28 3 719
28 4 430
28 5 468
28 6 638
28 7 790
28 8 725
28 9 162
28 10 364
28 11 846
28 12 543
28 13 786
28 14 834
28 15 800
28 16 1034
28 17 682
28 18 576
28 19 418
28 20 867
28 21 360
28 22 61
28 23 811
28 24 276
28 25 582
28 26 888
28 27 281
28 29 553
28 30 733
28 31 711
28 32 700
28 33 445
28 34 714
28 35 370
28 36 570
28 37 284
28 38 614
28 39 281
28 40 574
28 41 181
28 42 584
28 43 500
28 44 123
28 45 760
28 46 252
28 47 437
28 48 692
28 49 271
28 50 364
28 51 970
28 52 105
28 53 911
28 54 892
28 55 753
28 56 203
28 57 870
28 58 661
28 59 828
28 60 868
28 61 517
28 62 501
28 63 838
28 64 141
28 65 408
28 66 854
28 67 348
28 68 364
28 69 177
28 70 120
28 71 312
28 72 624
28 73 187
28 74 258
28 75 606
28 76 435
28 77 401
28 78 498
28 79 871
28 80 841
28 81 839
28 82 375
28 83 698
28 84 862
28 85 292
28 86 652
28 87 934
28 88 177
28 89 1060
28 90 679
28 91 527
28 92 777
28 93 641
28 94 765
28 95 301
28 96 758
28 97 803
28 98 464
28 99 1058
28 100 787
29 1 236
29 2 644
29 3 338
29 4 146
29 5 181
29 6 212
29 7 493
29 8 433
29 9 547
29 10 198
29 11 294
29 12 213
29 13 495
29 14 426
29 15 346
29 16 525
29 17 194
29 18 238
29 19 143
29 20 329
29 21 621
29 22 578
29 23 344
29 24 516
29 25 732
29 26 471
29 27 279
29 28 553
29 30 545
29 31 244
29 32 148
29 33 672
29 34 449
29 35 210
29 36 30
29 37 447
29 38 164
29 39 482
29 40 101
29 41 440
29 42 138
29 43 598
29 44 590
29 45 463
29 46 359
29 47 293
29 48 779
29 49 481
29 50 544
29 51 442
29 52 598
29 53 410
29 54 340
29 55 481
29 56 402
29 57 418
29 58 535
29 59 283
29 60 332
29 61 393
29 62 183
29 63 302
29 64 478
29 65 533
29 66 317
29 67 490
29 68 570
29 69 489
29 70 517
29 71 244
29 72 306
29 73 572
29 74 415
29 75 273
29 76 227
29 77 279
29 78 219
29 79 568
29 80 503
29 81 465
29 82 178
29 83 610
29 84 331
29 85 323
29 86 383
29 87 457
29 88 422
29 89 572
29 90 382
29 91 29
29 92 840
29 93 527
29 94 414
29 95 458
29 96 360
29 97 301
29 98 412
29 99 544
29 100 258
30 1 740
30 2 430
30 3 880
30 4 615
30 5 689
30 6 355
30 7 1038
30 8 977
30 9 602
30 10 602
30 11 623
30 12 748
30 13 130
30 14 956
30 15 865
30 16 564
30 17 721
30 18 308
30 19 507
30 20 754
30 21 486
30 22 710
30 23 856
30 24 887
30 25 398
30 26 324
30 27 543
30 28 733
30 29 545
30 31 382
30 32 592
30 33 458
30 34 112
30 35 478
30 36 523
30 37 836
30 38 707
30 39 863
30 40 646
30 41 554
30 42 412
30 43 325
30 44 841
30 45 138
30 46 724
30 47 781
30 48 359
30 49 474
30 50 418
30 51 576
30 52 693
30 53 478
30 54 692
30 55 1026
30 56 538
30 57 371
30 58 85
30 59 703
30 60 761
30 61 222
30 62 706
30 63 540
30 64 593
30 65 367
30 66 749
30 67 907
30 68 437
30 69 562
30 70 622
30 71 548
30 72 849
30 73 873
30 74 790
30 75 274
30 76 716
30 77 378
30 78 348
30 79 177
30 80 1044
30 81 249
30 82 546
30 83 122
30 84 774
30 85 471
30 86 924
30 87 441
30 88 562
30 89 535
30 90 174
30 91 554
30 92 376
30 93 105
30 94 210
30 95 438
30 96 898
30 97 446
30 98 897
30 99 589
30 100 502
31 1 479
31 2 644
31 3 535
31 4 377
31 5 424
31 6 76
31 7 699
31 8 646
31 9 652
31 10 408
31 11 245
31 12 451
31 13 292
31 14 593
31 15 498
31 16 325
31 17 367
31 18 158
31 19 312
31 20 372
31 21 652
31 22 719
31 23 486
31 24 738
31 25 687
31 26 228
31 27 435
31 28 711
31 29 244
31 30 382
31 32 222
31 33 675
31 34 271
31 35 343
31 36 214
31 37 671
31 38 376
31 39 706
31 40 329
31 41 555
31 42 133
31 43 564
31 44 777
31 45 264
31 46 571
31 47 536
31 48 697
31 49 548
31 50 568
31 51 272
31 52 726
31 53 201
31 54 314
31 55 695
31 56 521
31 57 177
31 58 407
31 59 321
31 60 379
31 61 334
31 62 426
31 63 174
31 64 600
31 65 535
31 66 367
31 67 724
31 68 595
31 69 594
31 70 640
31 71 412
31 72 532
31 73 775
31 74 634
31 75 154
31 76 469
31 77 329
31 78 223
31 79 348
31 80 693
31 81 230
31 82 364
31 83 482
31 84 392
31 85 427
31 86 609
31 87 228
31 88 546
31 89 352
31 90 211
31 91 267
31 92 738
31 93 410
31 94 197
31 95 513
31 96 545
31 97 100
31 98 655
31 99 348
31 100 126
32 1 335
32 2 767
32 3 319
32 4 281
32 5 288
32 6 238
32 7 482
32 8 434
32 9 692
32 10 341
32 11 152
32 12 277
32 13 512
32 14 371
32 15 277
32 16 419
32 17 151
32 18 304
32 19 289
32 20 191
32 21 752
32 22 726
32 23 266
32 24 643
32 25 840
32 26 430
32 27 427
32 28 700
32 29 148
32 30 592
32 31 222
32 33 795
32 34 484
32 35 353
32 36 136
32 37 573
32 38 180
32 39 608
32 40 161
32 41 585
32 42 200
32 43 708
32 44 732
32 45 483
32 46 495
32 47 394
32 48 872
32 49 619
32 50 672
32 51 324
32 52 745
32 53 319
32 54 192
32 55 483
32 56 548
32 57 363
32 58 601
32 59 141
32 60 196
32 61 486
32 62 273
32 63 186
32 64 624
32 65 654
32 66 181
32 67 606
32 68 699
32 69 633
32 70 664
32 71 391
32 72 332
32 73 709
32 74 546
32 75 327
32 76 337
32 77 405
32 78 321
32 79 570
32 80 472
32 81 447
32 82 326
32 83 678
32 84 201
32 85 464
32 86 407
32 87 379
32 88 568
32 89 477
32 90 419
32 91 173
32 92 924
32 93 599
32 94 418
32 95 592
32 96 325
32 97 226
32 98 501
32 99 433
32 100 161
33 1 736
33 2 32
33 3 971
33 4 635
33 5 709
33 6 606
33 7 1093
33 8 1025
33 9 284
33 10 580
33 11 900
33 12 792
33 13 568
33 14 1077
33 15 1009
33 16 961
33 17 861
33 18 521
33 19 545
33 20 986
33 21 85
33 22 393
33 23 1011
33 24 699
33 25 142
33 26 742
33 27 459
33 28 445
33 29 672
33 30 458
33 31 675
33 32 795
33 34 509
33 35 477
33 36 668
33 37 681
33 38 811
33 39 692
33 40 750
33 41 329
33 42 604
33 43 134
33 44 567
33 45 558
33 46 594
33 47 746
33 48 258
33 49 224
33 50 130
33 51 939
33 52 355
33 53 849
33 54 965
33 55 1065
33 56 349
33 57 763
33 58 374
33 59 935
33 60 991
33 61 344
33 62 741
33 63 847
33 64 334
33 65 143
33 66 976
33 67 756
33 68 108
33 69 292
33 70 333
33 71 493
33 72 898
33 73 629
33 74 639
33 75 522
33 76 705
33 77 393
33 78 478
33 79 634
33 80 1126
33 81 671
33 82 543
33 83 364
33 84 995
33 85 374
33 86 954
33 87 838
33 88 353
33 89 954
33 90 518
33 91 660
33 92 343
33 93 355
33 94 605
33 95 228
33 96 1003
33 97 771
33 98 825
33 99 988
33 100 795
34 1 657
34 2 478
34 3 779
34 4 534
34 5 604
34 6 249
34 7 939
34 8 880
34 9 601
34 10 532
34 11 511
34 12 657
34 13 72
34 14 851
34 15 759
34 16 470
34 17 617
34 18 216
34 19 431
34 20 643
34 21 519
34 22 700
34 23 749
34 24 836
34 25 475
34 26 237
34 27 491
34 28 714
34 29 449
34 30 112
34 31 271
34 32 484
34 33 509
34 35 415
34 36 425
34 37 780
34 38 608
34 39 810
34 40 549
34 41 535
34 42 313
34 43 378
34 44 813
34 45 51
34 46 668
34 47 703
34 48 454
34 49 474
34 50 442
34 51 472
34 52 690
34 53 375
34 54 580
34 55 929
34 56 513
34 57 272
34 58 158
34 59 592
34 60 650
34 61 202
34 62 619
34 63 429
34 64 578
34 65 394
34 66 638
34 67 847
34 68 465
34 69 553
34 70 612
34 71 489
34 72 755
34 73 836
34 74 735
34 75 177
34 76 636
34 77 328
34 78 272
34 79 157
34 80 943
34 81 163
34 82 476
34 83 222
34 84 663
34 85 433
34 86 831
34 87 345
34 88 538
34 89 450
34 90 68
34 91 461
34 92 481
34 93 169
34 94 106
34 95 436
34 96 795
34 97 335
34 98 822
34 99 496
34 100 390
35 1 283
35 2 452
35 3 496
35 4 165
35 5 243
35 6 273
35 7 628
35 8 561
35 9 340
35 10 129
35 11 488
35 12 322
35 13 480
35 14 601
35 15 534
35 16 665
35 17 388
35 18 225
35 19 70
35 20 537
35 21 418
35 22 385
35 23 537
35 24 424
35 25 556
35 26 537
35 27 92
35 28 370
35 29 210
35 30 478
35 31 343
35 32 353
35 33 477
35 34 415
35 36 217
35 37 366
35 38 335
35 39 397
35 40 275
35 41 233
35 42 214
35 43 424
35 44 436
35 45 450
35 46 254
35 47 313
35 48 623
35 49 274
35 50 347
35 51 601
35 52 398
35 53 542
35 54 542
35 55 605
35 56 196
35 57 509
35 58 436
35 59 491
35 60 541
35 61 270
35 62 272
35 63 471
35 64 275
35 65 345
35 66 526
35 67 433
35 68 371
35 69 281
35 70 315
35 71 77
35 72 430
35 73 441
35 74 322
35 75 262
35 76 255
35 77 111
35 78 149
35 79 565
35 80 655
35 81 501
35 82 76
35 83 503
35 84 540
35 85 114
35 86 495
35 87 569
35 88 218
35 89 694
35 90 360
35 91 191
35 92 695
35 93 422
35 94 431
35 95 254
35 96 527
35 97 434
35 98 423
35 99 688
35 100 419
36 1 266
36 2 641
36 3 358
36 4 173
36 5 211
36 6 184
36 7 516
36 8 456
36 9 556
36 10 220
36 11 277
36 12 241
36 13 469
36 14 442
36 15 358
36 16 499
36 17 207
36 18 216
36 19 154
36 20 323
36 21 621
36 22 593
36 23 354
36 24 543
36 25 723
36 26 442
36 27 293
36 28 570
36 29 30
36 30 523
36 31 214
36 32 136
36 33 668
36 34 425
36 35 217
36 37 473
36 38 185
36 39 509
36 40 125
36 41 449
36 42 112
36 43 589
36 44 612
36 45 437
36 46 383
36 47 323
36 48 766
36 49 485
36 50 543
36 51 417
36 52 611
36 53 382
36 54 326
36 55 505
36 56 412
36 57 389
36 58 515
36 59 275
36 60 327
36 61 379
36 62 212
36 63 277
36 64 489
36 65 528
36 66 312
36 67 519
36 68 569
36 69 497
36 70 529
36 71 259
36 72 332
36 73 596
36 74 441
36 75 250
36 76 257
36 77 276
36 78 205
36 79 541
36 80 523
36 81 436
36 82 195
36 83 591
36 84 329
36 85 329
36 86 409
36 87 428
36 88 432
36 89 544
36 90 358
36 91 56
36 92 825
36 93 509
36 94 386
36 95 459
36 96 378
36 97 272
36 98 441
36 99 518
36 100 232
37 1 252
37 2 670
37 3 482
37 4 301
37 5 288
37 6 614
37 7 521
37 8 462
37 9 411
37 10 265
37 11 723
37 12 334
37 13 846
37 14 593
37 15 581
37 16 971
37 17 499
37 18 585
37 19 366
37 20 698
37 21 598
37 22 343
37 23 598
37 24 71
37 25 805
37 26 888
37 27 294
37 28 284
37 29 447
37 30 836
37 31 671
37 32 573
37 33 681
37 34 780
37 35 366
37 36 473
37 38 430
37 39 36
37 40 416
37 41 354
37 42 540
37 43 694
37 44 222
37 45 815
37 46 113
37 47 203
37 48 901
37 49 465
37 50 570
37 51 887
37 52 385
37 53 854
37 54 750
37 55 482
37 56 343
37 57 848
37 58 783
37 59 672
37 60 698
37 61 617
37 62 311
37 63 746
37 64 348
37 65 599
37 66 685
37 67 77
37 68 581
37 69 390
37 70 359
37 71 291
37 72 383
37 73 163
37 74 47
37 75 624
37 76 239
37 77 459
37 78 513
37 79 930
37 80 578
37 81 860
37 82 315
37 83 840
37 84 686
37 85 373
37 86 392
37 87 896
37 88 332
37 89 1016
37 90 725
37 91 419
37 92 983
37 93 766
37 94 793
37 95 477
37 96 521
37 97 744
37 98 185
37 99 990
37 100 704
38 1 179
38 2 786
38 3 175
38 4 191
38 5 150
38 6 363
38 7 332
38 8 274
38 9 647
38 10 259
38 11 313
38 12 104
38 13 650
38 14 269
38 15 200
38 16 597
38 17 70
38 18 400
38 19 267
38 20 269
38 21 752
38 22 652
38 23 205
38 24 499
38 25 883
38 26 598
38 27 376
38 28 614
38 29 164
38 30 707
38 31 376
38 32 180
38 33 811
38 34 608
38 35 335
38 36 185
38 37 430
38 39 464
38 40 65
38 41 542
38 42 296
38 43 749
38 44 620
38 45 618
38 46 378
38 47 234
38 48 937
38 49 606
38 50 682
38 51 500
38 52 680
38 53 498
38 54 327
38 55 323
38 56 506
38 57 536
38 58 698
38 59 244
38 60 268
38 61 553
38 62 121
38 63 364
38 64 573
38 65 677
38 66 255
38 67 450
38 68 706
38 69 593
38 70 608
38 71 338
38 72 157
38 73 582
38 74 414
38 75 434
38 76 194
38 77 427
38 78 380
38 79 718
38 80 340
38 81 605
38 82 275
38 83 773
38 84 257
38 85 444
38 86 234
38 87 558
38 88 520
38 89 657
38 90 541
38 91 162
38 92 1000
38 93 690
38 94 563
38 95 588
38 96 199
38 97 401
38 98 330
38 99 610
38 100 339
39 1 285
39 2 683
39 3 510
39 4 337
39 5 323
39 6 648
39 7 541
39 8 484
39 9 418
39 10 299
39 11 758
39 12 366
39 13 876
39 14 619
39 15 611
39 16 1007
39 17 533
39 18 617
39 19 399
39 20 732
39 21 609
39 22 341
39 23 628
39 24 35
39 25 819
39 26 921
39 27 321
39 28 281
39 29 482
39 30 863
39 31 706
39 32 608
39 33 692
39 34 810
39 35 397
39 36 509
39 37 36
39 38 464
39 40 451
39 41 369
39 42 575
39 43 712
39 44 205
39 45 846
39 46 143
39 47 234
39 48 918
39 49 480
39 50 585
39 51 923
39 52 384
39 53 889
39 54 785
39 55 501
39 56 361
39 57 882
39 58 809
39 59 706
39 60 731
39 61 643
39 62 345
39 63 782
39 64 358
39 65 616
39 66 719
39 67 68
39 68 595
39 69 401
39 70 365
39 71 321
39 72 411
39 73 139
39 74 75
39 75 656
39 76 274
39 77 487
39 78 545
39 79 961
39 80 600
39 81 893
39 82 348
39 83 865
39 84 720
39 85 398
39 86 415
39 87 931
39 88 347
39 89 1051
39 90 756
39 91 454
39 92 1001
39 93 792
39 94 825
39 95 495
39 96 549
39 97 779
39 98 203
39 99 1026
39 100 740
40 1 175
40 2 724
40 3 239
40 4 145
40 5 129
40 6 308
40 7 393
40 8 332
40 9 595
40 10 212
40 11 308
40 12 124
40 13 594
40 14 333
40 15 260
40 16 576
40 17 115
40 18 338
40 19 206
40 20 295
40 21 692
40 22 608
40 23 263
40 24 486
40 25 820
40 26 555
40 27 323
40 28 574
40 29 101
40 30 646
40 31 329
40 32 161
40 33 750
40 34 549
40 35 275
40 36 125
40 37 416
40 38 65
40 39 451
40 41 489
40 42 237
40 43 686
40 44 591
40 45 562
40 46 349
40 47 234
40 48 872
40 49 547
40 50 621
40 51 484
40 52 634
40 53 470
40 54 335
40 55 381
40 56 452
40 57 496
40 58 634
40 59 260
40 60 295
40 61 489
40 62 113
40 63 344
40 64 522
40 65 614
40 66 281
40 67 447
40 68 645
40 69 539
40 70 558
40 71 284
40 72 208
40 73 560
40 74 394
40 75 374
40 76 179
40 77 363
40 78 316
40 79 664
40 80 404
40 81 556
40 82 220
40 83 710
40 84 289
40 85 385
40 86 285
40 87 525
40 88 467
40 89 631
40 90 482
40 91 97
40 92 935
40 93 627
40 94 509
40 95 528
40 96 263
40 97 367
40 98 343
40 99 592
40 100 311
41 1 429
41 2 317
41 3 680
41 4 351
41 5 413
41 6 480
41 7 784
41 8 716
41 9 108
41 10 285
41 11 721
41 12 496
41 13 606
41 14 793
41 15 740
41 16 879
41 17 603
41 18 410
41 19 297
41 20 767
41 21 249
41 22 169
41 23 747
41 24 380
41 25 451
41 26 716
41 27 167
41 28 181
41 29 440
41 30 554
41 31 555
41 32 585
41 33 329
41 34 535
41 35 233
41 36 449
41 37 354
41 38 542
41 39 369
41 40 489
41 42 437
41 43 346
41 44 290
41 45 581
41 46 266
41 47 428
41 48 550
41 49 112
41 50 217
41 51 823
41 52 171
41 53 755
41 54 775
41 55 753
41 56 38
41 57 704
41 58 483
41 59 722
41 60 770
41 61 337
41 62 448
41 63 699
41 64 46
41 65 250
41 66 755
41 67 430
41 68 227
41 69 52
41 70 85
41 71 205
41 72 596
41 73 333
41 74 311
41 75 436
41 76 398
41 77 231
41 78 334
41 79 691
41 80 824
41 81 664
41 82 270
41 83 525
41 84 768
41 85 129
41 86 644
41 87 771
41 88 25
41 89 898
41 90 502
41 91 418
41 92 633
41 93 463
41 94 589
41 95 131
41 96 716
41 97 652
41 98 498
41 99 903
41 100 646
42 1 363
42 2 574
42 3 468
42 4 251
42 5 308
42 6 78
42 7 627
42 8 568
42 9 539
42 10 276
42 11 299
42 12 349
42 13 358
42 14 547
42 15 459
42 16 452
42 17 311
42 18 109
42 19 180
42 20 387
42 21 568
42 22 596
42 23 452
42 24 607
42 25 642
42 26 350
42 27 305
42 28 584
42 29 138
42 30 412
42 31 133
42 32 200
42 33 604
42 34 313
42 35 214
42 36 112
42 37 540
42 38 296
42 39 575
42 40 237
42 41 437
42 43 510
42 44 646
42 45 326
42 46 438
42 47 416
42 48 674
42 49 446
42 50 485
42 51 388
42 52 607
42 53 329
42 54 362
42 55 617
42 56 401
42 57 308
42 58 410
42 59 335
42 60 392
42 61 287
42 62 315
42 63 263
42 64 481
42 65 462
42 66 378
42 67 595
42 68 512
42 69 479
42 70 521
42 71 281
42 72 443
42 73 643
42 74 502
42 75 139
42 76 348
42 77 224
42 78 126
42 79 432
42 80 633
42 81 334
42 82 231
42 83 486
42 84 399
42 85 309
42 86 520
42 87 360
42 88 425
42 89 484
42 90 246
42 91 153
42 92 727
42 93 405
42 94 278
42 95 415
42 96 486
42 97 220
42 98 536
42 99 475
42 100 210
43 1 702
43 2 106
43 3 917
43 4 589
43 5 667
43 6 499
43 7 1052
43 8 984
43 9 342
43 10 543
43 11 798
43 12 746
43 13 435
43 14 1018
43 15 942
43 16 837
43 17 791
43 18 416
43 19 487
43 20 897
43 21 173
43 22 458
43 23 941
43 24 725
43 25 135
43 26 613
43 27 433
43 28 500
43 29 598
43 30 325
43 31 564
43 32 708
43 33 134
43 34 378
43 35 424
43 36 589
43 37 694
43 38 749
43 39 712
43 40 686
43 41 346
43 42 510
43 44 621
43 45 426
43 46 594
43 47 722
43 48 208
43 49 236
43 50 136
43 51 820
43 52 428
43 53 728
43 54 865
43 55 1028
43 56 352
43 57 637
43 58 240
43 59 845
43 60 902
43 61 231
43 62 696
43 63 738
43 64 368
43 65 97
43 66 887
43 67 771
43 68 140
43 69 326
43 70 381
43 71 460
43 72 854
43 73 674
43 74 650
43 75 411
43 76 672
43 77 324
43 78 388
43 79 500
43 80 1078
43 81 541
43 82 498
43 83 235
43 84 908
43 85 342
43 86 918
43 87 712
43 88 366
43 89 825
43 90 392
43 91 591
43 92 289
43 93 221
43 94 476
43 95 218
43 96 946
43 97 657
43 98 816
43 99 863
43 100 687
44 1 449
44 2 566
44 3 697
44 4 452
44 5 470
44 6 708
44 7 743
44 8 683
44 9 285
44 10 393
44 11 883
44 12 534
44 13 884
44 14 810
44 15 789
44 16 1097
44 17 689
44 18 655
44 19 470
44 20 884
44 21 483
44 22 177
44 23 804
44 24 187
44 25 705
44 26 970
44 27 344
44 28 123
44 29 590
44 30 841
44 31 777
44 32 732
44 33 567
44 34 813
44 35 436
44 36 612
44 37 222
44 38 620
44 39 205
44 40 591
44 41 290
44 42 646
44 43 621
44 45 857
44 46 243
44 47 411
44 48 815
44 49 390
44 50 485
44 51 1025
44 52 218
44 53 974
44 54 921
44 55 704
44 56 304
44 57 944
44 58 773
44 59 850
44 60 884
44 61 622
44 62 500
44 63 887
44 64 257
44 65 529
44 66 870
44 67 267
44 68 487
44 69 297
44 70 241
44 71 366
44 72 598
44 73 76
44 74 215
44 75 689
44 76 428
44 77 490
44 78 577
44 79 970
44 80 800
44 81 927
44 82 421
44 83 814
44 84 875
44 85 382
44 86 613
44 87 1004
44 88 280
44 89 1129
44 90 772
44 91 562
44 92 900
44 93 753
44 94 854
44 95 418
44 96 736
44 97 864
44 98 406
44 99 1119
44 100 839
45 1 680
45 2 528
45 3 787
45 4 559
45 5 626
45 6 256
45 7 949
45 8 892
45 9 650
45 10 562
45 11 495
45 12 674
45 13 33
45 14 853
45 15 759
45 16 429
45 17 622
45 18 239
45 19 460
45 20 632
45 21 569
45 22 747
45 23 748
45 24 873
45 25 520
45 26 192
45 27 530
45 28 760
45 29 463
45 30 138
45 31 264
45 32 483
45 33 558
45 34 51
45 35 450
45 36 437
45 37 815
45 38 618
45 39 846
45 40 562
45 41 581
45 42 326
45 43 426
45 44 857
45 46 703
45 47 729
45 48 492
45 49 523
45 50 492
45 51 439
45 52 738
45 53 341
45 54 563
45 55 941
45 56 558
45 57 234
45 58 200
45 59 582
45 60 639
45 61 251
45 62 638
45 63 409
45 64 625
45 65 444
45 66 628
45 67 880
45 68 515
45 69 601
45 70 659
45 71 525
45 72 769
45 73 877
45 74 771
45 75 199
45 76 661
45 77 369
45 78 303
45 79 116
45 80 949
45 81 117
45 82 506
45 83 257
45 84 653
45 85 476
45 86 846
45 87 305
45 88 583
45 89 405
45 90 90
45 91 478
45 92 513
45 93 213
45 94 74
45 95 485
45 96 801
45 97 315
45 98 848
45 99 455
45 100 375
46 1 212
46 2 580
46 3 468
46 4 215
46 5 228
46 6 509
46 7 542
46 8 476
46 9 342
46 10 165
46 11 647
46 12 295
46 13 734
46 14 583
46 15 553
46 16 879
46 17 447
46 18 475
46 19 260
46 20 641
46 21 514
46 22 302
46 23 566
46 24 171
46 25 710
46 26 782
46 27 182
46 28 252
46 29 359
46 30 724
46 31 571
46 32 495
46 33 594
46 34 668
46 35 254
46 36 383
46 37 113
46 38 378
46 39 143
46 40 349
46 41 266
46 42 438
46 43 594
46 44 243
46 45 703
46 47 185
46 48 802
46 49 372
46 50 476
46 51 800
46 52 340
46 53 759
46 54 682
46 55 506
46 56 247
46 57 745
46 58 672
46 59 609
46 60 642
46 61 505
46 62 259
46 63 660
46 64 271
46 65 500
46 66 628
46 67 185
46 68 490
46 69 308
46 70 291
46 71 179
46 72 372
46 73 214
46 74 68
46 75 514
46 76 188
46 77 347
46 78 402
46 79 819
46 80 590
46 81 752
46 82 208
46 83 731
46 84 633
46 85 264
46 86 403
46 87 797
46 88 241
46 89 919
46 90 614
46 91 330
46 92 882
46 93 655
46 94 683
46 95 379
46 96 507
46 97 648
46 98 234
46 99 899
46 100 614
47 1 60
47 2 727
47 3 287
47 4 170
47 5 112
47 6 493
47 7 360
47 8 293
47 9 517
47 10 185
47 11 540
47 12 133
47 13 761
47 14 401
47 15 380
47 16 808
47 17 301
47 18 491
47 19 275
47 20 500
47 21 672
47 22 487
47 23 396
47 24 268
47 25 848
47 26 762
47 27 290
47 28 437
47 29 293
47 30 781
47 31 536
47 32 394
47 33 746
47 34 703
47 35 313
47 36 323
47 37 203
47 38 234
47 39 234
47 40 234
47 41 428
47 42 416
47 43 722
47 44 411
47 45 729
47 46 185
47 48 927
47 49 523
47 50 620
47 51 717
47 52 523
47 53 698
47 54 559
47 55 326
47 56 401
47 57 711
47 58 747
47 59 478
47 60 499
47 61 582
47 62 122
47 63 576
47 64 443
47 65 633
47 66 487
47 67 216
47 68 639
47 69 476
47 70 469
47 71 263
47 72 189
47 73 362
47 74 197
47 75 530
47 76 69
47 77 423
47 78 435
47 79 841
47 80 406
47 81 749
47 82 240
47 83 815
47 84 487
47 85 381
47 86 219
47 87 749
47 88 403
47 89 860
47 90 641
47 91 269
47 92 1002
47 93 734
47 94 691
47 95 520
47 96 326
47 97 591
47 98 121
47 99 824
47 100 541
48 1 904
48 2 252
48 3 1108
48 4 788
48 5 866
48 6 645
48 7 1249
48 8 1182
48 9 531
48 10 746
48 11 941
48 12 943
48 13 488
48 14 1204
48 15 1124
48 16 921
48 17 972
48 18 569
48 19 682
48 20 1055
48 21 337
48 22 644
48 23 1120
48 24 930
48 25 118
48 26 682
48 27 639
48 28 692
48 29 779
48 30 359
48 31 697
48 32 872
48 33 258
48 34 454
48 35 623
48 36 766
48 37 901
48 38 937
48 39 918
48 40 872
48 41 550
48 42 674
48 43 208
48 44 815
48 45 492
48 46 802
48 47 927
48 49 439
48 50 335
48 51 926
48 52 609
48 53 829
48 54 1010
48 55 1227
48 56 559
48 57 725
48 58 298
48 59 1002
48 60 1061
48 61 388
48 62 894
48 63 868
48 64 568
48 65 303
48 66 1047
48 67 978
48 68 329
48 69 525
48 70 575
48 71 665
48 72 1051
48 73 872
48 74 856
48 75 552
48 76 875
48 77 517
48 78 562
48 79 523
48 80 1272
48 81 607
48 82 698
48 83 238
48 84 1070
48 85 548
48 86 1117
48 87 797
48 88 571
48 89 893
48 90 495
48 91 776
48 92 86
48 93 291
48 94 560
48 95 424
48 96 1135
48 97 779
48 98 1023
48 99 947
48 100 823
49 1 516
49 2 208
49 3 757
49 4 422
49 5 492
49 6 472
49 7 873
49 8 805
49 9 129
49 10 362
49 11 742
49 12 575
49 13 544
49 14 867
49 15 805
49 16 863
49 17 661
49 18 392
49 19 344
49 20 807
49 21 151
49 22 238
49 23 809
49 24 491
49 25 340
49 26 678
49 27 240
49 28 271
49 29 481
49 30 474
49 31 548
49 32 619
49 33 224
49 34 474
49 35 274
49 36 485
49 37 465
49 38 606
49 39 480
49 40 547
49 41 112
49 42 446
49 43 236
49 44 390
49 45 523
49 46 372
49 47 523
49 48 439
49 50 105
49 51 820
49 52 220
49 53 742
49 54 802
49 55 844
49 56 126
49 57 677
49 58 397
49 59 759
49 60 811
49 61 272
49 62 525
49 63 706
49 64 134
49 65 140
49 66 796
49 67 541
49 68 118
49 69 94
49 70 153
49 71 275
49 72 679
49 73 439
49 74 422
49 75 410
49 76 485
49 77 223
49 78 327
49 79 626
49 80 909
49 81 618
49 82 332
49 83 429
49 84 812
49 85 162
49 86 734
49 87 748
49 88 134
49 89 873
49 90 453
49 91 465
49 92 522
49 93 376
49 94 544
49 95 39
49 96 791
49 97 647
49 98 603
49 99 889
49 100 653
50 1 608
50 2 108
50 3 841
50 4 505
50 5 579
50 6 495
50 7 964
50 8 896
50 9 207
50 10 450
50 11 783
50 12 662
50 13 509
50 14 947
50 15 880
50 16 869
50 17 732
50 18 411
50 19 415
50 20 863
50 21 85
50 22 322
50 23 882
50 24 595
50 25 236
50 26 664
50 27 331
50 28 364
50 29 544
50 30 418
50 31 568
50 32 672
50 33 130
50 34 442
50 35 347
50 36 543
50 37 570
50 38 682
50 39 585
50 40 621
50 41 217
50 42 485
50 43 136
50 44 485
50 45 492
50 46 476
50 47 620
50 48 335
50 49 105
50 51 837
50 52 294
50 53 752
50 54 846
50 55 937
50 56 229
50 57 675
50 58 336
50 59 812
50 60 867
50 61 252
50 62 612
50 63 736
50 64 234
50 65 53
50 66 852
50 67 646
50 68 28
50 69 192
50 70 245
50 71 364
50 72 768
50 73 539
50 74 526
50 75 419
50 76 577
50 77 268
50 78 360
50 79 584
50 80 996
50 81 598
50 82 413
50 83 353
50 84 870
50 85 245
50 86 826
50 87 749
50 88 238
50 89 869
50 90 436
50 91 532
50 92 419
50 93 315
50 94 526
50 95 100
50 96 873
50 97 666
50 98 704
50 99 895
50 100 683
51 1 657
51 2 907
51 3 603
51 4 588
51 5 608
51 6 348
51 7 755
51 8 723
51 9 922
51 10 636
51 11 195
51 12 600
51 13 453
51 14 610
51 15 519
51 16 103
51 17 453
51 18 429
51 19 556
51 20 323
51 21 921
51 22 983
51 23 497
51 24 957
51 25 935
51 26 271
51 27 690
51 28 970
51 29 442
51 30 576
51 31 272
51 32 324
51 33 939
51 34 472
51 35 601
51 36 417
51 37 887
51 38 500
51 39 923
51 40 484
51 41 823
51 42 388
51 43 820
51 44 1025
51 45 439
51 46 800
51 47 717
51 48 926
51 49 820
51 50 837
51 52 993
51 53 99
51 54 224
51 55 767
51 56 788
51 57 208
51 58 629
51 59 298
51 60 330
51 61 595
51 62 596
51 63 142
51 64 867
51 65 801
51 66 328
51 67 926
51 68 864
51 69 863
51 70 907
51 71 662
51 72 643
51 73 1012
51 74 856
51 75 419
51 76 658
51 77 600
51 78 494
51 79 461
51 80 726
51 81 337
51 82 604
51 83 693
51 84 351
51 85 695
51 86 712
51 87 152
51 88 812
51 89 176
51 90 435
51 91 470
51 92 951
51 93 637
51 94 368
51 95 785
51 96 594
51 97 174
51 98 825
51 99 111
51 100 186
52 1 541
52 2 358
52 3 800
52 4 491
52 5 539
52 6 651
52 7 881
52 8 815
52 9 91
52 10 423
52 11 885
52 12 619
52 13 761
52 14 914
52 15 873
52 16 1049
52 17 746
52 18 579
52 19 457
52 20 922
52 21 273
52 22 44
52 23 882
52 24 380
52 25 495
52 26 882
52 27 319
52 28 105
52 29 598
52 30 693
52 31 726
52 32 745
52 33 355
52 34 690
52 35 398
52 36 611
52 37 385
52 38 680
52 39 384
52 40 634
52 41 171
52 42 607
52 43 428
52 44 218
52 45 738
52 46 340
52 47 523
52 48 609
52 49 220
52 50 294
52 51 993
52 53 925
52 54 936
52 55 845
52 56 206
52 57 873
52 58 616
52 59 879
52 60 924
52 61 488
52 62 574
52 63 867
52 64 126
52 65 344
52 66 909
52 67 451
52 68 289
52 69 138
52 70 86
52 71 355
52 72 707
52 73 288
52 74 355
52 75 604
52 76 512
52 77 400
52 78 504
52 79 843
52 80 929
52 81 827
52 82 422
52 83 643
52 84 920
52 85 299
52 86 742
52 87 941
52 88 182
52 89 1067
52 90 663
52 91 574
52 92 695
52 93 595
52 94 752
52 95 256
52 96 837
52 97 822
52 98 562
52 99 1073
52 100 815
53 1 639
53 2 818
53 3 624
53 4 554
53 5 587
53 6 275
53 7 784
53 8 744
53 9 851
53 10 595
53 11 228
53 12 592
53 13 355
53 14 649
53 15 554
53 16 124
53 17 463
53 18 351
53 19 506
53 20 372
53 21 836
53 22 919
53 23 535
53 24 923
53 25 841
53 26 178
53 27 633
53 28 911
53 29 410
53 30 478
53 31 201
53 32 319
53 33 849
53 34 375
53 35 542
53 36 382
53 37 854
53 38 498
53 39 889
53 40 470
53 41 755
53 42 329
53 43 728
53 44 974
53 45 341
53 46 759
53 47 698
53 48 829
53 49 742
53 50 752
53 51 99
53 52 925
53 54 278
53 55 791
53 56 721
53 57 110
53 58 531
53 59 335
53 60 379
53 61 506
53 62 579
53 63 142
53 64 800
53 65 715
53 66 374
53 67 900
53 68 779
53 69 792
53 70 840
53 71 609
53 72 650
53 73 968
53 74 820
53 75 335
53 76 635
53 77 528
53 78 422
53 79 366
53 80 761
53 81 240
53 82 556
53 83 595
53 84 399
53 85 627
53 86 723
53 87 70
53 88 746
53 89 163
53 90 340
53 91 437
53 92 853
53 93 540
53 94 270
53 95 706
53 96 622
53 97 112
53 98 812
53 99 148
53 100 160
54 1 503
54 2 935
54 3 392
54 4 469
54 5 463
54 6 368
54 7 537
54 8 510
54 9 881
54 10 531
54 11 70
54 12 430
54 13 586
54 14 388
54 15 299
54 16 325
54 17 265
54 18 450
54 19 480
54 20 100
54 21 928
54 22 918
54 23 277
54 24 820
54 25 993
54 26 444
54 27 618
54 28 892
54 29 340
54 30 692
54 31 314
54 32 192
54 33 965
54 34 580
54 35 542
54 36 326
54 37 750
54 38 327
54 39 785
54 40 335
54 41 775
54 42 362
54 43 865
54 44 921
54 45 563
54 46 682
54 47 559
54 48 1010
54 49 802
54 50 846
54 51 224
54 52 936
54 53 278
54 55 552
54 56 737
54 57 371
54 58 721
54 59 86
54 60 107
54 61 636
54 62 441
54 63 157
54 64 815
54 65 822
54 66 106
54 67 775
54 68 873
54 69 822
54 70 854
54 71 583
54 72 448
54 73 894
54 74 728
54 75 460
54 76 512
54 77 583
54 78 487
54 79 621
54 80 504
54 81 490
54 82 518
54 83 795
54 84 128
54 85 652
54 86 509
54 87 348
54 88 758
54 89 399
54 90 524
54 91 365
54 92 1052
54 93 724
54 94 490
54 95 773
54 96 378
54 97 250
54 98 654
54 99 329
54 100 191
55 1 329
55 2 1044
55 3 167
55 4 440
55 5 362
55 6 686
55 7 42
55 8 50
55 9 843
55 10 487
55 11 573
55 12 286
55 13 972
55 14 190
55 15 257
55 16 869
55 17 332
55 18 718
55 19 547
55 20 457
55 21 994
55 22 806
55 23 280
55 24 526
55 25 1158
55 26 912
55 27 606
55 28 753
55 29 481
55 30 1026
55 31 695
55 32 483
55 33 1065
55 34 929
55 35 605
55 36 505
55 37 482
55 38 323
55 39 501
55 40 381
55 41 753
55 42 617
55 43 1028
55 44 704
55 45 941
55 46 506
55 47 326
55 48 1227
55 49 844
55 50 937
55 51 767
55 52 845
55 53 791
55 54 552
55 56 724
55 57 845
55 58 1010
55 59 471
55 60 451
55 61 856
55 62 334
55 63 650
55 64 769
55 65 944
55 66 448
55 67 448
55 68 957
55 69 801
55 70 794
55 71 573
55 72 179
55 73 639
55 74 498
55 75 754
55 76 360
55 77 711
55 78 688
55 79 1040
55 80 108
55 81 925
55 82 531
55 83 1084
55 84 431
55 85 693
55 86 111
55 87 856
55 88 728
55 89 938
55 90 862
55 91 473
55 92 1296
55 93 1001
55 94 885
55 95 837
55 96 175
55 97 707
55 98 298
55 99 876
55 100 639
56 1 398
56 2 334
56 3 647
56 4 316
56 5 380
56 6 446
56 7 755
56 8 687
56 9 145
56 10 251
56 11 684
56 12 464
56 13 584
56 14 759
56 15 705
56 16 845
56 17 567
56 18 378
56 19 260
56 20 730
56 21 272
56 22 199
56 23 711
56 24 375
56 25 464
56 26 687
56 27 131
56 28 203
56 29 402
56 30 538
56 31 521
56 32 548
56 33 349
56 34 513
56 35 196
56 36 412
56 37 343
56 38 506
56 39 361
56 40 452
56 41 38
56 42 401
56 43 352
56 44 304
56 45 558
56 46 247
56 47 401
56 48 559
56 49 126
56 50 229
56 51 788
56 52 206
56 53 721
56 54 737
56 55 724
56 57 672
56 58 471
56 59 685
56 60 732
56 61 318
56 62 414
56 63 662
56 64 80
56 65 256
56 66 717
56 67 419
56 68 244
56 69 88
56 70 120
56 71 169
56 72 564
56 73 339
56 74 299
56 75 406
56 76 367
56 77 200
56 78 301
56 79 669
56 80 793
56 81 637
56 82 233
56 83 517
56 84 731
56 85 94
56 86 615
56 87 739
56 88 27
56 89 865
56 90 476
56 91 381
56 92 641
56 93 452
56 94 562
56 95 135
56 96 682
56 97 617
56 98 477
56 99 869
56 100 610
57 1 654
57 2 732
57 3 681
57 4 554
57 5 599
57 6 238
57 7 843
57 8 797
57 9 793
57 10 583
57 11 311
57 12 619
57 13 246
57 14 719
57 15 623
57 16 200
57 17 514
57 18 295
57 19 486
57 20 457
57 21 758
57 22 871
57 23 607
57 24 914
57 25 744
57 26 74
57 27 601
57 28 870
57 29 418
57 30 371
57 31 177
57 32 363
57 33 763
57 34 272
57 35 509
57 36 389
57 37 848
57 38 536
57 39 882
57 40 496
57 41 704
57 42 308
57 43 637
57 44 944
57 45 234
57 46 745
57 47 711
57 48 725
57 49 677
57 50 675
57 51 208
57 52 873
57 53 110
57 54 371
57 55 845
57 56 672
57 58 429
57 59 414
57 60 465
57 61 424
57 62 598
57 63 218
57 64 749
57 65 633
57 66 457
57 67 901
57 68 700
57 69 737
57 70 788
57 71 581
57 72 691
57 73 947
57 74 809
57 75 269
57 76 644
57 77 474
57 78 373
57 79 258
57 80 828
57 81 130
57 82 538
57 83 490
57 84 483
57 85 580
57 86 768
57 87 75
57 88 698
57 89 197
57 90 246
57 91 443
57 92 746
57 93 440
57 94 167
57 95 640
57 96 683
57 97 140
57 98 829
57 99 226
57 100 210
58 1 710
58 2 345
58 3 872
58 4 585
58 5 662
58 6 365
58 7 1025
58 8 962
58 9 525
58 10 564
58 11 652
58 12 727
58 13 201
58 14 956
58 15 868
58 16 627
58 17 720
58 18 302
58 19 475
58 20 775
58 21 401
58 22 634
58 23 861
58 24 831
58 25 321
58 26 391
58 27 491
58 28 661
58 29 535
58 30 85
58 31 407
58 32 601
58 33 374
58 34 158
58 35 436
58 36 515
58 37 783
58 38 698
58 39 809
58 40 634
58 41 483
58 42 410
58 43 240
58 44 773
58 45 200
58 46 672
58 47 747
58 48 298
58 49 397
58 50 336
58 51 629
58 52 616
58 53 531
58 54 721
58 55 1010
58 56 471
58 57 429
58 59 722
58 60 781
58 61 168
58 62 683
58 63 575
58 64 521
58 65 284
58 66 768
58 67 856
58 68 353
58 69 487
58 70 547
58 71 501
58 72 832
58 73 809
58 74 737
58 75 275
58 76 685
58 77 330
58 78 323
58 79 260
58 80 1037
58 81 316
58 82 508
58 83 77
58 84 792
58 85 412
58 86 905
58 87 502
58 88 494
58 89 604
58 90 200
58 91 539
58 92 331
58 93 22
58 94 263
58 95 363
58 96 893
58 97 484
58 98 859
58 99 653
58 100 532
59 1 422
59 2 906
59 3 308
59 4 400
59 5 386
59 6 359
59 7 458
59 8 427
59 9 829
59 10 465
59 11 108
59 12 347
59 13 608
59 14 315
59 15 222
59 16 400
59 17 180
59 18 434
59 19 426
59 20 53
59 21 893
59 22 858
59 23 201
59 24 741
59 25 976
59 26 488
59 27 561
59 28 828
59 29 283
59 30 703
59 31 321
59 32 141
59 33 935
59 34 592
59 35 491
59 36 275
59 37 672
59 38 244
59 39 706
59 40 260
59 41 722
59 42 335
59 43 845
59 44 850
59 45 582
59 46 609
59 47 478
59 48 1002
59 49 759
59 50 812
59 51 298
59 52 879
59 53 335
59 54 86
59 55 471
59 56 685
59 57 414
59 58 722
59 60 59
59 61 620
59 62 362
59 63 198
59 64 760
59 65 793
59 66 47
59 67 694
59 68 839
59 69 771
59 70 799
59 71 524
59 72 362
59 73 819
59 74 652
59 75 451
59 76 433
59 77 546
59 78 459
59 79 653
59 80 429
59 81 523
59 82 458
59 83 798
59 84 72
59 85 604
59 86 424
59 87 405
59 88 704
59 89 472
59 90 530
59 91 305
59 92 1050
59 93 722
59 94 511
59 95 733
59 96 297
59 97 281
59 98 569
59 99 406
59 100 212
60 1 446
60 2 962
60 3 296
60 4 439
60 5 415
60 6 418
60 7 434
60 8 411
60 9 877
60 10 505
60 11 154
60 12 366
60 13 665
60 14 282
60 15 196
60 16 431
60 17 199
60 18 493
60 19 474
60 20 8
60 21 946
60 22 900
60 23 173
60 24 766
60 25 1033
60 26 538
60 27 606
60 28 868
60 29 332
60 30 761
60 31 379
60 32 196
60 33 991
60 34 650
60 35 541
60 36 327
60 37 698
60 38 268
60 39 731
60 40 295
60 41 770
60 42 392
60 43 902
60 44 884
60 45 639
60 46 642
60 47 499
60 48 1061
60 49 811
60 50 867
60 51 330
60 52 924
60 53 379
60 54 107
60 55 451
60 56 732
60 57 465
60 58 781
60 59 59
60 61 678
60 62 388
60 63 247
60 64 807
60 65 849
60 66 16
60 67 713
60 68 893
60 69 819
60 70 845
60 71 569
60 72 364
60 73 849
60 74 681
60 75 510
60 76 461
60 77 600
60 78 515
60 79 707
60 80 398
60 81 577
60 82 503
60 83 857
60 84 22
60 85 654
60 86 418
60 87 449
60 88 751
60 89 505
60 90 589
60 91 352
60 92 1109
60 93 781
60 94 568
60 95 786
60 96 278
60 97 334
60 98 581
60 99 435
60 100 267
61 1 547
61 2 312
61 3 727
61 4 424
61 5 502
61 6 270
61 7 874
61 8 810
61 9 399
61 10 398
61 11 569
61 12 572
61 13 273
61 14 819
61 15 736
61 16 620
61 17 585
61 18 187
61 19 313
61 20 672
61 21 334
61 22 499
61 23 733
61 24 666
61 25 358
61 26 414
61 27 324
61 28 517
61 29 393
61 30 222
61 31 334
61 32 486
61 33 344
61 34 202
61 35 270
61 36 379
61 37 617
61 38 553
61 39 643
61 40 489
61 41 337
61 42 287
61 43 231
61 44 622
61 45 251
61 46 505
61 47 582
61 48 388
61 49 272
61 50 252
61 51 595
61 52 488
61 53 506
61 54 636
61 55 856
61 56 318
61 57 424
61 58 168
61 59 620
61 60 678
61 62 525
61 63 508
61 64 379
61 65 210
61 66 663
61 67 689
61 68 277
61 69 352
61 70 411
61 71 334
61 72 678
61 73 651
61 74 571
61 75 181
61 76 521
61 77 162
61 78 175
61 79 356
61 80 892
61 81 350
61 82 343
61 83 234
61 84 685
61 85 249
61 86 749
61 87 499
61 88 343
61 89 619
61 90 185
61 91 392
61 92 447
61 93 153
61 94 277
61 95 234
61 96 751
61 97 429
61 98 693
61 99 647
61 100 457
62 1 63
62 2 719
62 3 233
62 4 108
62 5 35
62 6 392
62 7 356
62 8 289
62 9 549
62 10 164
62 11 419
62 12 51
62 13 671
62 14 346
62 15 300
62 16 687
62 17 190
62 18 404
62 19 214
62 20 389
62 21 675
62 22 543
62 23 311
62 24 380
62 25 828
62 26 653
62 27 287
62 28 501
62 29 183
62 30 706
62 31 426
62 32 273
62 33 741
62 34 619
62 35 272
62 36 212
62 37 311
62 38 121
62 39 345
62 40 113
62 41 448
62 42 315
62 43 696
62 44 500
62 45 638
62 46 259
62 47 122
62 48 894
62 49 525
62 50 612
62 51 596
62 52 574
62 53 579
62 54 441
62 55 334
62 56 414
62 57 598
62 58 683
62 59 362
62 60 388
62 61 525
62 63 455
62 64 473
62 65 615
62 66 375
62 67 336
62 68 634
62 69 499
62 70 506
62 71 251
62 72 158
62 73 462
62 74 293
62 75 442
62 76 73
62 77 378
62 78 361
62 79 747
62 80 385
62 81 647
62 82 200
62 83 755
62 84 378
62 85 367
62 86 225
62 87 632
62 88 424
62 89 741
62 90 553
62 91 163
62 92 963
62 93 672
62 94 593
62 95 514
62 96 269
62 97 474
62 98 233
62 99 703
62 100 421
63 1 517
63 2 816
63 3 484
63 4 447
63 5 467
63 6 242
63 7 642
63 8 603
63 9 801
63 10 497
63 11 93
63 12 462
63 13 431
63 14 509
63 15 413
63 16 233
63 17 324
63 18 327
63 19 421
63 20 240
63 21 820
63 22 855
63 23 395
63 24 816
63 25 861
63 26 292
63 27 558
63 28 838
63 29 302
63 30 540
63 31 174
63 32 186
63 33 847
63 34 429
63 35 471
63 36 277
63 37 746
63 38 364
63 39 782
63 40 344
63 41 699
63 42 263
63 43 738
63 44 887
63 45 409
63 46 660
63 47 576
63 48 868
63 49 706
63 50 736
63 51 142
63 52 867
63 53 142
63 54 157
63 55 650
63 56 662
63 57 218
63 58 575
63 59 198
63 60 247
63 61 508
63 62 455
63 64 742
63 65 706
63 66 239
63 67 785
63 68 763
63 69 742
63 70 782
63 71 528
63 72 513
63 73 872
63 74 716
63 75 327
63 76 517
63 77 484
63 78 381
63 79 465
63 80 621
63 81 334
63 82 468
63 83 647
63 84 265
63 85 571
63 86 585
63 87 209
63 88 686
63 89 294
63 90 376
63 91 330
63 92 905
63 93 579
63 94 335
63 95 674
63 96 481
63 97 95
63 98 686
63 99 248
63 100 54
64 1 449
64 2 326
64 3 705
64 4 382
64 5 439
64 6 525
64 7 801
64 8 734
64 9 76
64 10 314
64 11 762
64 12 521
64 13 649
64 14 818
64 15 769
64 16 924
64 17 635
64 18 455
64 19 336
64 20 804
64 21 251
64 22 124
64 23 777
64 24 366
64 25 464
64 26 761
64 27 201
64 28 141
64 29 478
64 30 593
64 31 600
64 32 624
64 33 334
64 34 578
64 35 275
64 36 489
64 37 348
64 38 573
64 39 358
64 40 522
64 41 46
64 42 481
64 43 368
64 44 257
64 45 625
64 46 271
64 47 443
64 48 568
64 49 134
64 50 234
64 51 867
64 52 126
64 53 800
64 54 815
64 55 769
64 56 80
64 57 749
64 58 521
64 59 760
64 60 807
64 61 379
64 62 473
64 63 742
64 65 273
64 66 792
64 67 423
64 68 240
64 69 43
64 70 41
64 71 239
64 72 617
64 73 306
64 74 308
64 75 481
64 76 419
64 77 276
64 78 379
64 79 734
64 80 844
64 81 709
64 82 305
64 83 558
64 84 804
64 85 173
64 86 661
64 87 817
64 88 57
64 89 943
64 90 546
64 91 455
64 92 652
64 93 500
64 94 634
64 95 161
64 96 741
64 97 696
64 98 504
64 99 948
64 100 689
65 1 616
65 2 114
65 3 841
65 4 508
65 5 584
65 6 465
65 7 970
65 8 902
65 9 255
65 10 457
65 11 757
65 12 665
65 13 459
65 14 944
65 15 873
65 16 829
65 17 723
65 18 380
65 19 411
65 20 844
65 21 126
65 22 370
65 23 874
65 24 629
65 25 216
65 26 620
65 27 343
65 28 408
65 29 533
65 30 367
65 31 535
65 32 654
65 33 143
65 34 394
65 35 345
65 36 528
65 37 599
65 38 677
65 39 616
65 40 614
65 41 250
65 42 462
65 43 97
65 44 529
65 45 444
65 46 500
65 47 633
65 48 303
65 49 140
65 50 53
65 51 801
65 52 344
65 53 715
65 54 822
65 55 944
65 56 256
65 57 633
65 58 284
65 59 793
65 60 849
65 61 210
65 62 615
65 63 706
65 64 273
65 66 834
65 67 675
65 68 72
65 69 233
65 70 289
65 71 372
65 72 772
65 73 579
65 74 554
65 75 384
65 76 586
65 77 254
65 78 336
65 79 534
65 80 999
65 81 552
65 82 415
65 83 301
65 84 853
65 85 253
65 86 834
65 87 708
65 88 269
65 89 827
65 90 391
65 91 522
65 92 385
65 93 263
65 94 481
65 95 122
65 96 871
65 97 632
65 98 724
65 99 856
65 100 654
66 1 434
66 2 947
66 3 291
66 4 424
66 5 402
66 6 404
66 7 432
66 8 407
66 9 862
66 10 491
66 11 147
66 12 355
66 13 654
66 14 283
66 15 194
66 16 430
66 17 187
66 18 479
66 19 459
66 20 14
66 21 931
66 22 886
66 23 171
66 24 753
66 25 1019
66 26 530
66 27 592
66 28 854
66 29 317
66 30 749
66 31 367
66 32 181
66 33 976
66 34 638
66 35 526
66 36 312
66 37 685
66 38 255
66 39 719
66 40 281
66 41 755
66 42 378
66 43 887
66 44 870
66 45 628
66 46 628
66 47 487
66 48 1047
66 49 796
66 50 852
66 51 328
66 52 909
66 53 374
66 54 106
66 55 448
66 56 717
66 57 457
66 58 768
66 59 47
66 60 16
66 61 663
66 62 375
66 63 239
66 64 792
66 65 834
66 67 702
66 68 878
66 69 804
66 70 830
66 71 554
66 72 355
66 73 836
66 74 668
66 75 497
66 76 448
66 77 585
66 78 501
66 79 698
66 80 399
66 81 568
66 82 488
66 83 844
66 84 27
66 85 639
66 86 412
66 87 443
66 88 736
66 89 503
66 90 576
66 91 337
66 92 1095
66 93 768
66 94 557
66 95 771
66 96 274
66 97 325
66 98 571
66 99 434
66 100 257
67 1 273
67 2 746
67 3 473
67 4 348
67 5 319
67 6 670
67 7 489
67 8 434
67 9 484
67 10 323
67 11 754
67 12 348
67 13 912
67 14 578
67 15 579
67 16 1014
67 17 516
67 18 647
67 19 425
67 20 715
67 21 673
67 22 408
67 23 598
67 24 82
67 25 881
67 26 944
67 27 366
67 28 348
67 29 490
67 30 907
67 31 724
67 32 606
67 33 756
67 34 847
67 35 433
67 36 519
67 37 77
67 38 450
67 39 68
67 40 447
67 41 430
67 42 595
67 43 771
67 44 267
67 45 880
67 46 185
67 47 216
67 48 978
67 49 541
67 50 646
67 51 926
67 52 451
67 53 900
67 54 775
67 55 448
67 56 419
67 57 901
67 58 856
67 59 694
67 60 713
67 61 689
67 62 336
67 63 785
67 64 423
67 65 675
67 66 702
67 68 657
67 69 464
67 70 431
67 71 360
67 72 375
67 73 196
67 74 122
67 75 687
67 76 269
67 77 530
67 78 578
67 79 996
67 80 549
67 81 920
67 82 376
67 83 915
67 84 700
67 85 448
67 86 369
67 87 945
67 88 408
67 89 1062
67 90 791
67 91 463
67 92 1059
67 93 839
67 94 855
67 95 554
67 96 512
67 97 790
67 98 154
67 99 1032
67 100 746
68 1 628
68 2 90
68 3 864
68 4 528
68 5 601
68 6 522
68 7 985
68 8 917
68 9 205
68 10 472
68 11 810
68 12 684
68 13 530
68 14 971
68 15 905
68 16 895
68 17 757
68 18 438
68 19 440
68 20 889
68 21 58
68 22 320
68 23 907
68 24 604
68 25 225
68 26 689
68 27 352
68 28 364
68 29 570
68 30 437
68 31 595
68 32 699
68 33 108
68 34 465
68 35 371
68 36 569
68 37 581
68 38 706
68 39 595
68 40 645
68 41 227
68 42 512
68 43 140
68 44 487
68 45 515
68 46 490
68 47 639
68 48 329
68 49 118
68 50 28
68 51 864
68 52 289
68 53 779
68 54 873
68 55 957
68 56 244
68 57 700
68 58 353
68 59 839
68 60 893
68 61 277
68 62 634
68 63 763
68 64 240
68 65 72
68 66 878
68 67 657
68 69 197
68 70 247
68 71 385
68 72 790
68 73 543
68 74 538
68 75 445
68 76 597
68 77 294
68 78 387
68 79 605
68 80 1018
68 81 622
68 82 436
68 83 366
68 84 896
68 85 267
68 86 847
68 87 774
68 88 251
68 89 895
68 90 460
68 91 557
68 92 414
68 93 333
68 94 551
68 95 121
68 96 896
68 97 693
68 98 720
68 99 921
68 100 710
69 1 478
69 2 283
69 3 731
69 4 403
69 5 464
69 6 518
69 7 833
69 8 765
69 9 60
69 10 337
69 11 767
69 12 547
69 13 624
69 14 844
69 15 791
69 16 916
69 17 654
69 18 444
69 19 346
69 20 816
69 21 209
69 22 149
69 23 798
69 24 408
69 25 421
69 26 745
69 27 218
69 28 177
69 29 489
69 30 562
69 31 594
69 32 633
69 33 292
69 34 553
69 35 281
69 36 497
69 37 390
69 38 593
69 39 401
69 40 539
69 41 52
69 42 479
69 43 326
69 44 297
69 45 601
69 46 308
69 47 476
69 48 525
69 49 94
69 50 192
69 51 863
69 52 138
69 53 792
69 54 822
69 55 801
69 56 88
69 57 737
69 58 487
69 59 771
69 60 819
69 61 352
69 62 499
69 63 742
69 64 43
69 65 233
69 66 804
69 67 464
69 68 197
69 70 61
69 71 256
69 72 646
69 73 348
69 74 349
69 75 468
69 76 448
69 77 265
69 78 371
69 79 707
69 80 874
69 81 689
69 82 321
69 83 522
69 84 818
69 85 172
69 86 693
69 87 805
69 88 75
69 89 931
69 90 525
69 91 468
69 92 610
69 93 467
69 94 614
69 95 125
69 96 767
69 97 691
69 98 542
69 99 940
69 100 689
70 1 479
70 2 328
70 3 736
70 4 417
70 5 472
70 6 565
70 7 828
70 8 761
70 9 53
70 10 349
70 11 802
70 12 553
70 13 683
70 14 850
70 15 803
70 16 963
70 17 672
70 18 494
70 19 375
70 20 843
70 21 248
70 22 89
70 23 812
70 24 369
70 25 467
70 26 799
70 27 239
70 28 120
70 29 517
70 30 622
70 31 640
70 32 664
70 33 333
70 34 612
70 35 315
70 36 529
70 37 359
70 38 608
70 39 365
70 40 558
70 41 85
70 42 521
70 43 381
70 44 241
70 45 659
70 46 291
70 47 469
70 48 575
70 49 153
70 50 245
70 51 907
70 52 86
70 53 840
70 54 854
70 55 794
70 56 120
70 57 788
70 58 547
70 59 799
70 60 845
70 61 411
70 62 506
70 63 782
70 64 41
70 65 289
70 66 830
70 67 431
70 68 247
70 69 61
70 71 276
70 72 647
70 73 298
70 74 322
70 75 520
70 76 449
70 77 315
70 78 419
70 79 766
70 80 873
70 81 745
70 82 343
70 83 581
70 84 842
70 85 214
70 86 688
70 87 856
70 88 97
70 89 982
70 90 582
70 91 494
70 92 660
70 93 527
70 94 670
70 95 185
70 96 773
70 97 736
70 98 523
70 99 988
70 100 730
71 1 245
71 2 472
71 3 483
71 4 149
71 5 217
71 6 344
71 7 600
71 8 532
71 9 311
71 10 87
71 11 535
71 12 301
71 13 556
71 14 593
71 15 536
71 16 732
71 17 398
71 18 301
71 19 107
71 20 567
71 21 425
71 22 335
71 23 543
71 24 348
71 25 588
71 26 612
71 27 39
71 28 312
71 29 244
71 30 548
71 31 412
71 32 391
71 33 493
71 34 489
71 35 77
71 36 259
71 37 291
71 38 338
71 39 321
71 40 284
71 41 205
71 42 281
71 43 460
71 44 366
71 45 525
71 46 179
71 47 263
71 48 665
71 49 275
71 50 364
71 51 662
71 52 355
71 53 609
71 54 583
71 55 573
71 56 169
71 57 581
71 58 501
71 59 524
71 60 569
71 61 334
71 62 251
71 63 528
71 64 239
71 65 372
71 66 554
71 67 360
71 68 385
71 69 256
71 70 276
71 72 405
71 73 366
71 74 246
71 75 338
71 76 214
71 77 172
71 78 225
71 79 641
71 80 634
71 81 577
71 82 67
71 83 564
71 84 566
71 85 120
71 86 463
71 87 639
71 88 184
71 89 764
71 90 436
71 91 220
71 92 740
71 93 486
71 94 507
71 95 265
71 96 517
71 97 499
71 98 364
71 99 754
71 100 478
72 1 168
72 2 876
72 3 100
72 4 266
72 5 189
72 6 515
72 7 198
72 8 132
72 9 693
72 10 319
72 11 450
72 12 109
72 13 800
72 14 213
72 15 205
72 16 742
72 17 190
72 18 542
72 19 370
72 20 367
72 21 830
72 22 672
72 23 225
72 24 442
72 25 986
72 26 755
72 27 440
72 28 624
72 29 306
72 30 849
72 31 532
72 32 332
72 33 898
72 34 755
72 35 430
72 36 332
72 37 383
72 38 157
72 39 411
72 40 208
72 41 596
72 42 443
72 43 854
72 44 598
72 45 769
72 46 372
72 47 189
72 48 1051
72 49 679
72 50 768
72 51 643
72 52 707
72 53 650
72 54 448
72 55 179
72 56 564
72 57 691
72 58 832
72 59 362
72 60 364
72 61 678
72 62 158
72 63 513
72 64 617
72 65 772
72 66 355
72 67 375
72 68 790
72 69 646
72 70 647
72 71 405
72 73 545
72 74 383
72 75 579
72 76 199
72 77 535
72 78 510
72 79 871
72 80 230
72 81 760
72 82 358
72 83 906
72 84 347
72 85 524
72 86 78
72 87 711
72 88 571
72 89 806
72 90 688
72 91 296
72 92 1120
72 93 823
72 94 716
72 95 670
72 96 139
72 97 556
72 98 228
72 99 754
72 100 492
73 1 406
73 2 626
73 3 644
73 4 429
73 5 434
73 6 709
73 7 679
73 8 622
73 9 346
73 10 376
73 11 860
73 12 490
73 13 906
73 14 755
73 15 741
73 16 1089
73 17 652
73 18 664
73 19 464
73 20 849
73 21 545
73 22 245
73 23 758
73 24 115
73 25 765
73 26 977
73 27 352
73 28 187
73 29 572
73 30 873
73 31 775
73 32 709
73 33 629
73 34 836
73 35 441
73 36 596
73 37 163
73 38 582
73 39 139
73 40 560
73 41 333
73 42 643
73 43 674
73 44 76
73 45 877
73 46 214
73 47 362
73 48 872
73 49 439
73 50 539
73 51 1012
73 52 288
73 53 968
73 54 894
73 55 639
73 56 339
73 57 947
73 58 809
73 59 819
73 60 849
73 61 651
73 62 462
73 63 872
73 64 306
73 65 579
73 66 836
73 67 196
73 68 543
73 69 348
73 70 298
73 71 366
73 72 545
73 74 169
73 75 700
73 76 389
73 77 509
73 78 587
73 79 992
73 80 738
73 81 940
73 82 412
73 83 855
73 84 839
73 85 404
73 86 553
73 87 1003
73 88 318
73 89 1126
73 90 790
73 91 544
73 92 957
73 93 790
73 94 868
73 95 463
73 96 683
73 97 857
73 98 341
73 99 1110
73 100 826
74 1 238
74 2 628
74 3 482
74 4 269
74 5 267
74 6 574
74 7 536
74 8 473
74 9 374
74 10 227
74 11 697
74 12 322
74 13 801
74 14 595
74 15 576
74 16 938
74 17 483
74 18 542
74 19 325
74 20 681
74 21 557
74 22 314
74 23 591
74 24 105
74 25 761
74 26 848
74 27 248
74 28 258
74 29 415
74 30 790
74 31 634
74 32 546
74 33 639
74 34 735
74 35 322
74 36 441
74 37 47
74 38 414
74 39 75
74 40 394
74 41 311
74 42 502
74 43 650
74 44 215
74 45 771
74 46 68
74 47 197
74 48 856
74 49 422
74 50 526
74 51 856
74 52 355
74 53 820
74 54 728
74 55 498
74 56 299
74 57 809
74 58 737
74 59 652
74 60 681
74 61 571
74 62 293
74 63 716
74 64 308
74 65 554
74 66 668
74 67 122
74 68 538
74 69 349
74 70 322
74 71 246
74 72 383
74 73 169
74 75 581
74 76 221
74 77 413
74 78 470
74 79 886
74 80 589
74 81 818
74 82 274
74 83 794
74 84 671
74 85 327
74 86 401
74 87 860
74 88 288
74 89 980
74 90 681
74 91 387
74 92 938
74 93 720
74 94 750
74 95 433
74 96 521
74 97 709
74 98 207
74 99 958
74 100 672
75 1 482
75 2 491
75 3 607
75 4 361
75 5 429
75 6 93
75 7 765
75 8 705
75 9 524
75 10 366
75 11 391
75 12 480
75 13 231
75 14 684
75 15 595
75 16 455
75 17 449
75 18 41
75 19 263
75 20 504
75 21 503
75 22 604
75 23 587
75 24 685
75 25 536
75 26 283
75 27 349
75 28 606
75 29 273
75 30 274
75 31 154
75 32 327
75 33 522
75 34 177
75 35 262
75 36 250
75 37 624
75 38 434
75 39 656
75 40 374
75 41 436
75 42 139
75 43 411
75 44 689
75 45 199
75 46 514
75 47 530
75 48 552
75 49 410
75 50 419
75 51 419
75 52 604
75 53 335
75 54 460
75 55 754
75 56 406
75 57 269
75 58 275
75 59 451
75 60 510
75 61 181
75 62 442
75 63 327
75 64 481
75 65 384
75 66 497
75 67 687
75 68 445
75 69 468
75 70 520
75 71 338
75 72 579
75 73 700
75 74 581
75 76 463
75 77 206
75 78 114
75 79 312
75 80 771
75 81 240
75 82 311
75 83 351
75 84 520
75 85 314
75 86 655
75 87 339
75 88 432
75 89 465
75 90 112
75 91 284
75 92 599
75 93 273
75 94 170
75 95 373
75 96 625
75 97 249
75 98 650
75 99 480
75 100 277
76 1 32
76 2 685
76 3 288
76 4 103
76 5 50
76 6 425
76 7 389
76 8 321
76 9 495
76 10 130
76 11 486
76 12 109
76 13 693
76 14 403
76 15 366
76 16 747
76 17 263
76 18 423
76 19 210
76 20 461
76 21 635
76 22 479
76 23 379
76 24 309
76 25 801
76 26 695
76 27 246
76 28 435
76 29 227
76 30 716
76 31 469
76 32 337
76 33 705
76 34 636
76 35 255
76 36 257
76 37 239
76 38 194
76 39 274
76 40 179
76 41 398
76 42 348
76 43 672
76 44 428
76 45 661
76 46 188
76 47 69
76 48 875
76 49 485
76 50 577
76 51 658
76 52 512
76 53 635
76 54 512
76 55 360
76 56 367
76 57 644
76 58 685
76 59 433
76 60 461
76 61 521
76 62 73
76 63 517
76 64 419
76 65 586
76 66 448
76 67 269
76 68 597
76 69 448
76 70 449
76 71 214
76 72 199
76 73 389
76 74 221
76 75 463
76 77 365
76 78 369
76 79 773
76 80 427
76 81 681
76 82 180
76 83 754
76 84 451
76 85 334
76 86 250
76 87 684
76 88 373
76 89 797
76 90 573
76 91 202
76 92 948
76 93 672
76 94 623
76 95 478
76 96 326
76 97 527
76 98 189
76 99 764
76 100 479
77 1 393
77 2 366
77 3 594
77 4 272
77 5 351
77 6 254
77 7 733
77 8 666
77 9 323
77 10 239
77 11 521
77 12 427
77 13 398
77 14 695
77 15 621
77 16 651
77 17 471
77 18 180
77 19 165
77 20 596
77 21 348
77 22 398
77 23 621
77 24 511
77 25 457
77 26 488
77 27 166
77 28 401
77 29 279
77 30 378
77 31 329
77 32 405
77 33 393
77 34 328
77 35 111
77 36 276
77 37 459
77 38 427
77 39 487
77 40 363
77 41 231
77 42 224
77 43 324
77 44 490
77 45 369
77 46 347
77 47 423
77 48 517
77 49 223
77 50 268
77 51 600
77 52 400
77 53 528
77 54 583
77 55 711
77 56 200
77 57 474
77 58 330
77 59 546
77 60 600
77 61 162
77 62 378
77 63 484
77 64 276
77 65 254
77 66 585
77 67 530
77 68 294
77 69 265
77 70 315
77 71 172
77 72 535
77 73 509
77 74 413
77 75 206
77 76 365
77 78 107
77 79 484
77 80 756
77 81 440
77 82 185
77 83 394
77 84 603
77 85 110
77 86 602
77 87 541
77 88 226
77 89 668
77 90 283
77 91 269
77 92 586
77 93 314
77 94 366
77 95 191
77 96 623
77 97 428
77 98 532
77 99 675
77 100 431
78 1 392
78 2 449
78 3 554
78 4 268
78 5 342
78 6 148
78 7 704
78 8 640
78 9 429
78 10 261
78 11 424
78 12 405
78 13 334
78 14 644
78 15 563
78 16 545
78 17 411
78 18 79
78 19 161
78 20 510
78 21 443
78 22 500
78 23 559
78 24 573
78 25 521
78 26 393
78 27 236
78 28 498
78 29 219
78 30 348
78 31 223
78 32 321
78 33 478
78 34 272
78 35 149
78 36 205
78 37 513
78 38 380
78 39 545
78 40 316
78 41 334
78 42 126
78 43 388
78 44 577
78 45 303
78 46 402
78 47 435
78 48 562
78 49 327
78 50 360
78 51 494
78 52 504
78 53 422
78 54 487
78 55 688
78 56 301
78 57 373
78 58 323
78 59 459
78 60 515
78 61 175
78 62 361
78 63 381
78 64 379
78 65 336
78 66 501
78 67 578
78 68 387
78 69 371
78 70 419
78 71 225
78 72 510
78 73 587
78 74 470
78 75 114
78 76 369
78 77 107
78 79 418
78 80 719
78 81 353
78 82 205
78 83 397
78 84 521
78 85 208
78 86 583
78 87 438
78 88 327
78 89 564
78 90 213
78 91 219
78 92 621
78 93 313
78 94 283
78 95 294
78 96 578
78 97 322
78 98 552
78 99 570
78 100 327
79 1 791
79 2 605
79 3 882
79 4 672
79 5 736
79 6 357
79 7 1045
79 8 991
79 9 754
79 10 676
79 11 557
79 12 780
79 13 87
79 14 940
79 15 845
79 16 424
79 17 715
79 18 352
79 19 574
79 20 700
79 21 656
79 22 855
79 23 831
79 24 989
79 25 573
79 26 190
79 27 645
79 28 871
79 29 568
79 30 177
79 31 348
79 32 570
79 33 634
79 34 157
79 35 565
79 36 541
79 37 930
79 38 718
79 39 961
79 40 664
79 41 691
79 42 432
79 43 500
79 44 970
79 45 116
79 46 819
79 47 841
79 48 523
79 49 626
79 50 584
79 51 461
79 52 843
79 53 366
79 54 621
79 55 1040
79 56 669
79 57 258
79 58 260
79 59 653
79 60 707
79 61 356
79 62 747
79 63 465
79 64 734
79 65 534
79 66 698
79 67 996
79 68 605
79 69 707
79 70 766
79 71 641
79 72 871
79 73 992
79 74 886
79 75 312
79 76 773
79 77 484
79 78 418
79 80 1041
79 81 131
79 82 621
79 83 291
79 84 724
79 85 589
79 86 948
79 87 311
79 88 695
79 89 381
79 90 206
79 91 585
79 92 525
79 93 279
79 94 155
79 95 588
79 96 893
79 97 374
79 98 961
79 99 448
79 100 442
80 1 396
80 2 1104
80 3 166
80 4 492
80 5 418
80 6 695
80 7 67
80 8 117
80 9 920
80 10 548
80 11 536
80 12 335
80 13 979
80 14 117
80 15 208
80 16 828
80 17 327
80 18 739
80 19 592
80 20 405
80 21 1059
80 22 892
80 23 229
80 24 627
80 25 1211
80 26 898
80 27 670
80 28 841
80 29 503
80 30 1044
80 31 693
80 32 472
80 33 1126
80 34 943
80 35 655
80 36 523
80 37 578
80 38 340
80 39 600
80 40 404
80 41 824
80 42 633
80 43 1078
80 44 800
80 45 949
80 46 590
80 47 406
80 48 1272
80 49 909
80 50 996
80 51 726
80 52 929
80 53 761
80 54 504
80 55 108
80 56 793
80 57 828
80 58 1037
80 59 429
80 60 398
80 61 892
80 62 385
80 63 621
80 64 844
80 65 999
80 66 399
80 67 549
80 68 1018
80 69 874
80 70 873
80 71 634
80 72 230
80 73 738
80 74 589
80 75 771
80 76 427
80 77 756
80 78 719
80 79 1041
80 81 919
80 82 584
80 83 1113
80 84 377
80 85 752
80 86 189
80 87 829
80 88 800
80 89 900
80 90 876
80 91 500
80 92 1337
80 93 1030
80 94 888
80 95 898
80 96 149
80 97 689
80 98 398
80 99 832
80 100 619
81 1 696
81 2 640
81 3 764
81 4 583
81 5 641
81 6 256
81 7 927
81 8 875
81 9 742
81 10 598
81 11 426
81 12 676
81 13 120
81 14 816
81 15 720
81 16 316
81 17 596
81 18 277
81 19 496
81 20 570
81 21 678
81 22 832
81 23 706
81 24 923
81 25 636
81 26 76
81 27 589
81 28 839
81 29 465
81 30 249
81 31 230
81 32 447
81 33 671
81 34 163
81 35 501
81 36 436
81 37 860
81 38 605
81 39 893
81 40 556
81 41 664
81 42 334
81 43 541
81 44 927
81 45 117
81 46 752
81 47 749
81 48 607
81 49 618
81 50 598
81 51 337
81 52 827
81 53 240
81 54 490
81 55 925
81 56 637
81 57 130
81 58 316
81 59 523
81 60 577
81 61 350
81 62 647
81 63 334
81 64 709
81 65 552
81 66 568
81 67 920
81 68 622
81 69 689
81 70 745
81 71 577
81 72 760
81 73 940
81 74 818
81 75 240
81 76 681
81 77 440
81 78 353
81 79 131
81 80 919
81 82 546
81 83 370
81 84 594
81 85 549
81 86 838
81 87 194
81 88 663
81 89 289
81 90 166
81 91 485
81 92 622
81 93 329
81 94 76
81 95 580
81 96 772
81 97 244
81 98 869
81 99 341
81 100 312
82 1 208
82 2 520
82 3 428
82 4 93
82 5 170
82 6 302
82 7 555
82 8 487
82 9 377
82 10 57
82 11 471
82 12 250
82 13 538
82 14 536
82 15 475
82 16 678
82 17 334
82 18 272
82 19 52
82 20 500
82 21 480
82 22 401
82 23 480
82 24 378
82 25 629
82 26 574
82 27 105
82 28 375
82 29 178
82 30 546
82 31 364
82 32 326
82 33 543
82 34 476
82 35 76
82 36 195
82 37 315
82 38 275
82 39 348
82 40 220
82 41 270
82 42 231
82 43 498
82 44 421
82 45 506
82 46 208
82 47 240
82 48 698
82 49 332
82 50 413
82 51 604
82 52 422
82 53 556
82 54 518
82 55 531
82 56 233
82 57 538
82 58 508
82 59 458
82 60 503
82 61 343
82 62 200
82 63 468
82 64 305
82 65 415
82 66 488
82 67 376
82 68 436
82 69 321
82 70 343
82 71 67
82 72 358
82 73 412
82 74 274
82 75 311
82 76 180
82 77 185
82 78 205
82 79 621
82 80 584
82 81 546
82 83 576
82 84 500
82 85 170
82 86 421
82 87 591
82 88 249
82 89 714
82 90 417
82 91 153
82 92 770
82 93 495
82 94 480
82 95 317
82 96 461
82 97 446
82 98 352
82 99 699
82 100 419
83 1 780
83 2 338
83 3 947
83 4 656
83 5 733
83 6 441
83 7 1100
83 8 1036
83 9 553
83 10 631
83 11 726
83 12 800
83 13 250
83 14 1032
83 15 944
83 16 684
83 17 796
83 18 378
83 19 545
83 20 850
83 21 406
83 22 666
83 23 938
83 24 884
83 25 284
83 26 445
83 27 551
83 28 698
83 29 610
83 30 122
83 31 482
83 32 678
83 33 364
83 34 222
83 35 503
83 36 591
83 37 840
83 38 773
83 39 865
83 40 710
83 41 525
83 42 486
83 43 235
83 44 814
83 45 257
83 46 731
83 47 815
83 48 238
83 49 429
83 50 353
83 51 693
83 52 643
83 53 595
83 54 795
83 55 1084
83 56 517
83 57 490
83 58 77
83 59 798
83 60 857
83 61 234
83 62 755
83 63 647
83 64 558
83 65 301
83 66 844
83 67 915
83 68 366
83 69 522
83 70 581
83 71 564
83 72 906
83 73 855
83 74 794
83 75 351
83 76 754
83 77 394
83 78 397
83 79 291
83 80 1113
83 81 370
83 82 576
83 84 868
83 85 468
83 86 978
83 87 561
83 88 538
83 89 656
83 90 272
83 91 614
83 92 259
83 93 84
83 94 326
83 95 398
83 96 969
83 97 555
83 98 925
83 99 710
83 100 605
84 1 435
84 2 966
84 3 277
84 4 433
84 5 406
84 6 428
84 7 413
84 8 391
84 9 875
84 10 500
84 11 173
84 12 354
84 13 679
84 14 261
84 15 175
84 16 452
84 17 188
84 18 501
84 19 473
84 20 29
84 21 949
84 22 896
84 23 152
84 24 754
84 25 1040
84 26 556
84 27 604
84 28 862
84 29 331
84 30 774
84 31 392
84 32 201
84 33 995
84 34 663
84 35 540
84 36 329
84 37 686
84 38 257
84 39 720
84 40 289
84 41 768
84 42 399
84 43 908
84 44 875
84 45 653
84 46 633
84 47 487
84 48 1070
84 49 812
84 50 870
84 51 351
84 52 920
84 53 399
84 54 128
84 55 431
84 56 731
84 57 483
84 58 792
84 59 72
84 60 22
84 61 685
84 62 378
84 63 265
84 64 804
84 65 853
84 66 27
84 67 700
84 68 896
84 69 818
84 70 842
84 71 566
84 72 347
84 73 839
84 74 671
84 75 520
84 76 451
84 77 603
84 78 521
84 79 724
84 80 377
84 81 594
84 82 500
84 83 868
84 85 654
84 86 400
84 87 469
84 88 748
84 89 526
84 90 601
84 91 351
84 92 1119
84 93 791
84 94 582
84 95 787
84 96 258
84 97 351
84 98 566
84 99 455
84 100 283
85 1 364
85 2 353
85 3 598
85 4 262
85 5 335
85 6 352
85 7 720
85 8 651
85 9 231
85 10 206
85 11 596
85 12 418
85 13 503
85 14 706
85 15 643
85 16 751
85 17 499
85 18 285
85 19 183
85 20 651
85 21 310
85 22 293
85 23 648
85 24 419
85 25 468
85 26 596
85 27 91
85 28 292
85 29 323
85 30 471
85 31 427
85 32 464
85 33 374
85 34 433
85 35 114
85 36 329
85 37 373
85 38 444
85 39 398
85 40 385
85 41 129
85 42 309
85 43 342
85 44 382
85 45 476
85 46 264
85 47 381
85 48 548
85 49 162
85 50 245
85 51 695
85 52 299
85 53 627
85 54 652
85 55 693
85 56 94
85 57 580
85 58 412
85 59 604
85 60 654
85 61 249
85 62 367
85 63 571
85 64 173
85 65 253
85 66 639
85 67 448
85 68 267
85 69 172
85 70 214
85 71 120
85 72 524
85 73 404
85 74 327
85 75 314
85 76 334
85 77 110
85 78 208
85 79 589
85 80 752
85 81 549
85 82 170
85 83 468
85 84 654
85 86 582
85 87 645
85 88 120
85 89 772
85 90 391
85 91 304
85 92 626
85 93 395
85 94 474
85 95 147
85 96 631
85 97 523
85 98 475
85 99 775
85 100 518
86 1 219
86 2 934
86 3 126
86 4 330
86 5 252
86 6 592
86 7 141
86 8 74
86 9 736
86 10 377
86 11 518
86 12 179
86 13 878
86 14 213
86 15 239
86 16 812
86 17 261
86 18 618
86 19 438
86 20 423
86 21 883
86 22 704
86 23 262
86 24 443
86 25 1048
86 26 831
86 27 496
86 28 652
86 29 383
86 30 924
86 31 609
86 32 407
86 33 954
86 34 831
86 35 495
86 36 409
86 37 392
86 38 234
86 39 415
86 40 285
86 41 644
86 42 520
86 43 918
86 44 613
86 45 846
86 46 403
86 47 219
86 48 1117
86 49 734
86 50 826
86 51 712
86 52 742
86 53 723
86 54 509
86 55 111
86 56 615
86 57 768
86 58 905
86 59 424
86 60 418
86 61 749
86 62 225
86 63 585
86 64 661
86 65 834
86 66 412
86 67 369
86 68 847
86 69 693
86 70 688
86 71 463
86 72 78
86 73 553
86 74 401
86 75 655
86 76 250
86 77 602
86 78 583
86 79 948
86 80 189
86 81 838
86 82 421
86 83 978
86 84 400
86 85 582
86 87 786
86 88 619
86 89 877
86 90 765
86 91 371
86 92 1188
86 93 895
86 94 793
86 95 727
86 96 157
86 97 632
86 98 216
86 99 823
86 100 567
87 1 690
87 2 806
87 3 690
87 4 598
87 5 637
87 6 297
87 7 850
87 8 809
87 9 862
87 10 634
87 11 297
87 12 648
87 13 313
87 14 717
87 15 622
87 16 126
87 17 527
87 18 362
87 19 540
87 20 441
87 21 832
87 22 938
87 23 603
87 24 964
87 25 818
87 26 123
87 27 661
87 28 934
87 29 457
87 30 441
87 31 228
87 32 379
87 33 838
87 34 345
87 35 569
87 36 428
87 37 896
87 38 558
87 39 931
87 40 525
87 41 771
87 42 360
87 43 712
87 44 1004
87 45 305
87 46 797
87 47 749
87 48 797
87 49 748
87 50 749
87 51 152
87 52 941
87 53 70
87 54 348
87 55 856
87 56 739
87 57 75
87 58 502
87 59 405
87 60 449
87 61 499
87 62 632
87 63 209
87 64 817
87 65 708
87 66 443
87 67 945
87 68 774
87 69 805
87 70 856
87 71 639
87 72 711
87 73 1003
87 74 860
87 75 339
87 76 684
87 77 541
87 78 438
87 79 311
87 80 829
87 81 194
87 82 591
87 83 561
87 84 469
87 85 645
87 86 786
87 88 765
87 89 127
87 90 321
87 91 483
87 92 815
87 93 513
87 94 240
87 95 711
87 96 688
87 97 159
87 98 865
87 99 152
87 100 219
88 1 404
88 2 340
88 3 656
88 4 329
88 5 390
88 6 471
88 7 759
88 8 691
88 9 128
88 10 263
88 11 705
88 12 473
88 13 609
88 14 769
88 15 717
88 16 870
88 17 581
88 18 404
88 19 279
88 20 748
88 21 274
88 22 174
88 23 724
88 24 360
88 25 473
88 26 713
88 27 146
88 28 177
88 29 422
88 30 562
88 31 546
88 32 568
88 33 353
88 34 538
88 35 218
88 36 432
88 37 332
88 38 520
88 39 347
88 40 467
88 41 25
88 42 425
88 43 366
88 44 280
88 45 583
88 46 241
88 47 403
88 48 571
88 49 134
88 50 238
88 51 812
88 52 182
88 53 746
88 54 758
88 55 728
88 56 27
88 57 698
88 58 494
88 59 704
88 60 751
88 61 343
88 62 424
88 63 686
88 64 57
88 65 269
88 66 736
88 67 408
88 68 251
88 69 75
88 70 97
88 71 184
88 72 571
88 73 318
88 74 288
88 75 432
88 76 373
88 77 226
88 78 327
88 79 695
88 80 800
88 81 663
88 82 249
88 83 538
88 84 748
88 85 120
88 86 619
88 87 765
88 89 891
88 90 502
88 91 399
88 92 654
88 93 474
88 94 588
88 95 149
88 96 692
88 97 642
88 98 474
88 99 894
88 100 633
89 1 801
89 2 922
89 3 773
89 4 716
89 5 749
89 6 423
89 7 928
89 8 893
89 9 988
89 10 755
89 11 366
89 12 752
89 13 406
89 14 785
89 15 693
89 16 77
89 17 617
89 18 489
89 19 663
89 20 498
89 21 952
89 22 1064
89 23 672
89 24 1084
89 25 924
89 26 214
89 27 786
89 28 1060
89 29 572
89 30 535
89 31 352
89 32 477
89 33 954
89 34 450
89 35 694
89 36 544
89 37 1016
89 38 657
89 39 1051
89 40 631
89 41 898
89 42 484
89 43 825
89 44 1129
89 45 405
89 46 919
89 47 860
89 48 893
89 49 873
89 50 869
89 51 176
89 52 1067
89 53 163
89 54 399
89 55 938
89 56 865
89 57 197
89 58 604
89 59 472
89 60 505
89 61 619
89 62 741
89 63 294
89 64 943
89 65 827
89 66 503
89 67 1062
89 68 895
89 69 931
89 70 982
89 71 764
89 72 806
89 73 1126
89 74 980
89 75 465
89 76 797
89 77 668
89 78 564
89 79 381
89 80 900
89 81 289
89 82 714
89 83 656
89 84 526
89 85 772
89 86 877
89 87 127
89 88 891
89 90 437
89 91 599
89 92 903
89 93 617
89 94 350
89 95 836
89 96 766
89 97 273
89 98 974
89 99 87
89 100 321
90 1 593
90 2 486
90 3 712
90 4 471
90 5 540
90 6 183
90 7 872
90 8 813
90 9 577
90 10 472
90 11 454
90 12 591
90 13 122
90 14 785
90 15 693
90 16 445
90 17 551
90 18 151
90 19 371
90 20 582
90 21 517
90 22 669
90 23 683
90 24 784
90 25 502
90 26 229
90 27 441
90 28 679
90 29 382
90 30 174
90 31 211
90 32 419
90 33 518
90 34 68
90 35 360
90 36 358
90 37 725
90 38 541
90 39 756
90 40 482
90 41 502
90 42 246
90 43 392
90 44 772
90 45 90
90 46 614
90 47 641
90 48 495
90 49 453
90 50 436
90 51 435
90 52 663
90 53 340
90 54 524
90 55 862
90 56 476
90 57 246
90 58 200
90 59 530
90 60 589
90 61 185
90 62 553
90 63 376
90 64 546
90 65 391
90 66 576
90 67 791
90 68 460
90 69 525
90 70 582
90 71 436
90 72 688
90 73 790
90 74 681
90 75 112
90 76 573
90 77 283
90 78 213
90 79 206
90 80 876
90 81 166
90 82 417
90 83 272
90 84 601
90 85 391
90 86 765
90 87 321
90 88 502
90 89 437
90 91 395
90 92 530
90 93 205
90 94 92
90 95 415
90 96 728
90 97 285
90 98 760
90 99 472
90 100 334
91 1 213
91 2 633
91 3 335
91 4 118
91 5 158
91 6 230
91 7 487
91 8 424
91 9 525
91 10 170
91 11 321
91 12 197
91 13 510
91 14 429
91 15 352
91 16 553
91 17 202
91 18 247
91 19 123
91 20 349
91 21 606
91 22 554
91 23 353
91 24 488
91 25 725
91 26 494
91 27 256
91 28 527
91 29 29
91 30 554
91 31 267
91 32 173
91 33 660
91 34 461
91 35 191
91 36 56
91 37 419
91 38 162
91 39 454
91 40 97
91 41 418
91 42 153
91 43 591
91 44 562
91 45 478
91 46 330
91 47 269
91 48 776
91 49 465
91 50 532
91 51 470
91 52 574
91 53 437
91 54 365
91 55 473
91 56 381
91 57 443
91 58 539
91 59 305
91 60 352
91 61 392
91 62 163
91 63 330
91 64 455
91 65 522
91 66 337
91 67 463
91 68 557
91 69 468
91 70 494
91 71 220
91 72 296
91 73 544
91 74 387
91 75 284
91 76 202
91 77 269
91 78 219
91 79 585
91 80 500
91 81 485
91 82 153
91 83 614
91 84 351
91 85 304
91 86 371
91 87 483
91 88 399
91 89 599
91 90 395
91 92 839
91 93 531
91 94 431
91 95 443
91 96 360
91 97 328
91 98 388
91 99 572
91 100 286
92 1 977
92 2 337
92 3 1173
92 4 858
92 5 937
92 6 691
92 7 1317
92 8 1251
92 9 617
92 10 819
92 11 982
92 12 1012
92 13 503
92 14 1265
92 15 1182
92 16 937
92 17 1031
92 18 620
92 19 750
92 20 1103
92 21 422
92 22 730
92 23 1178
92 24 1013
92 25 202
92 26 696
92 27 716
92 28 777
92 29 840
92 30 376
92 31 738
92 32 924
92 33 343
92 34 481
92 35 695
92 36 825
92 37 983
92 38 1000
92 39 1001
92 40 935
92 41 633
92 42 727
92 43 289
92 44 900
92 45 513
92 46 882
92 47 1002
92 48 86
92 49 522
92 50 419
92 51 951
92 52 695
92 53 853
92 54 1052
92 55 1296
92 56 641
92 57 746
92 58 331
92 59 1050
92 60 1109
92 61 447
92 62 963
92 63 905
92 64 652
92 65 385
92 66 1095
92 67 1059
92 68 414
92 69 610
92 70 660
92 71 740
92 72 1120
92 73 957
92 74 938
92 75 599
92 76 948
92 77 586
92 78 621
92 79 525
92 80 1337
92 81 622
92 82 770
92 83 259
92 84 1119
92 85 626
92 86 1188
92 87 815
92 88 654
92 89 903
92 90 530
92 91 839
92 93 329
92 94 584
92 95 506
92 96 1198
92 97 814
92 98 1101
92 99 962
92 100 862
93 1 698
93 2 326
93 3 865
93 4 573
93 5 650
93 6 364
93 7 1017
93 8 953
93 9 504
93 10 550
93 11 654
93 12 717
93 13 217
93 14 950
93 15 863
93 16 638
93 17 714
93 18 297
93 19 463
93 20 775
93 21 381
93 22 614
93 23 857
93 24 813
93 25 307
93 26 404
93 27 474
93 28 641
93 29 527
93 30 105
93 31 410
93 32 599
93 33 355
93 34 169
93 35 422
93 36 509
93 37 766
93 38 690
93 39 792
93 40 627
93 41 463
93 42 405
93 43 221
93 44 753
93 45 213
93 46 655
93 47 734
93 48 291
93 49 376
93 50 315
93 51 637
93 52 595
93 53 540
93 54 724
93 55 1001
93 56 452
93 57 440
93 58 22
93 59 722
93 60 781
93 61 153
93 62 672
93 63 579
93 64 500
93 65 263
93 66 768
93 67 839
93 68 333
93 69 467
93 70 527
93 71 486
93 72 823
93 73 790
93 74 720
93 75 273
93 76 672
93 77 314
93 78 313
93 79 279
93 80 1030
93 81 329
93 82 495
93 83 84
93 84 791
93 85 395
93 86 895
93 87 513
93 88 474
93 89 617
93 90 205
93 91 531
93 92 329
93 94 274
93 95 342
93 96 886
93 97 489
93 98 845
93 99 664
93 100 535
94 1 640
94 2 574
94 3 728
94 4 523
94 5 585
94 6 203
94 7 891
94 8 836
94 9 667
94 10 533
94 11 423
94 12 626
94 13 97
94 14 789
94 15 694
94 16 365
94 17 561
94 18 209
94 19 430
94 20 561
94 21 607
94 22 757
94 23 682
94 24 854
94 25 578
94 26 139
94 27 517
94 28 765
94 29 414
94 30 210
94 31 197
94 32 418
94 33 605
94 34 106
94 35 431
94 36 386
94 37 793
94 38 563
94 39 825
94 40 509
94 41 589
94 42 278
94 43 476
94 44 854
94 45 74
94 46 683
94 47 691
94 48 560
94 49 544
94 50 526
94 51 368
94 52 752
94 53 270
94 54 490
94 55 885
94 56 562
94 57 167
94 58 263
94 59 511
94 60 568
94 61 277
94 62 593
94 63 335
94 64 634
94 65 481
94 66 557
94 67 855
94 68 551
94 69 614
94 70 670
94 71 507
94 72 716
94 73 868
94 74 750
94 75 170
94 76 623
94 77 366
94 78 283
94 79 155
94 80 888
94 81 76
94 82 480
94 83 326
94 84 582
94 85 474
94 86 793
94 87 240
94 88 588
94 89 350
94 90 92
94 91 431
94 92 584
94 93 274
94 95 505
94 96 739
94 97 241
94 98 811
94 99 391
94 100 303
95 1 509
95 2 208
95 3 744
95 4 408
95 5 481
95 6 438
95 7 865
95 8 797
95 9 166
95 10 352
95 11 712
95 12 564
95 13 506
95 14 852
95 15 788
95 16 827
95 17 641
95 18 357
95 19 323
95 20 782
95 21 165
95 22 273
95 23 791
95 24 508
95 25 332
95 26 640
95 27 232
95 28 301
95 29 458
95 30 438
95 31 513
95 32 592
95 33 228
95 34 436
95 35 254
95 36 459
95 37 477
95 38 588
95 39 495
95 40 528
95 41 131
95 42 415
95 43 218
95 44 418
95 45 485
95 46 379
95 47 520
95 48 424
95 49 39
95 50 100
95 51 785
95 52 256
95 53 706
95 54 773
95 55 837
95 56 135
95 57 640
95 58 363
95 59 733
95 60 786
95 61 234
95 62 514
95 63 674
95 64 161
95 65 122
95 66 771
95 67 554
95 68 121
95 69 125
95 70 185
95 71 265
95 72 670
95 73 463
95 74 433
95 75 373
95 76 478
95 77 191
95 78 294
95 79 588
95 80 898
95 81 580
95 82 317
95 83 398
95 84 787
95 85 147
95 86 727
95 87 711
95 88 149
95 89 836
95 90 415
95 91 443
95 92 506
95 93 342
95 94 505
95 96 777
95 97 612
95 98 606
95 99 852
95 100 620
96 1 298
96 2 979
96 3 40
96 4 370
96 5 303
96 6 547
96 7 163
96 8 134
96 9 817
96 10 432
96 11 401
96 12 220
96 13 831
96 14 78
96 15 86
96 16 696
96 17 179
96 18 593
96 19 461
96 20 284
96 21 940
96 22 804
96 23 109
96 24 580
96 25 1080
96 26 753
96 27 554
96 28 758
96 29 360
96 30 898
96 31 545
96 32 325
96 33 1003
96 34 795
96 35 527
96 36 378
96 37 521
96 38 199
96 39 549
96 40 263
96 41 716
96 42 486
96 43 946
96 44 736
96 45 801
96 46 507
96 47 326
96 48 1135
96 49 791
96 50 873
96 51 594
96 52 837
96 53 622
96 54 378
96 55 175
96 56 682
96 57 683
96 58 893
96 59 297
96 60 278
96 61 751
96 62 269
96 63 481
96 64 741
96 65 871
96 66 274
96 67 512
96 68 896
96 69 767
96 70 773
96 71 517
96 72 139
96 73 683
96 74 521
96 75 625
96 76 326
96 77 623
96 78 578
96 79 893
96 80 149
96 81 772
96 82 461
96 83 969
96 84 258
96 85 631
96 86 157
96 87 688
96 88 692
96 89 766
96 90 728
96 91 360
96 92 1198
96 93 886
96 94 739
96 95 777
96 97 544
96 98 361
96 99 703
96 100 475
97 1 532
97 2 740
97 3 542
97 4 444
97 5 479
97 6 175
97 7 704
97 8 659
97 9 750
97 10 484
97 11 184
97 12 490
97 13 337
97 14 581
97 15 485
97 16 233
97 17 375
97 18 257
97 19 395
97 20 327
97 21 750
97 22 814
97 23 469
97 24 812
97 25 777
97 26 210
97 27 524
97 28 803
97 29 301
97 30 446
97 31 100
97 32 226
97 33 771
97 34 335
97 35 434
97 36 272
97 37 744
97 38 401
97 39 779
97 40 367
97 41 652
97 42 220
97 43 657
97 44 864
97 45 315
97 46 648
97 47 591
97 48 779
97 49 647
97 50 666
97 51 174
97 52 822
97 53 112
97 54 250
97 55 707
97 56 617
97 57 140
97 58 484
97 59 281
97 60 334
97 61 429
97 62 474
97 63 95
97 64 696
97 65 632
97 66 325
97 67 790
97 68 693
97 69 691
97 70 736
97 71 499
97 72 556
97 73 857
97 74 709
97 75 249
97 76 527
97 77 428
97 78 322
97 79 374
97 80 689
97 81 244
97 82 446
97 83 555
97 84 351
97 85 523
97 86 632
97 87 159
97 88 642
97 89 273
97 90 285
97 91 328
97 92 814
97 93 489
97 94 241
97 95 612
97 96 544
97 98 707
97 99 255
97 100 71
98 1 176
98 2 810
98 3 324
98 4 290
98 5 231
98 6 614
98 7 339
98 8 282
98 9 574
98 10 296
98 11 642
98 12 227
98 13 880
98 14 426
98 15 432
98 16 919
98 17 389
98 18 610
98 19 392
98 20 584
98 21 747
98 22 521
98 23 452
98 24 230
98 25 937
98 26 882
98 27 385
98 28 464
98 29 412
98 30 897
98 31 655
98 32 501
98 33 825
98 34 822
98 35 423
98 36 441
98 37 185
98 38 330
98 39 203
98 40 343
98 41 498
98 42 536
98 43 816
98 44 406
98 45 848
98 46 234
98 47 121
98 48 1023
98 49 603
98 50 704
98 51 825
98 52 562
98 53 812
98 54 654
98 55 298
98 56 477
98 57 829
98 58 859
98 59 569
98 60 581
98 61 693
98 62 233
98 63 686
98 64 504
98 65 724
98 66 571
98 67 154
98 68 720
98 69 542
98 70 523
98 71 364
98 72 228
98 73 341
98 74 207
98 75 650
98 76 189
98 77 532
98 78 552
98 79 961
98 80 398
98 81 869
98 82 352
98 83 925
98 84 566
98 85 475
98 86 216
98 87 865
98 88 474
98 89 974
98 90 760
98 91 388
98 92 1101
98 93 845
98 94 811
98 95 606
98 96 361
98 97 707
98 99 934
98 100 654
99 1 765
99 2 956
99 3 713
99 4 690
99 5 715
99 6 423
99 7 864
99 8 832
99 9 998
99 10 735
99 11 305
99 12 709
99 13 461
99 14 716
99 15 626
99 16 27
99 17 564
99 18 498
99 19 649
99 20 428
99 21 979
99 22 1067
99 23 604
99 24 1059
99 25 969
99 26 267
99 27 779
99 28 1058
99 29 544
99 30 589
99 31 348
99 32 433
99 33 988
99 34 496
99 35 688
99 36 518
99 37 990
99 38 610
99 39 1026
99 40 592
99 41 903
99 42 475
99 43 863
99 44 1119
99 45 455
99 46 899
99 47 824
99 48 947
99 49 889
99 50 895
99 51 111
99 52 1073
99 53 148
99 54 329
99 55 876
99 56 869
99 57 226
99 58 653
99 59 406
99 60 435
99 61 647
99 62 703
99 63 248
99 64 948
99 65 856
99 66 434
99 67 1032
99 68 921
99 69 940
99 70 988
99 71 754
99 72 754
99 73 1110
99 74 958
99 75 480
99 76 764
99 77 675
99 78 570
99 79 448
99 80 832
99 81 341
99 82 699
99 83 710
99 84 455
99 85 775
99 86 823
99 87 152
99 88 894
99 89 87
99 90 472
99 91 572
99 92 962
99 93 664
99 94 391
99 95 852
99 96 703
99 97 255
99 98 934
99 100 287
100 1 482
100 2 764
100 3 474
100 4 404
100 5 430
100 6 190
100 7 635
100 8 591
100 9 748
100 10 451
100 11 122
100 12 433
100 13 399
100 14 511
100 15 414
100 16 268
100 17 309
100 18 275
100 19 371
100 20 259
100 21 767
100 22 803
100 23 398
100 24 774
100 25 812
100 26 281
100 27 507
100 28 787
100 29 258
100 30 502
100 31 126
100 32 161
100 33 795
100 34 390
100 35 419
100 36 232
100 37 704
100 38 339
100 39 740
100 40 311
100 41 646
100 42 210
100 43 687
100 44 839
100 45 375
100 46 614
100 47 541
100 48 823
100 49 653
100 50 683
100 51 186
100 52 815
100 53 160
100 54 191
100 55 639
100 56 610
100 57 210
100 58 532
100 59 212
100 60 267
100 61 457
100 62 421
100 63 54
100 64 689
100 65 654
100 66 257
100 67 746
100 68 710
100 69 689
100 70 730
100 71 478
100 72 492
100 73 826
100 74 672
100 75 277
100 76 479
100 77 431
100 78 327
100 79 442
100 80 619
100 81 312
100 82 419
100 83 605
100 84 283
100 85 518
100 86 567
100 87 219
100 88 633
100 89 321
100 90 334
100 91 286
100 92 862
100 93 535
100 94 303
100 95 620
100 96 475
100 97 71
100 98 654
100 99 287
