nnodes nedges type capacity P s t
100  4950  graph  1000 100 1 100 
nodename posx posy itemvalue itemweight
1 173 681 0 0
2 536 235 9 50
3 706 706 42 8
4 437 661 34 39
5 234 7 13 46
6 726 537 18 20
7 588 528 50 26
8 203 633 6 50
9 551 808 19 14
10 513 49 21 8
11 625 222 21 17
12 391 805 33 45
13 83 129 31 29
14 174 474 10 39
15 626 376 19 46
16 326 152 19 33
17 409 862 42 27
18 739 116 34 35
19 921 176 34 17
20 129 507 24 46
21 535 207 15 41
22 44 123 16 14
23 735 248 18 21
24 108 638 15 38
25 408 621 36 37
26 39 33 45 6
27 196 431 3 29
28 191 631 3 33
29 560 365 8 12
30 106 539 21 28
31 94 784 7 42
32 691 503 13 50
33 998 782 18 46
34 971 271 35 4
35 958 101 15 8
36 778 493 49 29
37 308 175 50 16
38 968 396 44 20
39 775 76 38 10
40 34 535 7 25
41 49 426 46 4
42 568 597 31 48
43 857 111 32 33
44 581 769 32 41
45 477 687 46 4
46 308 571 19 2
47 823 351 45 33
48 74 173 2 15
49 133 398 28 38
50 445 91 18 44
51 499 575 47 18
52 936 159 24 46
53 102 904 34 19
54 907 877 15 23
55 332 942 28 24
56 412 734 48 25
57 368 333 29 30
58 331 577 24 10
59 796 912 14 5
60 346 273 3 9
61 951 655 9 23
62 196 126 10 5
63 358 623 5 13
64 300 492 19 34
65 21 97 2 38
66 583 520 30 48
67 672 872 6 5
68 31 127 44 41
69 128 939 24 10
70 356 461 13 3
71 233 121 33 12
72 195 953 28 11
73 454 878 41 1
74 530 602 23 4
75 791 228 8 27
76 876 94 14 16
77 235 72 49 26
78 221 594 22 5
79 695 521 38 43
80 86 716 38 40
81 970 21 30 17
82 588 642 37 35
83 893 620 22 32
84 121 22 25 47
85 911 478 44 40
86 835 144 1 26
87 599 382 1 28
88 97 405 39 44
89 260 627 31 13
90 7 403 49 38
91 207 883 39 13
92 498 443 5 39
93 308 71 38 26
94 37 355 43 27
95 944 123 18 32
96 424 914 18 50
97 144 12 1 5
98 908 390 34 24
99 984 30 38 11
100 764 895 0 0
endpoint1 endpoint2 weight
1 2 576
1 3 534
1 4 265
1 5 677
1 6 572
1 7 443
1 8 57
1 9 399
1 10 718
1 11 645
1 12 251
1 13 560
1 14 208
1 15 547
1 16 551
1 17 298
1 18 800
1 19 903
1 20 180
1 21 597
1 22 573
1 23 710
1 24 78
1 25 243
1 26 662
1 27 252
1 28 54
1 29 500
1 30 158
1 31 130
1 32 548
1 33 832
1 34 898
1 35 977
1 36 634
1 37 524
1 38 845
1 39 854
1 40 202
1 41 284
1 42 404
1 43 891
1 44 418
1 45 305
1 46 175
1 47 729
1 48 518
1 49 286
1 50 650
1 51 343
1 52 925
1 53 235
1 54 760
1 55 306
1 56 245
1 57 399
1 58 190
1 59 665
1 60 444
1 61 779
1 62 556
1 63 194
1 64 228
1 65 604
1 66 441
1 67 535
1 68 572
1 69 262
1 70 287
1 71 564
1 72 273
1 73 344
1 74 366
1 75 767
1 76 916
1 77 613
1 78 100
1 79 546
1 80 94
1 81 1035
1 82 417
1 83 723
1 84 662
1 85 766
1 86 853
1 87 521
1 88 287
1 89 103
1 90 324
1 91 205
1 92 403
1 93 625
1 94 354
1 95 952
1 96 343
1 97 670
1 98 791
1 99 1040
1 100 629
2 1 576
2 3 501
2 4 438
2 5 379
2 6 357
2 7 298
2 8 519
2 9 574
2 10 188
2 11 90
2 12 589
2 13 466
2 14 434
2 15 168
2 16 226
2 17 640
2 18 236
2 19 390
2 20 490
2 21 29
2 22 505
2 23 200
2 24 588
2 25 407
2 26 537
2 27 393
2 28 526
2 29 133
2 30 527
2 31 705
2 32 310
2 33 716
2 34 437
2 35 443
2 36 354
2 37 236
2 38 462
2 39 288
2 40 585
2 41 524
2 42 364
2 43 345
2 44 536
2 45 456
2 46 407
2 47 310
2 48 467
2 49 435
2 50 171
2 51 343
2 52 408
2 53 798
2 54 742
2 55 736
2 56 515
2 57 195
2 58 399
2 59 726
2 60 194
2 61 591
2 62 358
2 63 427
2 64 349
2 65 534
2 66 289
2 67 652
2 68 517
2 69 814
2 70 289
2 71 324
2 72 795
2 73 649
2 74 368
2 75 256
2 76 369
2 77 343
2 78 478
2 79 328
2 80 659
2 81 484
2 82 411
2 83 526
2 84 467
2 85 447
2 86 313
2 87 160
2 88 471
2 89 480
2 90 556
2 91 727
2 92 212
2 93 281
2 94 514
2 95 424
2 96 689
2 97 451
2 98 403
2 99 493
2 100 699
3 1 534
3 2 501
3 4 273
3 5 844
3 6 171
3 7 214
3 8 509
3 9 186
3 10 685
3 11 491
3 12 331
3 13 850
3 14 581
3 15 340
3 16 672
3 17 336
3 18 591
3 19 572
3 20 611
3 21 528
3 22 883
3 23 459
3 24 602
3 25 310
3 26 948
3 27 580
3 28 521
3 29 371
3 30 623
3 31 617
3 32 204
3 33 302
3 34 510
3 35 656
3 36 225
3 37 664
3 38 406
3 39 634
3 40 694
3 41 715
3 42 176
3 43 614
3 44 140
3 45 230
3 46 421
3 47 374
3 48 827
3 49 651
3 50 669
3 51 245
3 52 594
3 53 636
3 54 264
3 55 443
3 56 296
3 57 504
3 58 397
3 59 225
3 60 564
3 61 251
3 62 773
3 63 358
3 64 459
3 65 917
3 66 223
3 67 170
3 68 890
3 69 624
3 70 428
3 71 753
3 72 568
3 73 306
3 74 205
3 75 486
3 76 636
3 77 790
3 78 498
3 79 186
3 80 621
3 81 735
3 82 135
3 83 206
3 84 901
3 85 307
3 86 577
3 87 342
3 88 680
3 89 453
3 90 762
3 91 530
3 92 336
3 93 750
3 94 756
3 95 630
3 96 351
3 97 894
3 98 376
3 99 731
3 100 198
4 1 265
4 2 438
4 3 273
4 5 685
4 6 315
4 7 202
4 8 236
4 9 187
4 10 617
4 11 478
4 12 152
4 13 640
4 14 323
4 15 342
4 16 521
4 17 203
4 18 624
4 19 686
4 20 345
4 21 465
4 22 667
4 23 510
4 24 330
4 25 50
4 26 744
4 27 334
4 28 248
4 29 321
4 30 353
4 31 365
4 32 300
4 33 574
4 34 662
4 35 765
4 36 381
4 37 503
4 38 594
4 39 676
4 40 423
4 41 454
4 42 146
4 43 693
4 44 180
4 45 48
4 46 158
4 47 496
4 48 609
4 49 402
4 50 571
4 51 107
4 52 708
4 53 414
4 54 518
4 55 300
4 56 78
4 57 336
4 58 136
4 59 439
4 60 399
4 61 515
4 62 587
4 63 88
4 64 218
4 65 701
4 66 203
4 67 316
4 68 671
4 69 416
4 70 216
4 71 578
4 72 380
4 73 218
4 74 111
4 75 560
4 76 718
4 77 623
4 78 227
4 79 294
4 80 356
4 81 833
4 82 153
4 83 458
4 84 713
4 85 509
4 86 653
4 87 323
4 88 426
4 89 181
4 90 502
4 91 320
4 92 227
4 93 604
4 94 504
4 95 740
4 96 254
4 97 713
4 98 544
4 99 836
4 100 403
5 1 677
5 2 379
5 3 844
5 4 685
5 6 724
5 7 630
5 8 627
5 9 862
5 10 283
5 11 447
5 12 814
5 13 195
5 14 471
5 15 539
5 16 172
5 17 873
5 18 517
5 19 708
5 20 511
5 21 362
5 22 223
5 23 556
5 24 644
5 25 639
5 26 197
5 27 426
5 28 626
5 29 485
5 30 548
5 31 790
5 32 675
5 33 1089
5 34 783
5 35 731
5 36 730
5 37 184
5 38 831
5 39 546
5 40 565
5 41 459
5 42 678
5 43 632
5 44 838
5 45 723
5 46 569
5 47 683
5 48 231
5 49 404
5 50 228
5 51 627
5 52 719
5 53 907
5 54 1100
5 55 941
5 56 749
5 57 353
5 58 579
5 59 1066
5 60 289
5 61 967
5 62 125
5 63 629
5 64 490
5 65 232
5 66 621
5 67 970
5 68 236
5 69 939
5 70 471
5 71 115
5 72 947
5 73 899
5 74 665
5 75 600
5 76 648
5 77 66
5 78 588
5 79 691
5 80 725
5 81 737
5 82 728
5 83 901
5 84 114
5 85 825
5 86 617
5 87 524
5 88 421
5 89 621
5 90 457
5 91 877
5 92 510
5 93 98
5 94 400
5 95 720
5 96 927
5 97 91
5 98 776
5 99 751
5 100 1035
6 1 572
6 2 357
6 3 171
6 4 315
6 5 724
6 7 139
6 8 532
6 9 323
6 10 533
6 11 331
6 12 430
6 13 762
6 14 556
6 15 190
6 16 556
6 17 454
6 18 422
6 19 411
6 20 598
6 21 382
6 22 798
6 23 290
6 24 627
6 25 329
6 26 853
6 27 541
6 28 544
6 29 240
6 30 621
6 31 679
6 32 49
6 33 367
6 34 362
6 35 494
6 36 69
6 37 553
6 38 281
6 39 464
6 40 693
6 41 687
6 42 170
6 43 446
6 44 274
6 45 291
6 46 420
6 47 210
6 48 747
6 49 610
6 50 528
6 51 231
6 52 433
6 53 724
6 54 386
6 55 566
6 56 371
6 57 413
6 58 398
6 59 382
6 60 463
6 61 255
6 62 671
6 63 378
6 64 429
6 65 832
6 66 145
6 67 340
6 68 807
6 69 721
6 70 378
6 71 646
6 72 675
6 73 437
6 74 207
6 75 316
6 76 468
6 77 677
6 78 509
6 79 35
6 80 665
6 81 571
6 82 174
6 83 187
6 84 795
6 85 195
6 86 408
6 87 201
6 88 643
6 89 475
6 90 732
6 91 624
6 92 247
6 93 627
6 94 713
6 95 468
6 96 484
6 97 784
6 98 234
6 99 569
6 100 361
7 1 443
7 2 298
7 3 214
7 4 202
7 5 630
7 6 139
7 8 400
7 9 283
7 10 485
7 11 309
7 12 340
7 13 644
7 14 418
7 15 157
7 16 459
7 17 379
7 18 439
7 19 485
7 20 460
7 21 326
7 22 679
7 23 317
7 24 493
7 25 203
7 26 740
7 27 404
7 28 411
7 29 166
7 30 483
7 31 557
7 32 106
7 33 483
7 34 462
7 35 566
7 36 194
7 37 451
7 38 403
7 39 490
7 40 555
7 41 549
7 42 72
7 43 497
7 44 242
7 45 194
7 46 284
7 47 295
7 48 625
7 49 474
7 50 460
7 51 101
7 52 508
7 53 615
7 54 473
7 55 487
7 56 271
7 57 294
7 58 262
7 59 437
7 60 352
7 61 385
7 62 562
7 63 249
7 64 291
7 65 713
7 66 10
7 67 355
7 68 687
7 69 617
7 70 242
7 71 541
7 72 579
7 73 375
7 74 95
7 75 363
7 76 521
7 77 577
7 78 373
7 79 108
7 80 537
7 81 635
7 82 114
7 83 319
7 84 689
7 85 327
7 86 457
7 87 147
7 88 507
7 89 343
7 90 595
7 91 521
7 92 124
7 93 536
7 94 578
7 95 540
7 96 420
7 97 681
7 98 349
7 99 637
7 100 408
8 1 57
8 2 519
8 3 509
8 4 236
8 5 627
8 6 532
8 7 400
8 9 390
8 10 662
8 11 590
8 12 255
8 13 519
8 14 162
8 15 495
8 16 497
8 17 309
8 18 745
8 19 852
8 20 147
8 21 541
8 22 535
8 23 657
8 24 96
8 25 206
8 26 623
8 27 203
8 28 13
8 29 447
8 30 136
8 31 187
8 32 506
8 33 809
8 34 850
8 35 924
8 36 592
8 37 470
8 38 801
8 39 799
8 40 196
8 41 259
8 42 367
8 43 837
8 44 402
8 45 280
8 46 122
8 47 682
8 48 478
8 49 246
8 50 594
8 51 302
8 52 873
8 53 290
8 54 746
8 55 335
8 56 233
8 57 343
8 58 140
8 59 656
8 60 388
8 61 749
8 62 508
8 63 156
8 64 172
8 65 567
8 66 397
8 67 527
8 68 535
8 69 316
8 70 231
8 71 513
8 72 321
8 73 351
8 74 329
8 75 714
8 76 863
8 77 562
8 78 43
8 79 505
8 80 144
8 81 982
8 82 386
8 83 691
8 84 617
8 85 725
8 86 800
8 87 469
8 88 252
8 89 58
8 90 303
8 91 251
8 92 351
8 93 572
8 94 324
8 95 900
8 96 358
8 97 624
8 98 746
8 99 987
8 100 620
9 1 399
9 2 574
9 3 186
9 4 187
9 5 862
9 6 323
9 7 283
9 8 390
9 10 760
9 11 591
9 12 161
9 13 825
9 14 504
9 15 439
9 16 694
9 17 152
9 18 718
9 19 733
9 20 519
9 21 602
9 22 853
9 23 590
9 24 475
9 25 236
9 26 929
9 27 518
9 28 402
9 29 444
9 30 520
9 31 458
9 32 336
9 33 448
9 34 682
9 35 816
9 36 389
9 37 679
9 38 587
9 39 766
9 40 585
9 41 631
9 42 212
9 43 762
9 44 50
9 45 142
9 46 340
9 47 532
9 48 795
9 49 586
9 50 725
9 51 239
9 52 755
9 53 460
9 54 363
9 55 257
9 56 158
9 57 510
9 58 319
9 59 267
9 60 573
9 61 429
9 62 769
9 63 268
9 64 404
9 65 887
9 66 290
9 67 137
9 68 857
9 69 443
9 70 399
9 71 758
9 72 385
9 73 120
9 74 208
9 75 628
9 76 785
9 77 801
9 78 394
9 79 322
9 80 475
9 81 892
9 82 171
9 83 391
9 84 896
9 85 489
9 86 723
9 87 429
9 88 608
9 89 343
9 90 679
9 91 353
9 92 369
9 93 777
9 94 686
9 95 790
9 96 166
9 97 895
9 98 550
9 99 891
9 100 231
10 1 718
10 2 188
10 3 685
10 4 617
10 5 283
10 6 533
10 7 485
10 8 662
10 9 760
10 11 207
10 12 766
10 13 438
10 14 544
10 15 346
10 16 214
10 17 820
10 18 236
10 19 428
10 20 598
10 21 160
10 22 475
10 23 299
10 24 715
10 25 582
10 26 475
10 27 497
10 28 666
10 29 320
10 30 637
10 31 847
10 32 488
10 33 879
10 34 509
10 35 449
10 36 518
10 37 241
10 38 573
10 39 264
10 40 683
10 41 598
10 42 551
10 43 350
10 44 724
10 45 640
10 46 561
10 47 433
10 48 457
10 49 516
10 50 80
10 51 527
10 52 438
10 53 949
10 54 917
10 55 912
10 56 693
10 57 319
10 58 559
10 59 909
10 60 280
10 61 748
10 62 327
10 63 595
10 64 492
10 65 495
10 66 477
10 67 839
10 68 489
10 69 970
10 70 441
10 71 290
10 72 959
10 73 832
10 74 554
10 75 331
10 76 366
10 77 279
10 78 619
10 79 506
10 80 792
10 81 458
10 82 598
10 83 686
10 84 393
10 85 586
10 86 336
10 87 344
10 88 548
10 89 631
10 90 618
10 91 889
10 92 395
10 93 207
10 94 566
10 95 438
10 96 870
10 97 371
10 98 522
10 99 472
10 100 883
11 1 645
11 2 90
11 3 491
11 4 478
11 5 447
11 6 331
11 7 309
11 8 590
11 9 591
11 10 207
11 12 629
11 13 550
11 14 517
11 15 155
11 16 308
11 17 676
11 18 156
11 19 300
11 20 573
11 21 92
11 22 590
11 23 114
11 24 664
11 25 455
11 26 616
11 27 478
11 28 597
11 29 158
11 30 609
11 31 774
11 32 289
11 33 673
11 34 350
11 35 355
11 36 312
11 37 321
11 38 385
11 39 210
11 40 669
11 41 612
11 42 380
11 43 258
11 44 549
11 45 488
11 46 472
11 47 237
11 48 554
11 49 523
11 50 223
11 51 375
11 52 318
11 53 860
11 54 714
11 55 778
11 56 555
11 57 280
11 58 461
11 59 711
11 60 284
11 61 543
11 62 440
11 63 482
11 64 423
11 65 617
11 66 301
11 67 652
11 68 602
11 69 873
11 70 360
11 71 405
11 72 849
11 73 678
11 74 392
11 75 167
11 76 282
11 77 418
11 78 550
11 79 308
11 80 732
11 81 400
11 82 422
11 83 480
11 84 543
11 85 384
11 86 225
11 87 163
11 88 559
11 89 546
11 90 644
11 91 783
11 92 255
11 93 352
11 94 603
11 95 335
11 96 721
11 97 525
11 98 330
11 99 408
11 100 688
12 1 251
12 2 589
12 3 331
12 4 152
12 5 814
12 6 430
12 7 340
12 8 255
12 9 161
12 10 766
12 11 629
12 13 743
12 14 396
12 15 490
12 16 657
12 17 60
12 18 772
12 19 823
12 20 397
12 21 616
12 22 766
12 23 655
12 24 329
12 25 185
12 26 849
12 27 422
12 28 266
12 29 472
12 30 390
12 31 298
12 32 426
12 33 608
12 34 789
12 35 904
12 36 498
12 37 636
12 38 708
12 39 824
12 40 448
12 41 511
12 42 274
12 43 836
12 44 194
12 45 147
12 46 249
12 47 627
12 48 708
12 49 482
12 50 717
12 51 255
12 52 846
12 53 306
12 54 521
12 55 150
12 56 75
12 57 473
12 58 236
12 59 419
12 60 534
12 61 580
12 62 707
12 63 185
12 64 326
12 65 799
12 66 344
12 67 289
12 68 768
12 69 296
12 70 346
12 71 703
12 72 246
12 73 97
12 74 247
12 75 703
12 76 861
12 77 750
12 78 271
12 79 417
12 80 318
12 81 975
12 82 256
12 83 536
12 84 829
12 85 615
12 86 797
12 87 472
12 88 497
12 89 222
12 90 556
12 91 200
12 92 378
12 93 739
12 94 573
12 95 879
12 96 114
12 97 831
12 98 663
12 99 976
12 100 384
13 1 560
13 2 466
13 3 850
13 4 640
13 5 195
13 6 762
13 7 644
13 8 519
13 9 825
13 10 438
13 11 550
13 12 743
13 14 357
13 15 597
13 16 245
13 17 803
13 18 657
13 19 840
13 20 381
13 21 459
13 22 40
13 23 663
13 24 510
13 25 590
13 26 106
13 27 323
13 28 514
13 29 533
13 30 411
13 31 656
13 32 714
13 33 1125
13 34 900
13 35 876
13 36 785
13 37 230
13 38 925
13 39 695
13 40 409
13 41 299
13 42 674
13 43 775
13 44 811
13 45 684
13 46 496
13 47 773
13 48 45
13 49 274
13 50 364
13 51 610
13 52 854
13 53 776
13 54 1113
13 55 851
13 56 689
13 57 351
13 58 513
13 59 1059
13 60 300
13 61 1015
13 62 114
13 63 566
13 64 423
13 65 70
13 66 635
13 67 949
13 68 53
13 69 812
13 70 430
13 71 151
13 72 832
13 73 836
13 74 651
13 75 715
13 76 794
13 77 163
13 78 486
13 79 727
13 80 588
13 81 894
13 82 720
13 83 948
13 84 114
13 85 899
13 86 753
13 87 575
13 88 277
13 89 529
13 90 285
13 91 765
13 92 521
13 93 233
13 94 231
13 95 862
13 96 856
13 97 132
13 98 866
13 99 907
13 100 1025
14 1 208
14 2 434
14 3 581
14 4 323
14 5 471
14 6 556
14 7 418
14 8 162
14 9 504
14 10 544
14 11 517
14 12 396
14 13 357
14 15 463
14 16 357
14 17 454
14 18 669
14 19 805
14 20 56
14 21 450
14 22 375
14 23 605
14 24 177
14 25 277
14 26 462
14 27 49
14 28 158
14 29 402
14 30 95
14 31 321
14 32 518
14 33 880
14 34 823
14 35 869
14 36 605
14 37 328
14 38 798
14 39 721
14 40 153
14 41 134
14 42 413
14 43 774
14 44 503
14 45 371
14 46 166
14 47 661
14 48 318
14 49 87
14 50 470
14 51 341
14 52 825
14 53 436
14 54 837
14 55 494
14 56 353
14 57 240
14 58 188
14 59 761
14 60 265
14 61 798
14 62 349
14 63 237
14 64 128
14 65 407
14 66 412
14 67 638
14 68 376
14 69 468
14 70 183
14 71 358
14 72 480
14 73 492
14 74 379
14 75 665
14 76 799
14 77 407
14 78 129
14 79 524
14 80 258
14 81 916
14 82 447
14 83 734
14 84 456
14 85 738
14 86 739
14 87 435
14 88 104
14 89 176
14 90 182
14 91 411
14 92 326
14 93 425
14 94 182
14 95 847
14 96 507
14 97 463
14 98 739
14 99 924
14 100 725
15 1 547
15 2 168
15 3 340
15 4 342
15 5 539
15 6 190
15 7 157
15 8 495
15 9 439
15 10 346
15 11 155
15 12 490
15 13 597
15 14 463
15 16 375
15 17 533
15 18 284
15 19 357
15 20 514
15 21 192
15 22 635
15 23 169
15 24 581
15 25 328
15 26 680
15 27 434
15 28 505
15 29 67
15 30 545
15 31 671
15 32 143
15 33 551
15 34 361
15 35 432
15 36 192
15 37 377
15 38 343
15 39 335
15 40 613
15 41 580
15 42 229
15 43 352
15 44 396
15 45 345
15 46 374
15 47 199
15 48 589
15 49 494
15 50 338
15 51 237
15 52 379
15 53 744
15 54 575
15 55 638
15 56 418
15 57 262
15 58 357
15 59 563
15 60 299
15 61 429
15 62 498
15 63 365
15 64 347
15 65 667
15 66 151
15 67 499
15 68 646
15 69 752
15 70 284
15 71 469
15 72 721
15 73 531
15 74 246
15 75 222
15 76 377
15 77 496
15 78 460
15 79 161
15 80 639
15 81 495
15 82 269
15 83 362
15 84 617
15 85 303
15 86 313
15 87 28
15 88 530
15 89 444
15 90 620
15 91 658
15 92 145
15 93 441
15 94 590
15 95 407
15 96 575
15 97 605
15 98 283
15 99 498
15 100 538
16 1 551
16 2 226
16 3 672
16 4 521
16 5 172
16 6 556
16 7 459
16 8 497
16 9 694
16 10 214
16 11 308
16 12 657
16 13 245
16 14 357
16 15 375
16 17 715
16 18 415
16 19 596
16 20 406
16 21 217
16 22 284
16 23 421
16 24 533
16 25 477
16 26 311
16 27 308
16 28 498
16 29 317
16 30 446
16 31 674
16 32 507
16 33 922
16 34 656
16 35 635
16 36 567
16 37 30
16 38 687
16 39 456
16 40 482
16 41 390
16 42 507
16 43 533
16 44 668
16 45 556
16 46 420
16 47 536
16 48 253
16 49 313
16 50 134
16 51 458
16 52 611
16 53 785
16 54 930
16 55 791
16 56 589
16 57 186
16 58 426
16 59 894
16 60 123
16 61 803
16 62 133
16 63 473
16 64 341
16 65 310
16 66 449
16 67 799
16 68 297
16 69 812
16 70 311
16 71 99
16 72 812
16 73 738
16 74 495
16 75 472
16 76 554
16 77 122
16 78 455
16 79 522
16 80 613
16 81 658
16 82 556
16 83 736
16 84 243
16 85 670
16 86 510
16 87 357
16 88 342
16 89 480
16 90 406
16 91 741
16 92 339
16 93 83
16 94 354
16 95 619
16 96 769
16 97 230
16 98 629
16 99 670
16 100 863
17 1 298
17 2 640
17 3 336
17 4 203
17 5 873
17 6 454
17 7 379
17 8 309
17 9 152
17 10 820
17 11 676
17 12 60
17 13 803
17 14 454
17 15 533
17 16 715
17 18 816
17 19 857
17 20 453
17 21 668
17 22 825
17 23 696
17 24 376
17 25 242
17 26 908
17 27 481
17 28 318
17 29 520
17 30 443
17 31 325
17 32 457
17 33 595
17 34 816
17 35 939
17 36 522
17 37 695
17 38 728
17 39 868
17 40 498
17 41 566
17 42 310
17 43 875
17 44 196
17 45 188
17 46 309
17 47 658
17 48 767
17 49 540
17 50 772
17 51 301
17 52 879
17 53 310
17 54 499
17 55 112
17 56 129
17 57 531
17 58 296
17 59 391
17 60 593
17 61 581
17 62 767
17 63 245
17 64 386
17 65 858
17 66 384
17 67 264
17 68 827
17 69 292
17 70 405
17 71 762
17 72 233
17 73 48
17 74 287
17 75 741
17 76 899
17 77 809
17 78 328
17 79 446
17 80 355
17 81 1011
17 82 284
17 83 542
17 84 888
17 85 633
17 86 835
17 87 517
17 88 554
17 89 279
17 90 611
17 91 204
17 92 429
17 93 798
17 94 629
17 95 913
17 96 55
17 97 891
17 98 687
17 99 1012
17 100 357
18 1 800
18 2 236
18 3 591
18 4 624
18 5 517
18 6 422
18 7 439
18 8 745
18 9 718
18 10 236
18 11 156
18 12 772
18 13 657
18 14 669
18 15 284
18 16 415
18 17 816
18 19 192
18 20 725
18 21 224
18 22 696
18 23 133
18 24 819
18 25 604
18 26 705
18 27 628
18 28 753
18 29 307
18 30 762
18 31 929
18 32 390
18 33 715
18 34 280
18 35 220
18 36 380
18 37 436
18 38 362
18 39 54
18 40 821
18 41 757
18 42 511
18 43 119
18 44 672
18 45 629
18 46 627
18 47 250
18 48 668
18 49 669
18 50 296
18 51 518
18 52 202
18 53 1014
18 54 780
18 55 921
18 56 700
18 57 430
18 58 616
18 59 799
18 60 424
18 61 580
18 62 544
18 63 635
18 64 579
18 65 719
18 66 434
18 67 759
18 68 709
18 69 1026
18 70 516
18 71 507
18 72 999
18 73 814
18 74 530
18 75 124
18 76 139
18 77 506
18 78 705
18 79 408
18 80 887
18 81 250
18 82 548
18 83 528
18 84 626
18 85 401
18 86 100
18 87 301
18 88 705
18 89 701
18 90 787
18 91 934
18 92 407
18 93 434
18 94 742
18 95 206
18 96 858
18 97 605
18 98 322
18 99 260
18 100 780
19 1 903
19 2 390
19 3 572
19 4 686
19 5 708
19 6 411
19 7 485
19 8 852
19 9 733
19 10 428
19 11 300
19 12 823
19 13 840
19 14 805
19 15 357
19 16 596
19 17 857
19 18 192
19 20 859
19 21 388
19 22 879
19 23 200
19 24 936
19 25 680
19 26 894
19 27 769
19 28 861
19 29 408
19 30 893
19 31 1027
19 32 400
19 33 611
19 34 108
19 35 84
19 36 348
19 37 614
19 38 225
19 39 177
19 40 957
19 41 908
19 42 550
19 43 92
19 44 684
19 45 677
19 46 730
19 47 201
19 48 848
19 49 819
19 50 484
19 51 581
19 52 23
19 53 1096
19 54 702
19 55 967
19 56 756
19 57 575
19 58 714
19 59 747
19 60 584
19 61 480
19 62 727
19 63 719
19 64 697
19 65 904
19 66 483
19 67 740
19 68 892
19 69 1101
19 70 633
19 71 691
19 72 1064
19 73 844
19 74 579
19 75 141
19 76 94
19 77 694
19 78 816
19 79 413
19 80 995
19 81 163
19 82 573
19 83 445
19 84 815
19 85 303
19 86 92
19 87 383
19 88 856
19 89 801
19 90 942
19 91 1005
19 92 501
19 93 622
19 94 902
19 95 58
19 96 890
19 97 795
19 98 215
19 99 160
19 100 736
20 1 180
20 2 490
20 3 611
20 4 345
20 5 511
20 6 598
20 7 460
20 8 147
20 9 519
20 10 598
20 11 573
20 12 397
20 13 381
20 14 56
20 15 514
20 16 406
20 17 453
20 18 725
20 19 859
20 21 505
20 22 394
20 23 660
20 24 133
20 25 302
20 26 483
20 27 102
20 28 139
20 29 454
20 30 40
20 31 280
20 32 563
20 33 912
20 34 875
20 35 924
20 36 650
20 37 378
20 38 847
20 39 777
20 40 100
20 41 114
20 42 449
20 43 829
20 44 523
20 45 392
20 46 191
20 47 712
20 48 339
20 49 110
20 50 523
20 51 377
20 52 879
20 53 398
20 54 862
20 55 481
20 56 363
20 57 296
20 58 214
20 59 781
20 60 320
20 61 836
20 62 387
20 63 257
20 64 172
20 65 424
20 66 455
20 67 655
20 68 393
20 69 433
20 70 232
20 71 400
20 72 451
20 73 494
20 74 413
20 75 719
20 76 854
20 77 448
20 78 127
20 79 567
20 80 214
20 81 972
20 82 479
20 83 773
20 84 486
20 85 783
20 86 794
20 87 487
20 88 107
20 89 178
20 90 161
20 91 385
20 92 375
20 93 472
20 94 178
20 95 901
20 96 503
20 97 496
20 98 788
20 99 980
20 100 745
21 1 597
21 2 29
21 3 528
21 4 465
21 5 362
21 6 382
21 7 326
21 8 541
21 9 602
21 10 160
21 11 92
21 12 616
21 13 459
21 14 450
21 15 192
21 16 217
21 17 668
21 18 224
21 19 388
21 20 505
21 22 499
21 23 205
21 24 607
21 25 434
21 26 526
21 27 407
21 28 546
21 29 160
21 30 543
21 31 727
21 32 335
21 33 739
21 34 441
21 35 437
21 36 376
21 37 230
21 38 473
21 39 274
21 40 599
21 41 534
21 42 392
21 43 337
21 44 564
21 45 484
21 46 429
21 47 322
21 48 463
21 49 446
21 50 147
21 51 370
21 52 404
21 53 821
21 54 767
21 55 763
21 56 542
21 57 210
21 58 423
21 59 752
21 60 201
21 61 612
21 62 349
21 63 453
21 64 370
21 65 526
21 66 317
21 67 679
21 68 511
21 69 838
21 70 311
21 71 315
21 72 820
21 73 676
21 74 396
21 75 257
21 76 360
21 77 329
21 78 499
21 79 353
21 80 679
21 81 474
21 82 439
21 83 547
21 84 454
21 85 464
21 86 307
21 87 187
21 88 481
21 89 503
21 90 564
21 91 752
21 92 239
21 93 265
21 94 520
21 95 418
21 96 716
21 97 437
21 98 416
21 99 483
21 100 726
22 1 573
22 2 505
22 3 883
22 4 667
22 5 223
22 6 798
22 7 679
22 8 535
22 9 853
22 10 475
22 11 590
22 12 766
22 13 40
22 14 375
22 15 635
22 16 284
22 17 825
22 18 696
22 19 879
22 20 394
22 21 499
22 23 703
22 24 519
22 25 617
22 26 91
22 27 344
22 28 529
22 29 570
22 30 421
22 31 663
22 32 751
22 33 1160
22 34 939
22 35 915
22 36 822
22 37 270
22 38 964
22 39 733
22 40 413
22 41 304
22 42 707
22 43 814
22 44 841
22 45 712
22 46 520
22 47 812
22 48 59
22 49 290
22 50 403
22 51 642
22 52 893
22 53 784
22 54 1146
22 55 869
22 56 714
22 57 387
22 58 538
22 59 1090
22 60 338
22 61 1052
22 62 153
22 63 591
22 64 450
22 65 35
22 66 670
22 67 978
22 68 14
22 69 821
22 70 460
22 71 190
22 72 844
22 73 860
22 74 683
22 75 755
22 76 833
22 77 198
22 78 504
22 79 764
22 80 595
22 81 932
22 82 752
22 83 984
22 84 128
22 85 937
22 86 792
22 87 613
22 88 287
22 89 549
22 90 283
22 91 778
22 92 556
22 93 270
22 94 233
22 95 900
22 96 878
22 97 150
22 98 905
22 99 945
22 100 1056
23 1 710
23 2 200
23 3 459
23 4 510
23 5 556
23 6 290
23 7 317
23 8 657
23 9 590
23 10 299
23 11 114
23 12 655
23 13 663
23 14 605
23 15 169
23 16 421
23 17 696
23 18 133
23 19 200
23 20 660
23 21 205
23 22 703
23 24 739
23 25 497
23 26 729
23 27 570
23 28 666
23 29 211
23 30 694
23 31 836
23 32 259
23 33 596
23 34 238
23 35 268
23 36 249
23 37 434
23 38 277
23 39 177
23 40 758
23 41 709
23 42 387
23 43 184
23 44 544
23 45 510
23 46 536
23 47 136
23 48 666
23 49 621
23 50 330
23 51 404
23 52 220
23 53 912
23 54 653
23 55 803
23 56 584
23 57 377
23 58 522
23 59 667
23 60 390
23 61 461
23 62 553
23 63 532
23 64 499
23 65 730
23 66 312
23 67 628
23 68 715
23 69 920
23 70 435
23 71 518
23 72 889
23 73 690
23 74 410
23 75 60
23 76 209
23 77 531
23 78 620
23 79 276
23 80 801
23 81 327
23 82 421
23 83 405
23 84 655
23 85 290
23 86 145
23 87 191
23 88 658
23 89 608
23 90 745
23 91 826
23 92 307
23 93 463
23 94 707
23 95 244
23 96 736
23 97 637
23 98 224
23 99 331
23 100 648
24 1 78
24 2 588
24 3 602
24 4 330
24 5 644
24 6 627
24 7 493
24 8 96
24 9 475
24 10 715
24 11 664
24 12 329
24 13 510
24 14 177
24 15 581
24 16 533
24 17 376
24 18 819
24 19 936
24 20 133
24 21 607
24 22 519
24 23 739
24 25 301
24 26 609
24 27 225
24 28 84
24 29 529
24 30 100
24 31 147
24 32 599
24 33 902
24 34 938
24 35 1006
24 36 686
24 37 505
24 38 894
24 39 873
24 40 127
24 41 221
24 42 462
24 43 916
24 44 491
24 45 373
24 46 211
24 47 771
24 48 467
24 49 242
24 50 643
24 51 397
24 52 957
24 53 267
24 54 834
24 55 378
24 56 319
24 57 401
24 58 232
24 59 741
24 60 436
24 61 844
24 62 520
24 63 251
24 64 242
24 65 548
24 66 490
24 67 611
24 68 517
24 69 302
24 70 305
24 71 532
24 72 327
24 73 422
24 74 424
24 75 797
24 76 942
24 77 581
24 78 122
24 79 599
24 80 82
24 81 1061
24 82 481
24 83 786
24 84 617
24 85 819
24 86 879
24 87 554
24 88 234
24 89 153
24 90 256
24 91 265
24 92 437
24 93 602
24 94 292
24 95 982
24 96 420
24 97 628
24 98 838
24 99 1067
24 100 705
25 1 243
25 2 407
25 3 310
25 4 50
25 5 639
25 6 329
25 7 203
25 8 206
25 9 236
25 10 582
25 11 455
25 12 185
25 13 590
25 14 277
25 15 328
25 16 477
25 17 242
25 18 604
25 19 680
25 20 302
25 21 434
25 22 617
25 23 497
25 24 301
25 26 695
25 27 285
25 28 218
25 29 298
25 30 313
25 31 354
25 32 307
25 33 612
25 34 663
25 35 757
25 36 392
25 37 458
25 38 604
25 39 658
25 40 384
25 41 409
25 42 162
25 43 680
25 44 228
25 45 96
25 46 112
25 47 496
25 48 559
25 49 355
25 50 532
25 51 102
25 52 702
25 53 417
25 54 561
25 55 330
25 56 114
25 57 291
25 58 89
25 59 485
25 60 354
25 61 545
25 62 539
25 63 51
25 64 169
25 65 652
25 66 203
25 67 365
25 68 622
25 69 424
25 70 169
25 71 530
25 72 395
25 73 262
25 74 124
25 75 549
25 76 705
25 77 576
25 78 189
25 79 304
25 80 336
25 81 823
25 82 182
25 83 486
25 84 665
25 85 523
25 86 641
25 87 306
25 88 379
25 89 149
25 90 457
25 91 331
25 92 200
25 93 560
25 94 457
25 95 732
25 96 294
25 97 664
25 98 551
25 99 826
25 100 450
26 1 662
26 2 537
26 3 948
26 4 744
26 5 197
26 6 853
26 7 740
26 8 623
26 9 929
26 10 475
26 11 616
26 12 849
26 13 106
26 14 462
26 15 680
26 16 311
26 17 908
26 18 705
26 19 894
26 20 483
26 21 526
26 22 91
26 23 729
26 24 609
26 25 695
26 27 428
26 28 618
26 29 618
26 30 511
26 31 754
26 32 804
26 33 1217
26 34 962
26 35 922
26 36 871
26 37 305
26 38 998
26 39 738
26 40 503
26 41 394
26 42 774
26 43 822
26 44 915
26 45 788
26 46 602
26 47 847
26 48 145
26 49 377
26 50 411
26 51 711
26 52 906
26 53 874
26 54 1211
26 55 956
26 56 795
26 57 446
26 58 618
26 59 1161
26 60 390
26 61 1104
26 62 183
26 63 671
26 64 529
26 65 67
26 66 731
26 67 1052
26 68 95
26 69 911
26 70 533
26 71 214
26 72 934
26 73 942
26 74 752
26 75 777
26 76 840
26 77 200
26 78 590
26 79 818
26 80 685
26 81 932
26 82 820
26 83 1037
26 84 83
26 85 979
26 86 804
26 87 660
26 88 377
26 89 634
26 90 372
26 91 867
26 92 616
26 93 272
26 94 323
26 95 910
26 96 962
26 97 108
26 98 940
26 99 946
26 100 1127
27 1 252
27 2 393
27 3 580
27 4 334
27 5 426
27 6 541
27 7 404
27 8 203
27 9 518
27 10 497
27 11 478
27 12 422
27 13 323
27 14 49
27 15 434
27 16 308
27 17 481
27 18 628
27 19 769
27 20 102
27 21 407
27 22 344
27 23 570
27 24 225
27 25 285
27 26 428
27 28 201
27 29 370
27 30 141
27 31 368
27 32 501
27 33 876
27 34 792
27 35 831
27 36 586
27 37 280
27 38 773
27 39 680
27 40 193
27 41 148
27 42 408
27 43 735
27 44 513
27 45 381
27 46 180
27 47 633
27 48 286
27 49 72
27 50 422
27 51 336
27 52 789
27 53 483
27 54 840
27 55 529
27 56 373
27 57 198
27 58 199
27 59 769
27 60 218
27 61 788
27 62 305
27 63 252
27 64 121
27 65 378
27 66 398
27 67 649
27 68 346
27 69 513
27 70 163
27 71 313
27 72 523
27 73 517
27 74 376
27 75 629
27 76 759
27 77 362
27 78 165
27 79 508
27 80 306
27 81 876
27 82 446
27 83 723
27 84 416
27 85 717
27 86 701
27 87 406
27 88 103
27 89 207
27 90 192
27 91 453
27 92 303
27 93 378
27 94 177
27 95 809
27 96 535
27 97 423
27 98 714
27 99 885
27 100 734
28 1 54
28 2 526
28 3 521
28 4 248
28 5 626
28 6 544
28 7 411
28 8 13
28 9 402
28 10 666
28 11 597
28 12 266
28 13 514
28 14 158
28 15 505
28 16 498
28 17 318
28 18 753
28 19 861
28 20 139
28 21 546
28 22 529
28 23 666
28 24 84
28 25 218
28 26 618
28 27 201
28 29 455
28 30 126
28 31 182
28 32 517
28 33 822
28 34 860
28 35 933
28 36 604
28 37 471
28 38 812
28 39 806
28 40 185
28 41 250
28 42 379
28 43 845
28 44 414
28 45 292
28 46 132
28 47 692
28 48 473
28 49 241
28 50 597
28 51 314
28 52 882
28 53 288
28 54 758
28 55 342
28 56 244
28 57 347
28 58 151
28 59 668
28 60 391
28 61 761
28 62 506
28 63 168
28 64 177
28 65 561
28 66 408
28 67 538
28 68 529
28 69 315
28 70 237
28 71 512
28 72 323
28 73 361
28 74 341
28 75 723
28 76 871
28 77 561
28 78 48
28 79 516
28 80 136
28 81 990
28 82 398
28 83 703
28 84 614
28 85 737
28 86 808
28 87 478
28 88 245
28 89 70
28 90 293
28 91 253
28 92 360
28 93 573
28 94 317
28 95 909
28 96 367
28 97 621
28 98 757
28 99 996
28 100 631
29 1 500
29 2 133
29 3 371
29 4 321
29 5 485
29 6 240
29 7 166
29 8 447
29 9 444
29 10 320
29 11 158
29 12 472
29 13 533
29 14 402
29 15 67
29 16 317
29 17 520
29 18 307
29 19 408
29 20 454
29 21 160
29 22 570
29 23 211
29 24 529
29 25 298
29 26 618
29 27 370
29 28 455
29 30 487
29 31 627
29 32 191
29 33 605
29 34 422
29 35 478
29 36 253
29 37 316
29 38 410
29 39 361
29 40 553
29 41 515
29 42 233
29 43 391
29 44 405
29 45 333
29 46 326
29 47 264
29 48 523
29 49 429
29 50 298
29 51 219
29 52 429
29 53 708
29 54 619
29 55 621
29 56 398
29 57 195
29 58 313
29 59 596
29 60 233
29 61 487
29 62 436
29 63 328
29 64 290
29 65 602
29 66 157
29 67 520
29 68 581
29 69 719
29 70 226
29 71 409
29 72 693
29 73 524
29 74 239
29 75 269
29 76 417
29 77 438
29 78 410
29 79 207
29 80 590
29 81 536
29 82 279
29 83 420
29 84 558
29 85 369
29 86 353
29 87 43
29 88 465
29 89 399
29 90 555
29 91 627
29 92 100
29 93 388
29 94 524
29 95 454
29 96 566
29 97 546
29 98 349
29 99 541
29 100 568
30 1 158
30 2 527
30 3 623
30 4 353
30 5 548
30 6 621
30 7 483
30 8 136
30 9 520
30 10 637
30 11 609
30 12 390
30 13 411
30 14 95
30 15 545
30 16 446
30 17 443
30 18 762
30 19 893
30 20 40
30 21 543
30 22 421
30 23 694
30 24 100
30 25 313
30 26 511
30 27 141
30 28 126
30 29 487
30 31 246
30 32 587
30 33 925
30 34 906
30 35 958
30 36 674
30 37 417
30 38 874
30 39 814
30 40 73
30 41 127
30 42 466
30 43 865
30 44 528
30 45 400
30 46 205
30 47 742
30 48 368
30 49 144
30 50 562
30 51 395
30 52 913
30 53 366
30 54 870
30 55 463
30 56 363
30 57 334
30 58 229
30 59 785
30 60 359
30 61 853
30 62 423
30 63 266
30 64 200
30 65 451
30 66 478
30 67 657
30 68 419
30 69 401
30 70 262
30 71 437
30 72 424
30 73 486
30 74 429
30 75 753
30 76 890
30 77 485
30 78 128
30 79 590
30 80 179
30 81 1008
30 82 493
30 83 792
30 84 518
30 85 808
30 86 830
30 87 518
30 88 135
30 89 178
30 90 169
30 91 359
30 92 404
30 93 510
30 94 197
30 95 936
30 96 492
30 97 529
30 98 816
30 99 1015
30 100 749
31 1 130
31 2 705
31 3 617
31 4 365
31 5 790
31 6 679
31 7 557
31 8 187
31 9 458
31 10 847
31 11 774
31 12 298
31 13 656
31 14 321
31 15 671
31 16 674
31 17 325
31 18 929
31 19 1027
31 20 280
31 21 727
31 22 663
31 23 836
31 24 147
31 25 354
31 26 754
31 27 368
31 28 182
31 29 627
31 30 246
31 32 660
31 33 905
31 34 1017
31 35 1102
31 36 744
31 37 646
31 38 957
31 39 983
31 40 257
31 41 361
31 42 510
31 43 1018
31 44 488
31 45 396
31 46 302
31 47 848
31 48 612
31 49 388
31 50 777
31 51 456
31 52 1049
31 53 121
31 54 819
31 55 286
31 56 322
31 57 528
31 58 315
31 59 714
31 60 570
31 61 867
31 62 666
31 63 310
31 64 358
31 65 691
31 66 556
31 67 585
31 68 661
31 69 159
31 70 416
31 71 678
31 72 197
31 73 373
31 74 473
31 75 892
31 76 1043
31 77 726
31 78 229
31 79 657
31 80 69
31 81 1162
31 82 515
31 83 816
31 84 763
31 85 873
31 86 980
31 87 646
31 88 380
31 89 229
31 90 391
31 91 151
31 92 529
31 93 745
31 94 433
31 95 1077
31 96 355
31 97 774
31 98 905
31 99 1167
31 100 680
32 1 548
32 2 310
32 3 204
32 4 300
32 5 675
32 6 49
32 7 106
32 8 506
32 9 336
32 10 488
32 11 289
32 12 426
32 13 714
32 14 518
32 15 143
32 16 507
32 17 457
32 18 390
32 19 400
32 20 563
32 21 335
32 22 751
32 23 259
32 24 599
32 25 307
32 26 804
32 27 501
32 28 517
32 29 191
32 30 587
32 31 660
32 33 415
32 34 364
32 35 483
32 36 88
32 37 505
32 38 297
32 39 436
32 40 658
32 41 647
32 42 155
32 43 426
32 44 288
32 45 283
32 46 389
32 47 202
32 48 700
32 49 568
32 50 480
32 51 206
32 52 423
32 53 713
32 54 432
32 55 568
32 56 363
32 57 366
32 58 368
32 59 423
32 60 415
32 61 302
32 62 623
32 63 354
32 64 392
32 65 784
32 66 110
32 67 370
32 68 760
32 69 713
32 70 338
32 71 597
32 72 670
32 73 444
32 74 190
32 75 293
32 76 449
32 77 628
32 78 479
32 79 19
32 80 642
32 81 557
32 82 174
32 83 234
32 84 746
32 85 222
32 86 387
32 87 153
32 88 603
32 89 449
32 90 692
32 91 616
32 92 203
32 93 578
32 94 671
32 95 457
32 96 491
32 97 736
32 98 245
32 99 557
32 100 399
33 1 832
33 2 716
33 3 302
33 4 574
33 5 1089
33 6 367
33 7 483
33 8 809
33 9 448
33 10 879
33 11 673
33 12 608
33 13 1125
33 14 880
33 15 551
33 16 922
33 17 595
33 18 715
33 19 611
33 20 912
33 21 739
33 22 1160
33 23 596
33 24 902
33 25 612
33 26 1217
33 27 876
33 28 822
33 29 605
33 30 925
33 31 905
33 32 415
33 34 512
33 35 683
33 36 364
33 37 919
33 38 388
33 39 741
33 40 996
33 41 1014
33 42 469
33 43 686
33 44 418
33 45 530
33 46 722
33 47 466
33 48 1107
33 49 947
33 50 886
33 51 541
33 52 627
33 53 905
33 54 132
33 55 685
33 56 588
33 57 774
33 58 698
33 59 241
33 60 828
33 61 136
33 62 1037
33 63 660
33 64 756
33 65 1194
33 66 491
33 67 339
33 68 1168
33 69 885
33 70 718
33 71 1012
33 72 822
33 73 553
33 74 502
33 75 592
33 76 699
33 77 1043
33 78 800
33 79 400
33 80 915
33 81 762
33 82 434
33 83 194
33 84 1161
33 85 317
33 86 659
33 87 565
33 88 977
33 89 755
33 90 1062
33 91 798
33 92 605
33 93 991
33 94 1052
33 95 662
33 96 589
33 97 1150
33 98 403
33 99 753
33 100 260
34 1 898
34 2 437
34 3 510
34 4 662
34 5 783
34 6 362
34 7 462
34 8 850
34 9 682
34 10 509
34 11 350
34 12 789
34 13 900
34 14 823
34 15 361
34 16 656
34 17 816
34 18 280
34 19 108
34 20 875
34 21 441
34 22 939
34 23 238
34 24 938
34 25 663
34 26 962
34 27 792
34 28 860
34 29 422
34 30 906
34 31 1017
34 32 364
34 33 512
34 35 171
34 36 295
34 37 670
34 38 126
34 39 277
34 40 974
34 41 935
34 42 519
34 43 197
34 44 633
34 45 646
34 46 728
34 47 169
34 48 903
34 49 848
34 50 556
34 51 562
34 52 118
34 53 1076
34 54 610
34 55 927
34 56 726
34 57 607
34 58 710
34 59 665
34 60 626
34 61 385
34 62 789
34 63 707
34 64 707
34 65 966
34 66 462
34 67 672
34 68 951
34 69 1076
34 70 644
34 71 754
34 72 1034
34 73 798
34 74 552
34 75 186
34 76 201
34 77 763
34 78 817
34 79 373
34 80 991
34 81 251
34 82 534
34 83 358
34 84 886
34 85 216
34 86 187
34 87 389
34 88 885
34 89 796
34 90 973
34 91 979
34 92 504
34 93 693
34 94 938
34 95 151
34 96 845
34 97 867
34 98 135
34 99 242
34 100 658
35 1 977
35 2 443
35 3 656
35 4 765
35 5 731
35 6 494
35 7 566
35 8 924
35 9 816
35 10 449
35 11 355
35 12 904
35 13 876
35 14 869
35 15 432
35 16 635
35 17 939
35 18 220
35 19 84
35 20 924
35 21 437
35 22 915
35 23 268
35 24 1006
35 25 757
35 26 922
35 27 831
35 28 933
35 29 478
35 30 958
35 31 1102
35 32 483
35 33 683
35 34 171
35 36 432
35 37 655
35 38 296
35 39 185
35 40 1021
35 41 966
35 42 631
35 43 102
35 44 768
35 45 759
35 46 803
35 47 285
35 48 887
35 49 877
35 50 514
35 51 660
35 52 63
35 53 1174
35 54 778
35 55 1049
35 56 836
35 57 634
35 58 788
35 59 828
35 60 636
35 61 555
35 62 763
35 63 796
35 64 766
35 65 938
35 66 563
35 67 823
35 68 928
35 69 1180
35 70 702
35 71 726
35 72 1144
35 73 927
35 74 659
35 75 210
35 76 83
35 77 724
35 78 887
35 79 496
35 80 1068
35 81 81
35 82 656
35 83 524
35 84 841
35 85 380
35 86 131
35 87 456
35 88 914
35 89 875
35 90 998
35 91 1085
35 92 574
35 93 651
35 94 956
35 95 27
35 96 973
35 97 819
35 98 294
35 99 76
35 100 818
36 1 634
36 2 354
36 3 225
36 4 381
36 5 730
36 6 69
36 7 194
36 8 592
36 9 389
36 10 518
36 11 312
36 12 498
36 13 785
36 14 605
36 15 192
36 16 567
36 17 522
36 18 380
36 19 348
36 20 650
36 21 376
36 22 822
36 23 249
36 24 686
36 25 392
36 26 871
36 27 586
36 28 604
36 29 253
36 30 674
36 31 744
36 32 88
36 33 364
36 34 295
36 35 432
36 37 568
36 38 214
36 39 418
36 40 746
36 41 733
36 42 235
36 43 391
36 44 340
36 45 359
36 46 477
36 47 149
36 48 774
36 49 652
36 50 523
36 51 291
36 52 370
36 53 792
36 54 406
36 55 633
36 56 439
36 57 441
36 58 455
36 59 420
36 60 485
36 61 238
36 62 689
36 63 440
36 64 479
36 65 855
36 66 197
36 67 394
36 68 832
36 69 789
36 70 424
36 71 660
36 72 743
36 73 504
36 74 271
36 75 266
36 76 411
36 77 688
36 78 567
36 79 88
36 80 728
36 81 510
36 82 242
36 83 172
36 84 809
36 85 134
36 86 354
36 87 211
36 88 687
36 89 536
36 90 777
36 91 692
36 92 285
36 93 632
36 94 754
36 95 406
36 96 551
36 97 796
36 98 166
36 99 507
36 100 403
37 1 524
37 2 236
37 3 664
37 4 503
37 5 184
37 6 553
37 7 451
37 8 470
37 9 679
37 10 241
37 11 321
37 12 636
37 13 230
37 14 328
37 15 377
37 16 30
37 17 695
37 18 436
37 19 614
37 20 378
37 21 230
37 22 270
37 23 434
37 24 505
37 25 458
37 26 305
37 27 280
37 28 471
37 29 316
37 30 417
37 31 646
37 32 505
37 33 919
37 34 670
37 35 655
37 36 568
37 38 697
37 39 478
37 40 453
37 41 361
37 42 496
37 43 553
37 44 654
37 45 540
37 46 396
37 47 545
37 48 235
37 49 284
37 50 161
37 51 444
37 52 629
37 53 758
37 54 923
37 55 768
37 56 569
37 57 170
37 58 403
37 59 884
37 60 106
37 61 803
37 62 123
37 63 451
37 64 318
37 65 298
37 66 442
37 67 787
37 68 282
37 69 785
37 70 290
37 71 93
37 72 787
37 73 719
37 74 482
37 75 486
37 76 574
37 77 127
37 78 428
37 79 520
37 80 585
37 81 680
37 82 545
37 83 736
37 84 242
37 85 675
37 86 528
37 87 358
37 88 313
37 89 455
37 90 378
37 91 716
37 92 329
37 93 104
37 94 326
37 95 639
37 96 749
37 97 232
37 98 638
37 99 692
37 100 853
38 1 845
38 2 462
38 3 406
38 4 594
38 5 831
38 6 281
38 7 403
38 8 801
38 9 587
38 10 573
38 11 385
38 12 708
38 13 925
38 14 798
38 15 343
38 16 687
38 17 728
38 18 362
38 19 225
38 20 847
38 21 473
38 22 964
38 23 277
38 24 894
38 25 604
38 26 998
38 27 773
38 28 812
38 29 410
38 30 874
38 31 957
38 32 297
38 33 388
38 34 126
38 35 296
38 36 214
38 37 697
38 39 374
38 40 945
38 41 920
38 42 448
38 43 306
38 44 538
38 45 571
38 46 683
38 47 152
38 48 922
38 49 836
38 50 606
38 51 502
38 52 240
38 53 1005
38 54 485
38 55 839
38 56 651
38 57 604
38 58 663
38 59 544
38 60 635
38 61 260
38 62 818
38 63 651
38 64 675
38 65 994
38 66 405
38 67 561
38 68 975
38 69 1001
38 70 616
38 71 785
38 72 953
38 73 705
38 74 485
38 75 245
38 76 316
38 77 802
38 78 773
38 79 301
38 80 939
38 81 376
38 82 453
38 83 237
38 84 926
38 85 100
38 86 285
38 87 370
38 88 872
38 89 745
38 90 962
38 91 904
38 92 473
38 93 736
38 94 932
38 95 275
38 96 752
38 97 910
38 98 61
38 99 367
38 100 540
39 1 854
39 2 288
39 3 634
39 4 676
39 5 546
39 6 464
39 7 490
39 8 799
39 9 766
39 10 264
39 11 210
39 12 824
39 13 695
39 14 721
39 15 335
39 16 456
39 17 868
39 18 54
39 19 177
39 20 777
39 21 274
39 22 733
39 23 177
39 24 873
39 25 658
39 26 738
39 27 680
39 28 806
39 29 361
39 30 814
39 31 983
39 32 436
39 33 741
39 34 277
39 35 185
39 36 418
39 37 478
39 38 374
39 40 872
39 41 806
39 42 561
39 43 90
39 44 720
39 45 680
39 46 681
39 47 280
39 48 708
39 49 719
39 50 331
39 51 571
39 52 182
39 53 1068
39 54 812
39 55 973
39 56 752
39 57 482
39 58 670
39 59 837
39 60 473
39 61 606
39 62 582
39 63 688
39 64 632
39 65 755
39 66 484
39 67 803
39 68 746
39 69 1079
39 70 570
39 71 544
39 72 1052
39 73 864
39 74 581
39 75 153
39 76 103
39 77 541
39 78 759
39 79 453
39 80 941
39 81 203
39 82 597
39 83 557
39 84 657
39 85 425
39 86 91
39 87 354
39 88 754
39 89 755
39 90 835
39 91 987
39 92 460
39 93 468
39 94 789
39 95 176
39 96 909
39 97 635
39 98 342
39 99 215
39 100 820
40 1 202
40 2 585
40 3 694
40 4 423
40 5 565
40 6 693
40 7 555
40 8 196
40 9 585
40 10 683
40 11 669
40 12 448
40 13 409
40 14 153
40 15 613
40 16 482
40 17 498
40 18 821
40 19 957
40 20 100
40 21 599
40 22 413
40 23 758
40 24 127
40 25 384
40 26 503
40 27 193
40 28 185
40 29 553
40 30 73
40 31 257
40 32 658
40 33 996
40 34 974
40 35 1021
40 36 746
40 37 453
40 38 945
40 39 872
40 41 111
40 42 538
40 43 926
40 44 595
40 45 469
40 46 277
40 47 811
40 48 365
40 49 170
40 50 606
40 51 467
40 52 978
40 53 376
40 54 938
40 55 505
40 56 428
40 57 391
40 58 300
40 59 851
40 60 408
40 61 925
40 62 440
40 63 336
40 64 270
40 65 439
40 66 550
40 67 722
40 68 409
40 69 415
40 70 331
40 71 460
40 72 448
40 73 543
40 74 501
40 75 817
40 76 951
40 77 505
40 78 197
40 79 662
40 80 189
40 81 1068
40 82 565
40 83 864
40 84 521
40 85 879
40 86 892
40 87 586
40 88 145
40 89 245
40 90 135
40 91 389
40 92 474
40 93 539
40 94 181
40 95 999
40 96 544
40 97 535
40 98 886
40 99 1076
40 100 814
41 1 284
41 2 524
41 3 715
41 4 454
41 5 459
41 6 687
41 7 549
41 8 259
41 9 631
41 10 598
41 11 612
41 12 511
41 13 299
41 14 134
41 15 580
41 16 390
41 17 566
41 18 757
41 19 908
41 20 114
41 21 534
41 22 304
41 23 709
41 24 221
41 25 409
41 26 394
41 27 148
41 28 250
41 29 515
41 30 127
41 31 361
41 32 647
41 33 1014
41 34 935
41 35 966
41 36 733
41 37 361
41 38 920
41 39 806
41 40 111
41 42 547
41 43 868
41 44 633
41 45 502
41 46 297
41 47 778
41 48 255
41 49 89
41 50 519
41 51 475
41 52 927
41 53 481
41 54 970
41 55 589
41 56 477
41 57 333
41 58 320
41 59 892
41 60 335
41 61 931
41 62 335
41 63 367
41 64 260
41 65 331
41 66 543
41 67 767
41 68 300
41 69 520
41 70 309
41 71 357
41 72 547
41 73 607
41 74 513
41 75 768
41 76 892
41 77 400
41 78 241
41 79 653
41 80 293
41 81 1007
41 82 581
41 83 867
41 84 411
41 85 864
41 86 836
41 87 552
41 88 53
41 89 292
41 90 48
41 91 484
41 92 450
41 93 440
41 94 73
41 95 945
41 96 616
41 97 425
41 98 860
41 99 1016
41 100 856
42 1 404
42 2 364
42 3 176
42 4 146
42 5 678
42 6 170
42 7 72
42 8 367
42 9 212
42 10 551
42 11 380
42 12 274
42 13 674
42 14 413
42 15 229
42 16 507
42 17 310
42 18 511
42 19 550
42 20 449
42 21 392
42 22 707
42 23 387
42 24 462
42 25 162
42 26 774
42 27 408
42 28 379
42 29 233
42 30 466
42 31 510
42 32 155
42 33 469
42 34 519
42 35 631
42 36 235
42 37 496
42 38 448
42 39 561
42 40 538
42 41 547
42 43 566
42 44 173
42 45 128
42 46 262
42 47 355
42 48 652
42 49 479
42 50 521
42 51 73
42 52 573
42 53 559
42 54 440
42 55 418
42 56 208
42 57 332
42 58 238
42 59 389
42 60 393
42 61 388
42 62 601
42 63 212
42 64 288
42 65 742
42 66 79
42 67 295
42 68 714
42 69 558
42 70 252
42 71 583
42 72 516
42 73 304
42 74 39
42 75 432
42 76 590
42 77 622
42 78 348
42 79 149
42 80 497
42 81 703
42 82 50
42 83 326
42 84 729
42 85 364
42 86 526
42 87 218
42 88 509
42 89 310
42 90 594
42 91 461
42 92 170
42 93 587
42 94 584
42 95 606
42 96 349
42 97 723
42 98 399
42 99 704
42 100 357
43 1 891
43 2 345
43 3 614
43 4 693
43 5 632
43 6 446
43 7 497
43 8 837
43 9 762
43 10 350
43 11 258
43 12 836
43 13 775
43 14 774
43 15 352
43 16 533
43 17 875
43 18 119
43 19 92
43 20 829
43 21 337
43 22 814
43 23 184
43 24 916
43 25 680
43 26 822
43 27 735
43 28 845
43 29 391
43 30 865
43 31 1018
43 32 426
43 33 686
43 34 197
43 35 102
43 36 391
43 37 553
43 38 306
43 39 90
43 40 926
43 41 868
43 42 566
43 44 714
43 45 691
43 46 717
43 47 243
43 48 786
43 49 779
43 50 413
43 51 587
43 52 93
43 53 1095
43 54 768
43 55 983
43 56 766
43 57 538
43 58 703
43 59 804
43 60 537
43 61 553
43 62 662
43 63 715
43 64 675
43 65 837
43 66 493
43 67 784
43 68 827
43 69 1104
43 70 612
43 71 625
43 72 1072
43 73 867
43 74 590
43 75 135
43 76 26
43 77 624
43 78 799
43 79 441
43 80 981
43 81 145
43 82 596
43 83 511
43 84 742
43 85 371
43 86 40
43 87 375
43 88 815
43 89 790
43 90 899
43 91 1010
43 92 489
43 93 551
43 94 856
43 95 88
43 96 913
43 97 720
43 98 284
43 99 151
43 100 790
44 1 418
44 2 536
44 3 140
44 4 180
44 5 838
44 6 274
44 7 242
44 8 402
44 9 50
44 10 724
44 11 549
44 12 194
44 13 811
44 14 503
44 15 396
44 16 668
44 17 196
44 18 672
44 19 684
44 20 523
44 21 564
44 22 841
44 23 544
44 24 491
44 25 228
44 26 915
44 27 513
44 28 414
44 29 405
44 30 528
44 31 488
44 32 288
44 33 418
44 34 633
44 35 768
44 36 340
44 37 654
44 38 538
44 39 720
44 40 595
44 41 633
44 42 173
44 43 714
44 45 133
44 46 338
44 47 483
44 48 783
44 49 582
44 50 692
44 51 211
44 52 706
44 53 498
44 54 344
44 55 304
44 56 173
44 57 486
44 58 316
44 59 259
44 60 549
44 61 388
44 62 750
44 63 267
44 64 395
44 65 875
44 66 250
44 67 138
44 68 846
44 69 484
44 70 382
44 71 736
44 72 428
44 73 168
44 74 175
44 75 581
44 76 737
44 77 779
44 78 401
44 79 273
44 80 498
44 81 844
44 82 128
44 83 346
44 84 878
44 85 440
44 86 675
44 87 388
44 88 606
44 89 352
44 90 681
44 91 391
44 92 337
44 93 750
44 94 684
44 95 742
44 96 214
44 97 875
44 98 501
44 99 842
44 100 223
45 1 305
45 2 456
45 3 230
45 4 48
45 5 723
45 6 291
45 7 194
45 8 280
45 9 142
45 10 640
45 11 488
45 12 147
45 13 684
45 14 371
45 15 345
45 16 556
45 17 188
45 18 629
45 19 677
45 20 392
45 21 484
45 22 712
45 23 510
45 24 373
45 25 96
45 26 788
45 27 381
45 28 292
45 29 333
45 30 400
45 31 396
45 32 283
45 33 530
45 34 646
45 35 759
45 36 359
45 37 540
45 38 571
45 39 680
45 40 469
45 41 502
45 42 128
45 43 691
45 44 133
45 46 205
45 47 483
45 48 654
45 49 450
45 50 597
45 51 115
45 52 700
45 53 434
45 54 471
45 55 294
45 56 81
45 57 371
45 58 183
45 59 391
45 60 435
45 61 476
45 62 628
45 63 136
45 64 264
45 65 746
45 66 198
45 67 269
45 68 716
45 69 431
45 70 257
45 71 617
45 72 388
45 73 193
45 74 101
45 75 557
45 76 715
45 77 661
45 78 273
45 79 275
45 80 393
45 81 829
45 82 120
45 83 422
45 84 755
45 85 482
45 86 651
45 87 329
45 88 474
45 89 226
45 90 550
45 91 334
45 92 245
45 93 639
45 94 552
45 95 733
45 96 234
45 97 753
45 98 524
45 99 830
45 100 355
46 1 175
46 2 407
46 3 421
46 4 158
46 5 569
46 6 420
46 7 284
46 8 122
46 9 340
46 10 561
46 11 472
46 12 249
46 13 496
46 14 166
46 15 374
46 16 420
46 17 309
46 18 627
46 19 730
46 20 191
46 21 429
46 22 520
46 23 536
46 24 211
46 25 112
46 26 602
46 27 180
46 28 132
46 29 326
46 30 205
46 31 302
46 32 389
46 33 722
46 34 728
46 35 803
46 36 477
46 37 396
46 38 683
46 39 681
46 40 277
46 41 297
46 42 262
46 43 717
46 44 338
46 45 205
46 47 561
46 48 462
46 49 247
46 50 500
46 51 192
46 52 752
46 53 392
46 54 673
46 55 372
46 56 194
46 57 246
46 58 24
46 59 596
46 60 301
46 61 649
46 62 459
46 63 73
46 64 80
46 65 555
46 66 280
46 67 473
46 68 524
46 69 410
46 70 121
46 71 457
46 72 399
46 73 340
46 74 225
46 75 593
46 76 742
46 77 505
46 78 90
46 79 391
46 80 266
46 81 861
46 82 289
46 83 588
46 84 580
46 85 611
46 86 679
46 87 347
46 88 269
46 89 74
46 90 345
46 91 328
46 92 230
46 93 500
46 94 347
46 95 778
46 96 363
46 97 583
46 98 627
46 99 866
46 100 560
47 1 729
47 2 310
47 3 374
47 4 496
47 5 683
47 6 210
47 7 295
47 8 682
47 9 532
47 10 433
47 11 237
47 12 627
47 13 773
47 14 661
47 15 199
47 16 536
47 17 658
47 18 250
47 19 201
47 20 712
47 21 322
47 22 812
47 23 136
47 24 771
47 25 496
47 26 847
47 27 633
47 28 692
47 29 264
47 30 742
47 31 848
47 32 202
47 33 466
47 34 169
47 35 285
47 36 149
47 37 545
47 38 152
47 39 280
47 40 811
47 41 778
47 42 355
47 43 243
47 44 483
47 45 483
47 46 561
47 48 770
47 49 692
47 50 459
47 51 394
47 52 223
47 53 909
47 54 533
47 55 769
47 56 562
47 57 456
47 58 542
47 59 562
47 60 484
47 61 330
47 62 667
47 63 539
47 64 542
47 65 842
47 66 294
47 67 543
47 68 824
47 69 911
47 70 480
47 71 634
47 72 870
47 73 644
47 74 386
47 75 128
47 76 263
47 77 651
47 78 650
47 79 213
47 80 823
47 81 362
47 82 375
47 83 278
47 84 776
47 85 155
47 86 208
47 87 227
47 88 729
47 89 628
47 90 818
47 91 814
47 92 338
47 93 587
47 94 787
47 95 259
47 96 691
47 97 759
47 98 94
47 99 360
47 100 548
48 1 518
48 2 467
48 3 827
48 4 609
48 5 231
48 6 747
48 7 625
48 8 478
48 9 795
48 10 457
48 11 554
48 12 708
48 13 45
48 14 318
48 15 589
48 16 253
48 17 767
48 18 668
48 19 848
48 20 339
48 21 463
48 22 59
48 23 666
48 24 467
48 25 559
48 26 145
48 27 286
48 28 473
48 29 523
48 30 368
48 31 612
48 32 700
48 33 1107
48 34 903
48 35 887
48 36 774
48 37 235
48 38 922
48 39 708
48 40 365
48 41 255
48 42 652
48 43 786
48 44 783
48 45 654
48 46 462
48 47 770
48 49 233
48 50 380
48 51 586
48 52 863
48 53 732
48 54 1091
48 55 812
48 56 655
48 57 335
48 58 479
48 59 1034
48 60 290
48 61 1001
48 62 131
48 63 533
48 64 391
48 65 93
48 66 617
48 67 920
48 68 63
48 69 768
48 70 404
48 71 168
48 72 790
48 73 801
48 74 627
48 75 720
48 76 806
48 77 191
48 78 446
48 79 712
48 80 544
48 81 909
48 82 696
48 83 934
48 84 159
48 85 891
48 86 762
48 87 566
48 88 234
48 89 491
48 90 240
48 91 723
48 92 503
48 93 256
48 94 186
48 95 872
48 96 820
48 97 176
48 98 862
48 99 922
48 100 999
49 1 286
49 2 435
49 3 651
49 4 402
49 5 404
49 6 610
49 7 474
49 8 246
49 9 586
49 10 516
49 11 523
49 12 482
49 13 274
49 14 87
49 15 494
49 16 313
49 17 540
49 18 669
49 19 819
49 20 110
49 21 446
49 22 290
49 23 621
49 24 242
49 25 355
49 26 377
49 27 72
49 28 241
49 29 429
49 30 144
49 31 388
49 32 568
49 33 947
49 34 848
49 35 877
49 36 652
49 37 284
49 38 836
49 39 719
49 40 170
49 41 89
49 42 479
49 43 779
49 44 582
49 45 450
49 46 247
49 47 692
49 48 233
49 50 438
49 51 407
49 52 838
49 53 507
49 54 911
49 55 580
49 56 437
49 57 244
49 58 267
49 59 839
49 60 247
49 61 858
49 62 280
49 63 319
49 64 192
49 65 322
49 66 467
49 67 718
49 68 290
49 69 542
49 70 232
49 71 295
49 72 559
49 73 578
49 74 447
49 75 680
49 76 803
49 77 342
49 78 215
49 79 576
49 80 322
49 81 918
49 82 517
49 83 792
49 84 377
49 85 783
49 86 747
49 87 467
49 88 37
49 89 262
49 90 127
49 91 491
49 92 368
49 93 371
49 94 106
49 95 857
49 96 593
49 97 387
49 98 776
49 99 928
49 100 804
50 1 650
50 2 171
50 3 669
50 4 571
50 5 228
50 6 528
50 7 460
50 8 594
50 9 725
50 10 80
50 11 223
50 12 717
50 13 364
50 14 470
50 15 338
50 16 134
50 17 772
50 18 296
50 19 484
50 20 523
50 21 147
50 22 403
50 23 330
50 24 643
50 25 532
50 26 411
50 27 422
50 28 597
50 29 298
50 30 562
50 31 777
50 32 480
50 33 886
50 34 556
50 35 514
50 36 523
50 37 161
50 38 606
50 39 331
50 40 606
50 41 519
50 42 521
50 43 413
50 44 692
50 45 597
50 46 500
50 47 459
50 48 380
50 49 438
50 51 488
50 52 496
50 53 883
50 54 912
50 55 859
50 56 644
50 57 254
50 58 500
50 59 893
50 60 208
50 61 758
50 62 252
50 63 540
50 64 427
50 65 425
50 66 451
50 67 814
50 68 416
50 69 906
50 70 381
50 71 215
50 72 898
50 73 788
50 74 519
50 75 373
50 76 432
50 77 211
50 78 551
50 79 498
50 80 721
50 81 530
50 82 570
50 83 694
50 84 332
50 85 606
50 86 394
50 87 330
50 88 469
50 89 568
50 90 538
50 91 827
50 92 356
50 93 139
50 94 486
50 95 501
50 96 824
50 97 312
50 98 552
50 99 543
50 100 865
51 1 343
51 2 343
51 3 245
51 4 107
51 5 627
51 6 231
51 7 101
51 8 302
51 9 239
51 10 527
51 11 375
51 12 255
51 13 610
51 14 341
51 15 237
51 16 458
51 17 301
51 18 518
51 19 581
51 20 377
51 21 370
51 22 642
51 23 404
51 24 397
51 25 102
51 26 711
51 27 336
51 28 314
51 29 219
51 30 395
51 31 456
51 32 206
51 33 541
51 34 562
51 35 660
51 36 291
51 37 444
51 38 502
51 39 571
51 40 467
51 41 475
51 42 73
51 43 587
51 44 211
51 45 115
51 46 192
51 47 394
51 48 586
51 49 407
51 50 488
51 52 604
51 53 516
51 54 508
51 55 404
51 56 182
51 57 276
51 58 169
51 59 450
51 60 339
51 61 460
51 62 542
51 63 149
51 64 216
51 65 676
51 66 101
51 67 344
51 68 648
51 69 520
51 70 183
51 71 527
51 72 486
51 73 307
51 74 42
51 75 454
51 76 612
51 77 569
51 78 279
51 79 204
51 80 437
51 81 728
51 82 112
51 83 397
51 84 670
51 85 424
51 86 547
51 87 218
51 88 437
51 89 245
51 90 522
51 91 425
51 92 133
51 93 539
51 94 512
51 95 635
51 96 348
51 97 666
51 98 449
51 99 730
51 100 416
52 1 925
52 2 408
52 3 594
52 4 708
52 5 719
52 6 433
52 7 508
52 8 873
52 9 755
52 10 438
52 11 318
52 12 846
52 13 854
52 14 825
52 15 379
52 16 611
52 17 879
52 18 202
52 19 23
52 20 879
52 21 404
52 22 893
52 23 220
52 24 957
52 25 702
52 26 906
52 27 789
52 28 882
52 29 429
52 30 913
52 31 1049
52 32 423
52 33 627
52 34 118
52 35 63
52 36 370
52 37 629
52 38 240
52 39 182
52 40 978
52 41 927
52 42 573
52 43 93
52 44 706
52 45 700
52 46 752
52 47 223
52 48 863
52 49 838
52 50 496
52 51 604
52 53 1119
52 54 719
52 55 989
52 56 778
52 57 595
52 58 736
52 59 766
52 60 601
52 61 497
52 62 741
52 63 742
52 64 718
52 65 918
52 66 505
52 67 761
52 68 906
52 69 1124
52 70 654
52 71 705
52 72 1087
52 73 866
52 74 601
52 75 161
52 76 89
52 77 707
52 78 837
52 79 435
52 80 1017
52 81 143
52 82 596
52 83 464
52 84 827
52 85 320
52 86 103
52 87 405
52 88 875
52 89 823
52 90 961
52 91 1028
52 92 523
52 93 635
52 94 921
52 95 37
52 96 913
52 97 806
52 98 233
52 99 138
52 100 756
53 1 235
53 2 798
53 3 636
53 4 414
53 5 907
53 6 724
53 7 615
53 8 290
53 9 460
53 10 949
53 11 860
53 12 306
53 13 776
53 14 436
53 15 744
53 16 785
53 17 310
53 18 1014
53 19 1096
53 20 398
53 21 821
53 22 784
53 23 912
53 24 267
53 25 417
53 26 874
53 27 483
53 28 288
53 29 708
53 30 366
53 31 121
53 32 713
53 33 905
53 34 1076
53 35 1174
53 36 792
53 37 758
53 38 1005
53 39 1068
53 40 376
53 41 481
53 42 559
53 43 1095
53 44 498
53 45 434
53 46 392
53 47 909
53 48 732
53 49 507
53 50 883
53 51 516
53 52 1119
53 54 806
53 55 234
53 56 354
53 57 630
53 58 400
53 59 695
53 60 677
53 61 885
53 62 784
53 63 381
53 64 458
53 65 812
53 66 616
53 67 571
53 68 781
53 69 44
53 70 511
53 71 794
53 72 106
53 73 353
53 74 524
53 75 966
53 76 1121
53 77 843
53 78 333
53 79 706
53 80 189
53 81 1239
53 82 553
53 83 841
53 84 883
53 85 915
53 86 1056
53 87 721
53 88 500
53 89 319
53 90 510
53 91 108
53 92 608
53 93 859
53 94 553
53 95 1149
53 96 323
53 97 893
53 98 956
53 99 1242
53 100 663
54 1 760
54 2 742
54 3 264
54 4 518
54 5 1100
54 6 386
54 7 473
54 8 746
54 9 363
54 10 917
54 11 714
54 12 521
54 13 1113
54 14 837
54 15 575
54 16 930
54 17 499
54 18 780
54 19 702
54 20 862
54 21 767
54 22 1146
54 23 653
54 24 834
54 25 561
54 26 1211
54 27 840
54 28 758
54 29 619
54 30 870
54 31 819
54 32 432
54 33 132
54 34 610
54 35 778
54 36 406
54 37 923
54 38 485
54 39 812
54 40 938
54 41 970
54 42 440
54 43 768
54 44 344
54 45 471
54 46 673
54 47 533
54 48 1091
54 49 911
54 50 912
54 51 508
54 52 719
54 53 806
54 55 579
54 56 516
54 57 766
54 58 650
54 59 117
54 60 825
54 61 227
54 62 1035
54 63 605
54 64 719
54 65 1181
54 66 483
54 67 236
54 68 1154
54 69 782
54 70 691
54 71 1013
54 72 717
54 73 454
54 74 467
54 75 660
54 76 784
54 77 1049
54 78 743
54 79 415
54 80 837
54 81 859
54 82 397
54 83 258
54 84 1162
54 85 400
54 86 737
54 87 583
54 88 938
54 89 694
54 90 1018
54 91 701
54 92 597
54 93 1005
54 94 1015
54 95 755
54 96 485
54 97 1154
54 98 488
54 99 851
54 100 145
55 1 306
55 2 736
55 3 443
55 4 300
55 5 941
55 6 566
55 7 487
55 8 335
55 9 257
55 10 912
55 11 778
55 12 150
55 13 851
55 14 494
55 15 638
55 16 791
55 17 112
55 18 921
55 19 967
55 20 481
55 21 763
55 22 869
55 23 803
55 24 378
55 25 330
55 26 956
55 27 529
55 28 342
55 29 621
55 30 463
55 31 286
55 32 568
55 33 685
55 34 927
55 35 1049
55 36 633
55 37 768
55 38 839
55 39 973
55 40 505
55 41 589
55 42 418
55 43 983
55 44 304
55 45 294
55 46 372
55 47 769
55 48 812
55 49 580
55 50 859
55 51 404
55 52 989
55 53 234
55 54 579
55 56 223
55 57 611
55 58 366
55 59 465
55 60 670
55 61 683
55 62 828
55 63 321
55 64 452
55 65 901
55 66 492
55 67 348
55 68 869
55 69 205
55 70 482
55 71 827
55 72 138
55 73 138
55 74 394
55 75 849
55 76 1008
55 77 876
55 78 366
55 79 556
55 80 335
55 81 1121
55 82 395
55 83 647
55 84 944
55 85 742
55 86 944
55 87 621
55 88 587
55 89 324
55 90 630
55 91 139
55 92 526
55 93 872
55 94 657
55 95 1023
55 96 97
55 97 949
55 98 798
55 99 1122
55 100 435
56 1 245
56 2 515
56 3 296
56 4 78
56 5 749
56 6 371
56 7 271
56 8 233
56 9 158
56 10 693
56 11 555
56 12 75
56 13 689
56 14 353
56 15 418
56 16 589
56 17 129
56 18 700
56 19 756
56 20 363
56 21 542
56 22 714
56 23 584
56 24 319
56 25 114
56 26 795
56 27 373
56 28 244
56 29 398
56 30 363
56 31 322
56 32 363
56 33 588
56 34 726
56 35 836
56 36 439
56 37 569
56 38 651
56 39 752
56 40 428
56 41 477
56 42 208
56 43 766
56 44 173
56 45 81
56 46 194
56 47 562
56 48 655
56 49 437
56 50 644
56 51 182
56 52 778
56 53 354
56 54 516
56 55 223
56 57 404
56 58 177
56 59 424
56 60 466
56 61 545
56 62 646
56 63 124
56 64 267
56 65 748
56 66 274
56 67 295
56 68 717
56 69 351
56 70 279
56 71 639
56 72 309
56 73 150
56 74 178
56 75 633
56 76 791
56 77 686
56 78 237
56 79 355
56 80 327
56 81 906
56 82 199
56 83 495
56 84 770
56 85 561
56 86 726
56 87 399
56 88 456
56 89 186
56 90 524
56 91 254
56 92 304
56 93 672
56 94 534
56 95 811
56 96 181
56 97 771
56 98 604
56 99 908
56 100 388
57 1 399
57 2 195
57 3 504
57 4 336
57 5 353
57 6 413
57 7 294
57 8 343
57 9 510
57 10 319
57 11 280
57 12 473
57 13 351
57 14 240
57 15 262
57 16 186
57 17 531
57 18 430
57 19 575
57 20 296
57 21 210
57 22 387
57 23 377
57 24 401
57 25 291
57 26 446
57 27 198
57 28 347
57 29 195
57 30 334
57 31 528
57 32 366
57 33 774
57 34 607
57 35 634
57 36 441
57 37 170
57 38 604
57 39 482
57 40 391
57 41 333
57 42 332
57 43 538
57 44 486
57 45 371
57 46 246
57 47 456
57 48 335
57 49 244
57 50 254
57 51 276
57 52 595
57 53 630
57 54 766
57 55 611
57 56 404
57 58 247
57 59 721
57 60 64
57 61 667
57 62 270
57 63 291
57 64 173
57 65 420
57 66 285
57 67 619
57 68 395
57 69 652
57 70 129
57 71 252
57 72 644
57 73 552
57 74 315
57 75 436
57 76 562
57 77 293
57 78 300
57 79 378
57 80 476
57 81 679
57 82 380
57 83 599
57 84 398
57 85 563
57 86 504
57 87 237
57 88 281
57 89 314
57 90 368
57 91 574
57 92 171
57 93 269
57 94 332
57 95 614
57 96 584
57 97 392
57 98 543
57 99 687
57 100 688
58 1 190
58 2 399
58 3 397
58 4 136
58 5 579
58 6 398
58 7 262
58 8 140
58 9 319
58 10 559
58 11 461
58 12 236
58 13 513
58 14 188
58 15 357
58 16 426
58 17 296
58 18 616
58 19 714
58 20 214
58 21 423
58 22 538
58 23 522
58 24 232
58 25 89
58 26 618
58 27 199
58 28 151
58 29 313
58 30 229
58 31 315
58 32 368
58 33 698
58 34 710
58 35 788
58 36 455
58 37 403
58 38 663
58 39 670
58 40 300
58 41 320
58 42 238
58 43 703
58 44 316
58 45 183
58 46 24
58 47 542
58 48 479
58 49 267
58 50 500
58 51 169
58 52 736
58 53 400
58 54 650
58 55 366
58 56 177
58 57 247
58 59 574
58 60 305
58 61 625
58 62 471
58 63 54
58 64 91
58 65 572
58 66 259
58 67 451
58 68 541
58 69 416
58 70 119
58 71 467
58 72 400
58 73 326
58 74 201
58 75 578
58 76 729
58 77 515
58 78 112
58 79 369
58 80 282
58 81 848
58 82 266
58 83 564
58 84 594
58 85 589
58 86 665
58 87 332
58 88 291
58 89 87
58 90 368
58 91 331
58 92 215
58 93 507
58 94 369
58 95 763
58 96 350
58 97 596
58 98 607
58 99 852
58 100 538
59 1 665
59 2 726
59 3 225
59 4 439
59 5 1066
59 6 382
59 7 437
59 8 656
59 9 267
59 10 909
59 11 711
59 12 419
59 13 1059
59 14 761
59 15 563
59 16 894
59 17 391
59 18 799
59 19 747
59 20 781
59 21 752
59 22 1090
59 23 667
59 24 741
59 25 485
59 26 1161
59 27 769
59 28 668
59 29 596
59 30 785
59 31 714
59 32 423
59 33 241
59 34 665
59 35 828
59 36 420
59 37 884
59 38 544
59 39 837
59 40 851
59 41 892
59 42 389
59 43 804
59 44 259
59 45 391
59 46 596
59 47 562
59 48 1034
59 49 839
59 50 893
59 51 450
59 52 766
59 53 695
59 54 117
59 55 465
59 56 424
59 57 721
59 58 574
59 60 782
59 61 301
59 62 989
59 63 525
59 64 650
59 65 1125
59 66 447
59 67 131
59 68 1097
59 69 669
59 70 631
59 71 971
59 72 603
59 73 344
59 74 409
59 75 685
59 76 822
59 77 1011
59 78 658
59 79 404
59 80 737
59 81 908
59 82 341
59 83 308
59 84 1118
59 85 449
59 86 769
59 87 566
59 88 864
59 89 608
59 90 939
59 91 590
59 92 556
59 93 973
59 94 942
59 95 803
59 96 373
59 97 1112
59 98 534
59 99 902
59 100 37
60 1 444
60 2 194
60 3 564
60 4 399
60 5 289
60 6 463
60 7 352
60 8 388
60 9 573
60 10 280
60 11 284
60 12 534
60 13 300
60 14 265
60 15 299
60 16 123
60 17 593
60 18 424
60 19 584
60 20 320
60 21 201
60 22 338
60 23 390
60 24 436
60 25 354
60 26 390
60 27 218
60 28 391
60 29 233
60 30 359
60 31 570
60 32 415
60 33 828
60 34 626
60 35 636
60 36 485
60 37 106
60 38 635
60 39 473
60 40 408
60 41 335
60 42 393
60 43 537
60 44 549
60 45 435
60 46 301
60 47 484
60 48 290
60 49 247
60 50 208
60 51 339
60 52 601
60 53 677
60 54 825
60 55 670
60 56 466
60 57 64
60 58 305
60 59 782
60 61 716
60 62 211
60 63 351
60 64 224
60 65 370
60 66 343
60 67 682
60 68 348
60 69 701
60 70 189
60 71 190
60 72 697
60 73 615
60 74 377
60 75 448
60 76 560
60 77 230
60 78 345
60 79 429
60 80 514
60 81 673
60 82 442
60 83 648
60 84 338
60 85 602
60 86 506
60 87 276
60 88 282
60 89 365
60 90 364
60 91 626
60 92 229
60 93 206
60 94 320
60 95 617
60 96 646
60 97 331
60 98 575
60 99 683
60 100 750
61 1 779
61 2 591
61 3 251
61 4 515
61 5 967
61 6 255
61 7 385
61 8 749
61 9 429
61 10 748
61 11 543
61 12 580
61 13 1015
61 14 798
61 15 429
61 16 803
61 17 581
61 18 580
61 19 480
61 20 836
61 21 612
61 22 1052
61 23 461
61 24 844
61 25 545
61 26 1104
61 27 788
61 28 761
61 29 487
61 30 853
61 31 867
61 32 302
61 33 136
61 34 385
61 35 555
61 36 238
61 37 803
61 38 260
61 39 606
61 40 925
61 41 931
61 42 388
61 43 553
61 44 388
61 45 476
61 46 649
61 47 330
61 48 1001
61 49 858
61 50 758
61 51 460
61 52 497
61 53 885
61 54 227
61 55 683
61 56 545
61 57 667
61 58 625
61 59 301
61 60 716
61 62 922
61 63 594
61 64 672
61 65 1085
61 66 392
61 67 354
61 68 1061
61 69 871
61 70 626
61 71 895
61 72 813
61 73 545
61 74 425
61 75 456
61 76 566
61 77 924
61 78 733
61 79 289
61 80 868
61 81 635
61 82 364
61 83 68
61 84 1044
61 85 182
61 86 525
61 87 446
61 88 890
61 89 692
61 90 978
61 91 779
61 92 501
61 93 869
61 94 962
61 95 533
61 96 588
61 97 1032
61 98 269
61 99 626
61 100 305
62 1 556
62 2 358
62 3 773
62 4 587
62 5 125
62 6 671
62 7 562
62 8 508
62 9 769
62 10 327
62 11 440
62 12 707
62 13 114
62 14 349
62 15 498
62 16 133
62 17 767
62 18 544
62 19 727
62 20 387
62 21 349
62 22 153
62 23 553
62 24 520
62 25 539
62 26 183
62 27 305
62 28 506
62 29 436
62 30 423
62 31 666
62 32 623
62 33 1037
62 34 789
62 35 763
62 36 689
62 37 123
62 38 818
62 39 582
62 40 440
62 41 335
62 42 601
62 43 662
62 44 750
62 45 628
62 46 459
62 47 667
62 48 131
62 49 280
62 50 252
62 51 542
62 52 741
62 53 784
62 54 1035
62 55 828
62 56 646
62 57 270
62 58 471
62 59 989
62 60 211
62 61 922
62 63 523
62 64 381
62 65 178
62 66 553
62 67 885
62 68 166
62 69 816
62 70 372
62 71 38
62 72 828
62 73 796
62 74 582
62 75 604
62 76 681
62 77 67
62 78 469
62 79 637
62 80 601
62 81 782
62 82 649
62 83 855
62 84 129
62 85 797
62 86 640
62 87 478
62 88 297
62 89 506
62 90 336
62 91 758
62 92 438
62 93 125
62 94 279
62 95 749
62 96 821
62 97 126
62 98 760
62 99 794
62 100 957
63 1 194
63 2 427
63 3 358
63 4 88
63 5 629
63 6 378
63 7 249
63 8 156
63 9 268
63 10 595
63 11 482
63 12 185
63 13 566
63 14 237
63 15 365
63 16 473
63 17 245
63 18 635
63 19 719
63 20 257
63 21 453
63 22 591
63 23 532
63 24 251
63 25 51
63 26 671
63 27 252
63 28 168
63 29 328
63 30 266
63 31 310
63 32 354
63 33 660
63 34 707
63 35 796
63 36 440
63 37 451
63 38 651
63 39 688
63 40 336
63 41 367
63 42 212
63 43 715
63 44 267
63 45 136
63 46 73
63 47 539
63 48 533
63 49 319
63 50 540
63 51 149
63 52 742
63 53 381
63 54 605
63 55 321
63 56 124
63 57 291
63 58 54
63 59 525
63 60 351
63 61 594
63 62 523
63 64 144
63 65 625
63 66 248
63 67 401
63 68 595
63 69 391
63 70 163
63 71 518
63 72 369
63 73 273
63 74 174
63 75 587
63 76 741
63 77 565
63 78 141
63 79 353
63 80 288
63 81 859
63 82 231
63 83 536
63 84 647
63 85 572
63 86 676
63 87 341
63 88 341
63 89 99
63 90 415
63 91 301
63 92 229
63 93 555
63 94 419
63 95 771
63 96 299
63 97 648
63 98 598
63 99 863
63 100 489
64 1 228
64 2 349
64 3 459
64 4 218
64 5 490
64 6 429
64 7 291
64 8 172
64 9 404
64 10 492
64 11 423
64 12 326
64 13 423
64 14 128
64 15 347
64 16 341
64 17 386
64 18 579
64 19 697
64 20 172
64 21 370
64 22 450
64 23 499
64 24 242
64 25 169
64 26 529
64 27 121
64 28 177
64 29 290
64 30 200
64 31 358
64 32 392
64 33 756
64 34 707
64 35 766
64 36 479
64 37 318
64 38 675
64 39 632
64 40 270
64 41 260
64 42 288
64 43 675
64 44 395
64 45 264
64 46 80
64 47 542
64 48 391
64 49 192
64 50 427
64 51 216
64 52 718
64 53 458
64 54 719
64 55 452
64 56 267
64 57 173
64 58 91
64 59 650
64 60 224
64 61 672
64 62 381
64 63 144
64 65 484
64 66 285
64 67 532
64 68 454
64 69 479
64 70 65
64 71 378
64 72 473
64 73 416
64 74 255
64 75 558
64 76 701
64 77 425
64 78 130
64 79 397
64 80 310
64 81 819
64 82 325
64 83 607
64 84 503
64 85 612
64 86 639
64 87 319
64 88 221
64 89 141
64 90 307
64 91 402
64 92 204
64 93 422
64 94 297
64 95 743
64 96 440
64 97 505
64 98 617
64 99 826
64 100 615
65 1 604
65 2 534
65 3 917
65 4 701
65 5 232
65 6 832
65 7 713
65 8 567
65 9 887
65 10 495
65 11 617
65 12 799
65 13 70
65 14 407
65 15 667
65 16 310
65 17 858
65 18 719
65 19 904
65 20 424
65 21 526
65 22 35
65 23 730
65 24 548
65 25 652
65 26 67
65 27 378
65 28 561
65 29 602
65 30 451
65 31 691
65 32 784
65 33 1194
65 34 966
65 35 938
65 36 855
65 37 298
65 38 994
65 39 755
65 40 439
65 41 331
65 42 742
65 43 837
65 44 875
65 45 746
65 46 555
65 47 842
65 48 93
65 49 322
65 50 425
65 51 676
65 52 918
65 53 812
65 54 1181
65 55 901
65 56 748
65 57 420
65 58 572
65 59 1125
65 60 370
65 61 1085
65 62 178
65 63 625
65 64 484
65 66 704
65 67 1013
65 68 32
65 69 849
65 70 495
65 71 214
65 72 874
65 73 894
65 74 718
65 75 782
65 76 856
65 77 216
65 78 536
65 79 797
65 80 623
65 81 953
65 82 787
65 83 1017
65 84 125
65 85 969
65 86 816
65 87 645
65 88 318
65 89 582
65 90 307
65 91 808
65 92 590
65 93 289
65 94 259
65 95 924
65 96 911
65 97 150
65 98 935
65 99 966
65 100 1091
66 1 441
66 2 289
66 3 223
66 4 203
66 5 621
66 6 145
66 7 10
66 8 397
66 9 290
66 10 477
66 11 301
66 12 344
66 13 635
66 14 412
66 15 151
66 16 449
66 17 384
66 18 434
66 19 483
66 20 455
66 21 317
66 22 670
66 23 312
66 24 490
66 25 203
66 26 731
66 27 398
66 28 408
66 29 157
66 30 478
66 31 556
66 32 110
66 33 491
66 34 462
66 35 563
66 36 197
66 37 442
66 38 405
66 39 484
66 40 550
66 41 543
66 42 79
66 43 493
66 44 250
66 45 198
66 46 280
66 47 294
66 48 617
66 49 467
66 50 451
66 51 101
66 52 505
66 53 616
66 54 483
66 55 492
66 56 274
66 57 285
66 58 259
66 59 447
66 60 343
66 61 392
66 62 553
66 63 248
66 64 285
66 65 704
66 67 364
66 68 678
66 69 619
66 70 235
66 71 531
66 72 582
66 73 381
66 74 98
66 75 359
66 76 518
66 77 568
66 78 370
66 79 113
66 80 535
66 81 632
66 82 123
66 83 326
66 84 680
66 85 331
66 86 453
66 87 139
66 88 500
66 89 341
66 90 588
66 91 523
66 92 115
66 93 527
66 94 571
66 95 537
66 96 425
66 97 672
66 98 351
66 99 634
66 100 417
67 1 535
67 2 652
67 3 170
67 4 316
67 5 970
67 6 340
67 7 355
67 8 527
67 9 137
67 10 839
67 11 652
67 12 289
67 13 949
67 14 638
67 15 499
67 16 799
67 17 264
67 18 759
67 19 740
67 20 655
67 21 679
67 22 978
67 23 628
67 24 611
67 25 365
67 26 1052
67 27 649
67 28 538
67 29 520
67 30 657
67 31 585
67 32 370
67 33 339
67 34 672
67 35 823
67 36 394
67 37 787
67 38 561
67 39 803
67 40 722
67 41 767
67 42 295
67 43 784
67 44 138
67 45 269
67 46 473
67 47 543
67 48 920
67 49 718
67 50 814
67 51 344
67 52 761
67 53 571
67 54 236
67 55 348
67 56 295
67 57 619
67 58 451
67 59 131
67 60 682
67 61 354
67 62 885
67 63 401
67 64 532
67 65 1013
67 66 364
67 68 983
67 69 549
67 70 519
67 71 870
67 72 484
67 73 219
67 74 306
67 75 655
67 76 805
67 77 912
67 78 530
67 79 352
67 80 607
67 81 902
67 82 245
67 83 336
67 84 1013
67 85 461
67 86 747
67 87 496
67 88 741
67 89 480
67 90 814
67 91 466
67 92 463
67 93 880
67 94 819
67 95 797
67 96 252
67 97 1010
67 98 537
67 99 898
67 100 95
68 1 572
68 2 517
68 3 890
68 4 671
68 5 236
68 6 807
68 7 687
68 8 535
68 9 857
68 10 489
68 11 602
68 12 768
68 13 53
68 14 376
68 15 646
68 16 297
68 17 827
68 18 709
68 19 892
68 20 393
68 21 511
68 22 14
68 23 715
68 24 517
68 25 622
68 26 95
68 27 346
68 28 529
68 29 581
68 30 419
68 31 661
68 32 760
68 33 1168
68 34 951
68 35 928
68 36 832
68 37 282
68 38 975
68 39 746
68 40 409
68 41 300
68 42 714
68 43 827
68 44 846
68 45 716
68 46 524
68 47 824
68 48 63
68 49 290
68 50 416
68 51 648
68 52 906
68 53 781
68 54 1154
68 55 869
68 56 717
68 57 395
68 58 541
68 59 1097
68 60 348
68 61 1061
68 62 166
68 63 595
68 64 454
68 65 32
68 66 678
68 67 983
68 69 818
68 70 467
68 71 203
68 72 843
68 73 862
68 74 689
68 75 767
68 76 846
68 77 212
68 78 505
68 79 773
68 80 592
68 81 945
68 82 759
68 83 994
68 84 139
68 85 948
68 86 805
68 87 623
68 88 286
68 89 550
68 90 278
68 91 777
68 92 564
68 93 283
68 94 229
68 95 914
68 96 880
68 97 162
68 98 916
68 99 958
68 100 1062
69 1 262
69 2 814
69 3 624
69 4 416
69 5 939
69 6 721
69 7 617
69 8 316
69 9 443
69 10 970
69 11 873
69 12 296
69 13 812
69 14 468
69 15 752
69 16 812
69 17 292
69 18 1026
69 19 1101
69 20 433
69 21 838
69 22 821
69 23 920
69 24 302
69 25 424
69 26 911
69 27 513
69 28 315
69 29 719
69 30 401
69 31 159
69 32 713
69 33 885
69 34 1076
69 35 1180
69 36 789
69 37 785
69 38 1001
69 39 1079
69 40 415
69 41 520
69 42 558
69 43 1104
69 44 484
69 45 431
69 46 410
69 47 911
69 48 768
69 49 542
69 50 906
69 51 520
69 52 1124
69 53 44
69 54 782
69 55 205
69 56 351
69 57 652
69 58 416
69 59 669
69 60 701
69 61 871
69 62 816
69 63 391
69 64 479
69 65 849
69 66 619
69 67 549
69 68 818
69 70 530
69 71 825
69 72 69
69 73 332
69 74 525
69 75 973
69 76 1129
69 77 874
69 78 358
69 79 705
69 80 227
69 81 1246
69 82 548
69 83 829
69 84 918
69 85 909
69 86 1064
69 87 730
69 88 535
69 89 339
69 90 550
69 91 97
69 92 619
69 93 887
69 94 592
69 95 1154
69 96 298
69 97 928
69 98 954
69 99 1249
69 100 638
70 1 287
70 2 289
70 3 428
70 4 216
70 5 471
70 6 378
70 7 242
70 8 231
70 9 399
70 10 441
70 11 360
70 12 346
70 13 430
70 14 183
70 15 284
70 16 311
70 17 405
70 18 516
70 19 633
70 20 232
70 21 311
70 22 460
70 23 435
70 24 305
70 25 169
70 26 533
70 27 163
70 28 237
70 29 226
70 30 262
70 31 416
70 32 338
70 33 718
70 34 644
70 35 702
70 36 424
70 37 290
70 38 616
70 39 570
70 40 331
70 41 309
70 42 252
70 43 612
70 44 382
70 45 257
70 46 121
70 47 480
70 48 404
70 49 232
70 50 381
70 51 183
70 52 654
70 53 511
70 54 691
70 55 482
70 56 279
70 57 129
70 58 119
70 59 631
70 60 189
70 61 626
70 62 372
70 63 163
70 64 65
70 65 495
70 66 235
70 67 519
70 68 467
70 69 530
70 71 362
70 72 518
70 73 429
70 74 224
70 75 494
70 76 637
70 77 408
70 78 190
70 79 345
70 80 372
70 81 756
70 82 295
70 83 561
70 84 498
70 85 556
70 86 575
70 87 256
70 88 265
70 89 192
70 90 354
70 91 448
70 92 144
70 93 393
70 94 337
70 95 679
70 96 459
70 97 497
70 98 557
70 99 762
70 100 596
71 1 564
71 2 324
71 3 753
71 4 578
71 5 115
71 6 646
71 7 541
71 8 513
71 9 758
71 10 290
71 11 405
71 12 703
71 13 151
71 14 358
71 15 469
71 16 99
71 17 762
71 18 507
71 19 691
71 20 400
71 21 315
71 22 190
71 23 518
71 24 532
71 25 530
71 26 214
71 27 313
71 28 512
71 29 409
71 30 437
71 31 678
71 32 597
71 33 1012
71 34 754
71 35 726
71 36 660
71 37 93
71 38 785
71 39 544
71 40 460
71 41 357
71 42 583
71 43 625
71 44 736
71 45 617
71 46 457
71 47 634
71 48 168
71 49 295
71 50 215
71 51 527
71 52 705
71 53 794
71 54 1013
71 55 827
71 56 639
71 57 252
71 58 467
71 59 971
71 60 190
71 61 895
71 62 38
71 63 518
71 64 378
71 65 214
71 66 531
71 67 870
71 68 203
71 69 825
71 70 362
71 72 833
71 73 789
71 74 566
71 75 569
71 76 644
71 77 50
71 78 474
71 79 612
71 80 613
71 81 744
71 82 631
71 83 828
71 84 150
71 85 767
71 86 603
71 87 450
71 88 315
71 89 507
71 90 362
71 91 763
71 92 418
71 93 91
71 94 306
71 95 712
71 96 816
71 97 141
71 98 727
71 99 757
71 100 939
72 1 273
72 2 795
72 3 568
72 4 380
72 5 947
72 6 675
72 7 579
72 8 321
72 9 385
72 10 959
72 11 849
72 12 246
72 13 832
72 14 480
72 15 721
72 16 812
72 17 233
72 18 999
72 19 1064
72 20 451
72 21 820
72 22 844
72 23 889
72 24 327
72 25 395
72 26 934
72 27 523
72 28 323
72 29 693
72 30 424
72 31 197
72 32 670
72 33 822
72 34 1034
72 35 1144
72 36 743
72 37 787
72 38 953
72 39 1052
72 40 448
72 41 547
72 42 516
72 43 1072
72 44 428
72 45 388
72 46 399
72 47 870
72 48 790
72 49 559
72 50 898
72 51 486
72 52 1087
72 53 106
72 54 717
72 55 138
72 56 309
72 57 644
72 58 400
72 59 603
72 60 697
72 61 813
72 62 828
72 63 369
72 64 473
72 65 874
72 66 582
72 67 484
72 68 843
72 69 69
72 70 518
72 71 833
72 73 270
72 74 486
72 75 939
72 76 1097
72 77 882
72 78 360
72 79 661
72 80 261
72 81 1213
72 82 502
72 83 774
72 84 934
72 85 860
72 86 1032
72 87 700
72 88 557
72 89 333
72 90 582
72 91 72
72 92 594
72 93 890
72 94 619
72 95 1118
72 96 233
72 97 943
72 98 909
72 99 1215
72 100 572
73 1 344
73 2 649
73 3 306
73 4 218
73 5 899
73 6 437
73 7 375
73 8 351
73 9 120
73 10 832
73 11 678
73 12 97
73 13 836
73 14 492
73 15 531
73 16 738
73 17 48
73 18 814
73 19 844
73 20 494
73 21 676
73 22 860
73 23 690
73 24 422
73 25 262
73 26 942
73 27 517
73 28 361
73 29 524
73 30 486
73 31 373
73 32 444
73 33 553
73 34 798
73 35 927
73 36 504
73 37 719
73 38 705
73 39 864
73 40 543
73 41 607
73 42 304
73 43 867
73 44 168
73 45 193
73 46 340
73 47 644
73 48 801
73 49 578
73 50 788
73 51 307
73 52 866
73 53 353
73 54 454
73 55 138
73 56 150
73 57 552
73 58 326
73 59 344
73 60 615
73 61 545
73 62 796
73 63 273
73 64 416
73 65 894
73 66 381
73 67 219
73 68 862
73 69 332
73 70 429
73 71 789
73 72 270
73 74 287
73 75 733
73 76 891
73 77 836
73 78 368
73 79 431
73 80 403
73 81 1001
73 82 272
73 83 510
73 84 919
73 85 608
73 86 827
73 87 517
73 88 593
73 89 318
73 90 653
73 91 248
73 92 438
73 93 821
73 94 669
73 95 901
73 96 47
73 97 920
73 98 667
73 99 1001
73 100 311
74 1 366
74 2 368
74 3 205
74 4 111
74 5 665
74 6 207
74 7 95
74 8 329
74 9 208
74 10 554
74 11 392
74 12 247
74 13 651
74 14 379
74 15 246
74 16 495
74 17 287
74 18 530
74 19 579
74 20 413
74 21 396
74 22 683
74 23 410
74 24 424
74 25 124
74 26 752
74 27 376
74 28 341
74 29 239
74 30 429
74 31 473
74 32 190
74 33 502
74 34 552
74 35 659
74 36 271
74 37 482
74 38 485
74 39 581
74 40 501
74 41 513
74 42 39
74 43 590
74 44 175
74 45 101
74 46 225
74 47 386
74 48 627
74 49 447
74 50 519
74 51 42
74 52 601
74 53 524
74 54 467
74 55 394
74 56 178
74 57 315
74 58 201
74 59 409
74 60 377
74 61 425
74 62 582
74 63 174
74 64 255
74 65 718
74 66 98
74 67 306
74 68 689
74 69 525
74 70 224
74 71 566
74 72 486
74 73 287
74 75 457
74 76 615
74 77 607
74 78 310
74 79 184
74 80 459
74 81 729
74 82 71
74 83 364
74 84 710
74 85 401
74 86 551
74 87 231
74 88 476
74 89 272
74 90 560
74 91 429
74 92 163
74 93 576
74 94 552
74 95 634
74 96 330
74 97 706
74 98 434
74 99 731
74 100 375
75 1 767
75 2 256
75 3 486
75 4 560
75 5 600
75 6 316
75 7 363
75 8 714
75 9 628
75 10 331
75 11 167
75 12 703
75 13 715
75 14 665
75 15 222
75 16 472
75 17 741
75 18 124
75 19 141
75 20 719
75 21 257
75 22 755
75 23 60
75 24 797
75 25 549
75 26 777
75 27 629
75 28 723
75 29 269
75 30 753
75 31 892
75 32 293
75 33 592
75 34 186
75 35 210
75 36 266
75 37 486
75 38 245
75 39 153
75 40 817
75 41 768
75 42 432
75 43 135
75 44 581
75 45 557
75 46 593
75 47 128
75 48 720
75 49 680
75 50 373
75 51 454
75 52 161
75 53 966
75 54 660
75 55 849
75 56 633
75 57 436
75 58 578
75 59 685
75 60 448
75 61 456
75 62 604
75 63 587
75 64 558
75 65 782
75 66 359
75 67 655
75 68 767
75 69 973
75 70 494
75 71 569
75 72 939
75 73 733
75 74 457
75 76 159
75 77 578
75 78 678
75 79 309
75 80 858
75 81 274
75 82 462
75 83 406
75 84 701
75 85 278
75 86 95
75 87 247
75 88 717
75 89 665
75 90 804
75 91 878
75 92 364
75 93 508
75 94 765
75 95 186
75 96 779
75 97 683
75 98 200
75 99 277
75 100 668
76 1 916
76 2 369
76 3 636
76 4 718
76 5 648
76 6 468
76 7 521
76 8 863
76 9 785
76 10 366
76 11 282
76 12 861
76 13 794
76 14 799
76 15 377
76 16 554
76 17 899
76 18 139
76 19 94
76 20 854
76 21 360
76 22 833
76 23 209
76 24 942
76 25 705
76 26 840
76 27 759
76 28 871
76 29 417
76 30 890
76 31 1043
76 32 449
76 33 699
76 34 201
76 35 83
76 36 411
76 37 574
76 38 316
76 39 103
76 40 951
76 41 892
76 42 590
76 43 26
76 44 737
76 45 715
76 46 742
76 47 263
76 48 806
76 49 803
76 50 432
76 51 612
76 52 89
76 53 1121
76 54 784
76 55 1008
76 56 791
76 57 562
76 58 729
76 59 822
76 60 560
76 61 566
76 62 681
76 63 741
76 64 701
76 65 856
76 66 518
76 67 805
76 68 846
76 69 1129
76 70 637
76 71 644
76 72 1097
76 73 891
76 74 615
76 75 159
76 77 642
76 78 825
76 79 464
76 80 1006
76 81 120
76 82 620
76 83 527
76 84 759
76 85 386
76 86 65
76 87 400
76 88 839
76 89 815
76 90 923
76 91 1035
76 92 515
76 93 569
76 94 879
76 95 74
76 96 937
76 97 737
76 98 298
76 99 126
76 100 809
77 1 613
77 2 343
77 3 790
77 4 623
77 5 66
77 6 677
77 7 577
77 8 562
77 9 801
77 10 279
77 11 418
77 12 750
77 13 163
77 14 407
77 15 496
77 16 122
77 17 809
77 18 506
77 19 694
77 20 448
77 21 329
77 22 198
77 23 531
77 24 581
77 25 576
77 26 200
77 27 362
77 28 561
77 29 438
77 30 485
77 31 726
77 32 628
77 33 1043
77 34 763
77 35 724
77 36 688
77 37 127
77 38 802
77 39 541
77 40 505
77 41 400
77 42 622
77 43 624
77 44 779
77 45 661
77 46 505
77 47 651
77 48 191
77 49 342
77 50 211
77 51 569
77 52 707
77 53 843
77 54 1049
77 55 876
77 56 686
77 57 293
77 58 515
77 59 1011
77 60 230
77 61 924
77 62 67
77 63 565
77 64 425
77 65 216
77 66 568
77 67 912
77 68 212
77 69 874
77 70 408
77 71 50
77 72 882
77 73 836
77 74 607
77 75 578
77 76 642
77 78 523
77 79 643
77 80 662
77 81 737
77 82 671
77 83 857
77 84 125
77 85 789
77 86 605
77 87 479
77 88 361
77 89 556
77 90 402
77 91 812
77 92 455
77 93 74
77 94 346
77 95 711
77 96 863
77 97 109
77 98 745
77 99 751
77 100 979
78 1 100
78 2 478
78 3 498
78 4 227
78 5 588
78 6 509
78 7 373
78 8 43
78 9 394
78 10 619
78 11 550
78 12 271
78 13 486
78 14 129
78 15 460
78 16 455
78 17 328
78 18 705
78 19 816
78 20 127
78 21 499
78 22 504
78 23 620
78 24 122
78 25 189
78 26 590
78 27 165
78 28 48
78 29 410
78 30 128
78 31 229
78 32 479
78 33 800
78 34 817
78 35 887
78 36 567
78 37 428
78 38 773
78 39 759
78 40 197
78 41 241
78 42 348
78 43 799
78 44 401
78 45 273
78 46 90
78 47 650
78 48 446
78 49 215
78 50 551
78 51 279
78 52 837
78 53 333
78 54 743
78 55 366
78 56 237
78 57 300
78 58 112
78 59 658
78 60 345
78 61 733
78 62 469
78 63 141
78 64 130
78 65 536
78 66 370
78 67 530
78 68 505
78 69 358
78 70 190
78 71 474
78 72 360
78 73 368
78 74 310
78 75 678
78 76 825
78 77 523
78 79 480
78 80 182
78 81 944
78 82 371
78 83 673
78 84 581
78 85 700
78 86 762
78 87 434
78 88 227
78 89 52
78 90 287
78 91 290
78 92 316
78 93 531
78 94 302
78 95 863
78 96 379
78 97 588
78 98 717
78 99 949
78 100 621
79 1 546
79 2 328
79 3 186
79 4 294
79 5 691
79 6 35
79 7 108
79 8 505
79 9 322
79 10 506
79 11 308
79 12 417
79 13 727
79 14 524
79 15 161
79 16 522
79 17 446
79 18 408
79 19 413
79 20 567
79 21 353
79 22 764
79 23 276
79 24 599
79 25 304
79 26 818
79 27 508
79 28 516
79 29 207
79 30 590
79 31 657
79 32 19
79 33 400
79 34 373
79 35 496
79 36 88
79 37 520
79 38 301
79 39 453
79 40 662
79 41 653
79 42 149
79 43 441
79 44 273
79 45 275
79 46 391
79 47 213
79 48 712
79 49 576
79 50 498
79 51 204
79 52 435
79 53 706
79 54 415
79 55 556
79 56 355
79 57 378
79 58 369
79 59 404
79 60 429
79 61 289
79 62 637
79 63 353
79 64 397
79 65 797
79 66 113
79 67 352
79 68 773
79 69 705
79 70 345
79 71 612
79 72 661
79 73 431
79 74 184
79 75 309
79 76 464
79 77 643
79 78 480
79 80 640
79 81 571
79 82 162
79 83 222
79 84 761
79 85 221
79 86 403
79 87 169
79 88 610
79 89 448
79 90 699
79 91 608
79 92 212
79 93 594
79 94 679
79 95 470
79 96 478
79 97 751
79 98 251
79 99 570
79 100 381
80 1 94
80 2 659
80 3 621
80 4 356
80 5 725
80 6 665
80 7 537
80 8 144
80 9 475
80 10 792
80 11 732
80 12 318
80 13 588
80 14 258
80 15 639
80 16 613
80 17 355
80 18 887
80 19 995
80 20 214
80 21 679
80 22 595
80 23 801
80 24 82
80 25 336
80 26 685
80 27 306
80 28 136
80 29 590
80 30 179
80 31 69
80 32 642
80 33 915
80 34 991
80 35 1068
80 36 728
80 37 585
80 38 939
80 39 941
80 40 189
80 41 293
80 42 497
80 43 981
80 44 498
80 45 393
80 46 266
80 47 823
80 48 544
80 49 322
80 50 721
80 51 437
80 52 1017
80 53 189
80 54 837
80 55 335
80 56 327
80 57 476
80 58 282
80 59 737
80 60 514
80 61 868
80 62 601
80 63 288
80 64 310
80 65 623
80 66 535
80 67 607
80 68 592
80 69 227
80 70 372
80 71 613
80 72 261
80 73 403
80 74 459
80 75 858
80 76 1006
80 77 662
80 78 182
80 79 640
80 81 1125
80 82 508
80 83 813
80 84 695
80 85 859
80 86 943
80 87 613
80 88 312
80 89 196
80 90 323
80 91 207
80 92 495
80 93 683
80 94 365
80 95 1043
80 96 392
80 97 707
80 98 885
80 99 1131
80 100 702
81 1 1035
81 2 484
81 3 735
81 4 833
81 5 737
81 6 571
81 7 635
81 8 982
81 9 892
81 10 458
81 11 400
81 12 975
81 13 894
81 14 916
81 15 495
81 16 658
81 17 1011
81 18 250
81 19 163
81 20 972
81 21 474
81 22 932
81 23 327
81 24 1061
81 25 823
81 26 932
81 27 876
81 28 990
81 29 536
81 30 1008
81 31 1162
81 32 557
81 33 762
81 34 251
81 35 81
81 36 510
81 37 680
81 38 376
81 39 203
81 40 1068
81 41 1007
81 42 703
81 43 145
81 44 844
81 45 829
81 46 861
81 47 362
81 48 909
81 49 918
81 50 530
81 51 728
81 52 143
81 53 1239
81 54 859
81 55 1121
81 56 906
81 57 679
81 58 848
81 59 908
81 60 673
81 61 635
81 62 782
81 63 859
81 64 819
81 65 953
81 66 632
81 67 902
81 68 945
81 69 1246
81 70 756
81 71 744
81 72 1213
81 73 1001
81 74 729
81 75 274
81 76 120
81 77 737
81 78 944
81 79 571
81 80 1125
81 82 730
81 83 604
81 84 850
81 85 461
81 86 183
81 87 518
81 88 954
81 89 934
81 90 1036
81 91 1152
81 92 634
81 93 664
81 94 991
81 95 106
81 96 1047
81 97 827
81 98 375
81 99 17
81 100 898
82 1 417
82 2 411
82 3 135
82 4 153
82 5 728
82 6 174
82 7 114
82 8 386
82 9 171
82 10 598
82 11 422
82 12 256
82 13 720
82 14 447
82 15 269
82 16 556
82 17 284
82 18 548
82 19 573
82 20 479
82 21 439
82 22 752
82 23 421
82 24 481
82 25 182
82 26 820
82 27 446
82 28 398
82 29 279
82 30 493
82 31 515
82 32 174
82 33 434
82 34 534
82 35 656
82 36 242
82 37 545
82 38 453
82 39 597
82 40 565
82 41 581
82 42 50
82 43 596
82 44 128
82 45 120
82 46 289
82 47 375
82 48 696
82 49 517
82 50 570
82 51 112
82 52 596
82 53 553
82 54 397
82 55 395
82 56 199
82 57 380
82 58 266
82 59 341
82 60 442
82 61 364
82 62 649
82 63 231
82 64 325
82 65 787
82 66 123
82 67 245
82 68 759
82 69 548
82 70 295
82 71 631
82 72 502
82 73 272
82 74 71
82 75 462
82 76 620
82 77 671
82 78 371
82 79 162
82 80 508
82 81 730
82 83 306
82 84 777
82 85 363
82 86 556
82 87 261
82 88 546
82 89 329
82 90 629
82 91 451
82 92 219
82 93 636
82 94 622
82 95 630
82 96 318
82 97 771
82 98 408
82 99 729
82 100 309
83 1 723
83 2 526
83 3 206
83 4 458
83 5 901
83 6 187
83 7 319
83 8 691
83 9 391
83 10 686
83 11 480
83 12 536
83 13 948
83 14 734
83 15 362
83 16 736
83 17 542
83 18 528
83 19 445
83 20 773
83 21 547
83 22 984
83 23 405
83 24 786
83 25 486
83 26 1037
83 27 723
83 28 703
83 29 420
83 30 792
83 31 816
83 32 234
83 33 194
83 34 358
83 35 524
83 36 172
83 37 736
83 38 237
83 39 557
83 40 864
83 41 867
83 42 326
83 43 511
83 44 346
83 45 422
83 46 588
83 47 278
83 48 934
83 49 792
83 50 694
83 51 397
83 52 464
83 53 841
83 54 258
83 55 647
83 56 495
83 57 599
83 58 564
83 59 308
83 60 648
83 61 68
83 62 855
83 63 536
83 64 607
83 65 1017
83 66 326
83 67 336
83 68 994
83 69 829
83 70 561
83 71 828
83 72 774
83 73 510
83 74 364
83 75 406
83 76 527
83 77 857
83 78 673
83 79 222
83 80 813
83 81 604
83 82 306
83 84 977
83 85 144
83 86 480
83 87 379
83 88 825
83 89 634
83 90 913
83 91 735
83 92 433
83 93 803
83 94 897
83 95 500
83 96 554
83 97 965
83 98 231
83 99 597
83 100 304
84 1 662
84 2 467
84 3 901
84 4 713
84 5 114
84 6 795
84 7 689
84 8 617
84 9 896
84 10 393
84 11 543
84 12 829
84 13 114
84 14 456
84 15 617
84 16 243
84 17 888
84 18 626
84 19 815
84 20 486
84 21 454
84 22 128
84 23 655
84 24 617
84 25 665
84 26 83
84 27 416
84 28 614
84 29 558
84 30 518
84 31 763
84 32 746
84 33 1161
84 34 886
84 35 841
84 36 809
84 37 242
84 38 926
84 39 657
84 40 521
84 41 411
84 42 729
84 43 742
84 44 878
84 45 755
84 46 580
84 47 776
84 48 159
84 49 377
84 50 332
84 51 670
84 52 827
84 53 883
84 54 1162
84 55 944
84 56 770
84 57 398
84 58 594
84 59 1118
84 60 338
84 61 1044
84 62 129
84 63 647
84 64 503
84 65 125
84 66 680
84 67 1013
84 68 139
84 69 918
84 70 498
84 71 150
84 72 934
84 73 919
84 74 710
84 75 701
84 76 759
84 77 125
84 78 581
84 79 761
84 80 695
84 81 850
84 82 777
84 83 977
84 85 913
84 86 725
84 87 599
84 88 384
84 89 621
84 90 398
84 91 866
84 92 566
84 93 194
84 94 344
84 95 830
84 96 943
84 97 26
84 98 869
84 99 864
84 100 1085
85 1 766
85 2 447
85 3 307
85 4 509
85 5 825
85 6 195
85 7 327
85 8 725
85 9 489
85 10 586
85 11 384
85 12 615
85 13 899
85 14 738
85 15 303
85 16 670
85 17 633
85 18 401
85 19 303
85 20 783
85 21 464
85 22 937
85 23 290
85 24 819
85 25 523
85 26 979
85 27 717
85 28 737
85 29 369
85 30 808
85 31 873
85 32 222
85 33 317
85 34 216
85 35 380
85 36 134
85 37 675
85 38 100
85 39 425
85 40 879
85 41 864
85 42 364
85 43 371
85 44 440
85 45 482
85 46 611
85 47 155
85 48 891
85 49 783
85 50 606
85 51 424
85 52 320
85 53 915
85 54 400
85 55 742
85 56 561
85 57 563
85 58 589
85 59 449
85 60 602
85 61 182
85 62 797
85 63 572
85 64 612
85 65 969
85 66 331
85 67 461
85 68 948
85 69 909
85 70 556
85 71 767
85 72 860
85 73 608
85 74 401
85 75 278
85 76 386
85 77 789
85 78 700
85 79 221
85 80 859
85 81 461
85 82 363
85 83 144
85 84 913
85 86 343
85 87 327
85 88 818
85 89 668
85 90 908
85 91 813
85 92 415
85 93 728
85 94 883
85 95 357
85 96 654
85 97 898
85 98 89
85 99 454
85 100 443
86 1 853
86 2 313
86 3 577
86 4 653
86 5 617
86 6 408
86 7 457
86 8 800
86 9 723
86 10 336
86 11 225
86 12 797
86 13 753
86 14 739
86 15 313
86 16 510
86 17 835
86 18 100
86 19 92
86 20 794
86 21 307
86 22 792
86 23 145
86 24 879
86 25 641
86 26 804
86 27 701
86 28 808
86 29 353
86 30 830
86 31 980
86 32 387
86 33 659
86 34 187
86 35 131
86 36 354
86 37 528
86 38 285
86 39 91
86 40 892
86 41 836
86 42 526
86 43 40
86 44 675
86 45 651
86 46 679
86 47 208
86 48 762
86 49 747
86 50 394
86 51 547
86 52 103
86 53 1056
86 54 737
86 55 944
86 56 726
86 57 504
86 58 665
86 59 769
86 60 506
86 61 525
86 62 640
86 63 676
86 64 639
86 65 816
86 66 453
86 67 747
86 68 805
86 69 1064
86 70 575
86 71 603
86 72 1032
86 73 827
86 74 551
86 75 95
86 76 65
86 77 605
86 78 762
86 79 403
86 80 943
86 81 183
86 82 556
86 83 480
86 84 725
86 85 343
86 87 336
86 88 783
86 89 751
86 90 868
86 91 970
86 92 451
86 93 533
86 94 826
86 95 112
86 96 873
86 97 704
86 98 257
86 99 188
86 100 755
87 1 521
87 2 160
87 3 342
87 4 323
87 5 524
87 6 201
87 7 147
87 8 469
87 9 429
87 10 344
87 11 163
87 12 472
87 13 575
87 14 435
87 15 28
87 16 357
87 17 517
87 18 301
87 19 383
87 20 487
87 21 187
87 22 613
87 23 191
87 24 554
87 25 306
87 26 660
87 27 406
87 28 478
87 29 43
87 30 518
87 31 646
87 32 153
87 33 565
87 34 389
87 35 456
87 36 211
87 37 358
87 38 370
87 39 354
87 40 586
87 41 552
87 42 218
87 43 375
87 44 388
87 45 329
87 46 347
87 47 227
87 48 566
87 49 467
87 50 330
87 51 218
87 52 405
87 53 721
87 54 583
87 55 621
87 56 399
87 57 237
87 58 332
87 59 566
87 60 276
87 61 446
87 62 478
87 63 341
87 64 319
87 65 645
87 66 139
87 67 496
87 68 623
87 69 730
87 70 256
87 71 450
87 72 700
87 73 517
87 74 231
87 75 247
87 76 400
87 77 479
87 78 434
87 79 169
87 80 613
87 81 518
87 82 261
87 83 379
87 84 599
87 85 327
87 86 336
87 88 503
87 89 419
87 90 593
87 91 637
87 92 118
87 93 426
87 94 563
87 95 432
87 96 561
87 97 587
87 98 310
87 99 522
87 100 539
88 1 287
88 2 471
88 3 680
88 4 426
88 5 421
88 6 643
88 7 507
88 8 252
88 9 608
88 10 548
88 11 559
88 12 497
88 13 277
88 14 104
88 15 530
88 16 342
88 17 554
88 18 705
88 19 856
88 20 107
88 21 481
88 22 287
88 23 658
88 24 234
88 25 379
88 26 377
88 27 103
88 28 245
88 29 465
88 30 135
88 31 380
88 32 603
88 33 977
88 34 885
88 35 914
88 36 687
88 37 313
88 38 872
88 39 754
88 40 145
88 41 53
88 42 509
88 43 815
88 44 606
88 45 474
88 46 269
88 47 729
88 48 234
88 49 37
88 50 469
88 51 437
88 52 875
88 53 500
88 54 938
88 55 587
88 56 456
88 57 281
88 58 291
88 59 864
88 60 282
88 61 890
88 62 297
88 63 341
88 64 221
88 65 318
88 66 500
88 67 741
88 68 286
88 69 535
88 70 265
88 71 315
88 72 557
88 73 593
88 74 476
88 75 717
88 76 839
88 77 361
88 78 227
88 79 610
88 80 312
88 81 954
88 82 546
88 83 825
88 84 384
88 85 818
88 86 783
88 87 503
88 89 276
88 90 91
88 91 491
88 92 403
88 93 396
88 94 79
88 95 893
88 96 605
88 97 396
88 98 812
88 99 964
88 100 828
89 1 103
89 2 480
89 3 453
89 4 181
89 5 621
89 6 475
89 7 343
89 8 58
89 9 343
89 10 631
89 11 546
89 12 222
89 13 529
89 14 176
89 15 444
89 16 480
89 17 279
89 18 701
89 19 801
89 20 178
89 21 503
89 22 549
89 23 608
89 24 153
89 25 149
89 26 634
89 27 207
89 28 70
89 29 399
89 30 178
89 31 229
89 32 449
89 33 755
89 34 796
89 35 875
89 36 536
89 37 455
89 38 745
89 39 755
89 40 245
89 41 292
89 42 310
89 43 790
89 44 352
89 45 226
89 46 74
89 47 628
89 48 491
89 49 262
89 50 568
89 51 245
89 52 823
89 53 319
89 54 694
89 55 324
89 56 186
89 57 314
89 58 87
89 59 608
89 60 365
89 61 692
89 62 506
89 63 99
89 64 141
89 65 582
89 66 341
89 67 480
89 68 550
89 69 339
89 70 192
89 71 507
89 72 333
89 73 318
89 74 272
89 75 665
89 76 815
89 77 556
89 78 52
89 79 448
89 80 196
89 81 934
89 82 329
89 83 634
89 84 621
89 85 668
89 86 751
89 87 419
89 88 276
89 90 338
89 91 262
89 92 301
89 93 559
89 94 352
89 95 850
89 96 331
89 97 626
89 98 690
89 99 939
89 100 571
90 1 324
90 2 556
90 3 762
90 4 502
90 5 457
90 6 732
90 7 595
90 8 303
90 9 679
90 10 618
90 11 644
90 12 556
90 13 285
90 14 182
90 15 620
90 16 406
90 17 611
90 18 787
90 19 942
90 20 161
90 21 564
90 22 283
90 23 745
90 24 256
90 25 457
90 26 372
90 27 192
90 28 293
90 29 555
90 30 169
90 31 391
90 32 692
90 33 1062
90 34 973
90 35 998
90 36 777
90 37 378
90 38 962
90 39 835
90 40 135
90 41 48
90 42 594
90 43 899
90 44 681
90 45 550
90 46 345
90 47 818
90 48 240
90 49 127
90 50 538
90 51 522
90 52 961
90 53 510
90 54 1018
90 55 630
90 56 524
90 57 368
90 58 368
90 59 939
90 60 364
90 61 978
90 62 336
90 63 415
90 64 307
90 65 307
90 66 588
90 67 814
90 68 278
90 69 550
90 70 354
90 71 362
90 72 582
90 73 653
90 74 560
90 75 804
90 76 923
90 77 402
90 78 287
90 79 699
90 80 323
90 81 1036
90 82 629
90 83 913
90 84 398
90 85 908
90 86 868
90 87 593
90 88 91
90 89 338
90 91 520
90 92 493
90 93 449
90 94 57
90 95 978
90 96 660
90 97 415
90 98 902
90 99 1046
90 100 903
91 1 205
91 2 727
91 3 530
91 4 320
91 5 877
91 6 624
91 7 521
91 8 251
91 9 353
91 10 889
91 11 783
91 12 200
91 13 765
91 14 411
91 15 658
91 16 741
91 17 204
91 18 934
91 19 1005
91 20 385
91 21 752
91 22 778
91 23 826
91 24 265
91 25 331
91 26 867
91 27 453
91 28 253
91 29 627
91 30 359
91 31 151
91 32 616
91 33 798
91 34 979
91 35 1085
91 36 692
91 37 716
91 38 904
91 39 987
91 40 389
91 41 484
91 42 461
91 43 1010
91 44 391
91 45 334
91 46 328
91 47 814
91 48 723
91 49 491
91 50 827
91 51 425
91 52 1028
91 53 108
91 54 701
91 55 139
91 56 254
91 57 574
91 58 331
91 59 590
91 60 626
91 61 779
91 62 758
91 63 301
91 64 402
91 65 808
91 66 523
91 67 466
91 68 777
91 69 97
91 70 448
91 71 763
91 72 72
91 73 248
91 74 429
91 75 878
91 76 1035
91 77 812
91 78 290
91 79 608
91 80 207
91 81 1152
91 82 451
91 83 735
91 84 866
91 85 813
91 86 970
91 87 637
91 88 491
91 89 262
91 90 520
91 92 528
91 93 819
91 94 555
91 95 1059
91 96 220
91 97 874
91 98 858
91 99 1154
91 100 558
92 1 403
92 2 212
92 3 336
92 4 227
92 5 510
92 6 247
92 7 124
92 8 351
92 9 369
92 10 395
92 11 255
92 12 378
92 13 521
92 14 326
92 15 145
92 16 339
92 17 429
92 18 407
92 19 501
92 20 375
92 21 239
92 22 556
92 23 307
92 24 437
92 25 200
92 26 616
92 27 303
92 28 360
92 29 100
92 30 404
92 31 529
92 32 203
92 33 605
92 34 504
92 35 574
92 36 285
92 37 329
92 38 473
92 39 460
92 40 474
92 41 450
92 42 170
92 43 489
92 44 337
92 45 245
92 46 230
92 47 338
92 48 503
92 49 368
92 50 356
92 51 133
92 52 523
92 53 608
92 54 597
92 55 526
92 56 304
92 57 171
92 58 215
92 59 556
92 60 229
92 61 501
92 62 438
92 63 229
92 64 204
92 65 590
92 66 115
92 67 463
92 68 564
92 69 619
92 70 144
92 71 418
92 72 594
92 73 438
92 74 163
92 75 364
92 76 515
92 77 455
92 78 316
92 79 212
92 80 495
92 81 634
92 82 219
92 83 433
92 84 566
92 85 415
92 86 451
92 87 118
92 88 403
92 89 301
92 90 493
92 91 528
92 93 418
92 94 470
92 95 549
92 96 477
92 97 558
92 98 414
92 99 638
92 100 525
93 1 625
93 2 281
93 3 750
93 4 604
93 5 98
93 6 627
93 7 536
93 8 572
93 9 777
93 10 207
93 11 352
93 12 739
93 13 233
93 14 425
93 15 441
93 16 83
93 17 798
93 18 434
93 19 622
93 20 472
93 21 265
93 22 270
93 23 463
93 24 602
93 25 560
93 26 272
93 27 378
93 28 573
93 29 388
93 30 510
93 31 745
93 32 578
93 33 991
93 34 693
93 35 651
93 36 632
93 37 104
93 38 736
93 39 468
93 40 539
93 41 440
93 42 587
93 43 551
93 44 750
93 45 639
93 46 500
93 47 587
93 48 256
93 49 371
93 50 139
93 51 539
93 52 635
93 53 859
93 54 1005
93 55 872
93 56 672
93 57 269
93 58 507
93 59 973
93 60 206
93 61 869
93 62 125
93 63 555
93 64 422
93 65 289
93 66 527
93 67 880
93 68 283
93 69 887
93 70 393
93 71 91
93 72 890
93 73 821
93 74 576
93 75 508
93 76 569
93 77 74
93 78 531
93 79 594
93 80 683
93 81 664
93 82 636
93 83 803
93 84 194
93 85 728
93 86 533
93 87 426
93 88 396
93 89 559
93 90 449
93 91 819
93 92 418
93 94 393
93 95 639
93 96 851
93 97 175
93 98 680
93 99 678
93 100 942
94 1 354
94 2 514
94 3 756
94 4 504
94 5 400
94 6 713
94 7 578
94 8 324
94 9 686
94 10 566
94 11 603
94 12 573
94 13 231
94 14 182
94 15 590
94 16 354
94 17 629
94 18 742
94 19 902
94 20 178
94 21 520
94 22 233
94 23 707
94 24 292
94 25 457
94 26 323
94 27 177
94 28 317
94 29 524
94 30 197
94 31 433
94 32 671
94 33 1052
94 34 938
94 35 956
94 36 754
94 37 326
94 38 932
94 39 789
94 40 181
94 41 73
94 42 584
94 43 856
94 44 684
94 45 552
94 46 347
94 47 787
94 48 186
94 49 106
94 50 486
94 51 512
94 52 921
94 53 553
94 54 1015
94 55 657
94 56 534
94 57 332
94 58 369
94 59 942
94 60 320
94 61 962
94 62 279
94 63 419
94 64 297
94 65 259
94 66 571
94 67 819
94 68 229
94 69 592
94 70 337
94 71 306
94 72 619
94 73 669
94 74 552
94 75 765
94 76 879
94 77 346
94 78 302
94 79 679
94 80 365
94 81 991
94 82 622
94 83 897
94 84 344
94 85 883
94 86 826
94 87 563
94 88 79
94 89 352
94 90 57
94 91 555
94 92 470
94 93 393
94 95 937
94 96 680
94 97 360
94 98 872
94 99 1002
94 100 906
95 1 952
95 2 424
95 3 630
95 4 740
95 5 720
95 6 468
95 7 540
95 8 900
95 9 790
95 10 438
95 11 335
95 12 879
95 13 862
95 14 847
95 15 407
95 16 619
95 17 913
95 18 206
95 19 58
95 20 901
95 21 418
95 22 900
95 23 244
95 24 982
95 25 732
95 26 910
95 27 809
95 28 909
95 29 454
95 30 936
95 31 1077
95 32 457
95 33 662
95 34 151
95 35 27
95 36 406
95 37 639
95 38 275
95 39 176
95 40 999
95 41 945
95 42 606
95 43 88
95 44 742
95 45 733
95 46 778
95 47 259
95 48 872
95 49 857
95 50 501
95 51 635
95 52 37
95 53 1149
95 54 755
95 55 1023
95 56 811
95 57 614
95 58 763
95 59 803
95 60 617
95 61 533
95 62 749
95 63 771
95 64 743
95 65 924
95 66 537
95 67 797
95 68 914
95 69 1154
95 70 679
95 71 712
95 72 1118
95 73 901
95 74 634
95 75 186
95 76 74
95 77 711
95 78 863
95 79 470
95 80 1043
95 81 106
95 82 630
95 83 500
95 84 830
95 85 357
95 86 112
95 87 432
95 88 893
95 89 850
95 90 978
95 91 1059
95 92 549
95 93 639
95 94 937
95 96 947
95 97 808
95 98 270
95 99 102
95 100 793
96 1 343
96 2 689
96 3 351
96 4 254
96 5 927
96 6 484
96 7 420
96 8 358
96 9 166
96 10 870
96 11 721
96 12 114
96 13 856
96 14 507
96 15 575
96 16 769
96 17 55
96 18 858
96 19 890
96 20 503
96 21 716
96 22 878
96 23 736
96 24 420
96 25 294
96 26 962
96 27 535
96 28 367
96 29 566
96 30 492
96 31 355
96 32 491
96 33 589
96 34 845
96 35 973
96 36 551
96 37 749
96 38 752
96 39 909
96 40 544
96 41 616
96 42 349
96 43 913
96 44 214
96 45 234
96 46 363
96 47 691
96 48 820
96 49 593
96 50 824
96 51 348
96 52 913
96 53 323
96 54 485
96 55 97
96 56 181
96 57 584
96 58 350
96 59 373
96 60 646
96 61 588
96 62 821
96 63 299
96 64 440
96 65 911
96 66 425
96 67 252
96 68 880
96 69 298
96 70 459
96 71 816
96 72 233
96 73 47
96 74 330
96 75 779
96 76 937
96 77 863
96 78 379
96 79 478
96 80 392
96 81 1047
96 82 318
96 83 554
96 84 943
96 85 654
96 86 873
96 87 561
96 88 605
96 89 331
96 90 660
96 91 220
96 92 477
96 93 851
96 94 680
96 95 947
96 97 945
96 98 714
96 99 1047
96 100 341
97 1 670
97 2 451
97 3 894
97 4 713
97 5 91
97 6 784
97 7 681
97 8 624
97 9 895
97 10 371
97 11 525
97 12 831
97 13 132
97 14 463
97 15 605
97 16 230
97 17 891
97 18 605
97 19 795
97 20 496
97 21 437
97 22 150
97 23 637
97 24 628
97 25 664
97 26 108
97 27 423
97 28 621
97 29 546
97 30 529
97 31 774
97 32 736
97 33 1150
97 34 867
97 35 819
97 36 796
97 37 232
97 38 910
97 39 635
97 40 535
97 41 425
97 42 723
97 43 720
97 44 875
97 45 753
97 46 583
97 47 759
97 48 176
97 49 387
97 50 312
97 51 666
97 52 806
97 53 893
97 54 1154
97 55 949
97 56 771
97 57 392
97 58 596
97 59 1112
97 60 331
97 61 1032
97 62 126
97 63 648
97 64 505
97 65 150
97 66 672
97 67 1010
97 68 162
97 69 928
97 70 497
97 71 141
97 72 943
97 73 920
97 74 706
97 75 683
97 76 737
97 77 109
97 78 588
97 79 751
97 80 707
97 81 827
97 82 771
97 83 965
97 84 26
97 85 898
97 86 704
97 87 587
97 88 396
97 89 626
97 90 415
97 91 874
97 92 558
97 93 175
97 94 360
97 95 808
97 96 945
97 98 853
97 99 841
97 100 1079
98 1 791
98 2 403
98 3 376
98 4 544
98 5 776
98 6 234
98 7 349
98 8 746
98 9 550
98 10 522
98 11 330
98 12 663
98 13 866
98 14 739
98 15 283
98 16 629
98 17 687
98 18 322
98 19 215
98 20 788
98 21 416
98 22 905
98 23 224
98 24 838
98 25 551
98 26 940
98 27 714
98 28 757
98 29 349
98 30 816
98 31 905
98 32 245
98 33 403
98 34 135
98 35 294
98 36 166
98 37 638
98 38 61
98 39 342
98 40 886
98 41 860
98 42 399
98 43 284
98 44 501
98 45 524
98 46 627
98 47 94
98 48 862
98 49 776
98 50 552
98 51 449
98 52 233
98 53 956
98 54 488
98 55 798
98 56 604
98 57 543
98 58 607
98 59 534
98 60 575
98 61 269
98 62 760
98 63 598
98 64 617
98 65 935
98 66 351
98 67 537
98 68 916
98 69 954
98 70 557
98 71 727
98 72 909
98 73 667
98 74 434
98 75 200
98 76 298
98 77 745
98 78 717
98 79 251
98 80 885
98 81 375
98 82 408
98 83 231
98 84 869
98 85 89
98 86 257
98 87 310
98 88 812
98 89 690
98 90 902
98 91 858
98 92 414
98 93 680
98 94 872
98 95 270
98 96 714
98 97 853
98 99 368
98 100 526
99 1 1040
99 2 493
99 3 731
99 4 836
99 5 751
99 6 569
99 7 637
99 8 987
99 9 891
99 10 472
99 11 408
99 12 976
99 13 907
99 14 924
99 15 498
99 16 670
99 17 1012
99 18 260
99 19 160
99 20 980
99 21 483
99 22 945
99 23 331
99 24 1067
99 25 826
99 26 946
99 27 885
99 28 996
99 29 541
99 30 1015
99 31 1167
99 32 557
99 33 753
99 34 242
99 35 76
99 36 507
99 37 692
99 38 367
99 39 215
99 40 1076
99 41 1016
99 42 704
99 43 151
99 44 842
99 45 830
99 46 866
99 47 360
99 48 922
99 49 928
99 50 543
99 51 730
99 52 138
99 53 1242
99 54 851
99 55 1122
99 56 908
99 57 687
99 58 852
99 59 902
99 60 683
99 61 626
99 62 794
99 63 863
99 64 826
99 65 966
99 66 634
99 67 898
99 68 958
99 69 1249
99 70 762
99 71 757
99 72 1215
99 73 1001
99 74 731
99 75 277
99 76 126
99 77 751
99 78 949
99 79 570
99 80 1131
99 81 17
99 82 729
99 83 597
99 84 864
99 85 454
99 86 188
99 87 522
99 88 964
99 89 939
99 90 1046
99 91 1154
99 92 638
99 93 678
99 94 1002
99 95 102
99 96 1047
99 97 841
99 98 368
99 100 893
100 1 629
100 2 699
100 3 198
100 4 403
100 5 1035
100 6 361
100 7 408
100 8 620
100 9 231
100 10 883
100 11 688
100 12 384
100 13 1025
100 14 725
100 15 538
100 16 863
100 17 357
100 18 780
100 19 736
100 20 745
100 21 726
100 22 1056
100 23 648
100 24 705
100 25 450
100 26 1127
100 27 734
100 28 631
100 29 568
100 30 749
100 31 680
100 32 399
100 33 260
100 34 658
100 35 818
100 36 403
100 37 853
100 38 540
100 39 820
100 40 814
100 41 856
100 42 357
100 43 790
100 44 223
100 45 355
100 46 560
100 47 548
100 48 999
100 49 804
100 50 865
100 51 416
100 52 756
100 53 663
100 54 145
100 55 435
100 56 388
100 57 688
100 58 538
100 59 37
100 60 750
100 61 305
100 62 957
100 63 489
100 64 615
100 65 1091
100 66 417
100 67 95
100 68 1062
100 69 638
100 70 596
100 71 939
100 72 572
100 73 311
100 74 375
100 75 668
100 76 809
100 77 979
100 78 621
100 79 381
100 80 702
100 81 898
100 82 309
100 83 304
100 84 1085
100 85 443
100 86 755
100 87 539
100 88 828
100 89 571
100 90 903
100 91 558
100 92 525
100 93 942
100 94 906
100 95 793
100 96 341
100 97 1079
100 98 526
100 99 893
