nnodes nedges type capacity P s t
100  4950  graph  1000 100 1 100 
nodename posx posy itemvalue itemweight
1 281 266 0 0
2 169 937 165 42
3 499 945 186 10
4 730 310 322 27
5 188 1 416 3
6 759 25 188 39
7 271 41 35 6
8 185 913 409 19
9 258 731 142 42
10 353 65 229 49
11 111 698 71 20
12 256 806 305 12
13 175 366 69 43
14 346 560 397 38
15 67 183 471 44
16 167 348 97 31
17 801 336 210 13
18 637 301 425 45
19 281 720 425 46
20 611 821 72 42
21 73 370 499 11
22 199 697 180 35
23 411 384 366 39
24 610 21 155 8
25 468 316 382 36
26 87 579 458 2
27 14 695 105 13
28 385 541 115 23
29 61 83 107 11
30 102 128 12 30
31 619 621 156 11
32 829 420 212 17
33 957 818 73 36
34 721 590 463 49
35 538 685 382 34
36 763 964 40 32
37 55 962 144 20
38 661 819 116 12
39 699 271 160 22
40 192 519 221 43
41 939 279 357 28
42 98 953 196 12
43 327 835 292 10
44 847 388 486 1
45 270 301 172 50
46 869 889 32 29
47 922 698 162 43
48 310 231 395 36
49 868 383 231 7
50 821 407 435 14
51 68 936 243 24
52 723 476 195 38
53 251 384 45 12
54 647 950 99 6
55 7 839 283 21
56 821 947 448 40
57 471 919 201 43
58 252 798 453 42
59 106 99 304 40
60 186 376 94 25
61 400 407 491 25
62 618 322 153 4
63 105 280 220 47
64 553 974 90 50
65 15 726 256 24
66 733 84 413 48
67 663 456 349 9
68 912 266 87 44
69 192 559 120 36
70 568 199 449 4
71 398 389 208 49
72 146 869 245 8
73 308 751 243 47
74 19 766 400 47
75 850 558 339 45
76 494 251 373 31
77 965 464 470 26
78 925 71 185 39
79 744 479 424 24
80 397 760 490 29
81 557 482 149 2
82 196 220 28 47
83 938 108 360 15
84 838 130 242 31
85 19 406 152 43
86 681 769 84 9
87 795 180 291 29
88 639 455 267 35
89 931 10 377 18
90 221 781 431 17
91 568 68 362 4
92 32 534 248 33
93 532 310 181 32
94 957 277 371 4
95 789 706 57 12
96 389 346 135 7
97 188 585 113 14
98 919 478 53 24
99 45 757 480 47
100 608 64 0 0
endpoint1 endpoint2 weight
1 2 681
1 3 714
1 4 452
1 5 281
1 6 536
1 7 226
1 8 655
1 9 466
1 10 214
1 11 465
1 12 541
1 13 146
1 14 302
1 15 230
1 16 141
1 17 525
1 18 358
1 19 454
1 20 646
1 21 233
1 22 439
1 23 176
1 24 411
1 25 194
1 26 369
1 27 506
1 28 295
1 29 287
1 30 227
1 31 491
1 32 570
1 33 873
1 34 547
1 35 492
1 36 849
1 37 732
1 38 671
1 39 419
1 40 269
1 41 659
1 42 711
1 43 571
1 44 579
1 45 37
1 46 857
1 47 773
1 48 46
1 49 599
1 50 559
1 51 704
1 52 490
1 53 122
1 54 776
1 55 636
1 56 870
1 57 681
1 58 533
1 59 242
1 60 146
1 61 185
1 62 342
1 63 177
1 64 759
1 65 532
1 66 488
1 67 427
1 68 631
1 69 307
1 70 295
1 71 170
1 72 618
1 73 486
1 74 565
1 75 640
1 76 214
1 77 713
1 78 673
1 79 510
1 80 508
1 81 351
1 82 97
1 83 676
1 84 574
1 85 298
1 86 643
1 87 522
1 88 405
1 89 699
1 90 519
1 91 349
1 92 366
1 93 255
1 94 677
1 95 673
1 96 135
1 97 333
1 98 673
1 99 545
1 100 385
2 1 681
2 3 331
2 4 842
2 5 937
2 6 1087
2 7 902
2 8 29
2 9 225
2 10 892
2 11 246
2 12 158
2 13 572
2 14 417
2 15 761
2 16 590
2 17 873
2 18 790
2 19 245
2 20 457
2 21 576
2 22 242
2 23 604
2 24 1017
2 25 690
2 26 368
2 27 288
2 28 452
2 29 861
2 30 812
2 31 550
2 32 839
2 33 797
2 34 653
2 35 447
2 36 595
2 37 117
2 38 506
2 39 852
2 40 419
2 41 1013
2 42 73
2 43 189
2 44 873
2 45 644
2 46 702
2 47 791
2 48 720
2 49 892
2 50 841
2 51 102
2 52 721
2 53 560
2 54 479
2 55 190
2 56 653
2 57 303
2 58 162
2 59 841
2 60 562
2 61 579
2 62 762
2 63 661
2 64 386
2 65 262
2 66 1023
2 67 690
2 68 1002
2 69 379
2 70 839
2 71 594
2 72 72
2 73 233
2 74 228
2 75 780
2 76 760
2 77 926
2 78 1150
2 79 736
2 80 289
2 81 598
2 82 718
2 83 1131
2 84 1049
2 85 552
2 86 539
2 87 983
2 88 674
2 89 1200
2 90 165
2 91 957
2 92 426
2 93 725
2 94 1028
2 95 662
2 96 631
2 97 353
2 98 880
2 99 219
2 100 978
3 1 714
3 2 331
3 4 676
3 5 994
3 6 957
3 7 933
3 8 316
3 9 323
3 10 893
3 11 460
3 12 280
3 13 664
3 14 415
3 15 876
3 16 684
3 17 680
3 18 659
3 19 314
3 20 168
3 21 716
3 22 390
3 23 568
3 24 931
3 25 630
3 26 552
3 27 546
3 28 420
3 29 967
3 30 909
3 31 346
3 32 621
3 33 476
3 34 419
3 35 263
3 36 265
3 37 445
3 38 206
3 39 704
3 40 526
3 41 799
3 42 402
3 43 205
3 44 657
3 45 684
3 46 375
3 47 490
3 48 739
3 49 673
3 50 627
3 51 432
3 52 520
3 53 614
3 54 149
3 55 504
3 56 323
3 57 39
3 58 288
3 59 933
3 60 650
3 61 548
3 62 635
3 63 773
3 64 62
3 65 532
3 66 893
3 67 516
3 68 795
3 69 494
3 70 750
3 71 566
3 72 362
3 73 273
3 74 513
3 75 523
3 76 695
3 77 670
3 78 973
3 79 527
3 80 212
3 81 467
3 82 786
3 83 946
3 84 883
3 85 722
3 86 254
3 87 821
3 88 510
3 89 1030
3 90 323
3 91 880
3 92 623
3 93 636
3 94 810
3 95 376
3 96 610
3 97 476
3 98 629
3 99 492
3 100 888
4 1 452
4 2 842
4 3 676
4 5 624
4 6 287
4 7 533
4 8 813
4 9 633
4 10 450
4 11 731
4 12 687
4 13 558
4 14 459
4 15 676
4 16 565
4 17 76
4 18 94
4 19 609
4 20 525
4 21 660
4 22 658
4 23 328
4 24 313
4 25 263
4 26 698
4 27 813
4 28 416
4 29 707
4 30 654
4 31 331
4 32 148
4 33 557
4 34 281
4 35 422
4 36 655
4 37 939
4 38 514
4 39 50
4 40 578
4 41 212
4 42 902
4 43 662
4 44 141
4 45 461
4 46 596
4 47 433
4 48 428
4 49 157
4 50 134
4 51 912
4 52 167
4 53 485
4 54 646
4 55 896
4 56 644
4 57 662
4 58 684
4 59 659
4 60 548
4 61 344
4 62 113
4 63 626
4 64 688
4 65 828
4 66 227
4 67 161
4 68 188
4 69 593
4 70 197
4 71 342
4 72 809
4 73 611
4 74 845
4 75 276
4 76 244
4 77 281
4 78 309
4 79 170
4 80 560
4 81 244
4 82 542
4 83 290
4 84 210
4 85 718
4 86 462
4 87 146
4 88 172
4 89 362
4 90 694
4 91 292
4 92 734
4 93 198
4 94 230
4 95 401
4 96 343
4 97 608
4 98 253
4 99 818
4 100 275
5 1 281
5 2 937
5 3 994
5 4 624
5 6 572
5 7 93
5 8 913
5 9 734
5 10 177
5 11 702
5 12 808
5 13 366
5 14 581
5 15 219
5 16 348
5 17 699
5 18 541
5 19 725
5 20 923
5 21 387
5 22 697
5 23 444
5 24 423
5 25 422
5 26 587
5 27 716
5 28 575
5 29 152
5 30 154
5 31 756
5 32 766
5 33 1122
5 34 795
5 35 769
5 36 1122
5 37 971
5 38 945
5 39 578
5 40 519
5 41 801
5 42 957
5 43 846
5 44 765
5 45 312
5 46 1120
5 47 1013
5 48 261
5 49 780
5 50 753
5 51 943
5 52 716
5 53 389
5 54 1055
5 55 858
5 56 1139
5 57 961
5 58 800
5 59 128
5 60 376
5 61 459
5 62 537
5 63 292
5 64 1040
5 65 746
5 66 552
5 67 658
5 68 771
5 69 559
5 70 429
5 71 442
5 72 870
5 73 760
5 74 784
5 75 866
5 76 396
5 77 905
5 78 741
5 79 734
5 80 788
5 81 607
5 82 220
5 83 758
5 84 663
5 85 439
5 86 913
5 87 633
5 88 640
5 89 744
5 90 781
5 91 386
5 92 556
5 93 463
5 94 818
5 95 927
5 96 400
5 97 584
5 98 873
5 99 770
5 100 425
6 1 536
6 2 1087
6 3 957
6 4 287
6 5 572
6 7 489
6 8 1058
6 9 866
6 10 408
6 11 935
6 12 929
6 13 677
6 14 676
6 15 710
6 16 675
6 17 314
6 18 302
6 19 844
6 20 810
6 21 768
6 22 875
6 23 500
6 24 150
6 25 412
6 26 871
6 27 1002
6 28 638
6 29 701
6 30 666
6 31 613
6 32 402
6 33 818
6 34 567
6 35 697
6 36 940
6 37 1173
6 38 801
6 39 254
6 40 753
6 41 312
6 42 1140
6 43 918
6 44 374
6 45 562
6 46 871
6 47 693
6 48 495
6 49 375
6 50 387
6 51 1144
6 52 453
6 53 623
6 54 932
6 55 1109
6 56 925
6 57 940
6 58 925
6 59 658
6 60 672
6 61 525
6 62 329
6 63 702
6 64 972
6 65 1023
6 66 65
6 67 442
6 68 286
6 69 779
6 70 259
6 71 513
6 72 1044
6 73 855
6 74 1048
6 75 541
6 76 349
6 77 485
6 78 173
6 79 455
6 80 820
6 81 500
6 82 596
6 83 198
6 84 132
6 85 833
6 86 749
6 87 160
6 88 447
6 89 173
6 90 928
6 91 196
6 92 888
6 93 365
6 94 321
6 95 682
6 96 490
6 97 800
6 98 481
6 99 1023
6 100 156
7 1 226
7 2 902
7 3 933
7 4 533
7 5 93
7 6 489
7 8 877
7 9 691
7 10 86
7 11 677
7 12 766
7 13 339
7 14 525
7 15 249
7 16 325
7 17 607
7 18 449
7 19 680
7 20 851
7 21 384
7 22 660
7 23 371
7 24 340
7 25 339
7 26 569
7 27 703
7 28 513
7 29 215
7 30 191
7 31 677
7 32 675
7 33 1037
7 34 710
7 35 698
7 36 1046
7 37 946
7 38 871
7 39 486
7 40 485
7 41 710
7 42 929
7 43 796
7 44 673
7 45 261
7 46 1038
7 47 925
7 48 194
7 49 689
7 50 661
7 51 918
7 52 628
7 53 344
7 54 984
7 55 841
7 56 1060
7 57 901
7 58 758
7 59 175
7 60 346
7 61 389
7 62 447
7 63 291
7 64 975
7 65 732
7 66 464
7 67 571
7 68 680
7 69 524
7 70 337
7 71 371
7 72 838
7 73 711
7 74 768
7 75 777
7 76 307
7 77 813
7 78 655
7 79 645
7 80 730
7 81 526
7 82 195
7 83 671
7 84 574
7 85 444
7 86 836
7 87 543
7 88 554
7 89 661
7 90 742
7 91 299
7 92 548
7 93 375
7 94 726
7 95 843
7 96 328
7 97 551
7 98 782
7 99 751
7 100 338
8 1 655
8 2 29
8 3 316
8 4 813
8 5 913
8 6 1058
8 7 877
8 9 197
8 10 865
8 11 228
8 12 129
8 13 548
8 14 388
8 15 740
8 16 566
8 17 845
8 18 761
8 19 216
8 20 436
8 21 555
8 22 217
8 23 576
8 24 989
8 25 661
8 26 349
8 27 278
8 28 423
8 29 840
8 30 790
8 31 524
8 32 812
8 33 778
8 34 626
8 35 421
8 36 581
8 37 139
8 38 486
8 39 823
8 40 395
8 41 986
8 42 96
8 43 163
8 44 845
8 45 618
8 46 685
8 47 768
8 48 694
8 49 865
8 50 813
8 51 120
8 52 694
8 53 534
8 54 464
8 55 193
8 56 637
8 57 287
8 58 134
8 59 818
8 60 538
8 61 550
8 62 733
8 63 639
8 64 374
8 65 253
8 66 994
8 67 662
8 68 974
8 69 355
8 70 811
8 71 566
8 72 59
8 73 204
8 74 222
8 75 754
8 76 731
8 77 901
8 78 1121
8 79 708
8 80 262
8 81 570
8 82 694
8 83 1103
8 84 1020
8 85 534
8 86 517
8 87 954
8 88 645
8 89 1172
8 90 137
8 91 928
8 92 409
8 93 696
8 94 1001
8 95 639
8 96 603
8 97 329
8 98 854
8 99 210
8 100 949
9 1 466
9 2 225
9 3 323
9 4 633
9 5 734
9 6 866
9 7 691
9 8 197
9 10 673
9 11 151
9 12 76
9 13 375
9 14 193
9 15 581
9 16 394
9 17 672
9 18 574
9 19 26
9 20 365
9 21 406
9 22 69
9 23 380
9 24 793
9 25 466
9 26 229
9 27 247
9 28 229
9 29 678
9 30 623
9 31 378
9 32 651
9 33 705
9 34 484
9 35 284
9 36 557
9 37 308
9 38 413
9 39 638
9 40 223
9 41 818
9 42 274
9 43 125
9 44 682
9 45 431
9 46 632
9 47 665
9 48 503
9 49 703
9 50 650
9 51 280
9 52 531
9 53 348
9 54 447
9 55 274
9 56 604
9 57 285
9 58 68
9 59 651
9 60 363
9 61 354
9 62 545
9 63 477
9 64 383
9 65 244
9 66 803
9 67 490
9 68 803
9 69 185
9 70 616
9 71 370
9 72 178
9 73 54
9 74 242
9 75 617
9 76 535
9 77 756
9 78 939
9 79 548
9 80 142
9 81 390
9 82 515
9 83 923
9 84 836
9 85 404
9 86 425
9 87 770
9 88 471
9 89 987
9 90 63
9 91 732
9 92 300
9 93 503
9 94 834
9 95 532
9 96 407
9 97 162
9 98 708
9 99 215
9 100 754
10 1 214
10 2 892
10 3 893
10 4 450
10 5 177
10 6 408
10 7 86
10 8 865
10 9 673
10 11 678
10 12 748
10 13 350
10 14 496
10 15 310
10 16 339
10 17 524
10 18 370
10 19 659
10 20 799
10 21 415
10 22 651
10 23 325
10 24 261
10 25 277
10 26 579
10 27 716
10 28 478
10 29 293
10 30 259
10 31 617
10 32 594
10 33 966
10 34 642
10 35 648
10 36 989
10 37 946
10 38 815
10 39 403
10 40 482
10 41 624
10 42 924
10 43 771
10 44 591
10 45 251
10 46 973
10 47 852
10 48 172
10 49 606
10 50 580
10 51 917
10 52 554
10 53 335
10 54 933
10 55 848
10 56 999
10 57 863
10 58 740
10 59 250
10 60 354
10 61 346
10 62 370
10 63 329
10 64 931
10 65 743
10 66 381
10 67 499
10 68 595
10 69 520
10 70 254
10 71 328
10 72 831
10 73 688
10 74 777
10 75 701
10 76 234
10 77 731
10 78 573
10 79 570
10 80 697
10 81 465
10 82 221
10 83 587
10 84 490
10 85 478
10 86 777
10 87 457
10 88 484
10 89 581
10 90 729
10 91 216
10 92 569
10 93 304
10 94 641
10 95 776
10 96 284
10 97 546
10 98 701
10 99 758
10 100 256
11 1 465
11 2 246
11 3 460
11 4 731
11 5 702
11 6 935
11 7 677
11 8 228
11 9 151
11 10 678
11 12 181
11 13 339
11 14 273
11 15 517
11 16 355
11 17 780
11 18 660
11 19 172
11 20 515
11 21 331
11 22 89
11 23 435
11 24 842
11 25 523
11 26 122
11 27 98
11 28 316
11 29 618
11 30 571
11 31 514
11 32 770
11 33 855
11 34 620
11 35 428
11 36 705
11 37 270
11 38 564
11 39 727
11 40 197
11 41 928
11 42 256
11 43 256
11 44 799
11 45 428
11 46 782
11 47 811
11 48 508
11 49 820
11 50 768
11 51 242
11 52 652
11 53 344
11 54 593
11 55 176
11 56 753
11 57 423
11 58 173
11 59 600
11 60 331
11 61 411
11 62 632
11 63 419
11 64 522
11 65 100
11 66 875
11 67 603
11 68 911
11 69 161
11 70 677
11 71 422
11 72 175
11 73 205
11 74 115
11 75 753
11 76 589
11 77 886
11 78 1028
11 79 670
11 80 293
11 81 496
11 82 486
11 83 1016
11 84 923
11 85 307
11 86 575
11 87 859
11 88 582
11 89 1071
11 90 138
11 91 779
11 92 183
11 93 573
11 94 945
11 95 679
11 96 449
11 97 137
11 98 838
11 99 89
11 100 806
12 1 541
12 2 158
12 3 280
12 4 687
12 5 808
12 6 929
12 7 766
12 8 129
12 9 76
12 10 748
12 11 181
12 13 448
12 14 262
12 15 652
12 16 467
12 17 720
12 18 633
12 19 90
12 20 356
12 21 473
12 22 124
12 23 450
12 24 862
12 25 534
12 26 284
12 27 267
12 28 295
12 29 749
12 30 696
12 31 408
12 32 691
12 33 702
12 34 513
12 35 307
12 36 532
12 37 255
12 38 406
12 39 695
12 40 295
12 41 863
12 42 216
12 43 77
12 44 724
12 45 506
12 46 619
12 47 675
12 48 578
12 49 744
12 50 692
12 51 229
12 52 572
12 53 423
12 54 417
12 55 252
12 56 583
12 57 243
12 58 9
12 59 723
12 60 436
12 61 425
12 62 605
12 63 548
12 64 342
12 65 254
12 66 866
12 67 537
12 68 850
12 69 256
12 70 683
12 71 441
12 72 127
12 73 76
12 74 241
12 75 644
12 76 604
12 77 788
12 78 994
12 79 588
12 80 149
12 81 443
12 82 590
12 83 976
12 84 893
12 85 465
12 86 427
12 87 827
12 88 520
12 89 1044
12 90 44
12 91 802
12 92 353
12 93 568
12 94 879
12 95 543
12 96 479
12 97 232
12 98 740
12 99 217
12 100 822
13 1 146
13 2 572
13 3 664
13 4 558
13 5 366
13 6 677
13 7 339
13 8 548
13 9 375
13 10 350
13 11 339
13 12 448
13 14 259
13 15 213
13 16 20
13 17 627
13 18 467
13 19 370
13 20 631
13 21 103
13 22 332
13 23 237
13 24 556
13 25 298
13 26 231
13 27 367
13 28 274
13 29 306
13 30 249
13 31 513
13 32 657
13 33 904
13 34 591
13 35 484
13 36 839
13 37 608
13 38 665
13 39 533
13 40 154
13 41 769
13 42 593
13 43 494
13 44 673
13 45 116
13 46 870
13 47 818
13 48 191
13 49 694
13 50 648
13 51 580
13 52 559
13 53 79
13 54 751
13 55 502
13 56 869
13 57 628
13 58 439
13 59 276
13 60 15
13 61 229
13 62 446
13 63 111
13 64 716
13 65 394
13 66 626
13 67 497
13 68 744
13 69 194
13 70 428
13 71 225
13 72 504
13 73 408
13 74 430
13 75 702
13 76 340
13 77 797
13 78 806
13 79 581
13 80 453
13 81 400
13 82 148
13 83 806
13 84 704
13 85 162
13 86 647
13 87 648
13 88 473
13 89 836
13 90 418
13 91 494
13 92 221
13 93 362
13 94 788
13 95 702
13 96 215
13 97 220
13 98 753
13 99 413
13 100 528
14 1 302
14 2 417
14 3 415
14 4 459
14 5 581
14 6 676
14 7 525
14 8 388
14 9 193
14 10 496
14 11 273
14 12 262
14 13 259
14 15 470
14 16 278
14 17 508
14 18 390
14 19 173
14 20 372
14 21 333
14 22 201
14 23 188
14 24 601
14 25 273
14 26 260
14 27 359
14 28 44
14 29 556
14 30 497
14 31 280
14 32 503
14 33 664
14 34 377
14 35 230
14 36 581
14 37 497
14 38 408
14 39 457
14 40 160
14 41 657
14 42 465
14 43 276
14 44 530
14 45 270
14 46 618
14 47 593
14 48 331
14 49 552
14 50 500
14 51 468
14 52 387
14 53 201
14 54 493
14 55 440
14 56 613
14 57 381
14 58 256
14 59 520
14 60 244
14 61 163
14 62 362
14 63 370
14 64 463
14 65 371
14 66 614
14 67 334
14 68 638
14 69 155
14 70 424
14 71 179
14 72 369
14 73 195
14 74 387
14 75 505
14 76 343
14 77 627
14 78 758
14 79 407
14 80 207
14 81 225
14 82 372
14 83 745
14 84 654
14 85 362
14 86 395
14 87 589
14 88 312
14 89 803
14 90 254
14 91 540
14 92 316
14 93 312
14 94 674
14 95 467
14 96 219
14 97 160
14 98 579
14 99 360
14 100 561
15 1 230
15 2 761
15 3 876
15 4 676
15 5 219
15 6 710
15 7 249
15 8 740
15 9 581
15 10 310
15 11 517
15 12 652
15 13 213
15 14 470
15 16 193
15 17 750
15 18 583
15 19 579
15 20 839
15 21 188
15 22 531
15 23 399
15 24 567
15 25 423
15 26 397
15 27 515
15 28 479
15 29 101
15 30 66
15 31 705
15 32 799
15 33 1094
15 34 771
15 35 689
15 36 1047
15 37 780
15 38 871
15 39 639
15 40 359
15 41 878
15 42 771
15 43 702
15 44 807
15 45 235
15 46 1069
15 47 999
15 48 248
15 49 826
15 50 787
15 51 754
15 52 719
15 53 273
15 54 962
15 55 659
15 56 1074
15 57 840
15 58 643
15 59 93
15 60 227
15 61 402
15 62 569
15 63 105
15 64 929
15 65 546
15 66 674
15 67 656
15 68 850
15 69 397
15 70 502
15 71 390
15 72 691
15 73 618
15 74 585
15 75 869
15 76 433
15 77 941
15 78 866
15 79 739
15 80 665
15 81 575
15 82 135
15 83 875
15 84 773
15 85 229
15 86 849
15 87 729
15 88 634
15 89 882
15 90 618
15 91 515
15 92 353
15 93 483
15 94 895
15 95 892
15 96 361
15 97 420
15 98 902
15 99 575
15 100 554
16 1 141
16 2 590
16 3 684
16 4 565
16 5 348
16 6 675
16 7 325
16 8 566
16 9 394
16 10 339
16 11 355
16 12 467
16 13 20
16 14 278
16 15 193
16 17 635
16 18 473
16 19 390
16 20 649
16 21 97
16 22 351
16 23 247
16 24 551
16 25 303
16 26 245
16 27 380
16 28 292
16 29 286
16 30 230
16 31 529
16 32 666
16 33 920
16 34 605
16 35 502
16 36 858
16 37 625
16 38 683
16 39 538
16 40 173
16 41 776
16 42 609
16 43 513
16 44 682
16 45 114
16 46 887
16 47 833
16 48 185
16 49 702
16 50 657
16 51 597
16 52 571
16 53 92
16 54 770
16 55 517
16 56 887
16 57 647
16 58 458
16 59 257
16 60 34
16 61 241
16 62 452
16 63 93
16 64 736
16 65 408
16 66 625
16 67 508
16 68 750
16 69 213
16 70 428
16 71 235
16 72 522
16 73 427
16 74 444
16 75 715
16 76 342
16 77 807
16 78 808
16 79 592
16 80 472
16 81 413
16 82 132
16 83 808
16 84 706
16 85 159
16 86 665
16 87 651
16 88 484
16 89 836
16 90 437
16 91 490
16 92 230
16 93 367
16 94 794
16 95 718
16 96 223
16 97 238
16 98 764
16 99 427
16 100 525
17 1 525
17 2 873
17 3 680
17 4 76
17 5 699
17 6 314
17 7 607
17 8 845
17 9 672
17 10 524
17 11 780
17 12 720
17 13 627
17 14 508
17 15 750
17 16 635
17 18 168
17 19 647
17 20 521
17 21 729
17 22 702
17 23 393
17 24 369
17 25 334
17 26 755
17 27 866
17 28 464
17 29 783
17 30 730
17 31 339
17 32 89
17 33 507
17 34 267
17 35 438
17 36 630
17 37 974
17 38 503
17 39 121
17 40 636
17 41 150
17 42 936
17 43 689
17 44 70
17 45 533
17 46 558
17 47 382
17 48 503
17 49 82
17 50 74
17 51 948
17 52 161
17 53 553
17 54 634
17 55 940
17 56 612
17 57 670
17 58 718
17 59 735
17 60 617
17 61 408
17 62 184
17 63 699
17 64 685
17 65 878
17 66 262
17 67 183
17 68 132
17 69 649
17 70 271
17 71 407
17 72 845
17 73 645
17 74 893
17 75 228
17 76 319
17 77 209
17 78 293
17 79 154
17 80 586
17 81 285
17 82 617
17 83 266
17 84 210
17 85 786
17 86 450
17 87 157
17 88 202
17 89 351
17 90 732
17 91 356
17 92 795
17 93 271
17 94 167
17 95 371
17 96 413
17 97 662
17 98 185
17 99 866
17 100 334
18 1 358
18 2 790
18 3 659
18 4 94
18 5 541
18 6 302
18 7 449
18 8 761
18 9 574
18 10 370
18 11 660
18 12 633
18 13 467
18 14 390
18 15 583
18 16 473
18 17 168
18 19 550
18 20 521
18 21 569
18 22 591
18 23 241
18 24 282
18 25 170
18 26 617
18 27 738
18 28 348
18 29 616
18 30 563
18 31 321
18 32 226
18 33 609
18 34 301
18 35 397
18 36 675
18 37 881
18 38 519
18 39 69
18 40 496
18 41 303
18 42 846
18 43 618
18 44 228
18 45 367
18 46 633
18 47 489
18 48 335
18 49 246
18 50 213
18 51 853
18 52 195
18 53 395
18 54 650
18 55 829
18 56 672
18 57 640
18 58 629
18 59 569
18 60 458
18 61 260
18 62 29
18 63 533
18 64 679
18 65 754
18 66 238
18 67 158
18 68 278
18 69 515
18 70 124
18 71 255
18 72 751
18 73 558
18 74 774
18 75 334
18 76 152
18 77 367
18 78 369
18 79 208
18 80 518
18 81 198
18 82 449
18 83 358
18 84 264
18 85 627
18 86 471
18 87 200
18 88 155
18 89 414
18 90 636
18 91 244
18 92 649
18 93 106
18 94 321
18 95 433
18 96 253
18 97 532
18 98 333
18 99 748
18 100 239
19 1 454
19 2 245
19 3 314
19 4 609
19 5 725
19 6 844
19 7 680
19 8 216
19 9 26
19 10 659
19 11 172
19 12 90
19 13 370
19 14 173
19 15 579
19 16 390
19 17 647
19 18 550
19 20 346
19 21 408
19 22 86
19 23 361
19 24 773
19 25 446
19 26 240
19 27 269
19 28 208
19 29 674
19 30 619
19 31 353
19 32 625
19 33 684
19 34 459
19 35 260
19 36 541
19 37 332
19 38 393
19 39 614
19 40 220
19 41 793
19 42 297
19 43 124
19 44 657
19 45 420
19 46 612
19 47 642
19 48 490
19 49 677
19 50 625
19 51 304
19 52 505
19 53 338
19 54 433
19 55 299
19 56 586
19 57 276
19 58 84
19 59 646
19 60 357
19 61 335
19 62 522
19 63 474
19 64 373
19 65 267
19 66 781
19 67 465
19 68 778
19 69 184
19 70 595
19 71 352
19 72 202
19 73 42
19 74 267
19 75 592
19 76 516
19 77 731
19 78 915
19 79 522
19 80 123
19 81 365
19 82 508
19 83 898
19 84 812
19 85 409
19 86 403
19 87 746
19 88 446
19 89 963
19 90 86
19 91 713
19 92 311
19 93 481
19 94 809
19 95 509
19 96 390
19 97 164
19 98 683
19 99 239
19 100 733
20 1 646
20 2 457
20 3 168
20 4 525
20 5 923
20 6 810
20 7 851
20 8 436
20 9 365
20 10 799
20 11 515
20 12 356
20 13 631
20 14 372
20 15 839
20 16 649
20 17 521
20 18 521
20 19 346
20 21 703
20 22 431
20 23 481
20 24 801
20 25 525
20 26 578
20 27 611
20 28 360
20 29 921
20 30 860
20 31 201
20 32 457
20 33 347
20 34 256
20 35 155
20 36 209
20 37 574
20 38 51
20 39 557
20 40 517
20 41 634
20 42 530
20 43 285
20 44 494
20 45 622
20 46 267
20 47 335
20 48 663
20 49 508
20 50 465
20 51 556
20 52 363
20 53 567
20 54 134
20 55 605
20 56 245
20 57 171
20 58 360
20 59 882
20 60 616
20 61 465
20 62 500
20 63 741
20 64 164
20 65 604
20 66 748
20 67 369
20 68 632
20 69 495
20 70 624
20 71 482
20 72 468
20 73 311
20 74 595
20 75 356
20 76 582
20 77 503
20 78 814
20 79 367
20 80 223
20 81 344
20 82 731
20 83 785
20 84 728
20 85 723
20 86 88
20 87 667
20 88 368
20 89 872
20 90 393
20 91 755
20 92 647
20 93 518
20 94 645
20 95 212
20 96 525
20 97 485
20 98 461
20 99 570
20 100 758
21 1 233
21 2 576
21 3 716
21 4 660
21 5 387
21 6 768
21 7 384
21 8 555
21 9 406
21 10 415
21 11 331
21 12 473
21 13 103
21 14 333
21 15 188
21 16 97
21 17 729
21 18 569
21 19 408
21 20 703
21 22 351
21 23 339
21 24 641
21 25 399
21 26 210
21 27 331
21 28 356
21 29 288
21 30 244
21 31 601
21 32 758
21 33 992
21 34 685
21 35 562
21 36 911
21 37 593
21 38 740
21 39 634
21 40 191
21 41 871
21 42 584
21 43 530
21 44 775
21 45 209
21 46 951
21 47 911
21 48 275
21 49 796
21 50 749
21 51 567
21 52 659
21 53 179
21 54 817
21 55 474
21 56 945
21 57 679
21 58 464
21 59 274
21 60 114
21 61 330
21 62 548
21 63 96
21 64 772
21 65 361
21 66 720
21 67 597
21 68 846
21 69 224
21 70 524
21 71 326
21 72 505
21 73 448
21 74 400
21 75 800
21 76 438
21 77 897
21 78 903
21 79 680
21 80 508
21 81 497
21 82 194
21 83 904
21 84 802
21 85 65
21 86 728
21 87 747
21 88 573
21 89 931
21 90 437
21 91 580
21 92 170
21 93 463
21 94 889
21 95 791
21 96 317
21 97 244
21 98 853
21 99 389
21 100 617
22 1 439
22 2 242
22 3 390
22 4 658
22 5 697
22 6 875
22 7 660
22 8 217
22 9 69
22 10 651
22 11 89
22 12 124
22 13 332
22 14 201
22 15 531
22 16 351
22 17 702
22 18 591
22 19 86
22 20 431
22 21 351
22 23 379
22 24 792
22 25 467
22 26 163
22 27 186
22 28 243
22 29 630
22 30 578
22 31 427
22 32 689
22 33 768
22 34 533
22 35 340
22 36 625
22 37 302
22 38 478
22 39 657
22 40 179
22 41 850
22 42 276
22 43 189
22 44 718
22 45 403
22 46 697
22 47 724
22 48 480
22 49 740
22 50 687
22 51 273
22 52 569
22 53 318
22 54 515
22 55 239
22 56 671
22 57 352
22 58 115
22 59 606
22 60 322
22 61 353
22 62 563
22 63 428
22 64 450
22 65 187
22 66 813
22 67 523
22 68 834
22 69 139
22 70 620
22 71 367
22 72 180
22 73 122
22 74 193
22 75 666
22 76 535
22 77 801
22 78 959
22 79 587
22 80 208
22 81 418
22 82 478
22 83 946
22 84 855
22 85 343
22 86 488
22 87 789
22 88 503
22 89 1004
22 90 87
22 91 730
22 92 234
22 93 511
22 94 867
22 95 591
22 96 400
22 97 113
22 98 753
22 99 166
22 100 754
23 1 176
23 2 604
23 3 568
23 4 328
23 5 444
23 6 500
23 7 371
23 8 576
23 9 380
23 10 325
23 11 435
23 12 450
23 13 237
23 14 188
23 15 399
23 16 247
23 17 393
23 18 241
23 19 361
23 20 481
23 21 339
23 22 379
23 24 414
23 25 89
23 26 379
23 27 505
23 28 160
23 29 462
23 30 402
23 31 316
23 32 420
23 33 698
23 34 373
23 35 327
23 36 679
23 37 679
23 38 502
23 39 310
23 40 258
23 41 539
23 42 650
23 43 459
23 44 437
23 45 164
23 46 682
23 47 600
23 48 184
23 49 458
23 50 411
23 51 650
23 52 326
23 53 160
23 54 614
23 55 609
23 56 697
23 57 539
23 58 444
23 59 418
23 60 226
23 61 26
23 62 217
23 63 324
23 64 607
23 65 524
23 66 441
23 67 263
23 68 515
23 69 281
23 70 243
23 71 14
23 72 553
23 73 382
23 74 548
23 75 473
23 76 157
23 77 560
23 78 602
23 79 347
23 80 377
23 81 176
23 82 271
23 83 595
23 84 497
23 85 393
23 86 471
23 87 435
23 88 239
23 89 641
23 90 441
23 91 353
23 92 408
23 93 142
23 94 557
23 95 497
23 96 44
23 97 301
23 98 517
23 99 523
23 100 376
24 1 411
24 2 1017
24 3 931
24 4 313
24 5 423
24 6 150
24 7 340
24 8 989
24 9 793
24 10 261
24 11 842
24 12 862
24 13 556
24 14 601
24 15 567
24 16 551
24 17 369
24 18 282
24 19 773
24 20 801
24 21 641
24 22 792
24 23 414
24 25 328
24 26 765
24 27 900
24 28 567
24 29 553
24 30 520
24 31 601
24 32 456
24 33 870
24 34 580
24 35 668
24 36 956
24 37 1093
24 38 800
24 39 266
24 40 651
24 41 419
24 42 1064
24 43 862
24 44 437
24 45 441
24 46 906
24 47 746
24 48 367
24 49 445
24 50 440
24 51 1064
24 52 469
24 53 511
24 54 930
24 55 1017
24 56 950
24 57 909
24 58 856
24 59 510
24 60 553
24 61 440
24 62 302
24 63 568
24 64 955
24 65 923
24 66 139
24 67 439
24 68 389
24 69 682
24 70 183
24 71 425
24 72 967
24 73 791
24 74 951
24 75 589
24 76 258
24 77 568
24 78 319
24 79 478
24 80 770
24 81 465
24 82 460
24 83 340
24 84 253
24 85 706
24 86 752
24 87 244
24 88 435
24 89 322
24 90 854
24 91 64
24 92 773
24 93 300
24 94 432
24 95 709
24 96 394
24 97 705
24 98 552
24 99 928
24 100 44
25 1 194
25 2 690
25 3 630
25 4 263
25 5 422
25 6 412
25 7 339
25 8 661
25 9 466
25 10 277
25 11 523
25 12 534
25 13 298
25 14 273
25 15 423
25 16 303
25 17 334
25 18 170
25 19 446
25 20 525
25 21 399
25 22 467
25 23 89
25 24 328
25 26 463
25 27 592
25 28 240
25 29 469
25 30 412
25 31 341
25 32 376
25 33 701
25 34 373
25 35 376
25 36 712
25 37 767
25 38 539
25 39 236
25 40 343
25 41 473
25 42 737
25 43 538
25 44 386
25 45 199
25 46 700
25 47 594
25 48 180
25 49 406
25 50 365
25 51 738
25 52 302
25 53 228
25 54 659
25 55 698
25 56 724
25 57 604
25 58 529
25 59 423
25 60 289
25 61 114
25 62 151
25 63 365
25 64 664
25 65 611
25 66 353
25 67 241
25 68 447
25 69 368
25 70 154
25 71 102
25 72 640
25 73 464
25 74 636
25 75 453
25 76 71
25 77 519
25 78 519
25 79 321
25 80 450
25 81 189
25 82 289
25 83 514
25 84 415
25 85 458
25 86 501
25 87 355
25 88 221
25 89 555
25 90 527
25 91 268
25 92 488
25 93 65
25 94 491
25 95 506
25 96 85
25 97 389
25 98 480
25 99 612
25 100 289
26 1 369
26 2 368
26 3 552
26 4 698
26 5 587
26 6 871
26 7 569
26 8 349
26 9 229
26 10 579
26 11 122
26 12 284
26 13 231
26 14 260
26 15 397
26 16 245
26 17 755
26 18 617
26 19 240
26 20 578
26 21 210
26 22 163
26 23 379
26 24 765
26 25 463
26 27 138
26 28 301
26 29 497
26 30 452
26 31 534
26 32 759
26 33 903
26 34 635
26 35 464
26 36 778
26 37 385
26 38 623
26 39 686
26 40 121
26 41 904
26 42 375
26 43 351
26 44 784
26 45 333
26 46 842
26 47 844
26 48 414
26 49 806
26 50 754
26 51 358
26 52 645
26 53 255
26 54 672
26 55 273
26 56 822
26 57 513
26 58 275
26 59 481
26 60 226
26 61 358
26 62 590
26 63 300
26 64 611
26 65 164
26 66 814
26 67 589
26 68 883
26 69 107
26 70 613
26 71 365
26 72 296
26 73 281
26 74 199
26 75 764
26 76 523
26 77 886
26 78 980
26 79 665
26 80 359
26 81 480
26 82 376
26 83 973
26 84 875
26 85 186
26 86 624
26 87 813
26 88 566
26 89 1018
26 90 243
26 91 702
26 92 72
26 93 520
26 94 921
26 95 714
26 96 382
26 97 102
26 98 839
26 99 183
26 100 733
27 1 506
27 2 288
27 3 546
27 4 813
27 5 716
27 6 1002
27 7 703
27 8 278
27 9 247
27 10 716
27 11 98
27 12 267
27 13 367
27 14 359
27 15 515
27 16 380
27 17 866
27 18 738
27 19 269
27 20 611
27 21 331
27 22 186
27 23 505
27 24 900
27 25 592
27 26 138
27 28 402
27 29 614
27 30 574
27 31 610
27 32 861
27 33 951
27 34 715
27 35 525
27 36 796
27 37 271
27 38 659
27 39 806
27 40 251
27 41 1015
27 42 272
27 43 343
27 44 888
27 45 470
27 46 877
27 47 909
27 48 551
27 49 910
27 50 857
27 51 247
27 52 743
27 53 392
27 54 683
27 55 145
27 56 846
27 57 509
27 58 260
27 59 604
27 60 363
27 61 482
27 62 710
27 63 425
27 64 607
27 65 32
27 66 944
27 67 692
27 68 996
27 69 225
27 70 744
27 71 492
27 72 219
27 73 300
27 74 72
27 75 848
27 76 654
27 77 979
27 78 1105
27 79 762
27 80 389
27 81 584
27 82 509
27 83 1095
27 84 1000
27 85 290
27 86 672
27 87 936
27 88 670
27 89 1145
27 90 225
27 91 837
27 92 163
27 93 646
27 94 1032
27 95 776
27 96 513
27 97 206
27 98 931
27 99 70
27 100 867
28 1 295
28 2 452
28 3 420
28 4 416
28 5 575
28 6 638
28 7 513
28 8 423
28 9 229
28 10 478
28 11 316
28 12 295
28 13 274
28 14 44
28 15 479
28 16 292
28 17 464
28 18 348
28 19 208
28 20 360
28 21 356
28 22 243
28 23 160
28 24 567
28 25 240
28 26 301
28 27 402
28 29 562
28 30 501
28 31 248
28 32 461
28 33 636
28 34 340
28 35 211
28 36 568
28 37 535
28 38 392
28 39 415
28 40 195
28 41 613
28 42 503
28 43 300
28 44 487
28 45 267
28 46 597
28 47 560
28 48 319
28 49 509
28 50 457
28 51 507
28 52 345
28 53 207
28 54 486
28 55 482
28 56 596
28 57 388
28 58 290
28 59 523
28 60 259
28 61 135
28 62 320
28 63 383
28 64 465
28 65 414
28 66 575
28 67 291
28 68 595
28 69 194
28 70 388
28 71 153
28 72 406
28 73 224
28 74 430
28 75 466
28 76 310
28 77 586
28 78 716
28 79 365
28 80 220
28 81 182
28 82 373
28 83 703
28 84 612
28 85 391
28 86 374
28 87 547
28 88 269
28 89 762
28 90 291
28 91 508
28 92 354
28 93 274
28 94 630
28 95 437
28 96 196
28 97 202
28 98 538
28 99 403
28 100 527
29 1 287
29 2 861
29 3 967
29 4 707
29 5 152
29 6 701
29 7 215
29 8 840
29 9 678
29 10 293
29 11 618
29 12 749
29 13 306
29 14 556
29 15 101
29 16 286
29 17 783
29 18 616
29 19 674
29 20 921
29 21 288
29 22 630
29 23 462
29 24 553
29 25 469
29 26 497
29 27 614
29 28 562
29 30 61
29 31 776
29 32 839
29 33 1159
29 34 833
29 35 769
29 36 1127
29 37 880
29 38 950
29 39 666
29 40 456
29 41 900
29 42 871
29 43 798
29 44 844
29 45 303
29 46 1142
29 47 1059
29 48 290
29 49 861
29 50 827
29 51 854
29 52 770
29 53 356
29 54 1047
29 55 758
29 56 1151
29 57 932
29 58 741
29 59 48
29 60 319
29 61 469
29 62 607
29 63 202
29 64 1018
29 65 645
29 66 673
29 67 709
29 68 871
29 69 494
29 70 521
29 71 456
29 72 791
29 73 713
29 74 685
29 75 921
29 76 465
29 77 982
29 78 865
29 79 790
29 80 756
29 81 637
29 82 193
29 83 878
29 84 779
29 85 326
29 86 925
29 87 741
29 88 688
29 89 874
29 90 717
29 91 508
29 92 452
29 93 523
29 94 917
29 95 959
29 96 421
29 97 518
29 98 945
29 99 675
29 100 548
30 1 227
30 2 812
30 3 909
30 4 654
30 5 154
30 6 666
30 7 191
30 8 790
30 9 623
30 10 259
30 11 571
30 12 696
30 13 249
30 14 497
30 15 66
30 16 230
30 17 730
30 18 563
30 19 619
30 20 860
30 21 244
30 22 578
30 23 402
30 24 520
30 25 412
30 26 452
30 27 574
30 28 501
30 29 61
30 31 715
30 32 784
30 33 1099
30 34 773
30 35 708
30 36 1066
30 37 836
30 38 889
30 39 614
30 40 402
30 41 851
30 42 826
30 43 742
30 44 790
30 45 242
30 46 1081
30 47 999
30 48 233
30 49 808
30 50 772
30 51 809
30 52 712
30 53 297
30 54 987
30 55 718
30 56 1090
30 57 873
30 58 687
30 59 30
30 60 262
30 61 409
30 62 552
30 63 153
30 64 959
30 65 605
30 66 633
30 67 650
30 68 822
30 69 441
30 70 472
30 71 395
30 72 743
30 73 657
30 74 644
30 75 863
30 76 411
30 77 927
30 78 825
30 79 732
30 80 698
30 81 577
30 82 132
30 83 837
30 84 737
30 85 291
30 86 864
30 87 695
30 88 629
30 89 838
30 90 664
30 91 470
30 92 412
30 93 467
30 94 868
30 95 898
30 96 361
30 97 466
30 98 889
30 99 632
30 100 511
31 1 491
31 2 550
31 3 346
31 4 331
31 5 756
31 6 613
31 7 677
31 8 524
31 9 378
31 10 617
31 11 514
31 12 408
31 13 513
31 14 280
31 15 705
31 16 529
31 17 339
31 18 321
31 19 353
31 20 201
31 21 601
31 22 427
31 23 316
31 24 601
31 25 341
31 26 534
31 27 610
31 28 248
31 29 776
31 30 715
31 32 291
31 33 392
31 34 107
31 35 104
31 36 373
31 37 660
31 38 203
31 39 360
31 40 440
31 41 469
31 42 618
31 43 363
31 44 326
31 45 474
31 46 367
31 47 313
31 48 498
31 49 345
31 50 295
31 51 635
31 52 179
31 53 438
31 54 331
31 55 650
31 56 384
31 57 333
31 58 408
31 59 732
31 60 498
31 61 307
31 62 300
31 63 617
31 64 360
31 65 614
31 66 549
31 67 171
31 68 461
31 69 432
31 70 426
31 71 321
31 72 535
31 73 338
31 74 618
31 75 240
31 76 391
31 77 380
31 78 630
31 79 190
31 80 262
31 81 153
31 82 583
31 83 605
31 84 538
31 85 638
31 86 161
31 87 475
31 88 168
31 89 687
31 90 429
31 91 556
31 92 594
31 93 323
31 94 483
31 95 191
31 96 359
31 97 433
31 98 333
31 99 590
31 100 558
32 1 570
32 2 839
32 3 621
32 4 148
32 5 766
32 6 402
32 7 675
32 8 812
32 9 651
32 10 594
32 11 770
32 12 691
32 13 657
32 14 503
32 15 799
32 16 666
32 17 89
32 18 226
32 19 625
32 20 457
32 21 758
32 22 689
32 23 420
32 24 456
32 25 376
32 26 759
32 27 861
32 28 461
32 29 839
32 30 784
32 31 291
32 33 419
32 34 202
32 35 394
32 36 548
32 37 945
32 38 433
32 39 198
32 40 645
32 41 179
32 42 905
32 43 652
32 44 37
32 45 572
32 46 471
32 47 294
32 48 553
32 49 54
32 50 16
32 51 920
32 52 120
32 53 580
32 54 561
32 55 923
32 56 528
32 57 615
32 58 690
32 59 792
32 60 645
32 61 430
32 62 233
32 63 738
32 64 619
32 65 870
32 66 350
32 67 170
32 68 175
32 69 652
32 70 342
32 71 433
32 72 818
32 73 618
32 74 881
32 75 140
32 76 376
32 77 143
32 78 362
32 79 104
32 80 550
32 81 279
32 82 664
32 83 331
32 84 291
32 85 811
32 86 380
32 87 243
32 88 194
32 89 423
32 90 708
32 91 439
32 92 806
32 93 317
32 94 192
32 95 289
32 96 447
32 97 662
32 98 108
32 99 854
32 100 420
33 1 873
33 2 797
33 3 476
33 4 557
33 5 1122
33 6 818
33 7 1037
33 8 778
33 9 705
33 10 966
33 11 855
33 12 702
33 13 904
33 14 664
33 15 1094
33 16 920
33 17 507
33 18 609
33 19 684
33 20 347
33 21 992
33 22 768
33 23 698
33 24 870
33 25 701
33 26 903
33 27 951
33 28 636
33 29 1159
33 30 1099
33 31 392
33 32 419
33 34 329
33 35 440
33 36 243
33 37 914
33 38 297
33 39 605
33 40 822
33 41 540
33 42 870
33 43 631
33 44 444
33 45 860
33 46 114
33 47 125
33 48 874
33 49 445
33 50 433
33 51 897
33 52 415
33 53 829
33 54 337
33 55 951
33 56 188
33 57 497
33 58 706
33 59 1115
33 60 889
33 61 693
33 62 601
33 63 1008
33 64 434
33 65 947
33 66 768
33 67 467
33 68 554
33 69 808
33 70 732
33 71 705
33 72 813
33 73 653
33 74 940
33 75 282
33 76 733
33 77 355
33 78 748
33 79 401
33 80 563
33 81 523
33 82 968
33 83 711
33 84 699
33 85 1025
33 86 281
33 87 659
33 88 483
33 89 809
33 90 737
33 91 845
33 92 968
33 93 663
33 94 541
33 95 202
33 96 739
33 97 804
33 98 343
33 99 915
33 100 831
34 1 547
34 2 653
34 3 419
34 4 281
34 5 795
34 6 567
34 7 710
34 8 626
34 9 484
34 10 642
34 11 620
34 12 513
34 13 591
34 14 377
34 15 771
34 16 605
34 17 267
34 18 301
34 19 459
34 20 256
34 21 685
34 22 533
34 23 373
34 24 580
34 25 373
34 26 635
34 27 715
34 28 340
34 29 833
34 30 773
34 31 107
34 32 202
34 33 329
34 35 207
34 36 377
34 37 763
34 38 237
34 39 320
34 40 534
34 41 380
34 42 722
34 43 464
34 44 239
34 45 536
34 46 334
34 47 229
34 48 546
34 49 254
34 50 209
34 51 740
34 52 115
34 53 514
34 54 368
34 55 757
34 56 371
34 57 414
34 58 514
34 59 787
34 60 577
34 61 370
34 62 288
34 63 690
34 64 420
34 65 719
34 66 507
34 67 147
34 68 377
34 69 530
34 70 420
34 71 381
34 72 640
34 73 444
34 74 724
34 75 133
34 76 408
34 77 275
34 78 558
34 79 114
34 80 366
34 81 197
34 82 643
34 83 529
34 84 475
34 85 726
34 86 184
34 87 417
34 88 158
34 89 617
34 90 536
34 91 544
34 92 692
34 93 338
34 94 393
34 95 135
34 96 413
34 97 534
34 98 228
34 99 697
34 100 539
35 1 492
35 2 447
35 3 263
35 4 422
35 5 769
35 6 697
35 7 698
35 8 421
35 9 284
35 10 648
35 11 428
35 12 307
35 13 484
35 14 230
35 15 689
35 16 502
35 17 438
35 18 397
35 19 260
35 20 155
35 21 562
35 22 340
35 23 327
35 24 668
35 25 376
35 26 464
35 27 525
35 28 211
35 29 769
35 30 708
35 31 104
35 32 394
35 33 440
35 34 207
35 36 359
35 37 557
35 38 182
35 39 445
35 40 384
35 41 571
35 42 516
35 43 259
35 44 429
35 45 469
35 46 389
35 47 385
35 48 509
35 49 448
35 50 397
35 51 533
35 52 280
35 53 416
35 54 287
35 55 553
35 56 386
35 57 244
35 58 308
35 59 729
35 60 469
35 61 311
35 62 372
35 63 593
35 64 290
35 65 525
35 66 632
35 67 261
35 68 562
35 69 369
35 70 487
35 71 328
35 72 434
35 73 240
35 74 526
35 75 337
35 76 437
35 77 481
35 78 726
35 79 292
35 80 160
35 81 204
35 82 578
35 83 703
35 84 631
35 85 590
35 86 166
35 87 567
35 88 252
35 89 782
35 90 332
35 91 618
35 92 529
35 93 376
35 94 585
35 95 252
35 96 371
35 97 365
35 98 434
35 99 499
35 100 625
36 1 849
36 2 595
36 3 265
36 4 655
36 5 1122
36 6 940
36 7 1046
36 8 581
36 9 557
36 10 989
36 11 705
36 12 532
36 13 839
36 14 581
36 15 1047
36 16 858
36 17 630
36 18 675
36 19 541
36 20 209
36 21 911
36 22 625
36 23 679
36 24 956
36 25 712
36 26 778
36 27 796
36 28 568
36 29 1127
36 30 1066
36 31 373
36 32 548
36 33 243
36 34 377
36 35 359
36 37 709
36 38 178
36 39 696
36 40 724
36 41 708
36 42 666
36 43 455
36 44 583
36 45 827
36 46 130
36 47 310
36 48 862
36 49 591
36 50 561
36 51 696
36 52 490
36 53 774
36 54 117
36 55 767
36 56 61
36 57 296
36 58 538
36 59 1087
36 60 824
36 61 665
36 62 659
36 63 950
36 64 211
36 65 785
36 66 881
36 67 518
36 68 714
36 69 701
36 70 790
36 71 682
36 72 625
36 73 503
36 74 770
36 75 416
36 76 763
36 77 540
36 78 908
36 79 486
36 80 420
36 81 525
36 82 936
36 83 874
36 84 838
36 85 930
36 86 212
36 87 785
36 88 524
36 89 969
36 90 573
36 91 917
36 92 849
36 93 694
36 94 714
36 95 260
36 96 723
36 97 689
36 98 511
36 99 748
36 100 914
37 1 732
37 2 117
37 3 445
37 4 939
37 5 971
37 6 1173
37 7 946
37 8 139
37 9 308
37 10 946
37 11 270
37 12 255
37 13 608
37 14 497
37 15 780
37 16 625
37 17 974
37 18 881
37 19 332
37 20 574
37 21 593
37 22 302
37 23 679
37 24 1093
37 25 767
37 26 385
37 27 271
37 28 535
37 29 880
37 30 836
37 31 660
37 32 945
37 33 914
37 34 763
37 35 557
37 36 709
37 38 623
37 39 945
37 40 464
37 41 1118
37 42 44
37 43 301
37 44 979
37 45 696
37 46 818
37 47 907
37 48 775
37 49 999
37 50 946
37 51 30
37 52 827
37 53 611
37 54 593
37 55 133
37 56 767
37 57 419
37 58 257
37 59 865
37 60 601
37 61 654
37 62 853
37 63 684
37 64 499
37 65 240
37 66 1110
37 67 792
37 68 1105
37 69 426
37 70 920
37 71 668
37 72 131
37 73 330
37 74 200
37 75 892
37 76 836
37 77 1038
37 78 1246
37 79 842
37 80 398
37 81 695
37 82 756
37 83 1229
37 84 1143
37 85 558
37 86 656
37 87 1077
37 88 774
37 89 1294
37 90 246
37 91 1031
37 92 429
37 93 808
37 94 1133
37 95 778
37 96 701
37 97 400
37 98 991
37 99 206
37 100 1055
38 1 671
38 2 506
38 3 206
38 4 514
38 5 945
38 6 801
38 7 871
38 8 486
38 9 413
38 10 815
38 11 564
38 12 406
38 13 665
38 14 408
38 15 871
38 16 683
38 17 503
38 18 519
38 19 393
38 20 51
38 21 740
38 22 478
38 23 502
38 24 800
38 25 539
38 26 623
38 27 659
38 28 392
38 29 950
38 30 889
38 31 203
38 32 433
38 33 297
38 34 237
38 35 182
38 36 178
38 37 623
38 39 550
38 40 557
38 41 608
38 42 579
38 43 335
38 44 470
38 45 650
38 46 220
38 47 288
38 48 685
38 49 483
38 50 442
38 51 605
38 52 349
38 53 598
38 54 132
38 55 655
38 56 205
38 57 215
38 58 410
38 59 910
38 60 650
38 61 488
38 62 499
38 63 775
38 64 189
38 65 653
38 66 739
38 67 364
38 68 608
38 69 537
38 70 627
38 71 505
38 72 518
38 73 360
38 74 645
38 75 323
38 76 593
38 77 468
38 78 794
38 79 350
38 80 271
38 81 353
38 82 759
38 83 764
38 84 712
38 85 764
38 86 54
38 87 653
38 88 365
38 89 853
38 90 442
38 91 757
38 92 691
38 93 526
38 94 618
38 95 171
38 96 546
38 97 528
38 98 428
38 99 620
38 100 757
39 1 419
39 2 852
39 3 704
39 4 50
39 5 578
39 6 254
39 7 486
39 8 823
39 9 638
39 10 403
39 11 727
39 12 695
39 13 533
39 14 457
39 15 639
39 16 538
39 17 121
39 18 69
39 19 614
39 20 557
39 21 634
39 22 657
39 23 310
39 24 266
39 25 236
39 26 686
39 27 806
39 28 415
39 29 666
39 30 614
39 31 360
39 32 198
39 33 605
39 34 320
39 35 445
39 36 696
39 37 945
39 38 550
39 40 565
39 41 241
39 42 910
39 43 676
39 44 189
39 45 431
39 46 641
39 47 482
39 48 392
39 49 203
39 50 183
39 51 917
39 52 207
39 53 463
39 54 681
39 55 896
39 56 687
39 57 687
39 58 692
39 59 618
39 60 524
39 61 329
39 62 96
39 63 595
39 64 719
39 65 822
39 66 191
39 67 189
39 68 214
39 69 584
39 70 150
39 71 324
39 72 815
39 73 620
39 74 842
39 75 325
39 76 206
39 77 329
39 78 302
39 79 213
39 80 575
39 81 255
39 82 506
39 83 290
39 84 198
39 85 694
39 86 499
39 87 133
39 88 194
39 89 350
39 90 699
39 91 242
39 92 717
39 93 172
39 94 259
39 95 445
39 96 319
39 97 600
39 98 303
39 99 815
39 100 227
40 1 269
40 2 419
40 3 526
40 4 578
40 5 519
40 6 753
40 7 485
40 8 395
40 9 223
40 10 482
40 11 197
40 12 295
40 13 154
40 14 160
40 15 359
40 16 173
40 17 636
40 18 496
40 19 220
40 20 517
40 21 191
40 22 179
40 23 258
40 24 651
40 25 343
40 26 121
40 27 251
40 28 195
40 29 456
40 30 402
40 31 440
40 32 645
40 33 822
40 34 534
40 35 384
40 36 724
40 37 464
40 38 557
40 39 565
40 41 785
40 42 445
40 43 344
40 44 668
40 45 232
40 46 772
40 47 752
40 48 312
40 49 690
40 50 639
40 51 436
40 52 533
40 53 148
40 54 627
40 55 370
40 56 761
40 57 488
40 58 286
40 59 429
40 60 144
40 61 237
40 62 470
40 63 255
40 64 581
40 65 273
40 66 695
40 67 476
40 68 764
40 69 40
40 70 494
40 71 244
40 72 354
40 73 260
40 74 302
40 75 660
40 76 404
40 77 775
40 78 860
40 79 554
40 80 317
40 81 367
40 82 300
40 83 852
40 84 755
40 85 207
40 86 550
40 87 692
40 88 452
40 89 898
40 90 264
40 91 588
40 92 161
40 93 400
40 94 803
40 95 626
40 96 263
40 97 67
40 98 729
40 99 280
40 100 617
41 1 659
41 2 1013
41 3 799
41 4 212
41 5 801
41 6 312
41 7 710
41 8 986
41 9 818
41 10 624
41 11 928
41 12 863
41 13 769
41 14 657
41 15 878
41 16 776
41 17 150
41 18 303
41 19 793
41 20 634
41 21 871
41 22 850
41 23 539
41 24 419
41 25 473
41 26 904
41 27 1015
41 28 613
41 29 900
41 30 851
41 31 469
41 32 179
41 33 540
41 34 380
41 35 571
41 36 708
41 37 1118
41 38 608
41 39 241
41 40 785
41 42 1078
41 43 827
41 44 143
41 45 670
41 46 615
41 47 420
41 48 631
41 49 126
41 50 175
41 51 1092
41 52 293
41 53 696
41 54 732
41 55 1088
41 56 679
41 57 793
41 58 862
41 59 853
41 60 760
41 61 554
41 62 324
41 63 835
41 64 795
41 65 1027
41 66 284
41 67 328
41 68 30
41 69 798
41 70 380
41 71 553
41 72 989
41 73 789
41 74 1041
41 75 293
41 76 446
41 77 187
41 78 209
41 79 280
41 80 725
41 81 433
41 82 746
41 83 172
41 84 181
41 85 929
41 86 554
41 87 175
41 88 348
41 89 270
41 90 877
41 91 427
41 92 943
41 93 409
41 94 19
41 95 453
41 96 555
41 97 811
41 98 201
41 99 1014
41 100 395
42 1 711
42 2 73
42 3 402
42 4 902
42 5 957
42 6 1140
42 7 929
42 8 96
42 9 274
42 10 924
42 11 256
42 12 216
42 13 593
42 14 465
42 15 771
42 16 609
42 17 936
42 18 846
42 19 297
42 20 530
42 21 584
42 22 276
42 23 650
42 24 1064
42 25 737
42 26 375
42 27 272
42 28 503
42 29 871
42 30 826
42 31 618
42 32 905
42 33 870
42 34 722
42 35 516
42 36 666
42 37 44
42 38 579
42 39 910
42 40 445
42 41 1078
42 43 258
42 44 939
42 45 675
42 46 774
42 47 863
42 48 753
42 49 959
42 50 907
42 51 35
42 52 787
42 53 590
42 54 550
42 55 146
42 56 724
42 57 375
42 58 219
42 59 855
42 60 584
42 61 624
42 62 818
42 63 674
42 64 456
42 65 242
42 66 1077
42 67 753
42 68 1066
42 69 406
42 70 889
42 71 639
42 72 97
42 73 292
42 74 204
42 75 850
42 76 806
42 77 996
42 78 1210
42 79 802
42 80 356
42 81 658
42 82 740
42 83 1192
42 84 1107
42 85 553
42 86 612
42 87 1041
42 88 736
42 89 1259
42 90 212
42 91 1003
42 92 425
42 93 776
42 94 1094
42 95 734
42 96 674
42 97 379
42 98 949
42 99 204
42 100 1025
43 1 571
43 2 189
43 3 205
43 4 662
43 5 846
43 6 918
43 7 796
43 8 163
43 9 125
43 10 771
43 11 256
43 12 77
43 13 494
43 14 276
43 15 702
43 16 513
43 17 689
43 18 618
43 19 124
43 20 285
43 21 530
43 22 189
43 23 459
43 24 862
43 25 538
43 26 351
43 27 343
43 28 300
43 29 798
43 30 742
43 31 363
43 32 652
43 33 631
43 34 464
43 35 259
43 36 455
43 37 301
43 38 335
43 39 676
43 40 344
43 41 827
43 42 258
43 44 686
43 45 538
43 46 545
43 47 611
43 48 605
43 49 705
43 50 654
43 51 278
43 52 535
43 53 458
43 54 341
43 55 321
43 56 507
43 57 167
43 58 84
43 59 769
43 60 481
43 61 435
43 62 590
43 63 598
43 64 266
43 65 331
43 66 854
43 67 507
43 68 817
43 69 308
43 70 681
43 71 452
43 72 185
43 73 87
43 74 316
43 75 592
43 76 608
43 77 739
43 78 971
43 79 549
43 80 103
43 81 422
43 82 629
43 83 950
43 84 871
43 85 529
43 86 361
43 87 806
43 88 492
43 89 1023
43 90 119
43 91 804
43 92 422
43 93 564
43 94 842
43 95 480
43 96 493
43 97 287
43 98 692
43 99 293
43 100 821
44 1 579
44 2 873
44 3 657
44 4 141
44 5 765
44 6 374
44 7 673
44 8 845
44 9 682
44 10 591
44 11 799
44 12 724
44 13 673
44 14 530
44 15 807
44 16 682
44 17 70
44 18 228
44 19 657
44 20 494
44 21 775
44 22 718
44 23 437
44 24 437
44 25 386
44 26 784
44 27 888
44 28 487
44 29 844
44 30 790
44 31 326
44 32 37
44 33 444
44 34 239
44 35 429
44 36 583
44 37 979
44 38 470
44 39 189
44 40 668
44 41 143
44 42 939
44 43 686
44 45 584
44 46 502
44 47 319
44 48 560
44 49 22
44 50 33
44 51 953
44 52 153
44 53 597
44 54 597
44 55 954
44 56 560
44 57 651
44 58 723
44 59 796
44 60 662
44 61 448
44 62 239
44 63 750
44 64 656
44 65 899
44 66 325
44 67 197
44 68 139
44 69 677
44 70 337
44 71 450
44 72 851
44 73 650
44 74 911
44 75 171
44 76 379
44 77 141
44 78 327
44 79 138
44 80 584
44 81 305
44 82 673
44 83 295
44 84 259
44 85 829
44 86 416
44 87 215
44 88 219
44 89 388
44 90 740
44 91 425
44 92 828
44 93 325
44 94 157
44 95 324
44 96 460
44 97 688
44 98 116
44 99 883
44 100 403
45 1 37
45 2 644
45 3 684
45 4 461
45 5 312
45 6 562
45 7 261
45 8 618
45 9 431
45 10 251
45 11 428
45 12 506
45 13 116
45 14 270
45 15 235
45 16 114
45 17 533
45 18 367
45 19 420
45 20 622
45 21 209
45 22 403
45 23 164
45 24 441
45 25 199
45 26 333
45 27 470
45 28 267
45 29 303
45 30 242
45 31 474
45 32 572
45 33 860
45 34 536
45 35 469
45 36 827
45 37 696
45 38 650
45 39 431
45 40 232
45 41 670
45 42 675
45 43 538
45 44 584
45 46 840
45 47 764
45 48 81
45 49 604
45 50 562
45 51 667
45 52 486
45 53 86
45 54 751
45 55 599
45 56 850
45 57 650
45 58 498
45 59 261
45 60 113
45 61 168
45 62 349
45 63 167
45 64 731
45 65 496
45 66 512
45 67 423
45 68 643
45 69 270
45 70 315
45 71 156
45 72 582
45 73 452
45 74 529
45 75 635
45 76 230
45 77 714
45 78 695
45 79 507
45 80 477
45 81 340
45 82 110
45 83 696
45 84 594
45 85 273
45 86 623
45 87 539
45 88 400
45 89 723
45 90 483
45 91 379
45 92 334
45 93 263
45 94 688
45 95 659
45 96 128
45 97 296
45 98 673
45 99 509
45 100 413
46 1 857
46 2 702
46 3 375
46 4 596
46 5 1120
46 6 871
46 7 1038
46 8 685
46 9 632
46 10 973
46 11 782
46 12 619
46 13 870
46 14 618
46 15 1069
46 16 887
46 17 558
46 18 633
46 19 612
46 20 267
46 21 951
46 22 697
46 23 682
46 24 906
46 25 700
46 26 842
46 27 877
46 28 597
46 29 1142
46 30 1081
46 31 367
46 32 471
46 33 114
46 34 334
46 35 389
46 36 130
46 37 818
46 38 220
46 39 641
46 40 772
46 41 615
46 42 774
46 43 545
46 44 502
46 45 840
46 47 199
46 48 864
46 49 507
46 50 485
46 51 803
46 52 439
46 53 799
46 54 231
46 55 864
46 56 76
46 57 400
46 58 624
46 59 1099
46 60 855
46 61 673
46 62 621
46 63 978
46 64 328
46 65 870
46 66 817
46 67 480
46 68 625
46 69 754
46 70 753
46 71 687
46 72 724
46 73 578
46 74 859
46 75 332
46 76 741
46 77 436
46 78 820
46 79 429
46 80 490
46 81 513
46 82 949
46 83 785
46 84 760
46 85 978
46 86 224
46 87 713
46 88 492
46 89 882
46 90 657
46 91 875
46 92 910
46 93 670
46 94 619
46 95 200
46 96 725
46 97 746
46 98 415
46 99 835
46 100 866
47 1 773
47 2 791
47 3 490
47 4 433
47 5 1013
47 6 693
47 7 925
47 8 768
47 9 665
47 10 852
47 11 811
47 12 675
47 13 818
47 14 593
47 15 999
47 16 833
47 17 382
47 18 489
47 19 642
47 20 335
47 21 911
47 22 724
47 23 600
47 24 746
47 25 594
47 26 844
47 27 909
47 28 560
47 29 1059
47 30 999
47 31 313
47 32 294
47 33 125
47 34 229
47 35 385
47 36 310
47 37 907
47 38 288
47 39 482
47 40 752
47 41 420
47 42 863
47 43 611
47 44 319
47 45 764
47 46 199
47 48 770
47 49 320
47 50 309
47 51 887
47 52 299
47 53 741
47 54 373
47 55 926
47 56 269
47 57 503
47 58 678
47 59 1013
47 60 804
47 61 598
47 62 484
47 63 918
47 64 461
47 65 908
47 66 643
47 67 355
47 68 433
47 69 744
47 70 612
47 71 609
47 72 795
47 73 617
47 74 906
47 75 158
47 76 619
47 77 238
47 78 628
47 79 283
47 80 529
47 81 425
47 82 870
47 83 591
47 84 575
47 85 950
47 86 252
47 87 534
47 88 374
47 89 689
47 90 706
47 91 723
47 92 905
47 93 551
47 94 423
47 95 134
47 96 639
47 97 743
47 98 221
47 99 879
47 100 708
48 1 46
48 2 720
48 3 739
48 4 428
48 5 261
48 6 495
48 7 194
48 8 694
48 9 503
48 10 172
48 11 508
48 12 578
48 13 191
48 14 331
48 15 248
48 16 185
48 17 503
48 18 335
48 19 490
48 20 663
48 21 275
48 22 480
48 23 184
48 24 367
48 25 180
48 26 414
48 27 551
48 28 319
48 29 290
48 30 233
48 31 498
48 32 553
48 33 874
48 34 546
48 35 509
48 36 862
48 37 775
48 38 685
48 39 392
48 40 312
48 41 631
48 42 753
48 43 605
48 44 560
48 45 81
48 46 864
48 47 770
48 49 579
48 50 541
48 51 746
48 52 481
48 53 164
48 54 795
48 55 680
48 56 880
48 57 707
48 58 570
48 59 243
48 60 191
48 61 198
48 62 322
48 63 211
48 64 782
48 65 577
48 66 448
48 67 419
48 68 604
48 69 349
48 70 260
48 71 181
48 72 659
48 73 521
48 74 610
48 75 632
48 76 186
48 77 696
48 78 636
48 79 500
48 80 537
48 81 353
48 82 115
48 83 640
48 84 538
48 85 340
48 86 654
48 87 488
48 88 399
48 89 660
48 90 558
48 91 306
48 92 412
48 93 236
48 94 649
48 95 675
48 96 140
48 97 375
48 98 658
48 99 589
48 100 342
49 1 599
49 2 892
49 3 673
49 4 157
49 5 780
49 6 375
49 7 689
49 8 865
49 9 703
49 10 606
49 11 820
49 12 744
49 13 694
49 14 552
49 15 826
49 16 702
49 17 82
49 18 246
49 19 677
49 20 508
49 21 796
49 22 740
49 23 458
49 24 445
49 25 406
49 26 806
49 27 910
49 28 509
49 29 861
49 30 808
49 31 345
49 32 54
49 33 445
49 34 254
49 35 448
49 36 591
49 37 999
49 38 483
49 39 203
49 40 690
49 41 126
49 42 959
49 43 705
49 44 22
49 45 604
49 46 507
49 47 320
49 48 579
49 50 53
49 51 973
49 52 173
49 53 618
49 54 609
49 55 975
49 56 566
49 57 668
49 58 743
49 59 814
49 60 683
49 61 469
49 62 258
49 63 770
49 64 670
49 65 920
49 66 329
49 67 218
49 68 125
49 69 699
49 70 352
49 71 471
49 72 871
49 73 671
49 74 932
49 75 176
49 76 397
49 77 127
49 78 318
49 79 157
49 80 604
49 81 327
49 82 692
49 83 284
49 84 255
49 85 850
49 86 429
49 87 216
49 88 241
49 89 379
49 90 760
49 91 435
49 92 850
49 93 344
49 94 139
49 95 333
49 96 481
49 97 710
49 98 108
49 99 904
49 100 412
50 1 559
50 2 841
50 3 627
50 4 134
50 5 753
50 6 387
50 7 661
50 8 813
50 9 650
50 10 580
50 11 768
50 12 692
50 13 648
50 14 500
50 15 787
50 16 657
50 17 74
50 18 213
50 19 625
50 20 465
50 21 749
50 22 687
50 23 411
50 24 440
50 25 365
50 26 754
50 27 857
50 28 457
50 29 827
50 30 772
50 31 295
50 32 16
50 33 433
50 34 209
50 35 397
50 36 561
50 37 946
50 38 442
50 39 183
50 40 639
50 41 175
50 42 907
50 43 654
50 44 33
50 45 562
50 46 485
50 47 309
50 48 541
50 49 53
50 51 921
50 52 120
50 53 571
50 54 571
50 55 922
50 56 540
50 57 621
50 58 691
50 59 779
50 60 636
50 61 421
50 62 221
50 63 728
50 64 628
50 65 867
50 66 335
50 67 166
50 68 168
50 69 648
50 70 328
50 71 424
50 72 818
50 73 618
50 74 879
50 75 154
50 76 363
50 77 155
50 78 352
50 79 106
50 80 552
50 81 275
50 82 653
50 83 322
50 84 278
50 85 803
50 86 389
50 87 229
50 88 189
50 89 412
50 90 708
50 91 424
50 92 800
50 93 305
50 94 189
50 95 301
50 96 437
50 97 658
50 98 122
50 99 852
50 100 404
51 1 704
51 2 102
51 3 432
51 4 912
51 5 943
51 6 1144
51 7 918
51 8 120
51 9 280
51 10 917
51 11 242
51 12 229
51 13 580
51 14 468
51 15 754
51 16 597
51 17 948
51 18 853
51 19 304
51 20 556
51 21 567
51 22 273
51 23 650
51 24 1064
51 25 738
51 26 358
51 27 247
51 28 507
51 29 854
51 30 809
51 31 635
51 32 920
51 33 897
51 34 740
51 35 533
51 36 696
51 37 30
51 38 605
51 39 917
51 40 436
51 41 1092
51 42 35
51 43 278
51 44 953
51 45 667
51 46 803
51 47 887
51 48 746
51 49 973
51 50 921
51 52 801
51 53 582
51 54 580
51 55 115
51 56 754
51 57 404
51 58 230
51 59 838
51 60 573
51 61 625
51 62 825
51 63 658
51 64 487
51 65 217
51 66 1081
51 67 765
51 68 1078
51 69 397
51 70 891
51 71 639
51 72 103
51 73 304
51 74 177
51 75 869
51 76 807
51 77 1014
51 78 1218
51 79 816
51 80 374
51 81 668
51 82 728
51 83 1202
51 84 1115
51 85 533
51 86 636
51 87 1049
51 88 747
51 89 1266
51 90 218
51 91 1002
51 92 404
51 93 780
51 94 1107
51 95 757
51 96 672
51 97 371
51 98 967
51 99 181
51 100 1026
52 1 490
52 2 721
52 3 520
52 4 167
52 5 716
52 6 453
52 7 628
52 8 694
52 9 531
52 10 554
52 11 652
52 12 572
52 13 559
52 14 387
52 15 719
52 16 571
52 17 161
52 18 195
52 19 505
52 20 363
52 21 659
52 22 569
52 23 326
52 24 469
52 25 302
52 26 645
52 27 743
52 28 345
52 29 770
52 30 712
52 31 179
52 32 120
52 33 415
52 34 115
52 35 280
52 36 490
52 37 827
52 38 349
52 39 207
52 40 533
52 41 293
52 42 787
52 43 535
52 44 153
52 45 486
52 46 439
52 47 299
52 48 481
52 49 173
52 50 120
52 51 801
52 53 481
52 54 481
52 55 803
52 56 482
52 57 510
52 58 571
52 59 724
52 60 547
52 61 331
52 62 187
52 63 649
52 64 527
52 65 751
52 66 393
52 67 64
52 68 283
52 69 538
52 70 318
52 71 337
52 72 699
52 73 498
52 74 762
52 75 152
52 76 322
52 77 243
52 78 453
52 79 22
52 80 433
52 81 167
52 82 586
52 83 427
52 84 365
52 85 708
52 86 296
52 87 305
52 88 87
52 89 511
52 90 588
52 91 437
52 92 694
52 93 254
52 94 308
52 95 240
52 96 359
52 97 546
52 98 197
52 99 734
52 100 428
53 1 122
53 2 560
53 3 614
53 4 485
53 5 389
53 6 623
53 7 344
53 8 534
53 9 348
53 10 335
53 11 344
53 12 423
53 13 79
53 14 201
53 15 273
53 16 92
53 17 553
53 18 395
53 19 338
53 20 567
53 21 179
53 22 318
53 23 160
53 24 511
53 25 228
53 26 255
53 27 392
53 28 207
53 29 356
53 30 297
53 31 438
53 32 580
53 33 829
53 34 514
53 35 416
53 36 774
53 37 611
53 38 598
53 39 463
53 40 148
53 41 696
53 42 590
53 43 458
53 44 597
53 45 86
53 46 799
53 47 741
53 48 164
53 49 618
53 50 571
53 51 582
53 52 481
53 54 691
53 55 517
53 56 802
53 57 579
53 58 415
53 59 320
53 60 66
53 61 151
53 62 373
53 63 180
53 64 663
53 65 416
53 66 568
53 67 419
53 68 672
53 69 185
53 70 368
53 71 148
53 72 497
53 73 372
53 74 447
53 75 624
53 76 278
53 77 719
53 78 744
53 79 503
53 80 404
53 81 322
53 82 173
53 83 741
53 84 640
53 85 234
53 86 578
53 87 581
53 88 395
53 89 777
53 90 399
53 91 448
53 92 266
53 93 291
53 94 715
53 95 627
53 96 144
53 97 211
53 98 675
53 99 427
53 100 480
54 1 776
54 2 479
54 3 149
54 4 646
54 5 1055
54 6 932
54 7 984
54 8 464
54 9 447
54 10 933
54 11 593
54 12 417
54 13 751
54 14 493
54 15 962
54 16 770
54 17 634
54 18 650
54 19 433
54 20 134
54 21 817
54 22 515
54 23 614
54 24 930
54 25 659
54 26 672
54 27 683
54 28 486
54 29 1047
54 30 987
54 31 331
54 32 561
54 33 337
54 34 368
54 35 287
54 36 117
54 37 593
54 38 132
54 39 681
54 40 627
54 41 732
54 42 550
54 43 341
54 44 597
54 45 751
54 46 231
54 47 373
54 48 795
54 49 609
54 50 571
54 51 580
54 52 481
54 53 691
54 55 650
54 56 175
54 57 179
54 58 424
54 59 1009
54 60 737
54 61 597
54 62 629
54 63 862
54 64 98
54 65 671
54 66 871
54 67 495
54 68 734
54 69 600
54 70 756
54 71 614
54 72 508
54 73 394
54 74 655
54 75 442
54 76 716
54 77 581
54 78 922
54 79 481
54 80 315
54 81 477
54 82 859
54 83 891
54 84 842
54 85 831
54 86 185
54 87 785
54 88 496
54 89 982
54 90 459
54 91 886
54 92 743
54 93 651
54 94 741
54 95 283
54 96 657
54 97 587
54 98 545
54 99 633
54 100 887
55 1 636
55 2 190
55 3 504
55 4 896
55 5 858
55 6 1109
55 7 841
55 8 193
55 9 274
55 10 848
55 11 176
55 12 252
55 13 502
55 14 440
55 15 659
55 16 517
55 17 940
55 18 829
55 19 299
55 20 605
55 21 474
55 22 239
55 23 609
55 24 1017
55 25 698
55 26 273
55 27 145
55 28 482
55 29 758
55 30 718
55 31 650
55 32 923
55 33 951
55 34 757
55 35 553
55 36 767
55 37 133
55 38 655
55 39 896
55 40 370
55 41 1088
55 42 146
55 43 321
55 44 954
55 45 599
55 46 864
55 47 926
55 48 680
55 49 975
55 50 922
55 51 115
55 52 803
55 53 517
55 54 650
55 56 822
55 57 471
55 58 249
55 59 747
55 60 497
55 61 585
55 62 801
55 63 568
55 64 563
55 65 114
55 66 1048
55 67 760
55 68 1072
55 69 336
55 70 852
55 71 597
55 72 143
55 73 314
55 74 74
55 75 889
55 76 764
55 77 1029
55 78 1197
55 79 821
55 80 398
55 81 656
55 82 648
55 83 1184
55 84 1093
55 85 434
55 86 678
55 87 1028
55 88 740
55 89 1242
55 90 222
55 91 954
55 92 307
55 93 746
55 94 1104
55 95 794
55 96 624
55 97 312
55 98 981
55 99 91
55 100 981
56 1 870
56 2 653
56 3 323
56 4 644
56 5 1139
56 6 925
56 7 1060
56 8 637
56 9 604
56 10 999
56 11 753
56 12 583
56 13 869
56 14 613
56 15 1074
56 16 887
56 17 612
56 18 672
56 19 586
56 20 245
56 21 945
56 22 671
56 23 697
56 24 950
56 25 724
56 26 822
56 27 846
56 28 596
56 29 1151
56 30 1090
56 31 384
56 32 528
56 33 188
56 34 371
56 35 386
56 36 61
56 37 767
56 38 205
56 39 687
56 40 761
56 41 679
56 42 724
56 43 507
56 44 560
56 45 850
56 46 76
56 47 269
56 48 880
56 49 566
56 50 540
56 51 754
56 52 482
56 53 802
56 54 175
56 55 822
56 57 352
56 58 589
56 59 1110
56 60 854
56 61 685
56 62 658
56 63 979
56 64 270
56 65 836
56 66 868
56 67 516
56 68 688
56 69 740
56 70 790
56 71 701
56 72 680
56 73 550
56 74 823
56 75 391
56 76 769
56 77 505
56 78 883
56 79 475
56 80 464
56 81 535
56 82 959
56 83 848
56 84 818
56 85 968
56 86 227
56 87 768
56 88 525
56 89 944
56 90 623
56 91 915
56 92 891
56 93 700
56 94 684
56 95 244
56 96 741
56 97 730
56 98 480
56 99 799
56 100 909
57 1 681
57 2 303
57 3 39
57 4 662
57 5 961
57 6 940
57 7 901
57 8 287
57 9 285
57 10 863
57 11 423
57 12 243
57 13 628
57 14 381
57 15 840
57 16 647
57 17 670
57 18 640
57 19 276
57 20 171
57 21 679
57 22 352
57 23 539
57 24 909
57 25 604
57 26 513
57 27 509
57 28 388
57 29 932
57 30 873
57 31 333
57 32 615
57 33 497
57 34 414
57 35 244
57 36 296
57 37 419
57 38 215
57 39 687
57 40 488
57 41 793
57 42 375
57 43 167
57 44 651
57 45 650
57 46 400
57 47 503
57 48 707
57 49 668
57 50 621
57 51 404
57 52 510
57 53 579
57 54 179
57 55 471
57 56 352
57 58 251
57 59 898
57 60 614
57 61 517
57 62 615
57 63 737
57 64 99
57 65 496
57 66 876
57 67 502
57 68 788
57 69 456
57 70 727
57 71 536
57 72 329
57 73 235
57 74 478
57 75 524
57 76 669
57 77 672
57 78 962
57 79 518
57 80 176
57 81 446
57 82 752
57 83 936
57 84 871
57 85 684
57 86 259
57 87 807
57 88 494
57 89 1019
57 90 286
57 91 857
57 92 584
57 93 613
57 94 806
57 95 383
57 96 579
57 97 438
57 98 629
57 99 456
57 100 866
58 1 533
58 2 162
58 3 288
58 4 684
58 5 800
58 6 925
58 7 758
58 8 134
58 9 68
58 10 740
58 11 173
58 12 9
58 13 439
58 14 256
58 15 643
58 16 458
58 17 718
58 18 629
58 19 84
58 20 360
58 21 464
58 22 115
58 23 444
58 24 856
58 25 529
58 26 275
58 27 260
58 28 290
58 29 741
58 30 687
58 31 408
58 32 690
58 33 706
58 34 514
58 35 308
58 36 538
58 37 257
58 38 410
58 39 692
58 40 286
58 41 862
58 42 219
58 43 84
58 44 723
58 45 498
58 46 624
58 47 678
58 48 570
58 49 743
58 50 691
58 51 230
58 52 571
58 53 415
58 54 424
58 55 249
58 56 589
58 57 251
58 59 715
58 60 428
58 61 419
58 62 601
58 63 539
58 64 349
58 65 248
58 66 861
58 67 535
58 68 848
58 69 247
58 70 678
58 71 435
58 72 128
58 73 74
58 74 236
58 75 645
58 76 599
58 77 788
58 78 991
58 79 587
58 80 150
58 81 440
58 82 581
58 83 973
58 84 889
58 85 457
58 86 430
58 87 823
58 88 518
58 89 1041
58 90 36
58 91 796
58 92 344
58 93 563
58 94 877
58 95 545
58 96 473
58 97 223
58 98 740
58 99 212
58 100 816
59 1 242
59 2 841
59 3 933
59 4 659
59 5 128
59 6 658
59 7 175
59 8 818
59 9 651
59 10 250
59 11 600
59 12 723
59 13 276
59 14 520
59 15 93
59 16 257
59 17 735
59 18 569
59 19 646
59 20 882
59 21 274
59 22 606
59 23 418
59 24 510
59 25 423
59 26 481
59 27 604
59 28 523
59 29 48
59 30 30
59 31 732
59 32 792
59 33 1115
59 34 787
59 35 729
59 36 1087
59 37 865
59 38 910
59 39 618
59 40 429
59 41 853
59 42 855
59 43 769
59 44 796
59 45 261
59 46 1099
59 47 1013
59 48 243
59 49 814
59 50 779
59 51 838
59 52 724
59 53 320
59 54 1009
59 55 747
59 56 1110
59 57 898
59 58 715
59 60 289
59 61 426
59 62 559
59 63 182
59 64 983
59 65 634
59 66 628
59 67 662
59 68 824
59 69 468
59 70 473
59 71 412
59 72 772
59 73 683
59 74 673
59 75 875
59 76 417
59 77 934
59 78 820
59 79 743
59 80 723
59 81 592
59 82 151
59 83 833
59 84 733
59 85 320
59 86 883
59 87 694
59 88 641
59 89 830
59 90 692
59 91 464
59 92 442
59 93 476
59 94 870
59 95 914
59 96 376
59 97 493
59 98 898
59 99 661
59 100 504
60 1 146
60 2 562
60 3 650
60 4 548
60 5 376
60 6 672
60 7 346
60 8 538
60 9 363
60 10 354
60 11 331
60 12 436
60 13 15
60 14 244
60 15 227
60 16 34
60 17 617
60 18 458
60 19 357
60 20 616
60 21 114
60 22 322
60 23 226
60 24 553
60 25 289
60 26 226
60 27 363
60 28 259
60 29 319
60 30 262
60 31 498
60 32 645
60 33 889
60 34 577
60 35 469
60 36 824
60 37 601
60 38 650
60 39 524
60 40 144
60 41 760
60 42 584
60 43 481
60 44 662
60 45 113
60 46 855
60 47 804
60 48 191
60 49 683
60 50 636
60 51 573
60 52 547
60 53 66
60 54 737
60 55 497
60 56 854
60 57 614
60 58 428
60 59 289
60 61 217
60 62 436
60 63 126
60 64 702
60 65 390
60 66 621
60 67 484
60 68 735
60 69 184
60 70 422
60 71 213
60 72 495
60 73 395
60 74 425
60 75 689
60 76 333
60 77 784
60 78 800
60 79 568
60 80 439
60 81 386
60 82 157
60 83 799
60 84 697
60 85 170
60 86 633
60 87 640
60 88 460
60 89 831
60 90 407
60 91 491
60 92 221
60 93 353
60 94 778
60 95 688
60 96 206
60 97 210
60 98 741
60 99 407
60 100 525
61 1 185
61 2 579
61 3 548
61 4 344
61 5 459
61 6 525
61 7 389
61 8 550
61 9 354
61 10 346
61 11 411
61 12 425
61 13 229
61 14 163
61 15 402
61 16 241
61 17 408
61 18 260
61 19 335
61 20 465
61 21 330
61 22 353
61 23 26
61 24 440
61 25 114
61 26 358
61 27 482
61 28 135
61 29 469
61 30 409
61 31 307
61 32 430
61 33 693
61 34 370
61 35 311
61 36 665
61 37 654
61 38 488
61 39 329
61 40 237
61 41 554
61 42 624
61 43 435
61 44 448
61 45 168
61 46 673
61 47 598
61 48 198
61 49 469
61 50 421
61 51 625
61 52 331
61 53 151
61 54 597
61 55 585
61 56 685
61 57 517
61 58 419
61 59 426
61 60 217
61 62 234
61 63 322
61 64 588
61 65 500
61 66 464
61 67 268
61 68 532
61 69 258
61 70 268
61 71 19
61 72 528
61 73 357
61 74 524
61 75 475
61 76 183
61 77 568
61 78 624
61 79 352
61 80 354
61 81 174
61 82 277
61 83 616
61 84 519
61 85 382
61 86 459
61 87 456
61 88 244
61 89 664
61 90 415
61 91 379
61 92 390
61 93 164
61 94 572
61 95 491
61 96 62
61 97 277
61 98 524
61 99 499
61 100 402
62 1 342
62 2 762
62 3 635
62 4 113
62 5 537
62 6 329
62 7 447
62 8 733
62 9 545
62 10 370
62 11 632
62 12 605
62 13 446
62 14 362
62 15 569
62 16 452
62 17 184
62 18 29
62 19 522
62 20 500
62 21 548
62 22 563
62 23 217
62 24 302
62 25 151
62 26 590
62 27 710
62 28 320
62 29 607
62 30 552
62 31 300
62 32 233
62 33 601
62 34 288
62 35 372
62 36 659
62 37 853
62 38 499
62 39 96
62 40 470
62 41 324
62 42 818
62 43 590
62 44 239
62 45 349
62 46 621
62 47 484
62 48 322
62 49 258
62 50 221
62 51 825
62 52 187
62 53 373
62 54 629
62 55 801
62 56 658
62 57 615
62 58 601
62 59 559
62 60 436
62 61 234
62 63 515
62 64 656
62 65 726
62 66 265
62 67 142
62 68 300
62 69 488
62 70 133
62 71 230
62 72 723
62 73 530
62 74 746
62 75 331
62 76 143
62 77 375
62 78 397
62 79 202
62 80 491
62 81 172
62 82 435
62 83 385
62 84 292
62 85 605
62 86 452
62 87 227
62 88 135
62 89 442
62 90 607
62 91 259
62 92 624
62 93 87
62 94 342
62 95 421
62 96 231
62 97 505
62 98 340
62 99 720
62 100 259
63 1 177
63 2 661
63 3 773
63 4 626
63 5 292
63 6 702
63 7 291
63 8 639
63 9 477
63 10 329
63 11 419
63 12 548
63 13 111
63 14 370
63 15 105
63 16 93
63 17 699
63 18 533
63 19 474
63 20 741
63 21 96
63 22 428
63 23 324
63 24 568
63 25 365
63 26 300
63 27 425
63 28 383
63 29 202
63 30 153
63 31 617
63 32 738
63 33 1008
63 34 690
63 35 593
63 36 950
63 37 684
63 38 775
63 39 595
63 40 255
63 41 835
63 42 674
63 43 598
63 44 750
63 45 167
63 46 978
63 47 918
63 48 211
63 49 770
63 50 728
63 51 658
63 52 649
63 53 180
63 54 862
63 55 568
63 56 979
63 57 737
63 58 539
63 59 182
63 60 126
63 61 322
63 62 515
63 64 827
63 65 455
63 66 658
63 67 586
63 68 808
63 69 293
63 70 471
63 71 313
63 72 591
63 73 513
63 74 494
63 75 796
63 76 391
63 77 880
63 78 847
63 79 670
63 80 562
63 81 496
63 82 109
63 83 851
63 84 749
63 85 153
63 86 756
63 87 698
63 88 562
63 89 870
63 90 515
63 91 510
63 92 265
63 93 429
63 94 853
63 95 806
63 96 292
63 97 317
63 98 838
63 99 481
63 100 548
64 1 759
64 2 386
64 3 62
64 4 688
64 5 1040
64 6 972
64 7 975
64 8 374
64 9 383
64 10 931
64 11 522
64 12 342
64 13 716
64 14 463
64 15 929
64 16 736
64 17 685
64 18 679
64 19 373
64 20 164
64 21 772
64 22 450
64 23 607
64 24 955
64 25 664
64 26 611
64 27 607
64 28 465
64 29 1018
64 30 959
64 31 360
64 32 619
64 33 434
64 34 420
64 35 290
64 36 211
64 37 499
64 38 189
64 39 719
64 40 581
64 41 795
64 42 456
64 43 266
64 44 656
64 45 731
64 46 328
64 47 461
64 48 782
64 49 670
64 50 628
64 51 487
64 52 527
64 53 663
64 54 98
64 55 563
64 56 270
64 57 99
64 58 349
64 59 983
64 60 702
64 61 588
64 62 656
64 63 827
64 65 593
64 66 909
64 67 530
64 68 794
64 69 551
64 70 776
64 71 606
64 72 421
64 73 332
64 74 574
64 75 512
64 76 726
64 77 656
64 78 977
64 79 531
64 80 265
64 81 493
64 82 835
64 83 948
64 84 891
64 85 780
64 86 242
64 87 831
64 88 527
64 89 1036
64 90 385
64 91 907
64 92 682
64 93 665
64 94 806
64 95 358
64 96 650
64 97 534
64 98 617
64 99 553
64 100 912
65 1 532
65 2 262
65 3 532
65 4 828
65 5 746
65 6 1023
65 7 732
65 8 253
65 9 244
65 10 743
65 11 100
65 12 254
65 13 394
65 14 371
65 15 546
65 16 408
65 17 878
65 18 754
65 19 267
65 20 604
65 21 361
65 22 187
65 23 524
65 24 923
65 25 611
65 26 164
65 27 32
65 28 414
65 29 645
65 30 605
65 31 614
65 32 870
65 33 947
65 34 719
65 35 525
65 36 785
65 37 240
65 38 653
65 39 822
65 40 273
65 41 1027
65 42 242
65 43 331
65 44 899
65 45 496
65 46 870
65 47 908
65 48 577
65 49 920
65 50 867
65 51 217
65 52 751
65 53 416
65 54 671
65 55 114
65 56 836
65 57 496
65 58 248
65 59 634
65 60 390
65 61 500
65 62 726
65 63 455
65 64 593
65 66 964
65 67 702
65 68 1009
65 69 244
65 70 764
65 71 511
65 72 194
65 73 295
65 74 41
65 75 852
65 76 675
65 77 986
65 78 1122
65 79 770
65 80 384
65 81 595
65 82 538
65 83 1111
65 84 1017
65 85 321
65 86 668
65 87 953
65 88 681
65 89 1163
65 90 214
65 91 860
65 92 193
65 93 664
65 94 1044
65 95 775
65 96 534
65 97 224
65 98 938
65 99 44
65 100 889
66 1 488
66 2 1023
66 3 893
66 4 227
66 5 552
66 6 65
66 7 464
66 8 994
66 9 803
66 10 381
66 11 875
66 12 866
66 13 626
66 14 614
66 15 674
66 16 625
66 17 262
66 18 238
66 19 781
66 20 748
66 21 720
66 22 813
66 23 441
66 24 139
66 25 353
66 26 814
66 27 944
66 28 575
66 29 673
66 30 633
66 31 549
66 32 350
66 33 768
66 34 507
66 35 632
66 36 881
66 37 1110
66 38 739
66 39 191
66 40 695
66 41 284
66 42 1077
66 43 854
66 44 325
66 45 512
66 46 817
66 47 643
66 48 448
66 49 329
66 50 335
66 51 1081
66 52 393
66 53 568
66 54 871
66 55 1048
66 56 868
66 57 876
66 58 861
66 59 628
66 60 621
66 61 464
66 62 265
66 63 658
66 64 909
66 65 964
66 67 379
66 68 256
66 69 720
66 70 202
66 71 454
66 72 981
66 73 791
66 74 988
66 75 489
66 76 292
66 77 446
66 78 193
66 79 396
66 80 755
66 81 436
66 82 554
66 83 207
66 84 115
66 85 784
66 86 687
66 87 115
66 88 383
66 89 212
66 90 865
66 91 166
66 92 834
66 93 303
66 94 296
66 95 625
66 96 433
66 97 741
66 98 436
66 99 963
66 100 127
67 1 427
67 2 690
67 3 516
67 4 161
67 5 658
67 6 442
67 7 571
67 8 662
67 9 490
67 10 499
67 11 603
67 12 537
67 13 497
67 14 334
67 15 656
67 16 508
67 17 183
67 18 158
67 19 465
67 20 369
67 21 597
67 22 523
67 23 263
67 24 439
67 25 241
67 26 589
67 27 692
67 28 291
67 29 709
67 30 650
67 31 171
67 32 170
67 33 467
67 34 147
67 35 261
67 36 518
67 37 792
67 38 364
67 39 189
67 40 476
67 41 328
67 42 753
67 43 507
67 44 197
67 45 423
67 46 480
67 47 355
67 48 419
67 49 218
67 50 166
67 51 765
67 52 64
67 53 419
67 54 495
67 55 760
67 56 516
67 57 502
67 58 535
67 59 662
67 60 484
67 61 268
67 62 142
67 63 586
67 64 530
67 65 702
67 66 379
67 68 314
67 69 483
67 70 274
67 71 274
67 72 662
67 73 462
67 74 715
67 75 214
67 76 266
67 77 303
67 78 466
67 79 85
67 80 404
67 81 110
67 82 524
67 83 444
67 84 371
67 85 646
67 86 314
67 87 306
67 88 25
67 89 521
67 90 549
67 91 400
67 92 636
67 93 197
67 94 345
67 95 280
67 96 296
67 97 493
67 98 257
67 99 688
67 100 396
68 1 631
68 2 1002
68 3 795
68 4 188
68 5 771
68 6 286
68 7 680
68 8 974
68 9 803
68 10 595
68 11 911
68 12 850
68 13 744
68 14 638
68 15 850
68 16 750
68 17 132
68 18 278
68 19 778
68 20 632
68 21 846
68 22 834
68 23 515
68 24 389
68 25 447
68 26 883
68 27 996
68 28 595
68 29 871
68 30 822
68 31 461
68 32 175
68 33 554
68 34 377
68 35 562
68 36 714
68 37 1105
68 38 608
68 39 214
68 40 764
68 41 30
68 42 1066
68 43 817
68 44 139
68 45 643
68 46 625
68 47 433
68 48 604
68 49 125
68 50 168
68 51 1078
68 52 283
68 53 672
68 54 734
68 55 1072
68 56 688
68 57 788
68 58 848
68 59 824
68 60 735
68 61 532
68 62 300
68 63 808
68 64 794
68 65 1009
68 66 256
68 67 314
68 69 778
68 70 351
68 71 529
68 72 975
68 73 775
68 74 1024
68 75 299
68 76 419
68 77 205
68 78 196
68 79 272
68 80 714
68 81 416
68 82 718
68 83 161
68 84 155
68 85 904
68 86 554
68 87 146
68 88 333
68 89 257
68 90 862
68 91 397
68 92 920
68 93 383
68 94 47
68 95 457
68 96 530
68 97 792
68 98 213
68 99 997
68 100 365
69 1 307
69 2 379
69 3 494
69 4 593
69 5 559
69 6 779
69 7 524
69 8 355
69 9 185
69 10 520
69 11 161
69 12 256
69 13 194
69 14 155
69 15 397
69 16 213
69 17 649
69 18 515
69 19 184
69 20 495
69 21 224
69 22 139
69 23 281
69 24 682
69 25 368
69 26 107
69 27 225
69 28 194
69 29 494
69 30 441
69 31 432
69 32 652
69 33 808
69 34 530
69 35 369
69 36 701
69 37 426
69 38 537
69 39 584
69 40 40
69 41 798
69 42 406
69 43 308
69 44 677
69 45 270
69 46 754
69 47 744
69 48 349
69 49 699
69 50 648
69 51 397
69 52 538
69 53 185
69 54 600
69 55 336
69 56 740
69 57 456
69 58 247
69 59 468
69 60 184
69 61 258
69 62 488
69 63 293
69 64 551
69 65 244
69 66 720
69 67 483
69 68 778
69 70 521
69 71 268
69 72 314
69 73 225
69 74 270
69 75 659
69 76 432
69 77 779
69 78 881
69 79 558
69 80 288
69 81 374
69 82 340
69 83 872
69 84 776
69 85 231
69 86 533
69 87 713
69 88 459
69 89 921
69 90 224
69 91 619
69 92 162
69 93 422
69 94 816
69 95 615
69 96 291
69 97 27
69 98 732
69 99 247
69 100 647
70 1 295
70 2 839
70 3 750
70 4 197
70 5 429
70 6 259
70 7 337
70 8 811
70 9 616
70 10 254
70 11 677
70 12 683
70 13 428
70 14 424
70 15 502
70 16 428
70 17 271
70 18 124
70 19 595
70 20 624
70 21 524
70 22 620
70 23 243
70 24 183
70 25 154
70 26 613
70 27 744
70 28 388
70 29 521
70 30 472
70 31 426
70 32 342
70 33 732
70 34 420
70 35 487
70 36 790
70 37 920
70 38 627
70 39 150
70 40 494
70 41 380
70 42 889
70 43 681
70 44 337
70 45 315
70 46 753
70 47 612
70 48 260
70 49 352
70 50 328
70 51 891
70 52 318
70 53 368
70 54 756
70 55 852
70 56 790
70 57 727
70 58 678
70 59 473
70 60 422
70 61 268
70 62 133
70 63 471
70 64 776
70 65 764
70 66 202
70 67 274
70 68 351
70 69 521
70 71 255
70 72 792
70 73 611
70 74 790
70 75 457
70 76 91
70 77 478
70 78 380
70 79 331
70 80 587
70 81 284
70 82 373
70 83 382
70 84 279
70 85 587
70 86 582
70 87 228
70 88 266
70 89 410
70 90 678
70 91 131
70 92 633
70 93 117
70 94 397
70 95 554
70 96 232
70 97 542
70 98 449
70 99 765
70 100 141
71 1 170
71 2 594
71 3 566
71 4 342
71 5 442
71 6 513
71 7 371
71 8 566
71 9 370
71 10 328
71 11 422
71 12 441
71 13 225
71 14 179
71 15 390
71 16 235
71 17 407
71 18 255
71 19 352
71 20 482
71 21 326
71 22 367
71 23 14
71 24 425
71 25 102
71 26 365
71 27 492
71 28 153
71 29 456
71 30 395
71 31 321
71 32 433
71 33 705
71 34 381
71 35 328
71 36 682
71 37 668
71 38 505
71 39 324
71 40 244
71 41 553
71 42 639
71 43 452
71 44 450
71 45 156
71 46 687
71 47 609
71 48 181
71 49 471
71 50 424
71 51 639
71 52 337
71 53 148
71 54 614
71 55 597
71 56 701
71 57 536
71 58 435
71 59 412
71 60 213
71 61 19
71 62 230
71 63 313
71 64 606
71 65 511
71 66 454
71 67 274
71 68 529
71 69 268
71 70 255
71 72 543
71 73 374
71 74 535
71 75 483
71 76 169
71 77 572
71 78 616
71 79 358
71 80 372
71 81 185
71 82 264
71 83 609
71 84 511
71 85 380
71 86 474
71 87 449
71 88 250
71 89 655
71 90 431
71 91 364
71 92 394
71 93 156
71 94 571
71 95 504
71 96 44
71 97 288
71 98 529
71 99 510
71 100 387
72 1 618
72 2 72
72 3 362
72 4 809
72 5 870
72 6 1044
72 7 838
72 8 59
72 9 178
72 10 831
72 11 175
72 12 127
72 13 504
72 14 369
72 15 691
72 16 522
72 17 845
72 18 751
72 19 202
72 20 468
72 21 505
72 22 180
72 23 553
72 24 967
72 25 640
72 26 296
72 27 219
72 28 406
72 29 791
72 30 743
72 31 535
72 32 818
72 33 813
72 34 640
72 35 434
72 36 625
72 37 131
72 38 518
72 39 815
72 40 354
72 41 989
72 42 97
72 43 185
72 44 851
72 45 582
72 46 724
72 47 795
72 48 659
72 49 871
72 50 818
72 51 103
72 52 699
72 53 497
72 54 508
72 55 143
72 56 680
72 57 329
72 58 128
72 59 772
72 60 495
72 61 528
72 62 723
72 63 591
72 64 421
72 65 194
72 66 981
72 67 662
72 68 975
72 69 314
72 70 792
72 71 543
72 73 201
72 74 164
72 75 770
72 76 710
72 77 914
72 78 1116
72 79 714
72 80 274
72 81 565
72 82 651
72 83 1099
72 84 1013
72 85 481
72 86 545
72 87 947
72 88 644
72 89 1164
72 90 116
72 91 906
72 92 354
72 93 680
72 94 1005
72 95 664
72 96 577
72 97 288
72 98 867
72 99 151
72 100 929
73 1 486
73 2 233
73 3 273
73 4 611
73 5 760
73 6 855
73 7 711
73 8 204
73 9 54
73 10 688
73 11 205
73 12 76
73 13 408
73 14 195
73 15 618
73 16 427
73 17 645
73 18 558
73 19 42
73 20 311
73 21 448
73 22 122
73 23 382
73 24 791
73 25 464
73 26 281
73 27 300
73 28 224
73 29 713
73 30 657
73 31 338
73 32 618
73 33 653
73 34 444
73 35 240
73 36 503
73 37 330
73 38 360
73 39 620
73 40 260
73 41 789
73 42 292
73 43 87
73 44 650
73 45 452
73 46 578
73 47 617
73 48 521
73 49 671
73 50 618
73 51 304
73 52 498
73 53 372
73 54 394
73 55 314
73 56 550
73 57 235
73 58 74
73 59 683
73 60 395
73 61 357
73 62 530
73 63 513
73 64 332
73 65 295
73 66 791
73 67 462
73 68 775
73 69 225
73 70 611
73 71 374
73 72 201
73 74 290
73 75 576
73 76 534
73 77 717
73 78 919
73 79 514
73 80 90
73 81 367
73 82 543
73 83 901
73 84 817
73 85 451
73 86 374
73 87 751
73 88 445
73 89 969
73 90 93
73 91 731
73 92 352
73 93 495
73 94 804
73 95 484
73 96 414
73 97 205
73 98 670
73 99 264
73 100 750
74 1 565
74 2 228
74 3 513
74 4 845
74 5 784
74 6 1048
74 7 768
74 8 222
74 9 242
74 10 777
74 11 115
74 12 241
74 13 430
74 14 387
74 15 585
74 16 444
74 17 893
74 18 774
74 19 267
74 20 595
74 21 400
74 22 193
74 23 548
74 24 951
74 25 636
74 26 199
74 27 72
74 28 430
74 29 685
74 30 644
74 31 618
74 32 881
74 33 940
74 34 724
74 35 526
74 36 770
74 37 200
74 38 645
74 39 842
74 40 302
74 41 1041
74 42 204
74 43 316
74 44 911
74 45 529
74 46 859
74 47 906
74 48 610
74 49 932
74 50 879
74 51 177
74 52 762
74 53 447
74 54 655
74 55 74
74 56 823
74 57 478
74 58 236
74 59 673
74 60 425
74 61 524
74 62 746
74 63 494
74 64 574
74 65 41
74 66 988
74 67 715
74 68 1024
74 69 270
74 70 790
74 71 535
74 72 164
74 73 290
74 75 857
74 76 701
74 77 994
74 78 1142
74 79 780
74 80 379
74 81 609
74 82 574
74 83 1131
74 84 1037
74 85 360
74 86 663
74 87 973
74 88 694
74 89 1185
74 90 203
74 91 889
74 92 233
74 93 687
74 94 1058
74 95 773
74 96 560
74 97 248
74 98 945
74 99 28
74 100 917
75 1 640
75 2 780
75 3 523
75 4 276
75 5 866
75 6 541
75 7 777
75 8 754
75 9 617
75 10 701
75 11 753
75 12 644
75 13 702
75 14 505
75 15 869
75 16 715
75 17 228
75 18 334
75 19 592
75 20 356
75 21 800
75 22 666
75 23 473
75 24 589
75 25 453
75 26 764
75 27 848
75 28 466
75 29 921
75 30 863
75 31 240
75 32 140
75 33 282
75 34 133
75 35 337
75 36 416
75 37 892
75 38 323
75 39 325
75 40 660
75 41 293
75 42 850
75 43 592
75 44 171
75 45 635
75 46 332
75 47 158
75 48 632
75 49 176
75 50 154
75 51 869
75 52 152
75 53 624
75 54 442
75 55 889
75 56 391
75 57 524
75 58 645
75 59 875
75 60 689
75 61 475
75 62 331
75 63 796
75 64 512
75 65 852
75 66 489
75 67 214
75 68 299
75 69 659
75 70 457
75 71 483
75 72 770
75 73 576
75 74 857
75 76 471
75 77 149
75 78 493
75 79 133
75 80 496
75 81 303
75 82 737
75 83 459
75 84 429
75 85 845
75 86 271
75 87 382
75 88 235
75 89 554
75 90 668
75 91 566
75 92 819
75 93 404
75 94 301
75 95 161
75 96 508
75 97 663
75 98 106
75 99 830
75 100 551
76 1 214
76 2 760
76 3 695
76 4 244
76 5 396
76 6 349
76 7 307
76 8 731
76 9 535
76 10 234
76 11 589
76 12 604
76 13 340
76 14 343
76 15 433
76 16 342
76 17 319
76 18 152
76 19 516
76 20 582
76 21 438
76 22 535
76 23 157
76 24 258
76 25 71
76 26 523
76 27 654
76 28 310
76 29 465
76 30 411
76 31 391
76 32 376
76 33 733
76 34 408
76 35 437
76 36 763
76 37 836
76 38 593
76 39 206
76 40 404
76 41 446
76 42 806
76 43 608
76 44 379
76 45 230
76 46 741
76 47 619
76 48 186
76 49 397
76 50 363
76 51 807
76 52 322
76 53 278
76 54 716
76 55 764
76 56 769
76 57 669
76 58 599
76 59 417
76 60 333
76 61 183
76 62 143
76 63 391
76 64 726
76 65 675
76 66 292
76 67 266
76 68 419
76 69 432
76 70 91
76 71 169
76 72 710
76 73 534
76 74 701
76 75 471
76 77 517
76 78 468
76 79 339
76 80 519
76 81 240
76 82 300
76 83 467
76 84 365
76 85 500
76 86 551
76 87 310
76 88 251
76 89 500
76 90 597
76 91 198
76 92 542
76 93 71
76 94 464
76 95 543
76 96 142
76 97 453
76 98 482
76 99 677
76 100 220
77 1 713
77 2 926
77 3 670
77 4 281
77 5 905
77 6 485
77 7 813
77 8 901
77 9 756
77 10 731
77 11 886
77 12 788
77 13 797
77 14 627
77 15 941
77 16 807
77 17 209
77 18 367
77 19 731
77 20 503
77 21 897
77 22 801
77 23 560
77 24 568
77 25 519
77 26 886
77 27 979
77 28 586
77 29 982
77 30 927
77 31 380
77 32 143
77 33 355
77 34 275
77 35 481
77 36 540
77 37 1038
77 38 468
77 39 329
77 40 775
77 41 187
77 42 996
77 43 739
77 44 141
77 45 714
77 46 436
77 47 238
77 48 696
77 49 127
77 50 155
77 51 1014
77 52 243
77 53 719
77 54 581
77 55 1029
77 56 505
77 57 672
77 58 788
77 59 934
77 60 784
77 61 568
77 62 375
77 63 880
77 64 656
77 65 986
77 66 446
77 67 303
77 68 205
77 69 779
77 70 478
77 71 572
77 72 914
77 73 717
77 74 994
77 75 149
77 76 517
77 78 396
77 79 222
77 80 641
77 81 409
77 82 807
77 83 358
77 84 358
77 85 948
77 86 417
77 87 331
77 88 327
77 89 456
77 90 809
77 91 561
77 92 936
77 93 460
77 94 188
77 95 300
77 96 588
77 97 787
77 98 49
77 99 966
77 100 537
78 1 673
78 2 1150
78 3 973
78 4 309
78 5 741
78 6 173
78 7 655
78 8 1121
78 9 939
78 10 573
78 11 1028
78 12 994
78 13 806
78 14 758
78 15 866
78 16 808
78 17 293
78 18 369
78 19 915
78 20 814
78 21 903
78 22 959
78 23 602
78 24 319
78 25 519
78 26 980
78 27 1105
78 28 716
78 29 865
78 30 825
78 31 630
78 32 362
78 33 748
78 34 558
78 35 726
78 36 908
78 37 1246
78 38 794
78 39 302
78 40 860
78 41 209
78 42 1210
78 43 971
78 44 327
78 45 695
78 46 820
78 47 628
78 48 636
78 49 318
78 50 352
78 51 1218
78 52 453
78 53 744
78 54 922
78 55 1197
78 56 883
78 57 962
78 58 991
78 59 820
78 60 800
78 61 624
78 62 397
78 63 847
78 64 977
78 65 1122
78 66 193
78 67 466
78 68 196
78 69 881
78 70 380
78 71 616
78 72 1116
78 73 919
78 74 1142
78 75 493
78 76 468
78 77 396
78 79 447
78 80 869
78 81 552
78 82 745
78 83 40
78 84 106
78 85 966
78 86 740
78 87 170
78 88 479
78 89 62
78 90 1000
78 91 358
78 92 1006
78 93 460
78 94 209
78 95 650
78 96 603
78 97 899
78 98 408
78 99 1116
78 100 318
79 1 510
79 2 736
79 3 527
79 4 170
79 5 734
79 6 455
79 7 645
79 8 708
79 9 548
79 10 570
79 11 670
79 12 588
79 13 581
79 14 407
79 15 739
79 16 592
79 17 154
79 18 208
79 19 522
79 20 367
79 21 680
79 22 587
79 23 347
79 24 478
79 25 321
79 26 665
79 27 762
79 28 365
79 29 790
79 30 732
79 31 190
79 32 104
79 33 401
79 34 114
79 35 292
79 36 486
79 37 842
79 38 350
79 39 213
79 40 554
79 41 280
79 42 802
79 43 549
79 44 138
79 45 507
79 46 429
79 47 283
79 48 500
79 49 157
79 50 106
79 51 816
79 52 22
79 53 503
79 54 481
79 55 821
79 56 475
79 57 518
79 58 587
79 59 743
79 60 568
79 61 352
79 62 202
79 63 670
79 64 531
79 65 770
79 66 396
79 67 85
79 68 272
79 69 558
79 70 331
79 71 358
79 72 714
79 73 514
79 74 780
79 75 133
79 76 339
79 77 222
79 78 447
79 80 447
79 81 188
79 82 607
79 83 419
79 84 362
79 85 729
79 86 297
79 87 304
79 88 108
79 89 505
79 90 604
79 91 448
79 92 715
79 93 272
79 94 294
79 95 232
79 96 380
79 97 567
79 98 176
79 99 753
79 100 437
80 1 508
80 2 289
80 3 212
80 4 560
80 5 788
80 6 820
80 7 730
80 8 262
80 9 142
80 10 697
80 11 293
80 12 149
80 13 453
80 14 207
80 15 665
80 16 472
80 17 586
80 18 518
80 19 123
80 20 223
80 21 508
80 22 208
80 23 377
80 24 770
80 25 450
80 26 359
80 27 389
80 28 220
80 29 756
80 30 698
80 31 262
80 32 550
80 33 563
80 34 366
80 35 160
80 36 420
80 37 398
80 38 271
80 39 575
80 40 317
80 41 725
80 42 356
80 43 103
80 44 584
80 45 477
80 46 490
80 47 529
80 48 537
80 49 604
80 50 552
80 51 374
80 52 433
80 53 404
80 54 315
80 55 398
80 56 464
80 57 176
80 58 150
80 59 723
80 60 439
80 61 354
80 62 491
80 63 562
80 64 265
80 65 384
80 66 755
80 67 404
80 68 714
80 69 288
80 70 587
80 71 372
80 72 274
80 73 90
80 74 379
80 75 496
80 76 519
80 77 641
80 78 869
80 79 447
80 81 321
80 82 577
80 83 848
80 84 770
80 85 518
80 86 285
80 87 704
80 88 390
80 89 921
80 90 178
80 91 713
80 92 430
80 93 470
80 94 740
80 95 396
80 96 415
80 97 273
80 98 594
80 99 353
80 100 728
81 1 351
81 2 598
81 3 467
81 4 244
81 5 607
81 6 500
81 7 526
81 8 570
81 9 390
81 10 465
81 11 496
81 12 443
81 13 400
81 14 225
81 15 575
81 16 413
81 17 285
81 18 198
81 19 365
81 20 344
81 21 497
81 22 418
81 23 176
81 24 465
81 25 189
81 26 480
81 27 584
81 28 182
81 29 637
81 30 577
81 31 153
81 32 279
81 33 523
81 34 197
81 35 204
81 36 525
81 37 695
81 38 353
81 39 255
81 40 367
81 41 433
81 42 658
81 43 422
81 44 305
81 45 340
81 46 513
81 47 425
81 48 353
81 49 327
81 50 275
81 51 668
81 52 167
81 53 322
81 54 477
81 55 656
81 56 535
81 57 446
81 58 440
81 59 592
81 60 386
81 61 174
81 62 172
81 63 496
81 64 493
81 65 595
81 66 436
81 67 110
81 68 416
81 69 374
81 70 284
81 71 185
81 72 565
81 73 367
81 74 609
81 75 303
81 76 240
81 77 409
81 78 552
81 79 188
81 80 321
81 82 447
81 83 534
81 84 451
81 85 544
81 86 313
81 87 385
81 88 87
81 89 603
81 90 450
81 91 415
81 92 528
81 93 174
81 94 450
81 95 323
81 96 217
81 97 384
81 98 363
81 99 582
81 100 422
82 1 97
82 2 718
82 3 786
82 4 542
82 5 220
82 6 596
82 7 195
82 8 694
82 9 515
82 10 221
82 11 486
82 12 590
82 13 148
82 14 372
82 15 135
82 16 132
82 17 617
82 18 449
82 19 508
82 20 731
82 21 194
82 22 478
82 23 271
82 24 460
82 25 289
82 26 376
82 27 509
82 28 373
82 29 193
82 30 132
82 31 583
82 32 664
82 33 968
82 34 643
82 35 578
82 36 936
82 37 756
82 38 759
82 39 506
82 40 300
82 41 746
82 42 740
82 43 629
82 44 673
82 45 110
82 46 949
82 47 870
82 48 115
82 49 692
82 50 653
82 51 728
82 52 586
82 53 173
82 54 859
82 55 648
82 56 959
82 57 752
82 58 581
82 59 151
82 60 157
82 61 277
82 62 435
82 63 109
82 64 835
82 65 538
82 66 554
82 67 524
82 68 718
82 69 340
82 70 373
82 71 264
82 72 651
82 73 543
82 74 574
82 75 737
82 76 300
82 77 807
82 78 745
82 79 607
82 80 577
82 81 447
82 83 751
82 84 649
82 85 257
82 86 733
82 87 601
82 88 502
82 89 765
82 90 562
82 91 402
82 92 355
82 93 348
82 94 764
82 95 767
82 96 231
82 97 366
82 98 768
82 99 558
82 100 441
83 1 676
83 2 1131
83 3 946
83 4 290
83 5 758
83 6 198
83 7 671
83 8 1103
83 9 923
83 10 587
83 11 1016
83 12 976
83 13 806
83 14 745
83 15 875
83 16 808
83 17 266
83 18 358
83 19 898
83 20 785
83 21 904
83 22 946
83 23 595
83 24 340
83 25 514
83 26 973
83 27 1095
83 28 703
83 29 878
83 30 837
83 31 605
83 32 331
83 33 711
83 34 529
83 35 703
83 36 874
83 37 1229
83 38 764
83 39 290
83 40 852
83 41 172
83 42 1192
83 43 950
83 44 295
83 45 696
83 46 785
83 47 591
83 48 640
83 49 284
83 50 322
83 51 1202
83 52 427
83 53 741
83 54 891
83 55 1184
83 56 848
83 57 936
83 58 973
83 59 833
83 60 799
83 61 616
83 62 385
83 63 851
83 64 948
83 65 1111
83 66 207
83 67 444
83 68 161
83 69 872
83 70 382
83 71 609
83 72 1099
83 73 901
83 74 1131
83 75 459
83 76 467
83 77 358
83 78 40
83 79 419
83 80 848
83 81 534
83 82 751
83 84 103
83 85 967
83 86 710
83 87 161
83 88 459
83 89 99
83 90 984
83 91 373
83 92 1002
83 93 454
83 94 171
83 95 617
83 96 599
83 97 889
83 98 371
83 99 1104
83 100 333
84 1 574
84 2 1049
84 3 883
84 4 210
84 5 663
84 6 132
84 7 574
84 8 1020
84 9 836
84 10 490
84 11 923
84 12 893
84 13 704
84 14 654
84 15 773
84 16 706
84 17 210
84 18 264
84 19 812
84 20 728
84 21 802
84 22 855
84 23 497
84 24 253
84 25 415
84 26 875
84 27 1000
84 28 612
84 29 779
84 30 737
84 31 538
84 32 291
84 33 699
84 34 475
84 35 631
84 36 838
84 37 1143
84 38 712
84 39 198
84 40 755
84 41 181
84 42 1107
84 43 871
84 44 259
84 45 594
84 46 760
84 47 575
84 48 538
84 49 255
84 50 278
84 51 1115
84 52 365
84 53 640
84 54 842
84 55 1093
84 56 818
84 57 871
84 58 889
84 59 733
84 60 697
84 61 519
84 62 292
84 63 749
84 64 891
84 65 1017
84 66 115
84 67 371
84 68 155
84 69 776
84 70 279
84 71 511
84 72 1013
84 73 817
84 74 1037
84 75 429
84 76 365
84 77 358
84 78 106
84 79 362
84 80 770
84 81 451
84 82 649
84 83 103
84 85 865
84 86 659
84 87 66
84 88 382
84 89 152
84 90 897
84 91 278
84 92 902
84 93 356
84 94 190
84 95 579
84 96 499
84 97 794
84 98 358
84 99 1011
84 100 240
85 1 298
85 2 552
85 3 722
85 4 718
85 5 439
85 6 833
85 7 444
85 8 534
85 9 404
85 10 478
85 11 307
85 12 465
85 13 162
85 14 362
85 15 229
85 16 159
85 17 786
85 18 627
85 19 409
85 20 723
85 21 65
85 22 343
85 23 393
85 24 706
85 25 458
85 26 186
85 27 290
85 28 391
85 29 326
85 30 291
85 31 638
85 32 811
85 33 1025
85 34 726
85 35 590
85 36 930
85 37 558
85 38 764
85 39 694
85 40 207
85 41 929
85 42 553
85 43 529
85 44 829
85 45 273
85 46 978
85 47 950
85 48 340
85 49 850
85 50 803
85 51 533
85 52 708
85 53 234
85 54 831
85 55 434
85 56 968
85 57 684
85 58 457
85 59 320
85 60 170
85 61 382
85 62 605
85 63 153
85 64 780
85 65 321
85 66 784
85 67 646
85 68 904
85 69 231
85 70 587
85 71 380
85 72 481
85 73 451
85 74 360
85 75 845
85 76 500
85 77 948
85 78 966
85 79 729
85 80 518
85 81 544
85 82 257
85 83 967
85 84 865
85 86 755
85 87 809
85 88 622
85 89 995
85 90 426
85 91 645
85 92 129
85 93 522
85 94 947
85 95 827
85 96 375
85 97 247
85 98 903
85 99 352
85 100 682
86 1 643
86 2 539
86 3 254
86 4 462
86 5 913
86 6 749
86 7 836
86 8 517
86 9 425
86 10 777
86 11 575
86 12 427
86 13 647
86 14 395
86 15 849
86 16 665
86 17 450
86 18 471
86 19 403
86 20 88
86 21 728
86 22 488
86 23 471
86 24 752
86 25 501
86 26 624
86 27 672
86 28 374
86 29 925
86 30 864
86 31 161
86 32 380
86 33 281
86 34 184
86 35 166
86 36 212
86 37 656
86 38 54
86 39 499
86 40 550
86 41 554
86 42 612
86 43 361
86 44 416
86 45 623
86 46 224
86 47 252
86 48 654
86 49 429
86 50 389
86 51 636
86 52 296
86 53 578
86 54 185
86 55 678
86 56 227
86 57 259
86 58 430
86 59 883
86 60 633
86 61 459
86 62 452
86 63 756
86 64 242
86 65 668
86 66 687
86 67 314
86 68 554
86 69 533
86 70 582
86 71 474
86 72 545
86 73 374
86 74 663
86 75 271
86 76 551
86 77 417
86 78 740
86 79 297
86 80 285
86 81 313
86 82 733
86 83 710
86 84 659
86 85 755
86 87 600
86 88 317
86 89 800
86 90 461
86 91 711
86 92 691
86 93 483
86 94 565
86 95 126
86 96 514
86 97 527
86 98 376
86 99 637
86 100 709
87 1 522
87 2 983
87 3 821
87 4 146
87 5 633
87 6 160
87 7 543
87 8 954
87 9 770
87 10 457
87 11 859
87 12 827
87 13 648
87 14 589
87 15 729
87 16 651
87 17 157
87 18 200
87 19 746
87 20 667
87 21 747
87 22 789
87 23 435
87 24 244
87 25 355
87 26 813
87 27 936
87 28 547
87 29 741
87 30 695
87 31 475
87 32 243
87 33 659
87 34 417
87 35 567
87 36 785
87 37 1077
87 38 653
87 39 133
87 40 692
87 41 175
87 42 1041
87 43 806
87 44 215
87 45 539
87 46 713
87 47 534
87 48 488
87 49 216
87 50 229
87 51 1049
87 52 305
87 53 581
87 54 785
87 55 1028
87 56 768
87 57 807
87 58 823
87 59 694
87 60 640
87 61 456
87 62 227
87 63 698
87 64 831
87 65 953
87 66 115
87 67 306
87 68 146
87 69 713
87 70 228
87 71 449
87 72 947
87 73 751
87 74 973
87 75 382
87 76 310
87 77 331
87 78 170
87 79 304
87 80 704
87 81 385
87 82 601
87 83 161
87 84 66
87 85 809
87 86 600
87 88 317
87 89 218
87 90 832
87 91 254
87 92 842
87 93 294
87 94 189
87 95 527
87 96 439
87 97 730
87 98 323
87 99 947
87 100 221
88 1 405
88 2 674
88 3 510
88 4 172
88 5 640
88 6 447
88 7 554
88 8 645
88 9 471
88 10 484
88 11 582
88 12 520
88 13 473
88 14 312
88 15 634
88 16 484
88 17 202
88 18 155
88 19 446
88 20 368
88 21 573
88 22 503
88 23 239
88 24 435
88 25 221
88 26 566
88 27 670
88 28 269
88 29 688
88 30 629
88 31 168
88 32 194
88 33 483
88 34 158
88 35 252
88 36 524
88 37 774
88 38 365
88 39 194
88 40 452
88 41 348
88 42 736
88 43 492
88 44 219
88 45 400
88 46 492
88 47 374
88 48 399
88 49 241
88 50 189
88 51 747
88 52 87
88 53 395
88 54 496
88 55 740
88 56 525
88 57 494
88 58 518
88 59 641
88 60 460
88 61 244
88 62 135
88 63 562
88 64 527
88 65 681
88 66 383
88 67 25
88 68 333
88 69 459
88 70 266
88 71 250
88 72 644
88 73 445
88 74 694
88 75 235
88 76 251
88 77 327
88 78 479
88 79 108
88 80 390
88 81 87
88 82 502
88 83 459
88 84 382
88 85 622
88 86 317
88 87 317
88 89 533
88 90 531
88 91 394
88 92 613
88 93 181
88 94 365
88 95 293
88 96 273
88 97 470
88 98 281
88 99 667
88 100 393
89 1 699
89 2 1200
89 3 1030
89 4 362
89 5 744
89 6 173
89 7 661
89 8 1172
89 9 987
89 10 581
89 11 1071
89 12 1044
89 13 836
89 14 803
89 15 882
89 16 836
89 17 351
89 18 414
89 19 963
89 20 872
89 21 931
89 22 1004
89 23 641
89 24 322
89 25 555
89 26 1018
89 27 1145
89 28 762
89 29 874
89 30 838
89 31 687
89 32 423
89 33 809
89 34 617
89 35 782
89 36 969
89 37 1294
89 38 853
89 39 350
89 40 898
89 41 270
89 42 1259
89 43 1023
89 44 388
89 45 723
89 46 882
89 47 689
89 48 660
89 49 379
89 50 412
89 51 1266
89 52 511
89 53 777
89 54 982
89 55 1242
89 56 944
89 57 1019
89 58 1041
89 59 830
89 60 831
89 61 664
89 62 442
89 63 870
89 64 1036
89 65 1163
89 66 212
89 67 521
89 68 257
89 69 921
89 70 410
89 71 655
89 72 1164
89 73 969
89 74 1185
89 75 554
89 76 500
89 77 456
89 78 62
89 79 505
89 80 921
89 81 603
89 82 765
89 83 99
89 84 152
89 85 995
89 86 800
89 87 218
89 88 533
89 90 1049
89 91 368
89 92 1041
89 93 500
89 94 269
89 95 711
89 96 638
89 97 940
89 98 469
89 99 1159
89 100 328
90 1 519
90 2 165
90 3 323
90 4 694
90 5 781
90 6 928
90 7 742
90 8 137
90 9 63
90 10 729
90 11 138
90 12 44
90 13 418
90 14 254
90 15 618
90 16 437
90 17 732
90 18 636
90 19 86
90 20 393
90 21 437
90 22 87
90 23 441
90 24 854
90 25 527
90 26 243
90 27 225
90 28 291
90 29 717
90 30 664
90 31 429
90 32 708
90 33 737
90 34 536
90 35 332
90 36 573
90 37 246
90 38 442
90 39 699
90 40 264
90 41 877
90 42 212
90 43 119
90 44 740
90 45 483
90 46 657
90 47 706
90 48 558
90 49 760
90 50 708
90 51 218
90 52 588
90 53 399
90 54 459
90 55 222
90 56 623
90 57 286
90 58 36
90 59 692
90 60 407
90 61 415
90 62 607
90 63 515
90 64 385
90 65 214
90 66 865
90 67 549
90 68 862
90 69 224
90 70 678
90 71 431
90 72 116
90 73 93
90 74 203
90 75 668
90 76 597
90 77 809
90 78 1000
90 79 604
90 80 178
90 81 450
90 82 562
90 83 984
90 84 897
90 85 426
90 86 461
90 87 832
90 88 531
90 89 1049
90 91 793
90 92 312
90 93 565
90 94 893
90 95 573
90 96 467
90 97 199
90 98 761
90 99 178
90 100 815
91 1 349
91 2 957
91 3 880
91 4 292
91 5 386
91 6 196
91 7 299
91 8 928
91 9 732
91 10 216
91 11 779
91 12 802
91 13 494
91 14 540
91 15 515
91 16 490
91 17 356
91 18 244
91 19 713
91 20 755
91 21 580
91 22 730
91 23 353
91 24 64
91 25 268
91 26 702
91 27 837
91 28 508
91 29 508
91 30 470
91 31 556
91 32 439
91 33 845
91 34 544
91 35 618
91 36 917
91 37 1031
91 38 757
91 39 242
91 40 588
91 41 427
91 42 1003
91 43 804
91 44 425
91 45 379
91 46 875
91 47 723
91 48 306
91 49 435
91 50 424
91 51 1002
91 52 437
91 53 448
91 54 886
91 55 954
91 56 915
91 57 857
91 58 796
91 59 464
91 60 491
91 61 379
91 62 259
91 63 510
91 64 907
91 65 860
91 66 166
91 67 400
91 68 397
91 69 619
91 70 131
91 71 364
91 72 906
91 73 731
91 74 889
91 75 566
91 76 198
91 77 561
91 78 358
91 79 448
91 80 713
91 81 415
91 82 402
91 83 373
91 84 278
91 85 645
91 86 711
91 87 254
91 88 394
91 89 368
91 90 793
91 92 711
91 93 245
91 94 442
91 95 676
91 96 331
91 97 642
91 98 540
91 99 866
91 100 41
92 1 366
92 2 426
92 3 623
92 4 734
92 5 556
92 6 888
92 7 548
92 8 409
92 9 300
92 10 569
92 11 183
92 12 353
92 13 221
92 14 316
92 15 353
92 16 230
92 17 795
92 18 649
92 19 311
92 20 647
92 21 170
92 22 234
92 23 408
92 24 773
92 25 488
92 26 72
92 27 163
92 28 354
92 29 452
92 30 412
92 31 594
92 32 806
92 33 968
92 34 692
92 35 529
92 36 849
92 37 429
92 38 691
92 39 717
92 40 161
92 41 943
92 42 425
92 43 422
92 44 828
92 45 334
92 46 910
92 47 905
92 48 412
92 49 850
92 50 800
92 51 404
92 52 694
92 53 266
92 54 743
92 55 307
92 56 891
92 57 584
92 58 344
92 59 442
92 60 221
92 61 390
92 62 624
92 63 265
92 64 682
92 65 193
92 66 834
92 67 636
92 68 920
92 69 162
92 70 633
92 71 394
92 72 354
92 73 352
92 74 233
92 75 819
92 76 542
92 77 936
92 78 1006
92 79 715
92 80 430
92 81 528
92 82 355
92 83 1002
92 84 902
92 85 129
92 86 691
92 87 842
92 88 613
92 89 1041
92 90 312
92 91 711
92 93 548
92 94 961
92 95 777
92 96 404
92 97 165
92 98 889
92 99 224
92 100 744
93 1 255
93 2 725
93 3 636
93 4 198
93 5 463
93 6 365
93 7 375
93 8 696
93 9 503
93 10 304
93 11 573
93 12 568
93 13 362
93 14 312
93 15 483
93 16 367
93 17 271
93 18 106
93 19 481
93 20 518
93 21 463
93 22 511
93 23 142
93 24 300
93 25 65
93 26 520
93 27 646
93 28 274
93 29 523
93 30 467
93 31 323
93 32 317
93 33 663
93 34 338
93 35 376
93 36 694
93 37 808
93 38 526
93 39 172
93 40 400
93 41 409
93 42 776
93 43 564
93 44 325
93 45 263
93 46 670
93 47 551
93 48 236
93 49 344
93 50 305
93 51 780
93 52 254
93 53 291
93 54 651
93 55 746
93 56 700
93 57 613
93 58 563
93 59 476
93 60 353
93 61 164
93 62 87
93 63 429
93 64 665
93 65 664
93 66 303
93 67 197
93 68 383
93 69 422
93 70 117
93 71 156
93 72 680
93 73 495
93 74 687
93 75 404
93 76 71
93 77 460
93 78 460
93 79 272
93 80 470
93 81 174
93 82 348
93 83 454
93 84 356
93 85 522
93 86 483
93 87 294
93 88 181
93 89 500
93 90 565
93 91 245
93 92 548
93 94 427
93 95 473
93 96 148
93 97 441
93 98 422
93 99 662
93 100 258
94 1 677
94 2 1028
94 3 810
94 4 230
94 5 818
94 6 321
94 7 726
94 8 1001
94 9 834
94 10 641
94 11 945
94 12 879
94 13 788
94 14 674
94 15 895
94 16 794
94 17 167
94 18 321
94 19 809
94 20 645
94 21 889
94 22 867
94 23 557
94 24 432
94 25 491
94 26 921
94 27 1032
94 28 630
94 29 917
94 30 868
94 31 483
94 32 192
94 33 541
94 34 393
94 35 585
94 36 714
94 37 1133
94 38 618
94 39 259
94 40 803
94 41 19
94 42 1094
94 43 842
94 44 157
94 45 688
94 46 619
94 47 423
94 48 649
94 49 139
94 50 189
94 51 1107
94 52 308
94 53 715
94 54 741
94 55 1104
94 56 684
94 57 806
94 58 877
94 59 870
94 60 778
94 61 572
94 62 342
94 63 853
94 64 806
94 65 1044
94 66 296
94 67 345
94 68 47
94 69 816
94 70 397
94 71 571
94 72 1005
94 73 804
94 74 1058
94 75 301
94 76 464
94 77 188
94 78 209
94 79 294
94 80 740
94 81 450
94 82 764
94 83 171
94 84 190
94 85 947
94 86 565
94 87 189
94 88 365
94 89 269
94 90 893
94 91 442
94 92 961
94 93 427
94 95 461
94 96 573
94 97 829
94 98 205
94 99 1031
94 100 409
95 1 673
95 2 662
95 3 376
95 4 401
95 5 927
95 6 682
95 7 843
95 8 639
95 9 532
95 10 776
95 11 679
95 12 543
95 13 702
95 14 467
95 15 892
95 16 718
95 17 371
95 18 433
95 19 509
95 20 212
95 21 791
95 22 591
95 23 497
95 24 709
95 25 506
95 26 714
95 27 776
95 28 437
95 29 959
95 30 898
95 31 191
95 32 289
95 33 202
95 34 135
95 35 252
95 36 260
95 37 778
95 38 171
95 39 445
95 40 626
95 41 453
95 42 734
95 43 480
95 44 324
95 45 659
95 46 200
95 47 134
95 48 675
95 49 333
95 50 301
95 51 757
95 52 240
95 53 627
95 54 283
95 55 794
95 56 244
95 57 383
95 58 545
95 59 914
95 60 688
95 61 491
95 62 421
95 63 806
95 64 358
95 65 775
95 66 625
95 67 280
95 68 457
95 69 615
95 70 554
95 71 504
95 72 664
95 73 484
95 74 773
95 75 161
95 76 543
95 77 300
95 78 650
95 79 232
95 80 396
95 81 323
95 82 767
95 83 617
95 84 579
95 85 827
95 86 126
95 87 527
95 88 293
95 89 711
95 90 573
95 91 676
95 92 777
95 93 473
95 94 461
95 96 539
95 97 614
95 98 263
95 99 746
95 100 668
96 1 135
96 2 631
96 3 610
96 4 343
96 5 400
96 6 490
96 7 328
96 8 603
96 9 407
96 10 284
96 11 449
96 12 479
96 13 215
96 14 219
96 15 361
96 16 223
96 17 413
96 18 253
96 19 390
96 20 525
96 21 317
96 22 400
96 23 44
96 24 394
96 25 85
96 26 382
96 27 513
96 28 196
96 29 421
96 30 361
96 31 359
96 32 447
96 33 739
96 34 413
96 35 371
96 36 723
96 37 701
96 38 546
96 39 319
96 40 263
96 41 555
96 42 674
96 43 493
96 44 460
96 45 128
96 46 725
96 47 639
96 48 140
96 49 481
96 50 437
96 51 672
96 52 359
96 53 144
96 54 657
96 55 624
96 56 741
96 57 579
96 58 473
96 59 376
96 60 206
96 61 62
96 62 231
96 63 292
96 64 650
96 65 534
96 66 433
96 67 296
96 68 530
96 69 291
96 70 232
96 71 44
96 72 577
96 73 414
96 74 560
96 75 508
96 76 142
96 77 588
96 78 603
96 79 380
96 80 415
96 81 217
96 82 231
96 83 599
96 84 499
96 85 375
96 86 514
96 87 439
96 88 273
96 89 638
96 90 467
96 91 331
96 92 404
96 93 148
96 94 573
96 95 539
96 97 313
96 98 547
96 99 536
96 100 358
97 1 333
97 2 353
97 3 476
97 4 608
97 5 584
97 6 800
97 7 551
97 8 329
97 9 162
97 10 546
97 11 137
97 12 232
97 13 220
97 14 160
97 15 420
97 16 238
97 17 662
97 18 532
97 19 164
97 20 485
97 21 244
97 22 113
97 23 301
97 24 705
97 25 389
97 26 102
97 27 206
97 28 202
97 29 518
97 30 466
97 31 433
97 32 662
97 33 804
97 34 534
97 35 365
97 36 689
97 37 400
97 38 528
97 39 600
97 40 67
97 41 811
97 42 379
97 43 287
97 44 688
97 45 296
97 46 746
97 47 743
97 48 375
97 49 710
97 50 658
97 51 371
97 52 546
97 53 211
97 54 587
97 55 312
97 56 730
97 57 438
97 58 223
97 59 493
97 60 210
97 61 277
97 62 505
97 63 317
97 64 534
97 65 224
97 66 741
97 67 493
97 68 792
97 69 27
97 70 542
97 71 288
97 72 288
97 73 205
97 74 248
97 75 663
97 76 453
97 77 787
97 78 899
97 79 567
97 80 273
97 81 384
97 82 366
97 83 889
97 84 794
97 85 247
97 86 527
97 87 730
97 88 470
97 89 940
97 90 199
97 91 642
97 92 165
97 93 441
97 94 829
97 95 614
97 96 313
97 98 739
97 99 224
97 100 670
98 1 673
98 2 880
98 3 629
98 4 253
98 5 873
98 6 481
98 7 782
98 8 854
98 9 708
98 10 701
98 11 838
98 12 740
98 13 753
98 14 579
98 15 902
98 16 764
98 17 185
98 18 333
98 19 683
98 20 461
98 21 853
98 22 753
98 23 517
98 24 552
98 25 480
98 26 839
98 27 931
98 28 538
98 29 945
98 30 889
98 31 333
98 32 108
98 33 343
98 34 228
98 35 434
98 36 511
98 37 991
98 38 428
98 39 303
98 40 729
98 41 201
98 42 949
98 43 692
98 44 116
98 45 673
98 46 415
98 47 221
98 48 658
98 49 108
98 50 122
98 51 967
98 52 197
98 53 675
98 54 545
98 55 981
98 56 480
98 57 629
98 58 740
98 59 898
98 60 741
98 61 524
98 62 340
98 63 838
98 64 617
98 65 938
98 66 436
98 67 257
98 68 213
98 69 732
98 70 449
98 71 529
98 72 867
98 73 670
98 74 945
98 75 106
98 76 482
98 77 49
98 78 408
98 79 176
98 80 594
98 81 363
98 82 768
98 83 371
98 84 358
98 85 903
98 86 376
98 87 323
98 88 281
98 89 469
98 90 761
98 91 540
98 92 889
98 93 422
98 94 205
98 95 263
98 96 547
98 97 739
98 99 918
98 100 518
99 1 545
99 2 219
99 3 492
99 4 818
99 5 770
99 6 1023
99 7 751
99 8 210
99 9 215
99 10 758
99 11 89
99 12 217
99 13 413
99 14 360
99 15 575
99 16 427
99 17 866
99 18 748
99 19 239
99 20 570
99 21 389
99 22 166
99 23 523
99 24 928
99 25 612
99 26 183
99 27 70
99 28 403
99 29 675
99 30 632
99 31 590
99 32 854
99 33 915
99 34 697
99 35 499
99 36 748
99 37 206
99 38 620
99 39 815
99 40 280
99 41 1014
99 42 204
99 43 293
99 44 883
99 45 509
99 46 835
99 47 879
99 48 589
99 49 904
99 50 852
99 51 181
99 52 734
99 53 427
99 54 633
99 55 91
99 56 799
99 57 456
99 58 212
99 59 661
99 60 407
99 61 499
99 62 720
99 63 481
99 64 553
99 65 44
99 66 963
99 67 688
99 68 997
99 69 247
99 70 765
99 71 510
99 72 151
99 73 264
99 74 28
99 75 830
99 76 677
99 77 966
99 78 1116
99 79 753
99 80 353
99 81 582
99 82 558
99 83 1104
99 84 1011
99 85 352
99 86 637
99 87 947
99 88 667
99 89 1159
99 90 178
99 91 866
99 92 224
99 93 662
99 94 1031
99 95 746
99 96 536
99 97 224
99 98 918
99 100 893
100 1 385
100 2 978
100 3 888
100 4 275
100 5 425
100 6 156
100 7 338
100 8 949
100 9 754
100 10 256
100 11 806
100 12 822
100 13 528
100 14 561
100 15 554
100 16 525
100 17 334
100 18 239
100 19 733
100 20 758
100 21 617
100 22 754
100 23 376
100 24 44
100 25 289
100 26 733
100 27 867
100 28 527
100 29 548
100 30 511
100 31 558
100 32 420
100 33 831
100 34 539
100 35 625
100 36 914
100 37 1055
100 38 757
100 39 227
100 40 617
100 41 395
100 42 1025
100 43 821
100 44 403
100 45 413
100 46 866
100 47 708
100 48 342
100 49 412
100 50 404
100 51 1026
100 52 428
100 53 480
100 54 887
100 55 981
100 56 909
100 57 866
100 58 816
100 59 504
100 60 525
100 61 402
100 62 259
100 63 548
100 64 912
100 65 889
100 66 127
100 67 396
100 68 365
100 69 647
100 70 141
100 71 387
100 72 929
100 73 750
100 74 917
100 75 551
100 76 220
100 77 537
100 78 318
100 79 437
100 80 728
100 81 422
100 82 441
100 83 333
100 84 240
100 85 682
100 86 709
100 87 221
100 88 393
100 89 328
100 90 815
100 91 41
100 92 744
100 93 258
100 94 409
100 95 668
100 96 358
100 97 670
100 98 518
100 99 893
