nnodes nedges type capacity P s t
100  4950  graph  1000 100 1 100 
nodename posx posy itemvalue itemweight
1 422 402 0 0
2 821 854 5 26
3 97 544 6 73
4 628 279 8 46
5 381 321 1 87
6 790 97 1 93
7 920 301 5 98
8 874 846 2 1
9 871 860 3 62
10 466 765 1 12
11 627 693 7 32
12 301 172 10 92
13 35 449 3 64
14 633 681 6 35
15 982 837 8 44
16 12 756 4 92
17 591 185 3 51
18 962 688 8 50
19 730 591 5 27
20 319 463 5 87
21 264 109 3 87
22 560 536 9 40
23 411 786 4 72
24 734 634 2 38
25 646 200 5 82
26 400 625 10 32
27 894 701 5 51
28 798 929 3 78
29 502 431 4 31
30 610 836 4 54
31 620 623 4 39
32 592 211 5 28
33 160 555 1 14
34 251 242 7 68
35 498 570 10 23
36 57 114 4 5
37 679 970 1 85
38 650 442 6 97
39 756 385 8 87
40 77 755 6 93
41 937 829 1 35
42 380 831 4 85
43 882 530 7 98
44 760 384 4 3
45 961 723 8 77
46 572 581 6 53
47 698 164 8 100
48 792 858 2 8
49 71 395 6 60
50 101 569 5 5
51 965 158 4 81
52 35 997 9 95
53 128 686 5 56
54 439 237 3 72
55 423 868 3 28
56 344 360 4 63
57 697 76 5 39
58 544 579 9 51
59 607 304 9 13
60 315 568 3 68
61 379 887 1 8
62 502 77 1 60
63 404 646 10 4
64 936 475 8 25
65 42 389 4 94
66 397 7 1 97
67 547 432 4 42
68 4 28 3 90
69 118 796 7 85
70 617 893 2 39
71 664 961 3 77
72 606 714 3 27
73 37 150 8 4
74 293 644 9 8
75 806 609 6 82
76 565 186 5 8
77 848 419 1 47
78 263 252 8 52
79 65 551 1 87
80 728 459 8 66
81 940 125 2 61
82 467 488 2 6
83 557 823 2 57
84 868 28 7 98
85 619 485 3 60
86 273 636 9 5
87 446 879 9 93
88 350 835 3 56
89 29 643 6 64
90 832 188 3 63
91 604 749 5 89
92 374 805 1 37
93 168 989 6 90
94 57 585 1 86
95 541 137 6 68
96 45 481 1 7
97 614 512 8 64
98 969 172 4 81
99 687 189 2 63
100 552 659 0 0
endpoint1 endpoint2 weight
1 2 603
1 3 355
1 4 240
1 5 91
1 6 478
1 7 509
1 8 634
1 9 642
1 10 366
1 11 356
1 12 260
1 13 390
1 14 350
1 15 710
1 16 542
1 17 276
1 18 612
1 19 362
1 20 120
1 21 333
1 22 193
1 23 385
1 24 389
1 25 302
1 26 225
1 27 559
1 28 648
1 29 86
1 30 473
1 31 297
1 32 256
1 33 304
1 34 235
1 35 185
1 36 465
1 37 624
1 38 232
1 39 335
1 40 494
1 41 669
1 42 432
1 43 478
1 44 339
1 45 628
1 46 234
1 47 365
1 48 588
1 49 352
1 50 362
1 51 596
1 52 710
1 53 409
1 54 166
1 55 467
1 56 89
1 57 427
1 58 215
1 59 210
1 60 198
1 61 487
1 62 335
1 63 245
1 64 520
1 65 381
1 66 396
1 67 129
1 68 561
1 69 498
1 70 529
1 71 610
1 72 363
1 73 461
1 74 275
1 75 437
1 76 260
1 77 427
1 78 219
1 79 387
1 80 312
1 81 588
1 82 98
1 83 443
1 84 583
1 85 214
1 86 278
1 87 478
1 88 439
1 89 462
1 90 463
1 91 392
1 92 406
1 93 640
1 94 409
1 95 291
1 96 386
1 97 222
1 98 594
1 99 340
1 100 289
2 1 603
2 3 788
2 4 607
2 5 692
2 6 758
2 7 562
2 8 54
2 9 51
2 10 366
2 11 253
2 12 858
2 13 885
2 14 256
2 15 162
2 16 815
2 17 708
2 18 218
2 19 279
2 20 637
2 21 931
2 22 412
2 23 416
2 24 237
2 25 678
2 26 480
2 27 170
2 28 79
2 29 530
2 30 212
2 31 307
2 32 683
2 33 726
2 34 837
2 35 431
2 36 1064
2 37 184
2 38 447
2 39 474
2 40 751
2 41 119
2 42 442
2 43 330
2 44 474
2 45 192
2 46 370
2 47 701
2 48 30
2 49 880
2 50 775
2 51 711
2 52 799
2 53 714
2 54 726
2 55 399
2 56 687
2 57 788
2 58 391
2 59 591
2 60 582
2 61 444
2 62 840
2 63 466
2 64 397
2 65 908
2 66 948
2 67 504
2 68 1162
2 69 706
2 70 208
2 71 190
2 72 257
2 73 1054
2 74 569
2 75 246
2 76 716
2 77 436
2 78 821
2 79 815
2 80 406
2 81 739
2 82 510
2 83 266
2 84 828
2 85 421
2 86 590
2 87 376
2 88 472
2 89 820
2 90 667
2 91 242
2 92 450
2 93 667
2 94 810
2 95 770
2 96 861
2 97 400
2 98 698
2 99 679
2 100 333
3 1 355
3 2 788
3 4 594
3 5 362
3 6 825
3 7 859
3 8 834
3 9 837
3 10 431
3 11 551
3 12 425
3 13 114
3 14 554
3 15 933
3 16 229
3 17 611
3 18 877
3 19 635
3 20 237
3 21 466
3 22 464
3 23 397
3 24 644
3 25 648
3 26 314
3 27 813
3 28 800
3 29 421
3 30 591
3 31 529
3 32 597
3 33 64
3 34 339
3 35 402
3 36 432
3 37 722
3 38 563
3 39 678
3 40 212
3 41 888
3 42 404
3 43 786
3 44 683
3 45 883
3 46 477
3 47 712
3 48 763
3 49 152
3 50 26
3 51 950
3 52 458
3 53 146
3 54 460
3 55 460
3 56 309
3 57 761
3 58 449
3 59 564
3 60 220
3 61 445
3 62 619
3 63 324
3 64 842
3 65 165
3 66 616
3 67 464
3 68 525
3 69 253
3 70 627
3 71 704
3 72 537
3 73 399
3 74 221
3 75 712
3 76 590
3 77 762
3 78 336
3 79 33
3 80 637
3 81 942
3 82 375
3 83 538
3 84 928
3 85 526
3 86 199
3 87 484
3 88 386
3 89 121
3 90 817
3 91 547
3 92 381
3 93 451
3 94 58
3 95 603
3 96 82
3 97 518
3 98 949
3 99 689
3 100 470
4 1 240
4 2 607
4 3 594
4 5 251
4 6 244
4 7 293
4 8 619
4 9 630
4 10 513
4 11 415
4 12 345
4 13 617
4 14 403
4 15 661
4 16 780
4 17 102
4 18 529
4 19 329
4 20 360
4 21 402
4 22 266
4 23 552
4 24 371
4 25 82
4 26 415
4 27 499
4 28 672
4 29 198
4 30 558
4 31 345
4 32 77
4 33 544
4 34 379
4 35 319
4 36 595
4 37 693
4 38 165
4 39 167
4 40 729
4 41 631
4 42 606
4 43 358
4 44 169
4 45 555
4 46 308
4 47 135
4 48 602
4 49 569
4 50 602
4 51 359
4 52 932
4 53 645
4 54 194
4 55 624
4 56 296
4 57 215
4 58 312
4 59 33
4 60 427
4 61 658
4 62 239
4 63 430
4 64 366
4 65 597
4 66 357
4 67 174
4 68 673
4 69 727
4 70 615
4 71 683
4 72 436
4 73 605
4 74 496
4 75 375
4 76 113
4 77 261
4 78 366
4 79 626
4 80 206
4 81 348
4 82 264
4 83 549
4 84 348
4 85 207
4 86 504
4 87 627
4 88 622
4 89 701
4 90 224
4 91 471
4 92 585
4 93 846
4 94 648
4 95 167
4 96 618
4 97 234
4 98 358
4 99 108
4 100 388
5 1 91
5 2 692
5 3 362
5 4 251
5 6 467
5 7 540
5 8 721
5 9 729
5 10 453
5 11 446
5 12 170
5 13 369
5 14 440
5 15 793
5 16 571
5 17 251
5 18 688
5 19 442
5 20 155
5 21 243
5 22 280
5 23 466
5 24 472
5 25 292
5 26 305
5 27 639
5 28 738
5 29 164
5 30 564
5 31 386
5 32 238
5 33 322
5 34 153
5 35 276
5 36 385
5 37 715
5 38 295
5 39 381
5 40 530
5 41 754
5 42 511
5 43 543
5 44 385
5 45 706
5 46 323
5 47 354
5 48 677
5 49 319
5 50 375
5 51 607
5 52 760
5 53 445
5 54 103
5 55 549
5 56 54
5 57 400
5 58 306
5 59 227
5 60 256
5 61 567
5 62 273
5 63 326
5 64 576
5 65 346
5 66 315
5 67 200
5 68 478
5 69 543
5 70 619
5 71 700
5 72 453
5 73 385
5 74 335
5 75 514
5 76 229
5 77 478
5 78 137
5 79 391
5 80 374
5 81 593
5 82 188
5 83 532
5 84 569
5 85 290
5 86 333
5 87 562
5 88 515
5 89 478
5 90 471
5 91 483
5 92 485
5 93 702
5 94 418
5 95 244
5 96 373
5 97 302
5 98 607
5 99 334
5 100 379
6 1 478
6 2 758
6 3 825
6 4 244
6 5 467
6 7 242
6 8 754
6 9 768
6 10 743
6 11 618
6 12 495
6 13 834
6 14 605
6 15 765
6 16 1020
6 17 218
6 18 616
6 19 498
6 20 597
6 21 527
6 22 496
6 23 787
6 24 540
6 25 178
6 26 657
6 27 613
6 28 833
6 29 442
6 30 761
6 31 553
6 32 229
6 33 779
6 34 559
6 35 556
6 36 734
6 37 881
6 38 373
6 39 290
6 40 971
6 41 747
6 42 841
6 43 443
6 44 289
6 45 649
6 46 531
6 47 114
6 48 762
6 49 779
6 50 836
6 51 186
6 52 1175
6 53 887
6 54 378
6 55 854
6 56 518
6 57 96
6 58 542
6 59 277
6 60 669
6 61 891
6 62 289
6 63 672
6 64 406
6 65 803
6 66 404
6 67 414
6 68 790
6 69 970
6 70 815
6 71 874
6 72 644
6 73 755
6 74 740
6 75 513
6 76 242
6 77 328
6 78 550
6 79 856
6 80 368
6 81 153
6 82 508
6 83 763
6 84 105
6 85 425
6 86 747
6 87 855
6 88 860
6 89 937
6 90 101
6 91 679
6 92 822
6 93 1088
6 94 881
6 95 253
6 96 839
6 97 451
6 98 195
6 99 139
6 100 611
7 1 509
7 2 562
7 3 859
7 4 293
7 5 540
7 6 242
7 8 547
7 9 562
7 10 650
7 11 490
7 12 633
7 13 898
7 14 477
7 15 540
7 16 1016
7 17 349
7 18 390
7 19 347
7 20 623
7 21 684
7 22 430
7 23 704
7 24 382
7 25 293
7 26 613
7 27 401
7 28 640
7 29 438
7 30 619
7 31 441
7 32 341
7 33 802
7 34 672
7 35 501
7 36 884
7 37 712
7 38 305
7 39 185
7 40 958
7 41 529
7 42 757
7 43 233
7 44 181
7 45 424
7 46 447
7 47 261
7 48 572
7 49 855
7 50 862
7 51 150
7 52 1126
7 53 881
7 54 486
7 55 754
7 56 580
7 57 317
7 58 468
7 59 314
7 60 662
7 61 798
7 62 475
7 63 621
7 64 175
7 65 883
7 66 600
7 67 396
7 68 956
7 69 943
7 70 666
7 71 708
7 72 519
7 73 896
7 74 715
7 75 329
7 76 374
7 77 139
7 78 659
7 79 891
7 80 249
7 81 178
7 82 491
7 83 636
7 84 278
7 85 353
7 86 729
7 87 748
7 88 782
7 89 955
7 90 144
7 91 549
7 92 744
7 93 1020
7 94 909
7 95 413
7 96 894
7 97 372
7 98 138
7 99 259
7 100 514
8 1 634
8 2 54
8 3 834
8 4 619
8 5 721
8 6 754
8 7 547
8 9 15
8 10 416
8 11 291
8 12 885
8 13 929
8 14 293
8 15 109
8 16 867
8 17 720
8 18 181
8 19 293
8 20 675
8 21 957
8 22 442
8 23 467
8 24 255
8 25 686
8 26 523
8 27 147
8 28 113
8 29 558
8 30 265
8 31 339
8 32 695
8 33 772
8 34 868
8 35 467
8 36 1097
8 37 232
8 38 462
8 39 476
8 40 803
8 41 66
8 42 495
8 43 317
8 44 476
8 45 151
8 46 402
8 47 705
8 48 83
8 49 921
8 50 822
8 51 694
8 52 853
8 53 763
8 54 749
8 55 452
8 56 720
8 57 791
8 58 425
8 59 605
8 60 625
8 61 497
8 62 855
8 63 511
8 64 377
8 65 950
8 66 966
8 67 528
8 68 1195
8 69 758
8 70 262
8 71 240
8 72 299
8 73 1089
8 74 616
8 75 247
8 76 729
8 77 428
8 78 853
8 79 862
8 80 414
8 81 725
8 82 543
8 83 318
8 84 819
8 85 442
8 86 637
8 87 430
8 88 525
8 89 870
8 90 660
8 91 287
8 92 502
8 93 721
8 94 858
8 95 784
8 96 906
8 97 424
8 98 681
8 99 684
8 100 373
9 1 642
9 2 51
9 3 837
9 4 630
9 5 729
9 6 768
9 7 562
9 8 15
9 10 416
9 11 296
9 12 894
9 13 932
9 14 298
9 15 114
9 16 866
9 17 731
9 18 195
9 19 304
9 20 680
9 21 966
9 22 450
9 23 466
9 24 265
9 25 698
9 26 527
9 27 161
9 28 101
9 29 566
9 30 263
9 31 346
9 32 707
9 33 774
9 34 876
9 35 473
9 36 1105
9 37 222
9 38 473
9 39 489
9 40 801
9 41 73
9 42 492
9 43 331
9 44 489
9 45 164
9 46 409
9 47 718
9 48 80
9 49 926
9 50 824
9 51 709
9 52 848
9 53 764
9 54 759
9 55 449
9 56 727
9 57 804
9 58 432
9 59 616
9 60 629
9 61 493
9 62 866
9 63 514
9 64 391
9 65 954
9 66 976
9 67 537
9 68 1202
9 69 756
9 70 257
9 71 231
9 72 303
9 73 1096
9 74 618
9 75 260
9 76 741
9 77 442
9 78 860
9 79 864
9 80 426
9 81 739
9 82 550
9 83 317
9 84 833
9 85 452
9 86 639
9 87 426
9 88 522
9 89 870
9 90 674
9 91 290
9 92 501
9 93 715
9 94 860
9 95 795
9 96 909
9 97 433
9 98 695
9 99 696
9 100 378
10 1 366
10 2 366
10 3 431
10 4 513
10 5 453
10 6 743
10 7 650
10 8 416
10 9 416
10 11 177
10 12 616
10 13 535
10 14 187
10 15 521
10 16 455
10 17 594
10 18 502
10 19 317
10 20 336
10 21 687
10 22 248
10 23 59
10 24 299
10 25 593
10 26 155
10 27 433
10 28 371
10 29 336
10 30 161
10 31 210
10 32 569
10 33 372
10 34 566
10 35 198
10 36 769
10 37 296
10 38 372
10 39 479
10 40 390
10 41 476
10 42 109
10 43 478
10 44 482
10 45 497
10 46 213
10 47 645
10 48 340
10 49 542
10 50 415
10 51 786
10 52 490
10 53 348
10 54 529
10 55 112
10 56 423
10 57 727
10 58 202
10 59 483
10 60 249
10 61 150
10 62 689
10 63 135
10 64 553
10 65 567
10 66 762
10 67 343
10 68 870
10 69 350
10 70 198
10 71 279
10 72 149
10 73 750
10 74 212
10 75 375
10 76 588
10 77 516
10 78 552
10 79 455
10 80 403
10 81 797
10 82 278
10 83 108
10 84 840
10 85 320
10 86 233
10 87 116
10 88 136
10 89 454
10 90 684
10 91 139
10 92 101
10 93 373
10 94 447
10 95 633
10 96 508
10 97 294
10 98 778
10 99 617
10 100 137
11 1 356
11 2 253
11 3 551
11 4 415
11 5 446
11 6 618
11 7 490
11 8 291
11 9 296
11 10 177
11 12 615
11 13 641
11 14 14
11 15 384
11 16 619
11 17 510
11 18 336
11 19 145
11 20 385
11 21 688
11 22 171
11 23 236
11 24 123
11 25 494
11 26 237
11 27 268
11 28 292
11 29 291
11 30 145
11 31 71
11 32 484
11 33 487
11 34 588
11 35 179
11 36 813
11 37 282
11 38 253
11 39 334
11 40 554
11 41 339
11 42 283
11 43 303
11 44 337
11 45 336
11 46 125
11 47 534
11 48 234
11 49 631
11 50 541
11 51 633
11 52 666
11 53 500
11 54 494
11 55 269
11 56 438
11 57 621
11 58 142
11 59 390
11 60 337
11 61 315
11 62 629
11 63 228
11 64 379
11 65 660
11 66 724
11 67 273
11 68 912
11 69 520
11 70 201
11 71 271
11 72 30
11 73 802
11 74 338
11 75 198
11 76 511
11 77 353
11 78 572
11 79 580
11 80 255
11 81 649
11 82 261
11 83 148
11 84 708
11 85 209
11 86 359
11 87 260
11 88 312
11 89 601
11 90 546
11 91 61
11 92 277
11 93 547
11 94 581
11 95 563
11 96 620
11 97 182
11 98 624
11 99 508
11 100 83
12 1 260
12 2 858
12 3 425
12 4 345
12 5 170
12 6 495
12 7 633
12 8 885
12 9 894
12 10 616
12 11 615
12 13 385
12 14 608
12 15 952
12 16 652
12 17 291
12 18 839
12 19 600
12 20 292
12 21 74
12 22 447
12 23 624
12 24 634
12 25 347
12 26 464
12 27 795
12 28 906
12 29 328
12 30 733
12 31 553
12 32 294
12 33 409
12 34 87
12 35 445
12 36 251
12 37 883
12 38 442
12 39 503
12 40 625
12 41 915
12 42 664
12 43 683
12 44 506
12 45 860
12 46 491
12 47 398
12 48 844
12 49 321
12 50 445
12 51 665
12 52 867
12 53 543
12 54 153
12 55 707
12 56 193
12 57 408
12 58 475
12 59 334
12 60 397
12 61 720
12 62 223
12 63 486
12 64 704
12 65 338
12 66 191
12 67 358
12 68 331
12 69 651
12 70 788
12 71 869
12 72 622
12 73 265
12 74 473
12 75 668
12 76 265
12 77 601
12 78 89
12 79 447
12 80 515
12 81 641
12 82 357
12 83 700
12 84 585
12 85 447
12 86 465
12 87 722
12 88 665
12 89 544
12 90 532
12 91 652
12 92 638
12 93 828
12 94 480
12 95 243
12 96 402
12 97 463
12 98 668
12 99 387
12 100 548
13 1 390
13 2 885
13 3 114
13 4 617
13 5 369
13 6 834
13 7 898
13 8 929
13 9 932
13 10 535
13 11 641
13 12 385
13 14 642
13 15 1024
13 16 308
13 17 616
13 18 958
13 19 710
13 20 285
13 21 410
13 22 533
13 23 505
13 24 724
13 25 660
13 26 406
13 27 896
13 28 902
13 29 468
13 30 694
13 31 611
13 32 606
13 33 164
13 34 300
13 35 479
13 36 336
13 37 829
13 38 616
13 39 724
13 40 309
13 41 979
13 42 515
13 43 851
13 44 728
13 45 966
13 46 553
13 47 722
13 48 861
13 49 65
13 50 137
13 51 975
13 52 548
13 53 255
13 54 457
13 55 572
13 56 322
13 57 760
13 58 526
13 59 591
13 60 305
13 61 557
13 62 598
13 63 419
13 64 902
13 65 61
13 66 572
13 67 513
13 68 423
13 69 357
13 70 733
13 71 812
13 72 630
13 73 300
13 74 324
13 75 788
13 76 592
13 77 814
13 78 302
13 79 107
13 80 694
13 81 962
13 82 434
13 83 643
13 84 934
13 85 586
13 86 303
13 87 595
13 88 499
13 89 195
13 90 839
13 91 644
13 92 492
13 93 557
13 94 138
13 95 595
13 96 34
13 97 583
13 98 975
13 99 702
13 100 559
14 1 350
14 2 256
14 3 554
14 4 403
14 5 440
14 6 605
14 7 477
14 8 293
14 9 298
14 10 187
14 11 14
14 12 608
14 13 642
14 15 383
14 16 626
14 17 498
14 18 330
14 19 133
14 20 383
14 21 681
14 22 163
14 23 246
14 24 112
14 25 482
14 26 240
14 27 262
14 28 298
14 29 283
14 30 157
14 31 60
14 32 472
14 33 490
14 34 582
14 35 175
14 36 809
14 37 293
14 38 240
14 39 321
14 40 561
14 41 339
14 42 295
14 43 292
14 44 324
14 45 331
14 46 118
14 47 522
14 48 238
14 49 631
14 50 544
14 51 620
14 52 677
14 53 506
14 54 485
14 55 282
14 56 432
14 57 609
14 58 136
14 59 378
14 60 338
14 61 328
14 62 619
14 63 232
14 64 367
14 65 660
14 66 715
14 67 264
14 68 907
14 69 528
14 70 213
14 71 282
14 72 43
14 73 799
14 74 343
14 75 188
14 76 500
14 77 339
14 78 567
14 79 583
14 80 242
14 81 636
14 82 255
14 83 162
14 84 694
14 85 197
14 86 363
14 87 273
14 88 323
14 89 606
14 90 532
14 91 74
14 92 288
14 93 558
14 94 584
14 95 552
14 96 622
14 97 171
14 98 610
14 99 495
14 100 84
15 1 710
15 2 162
15 3 933
15 4 661
15 5 793
15 6 765
15 7 540
15 8 109
15 9 114
15 10 521
15 11 384
15 12 952
15 13 1024
15 14 383
15 16 974
15 17 761
15 18 151
15 19 353
15 20 762
15 21 1023
15 22 519
15 23 574
15 24 321
15 25 721
15 26 620
15 27 162
15 28 206
15 29 629
15 30 373
15 31 421
15 32 738
15 33 870
15 34 943
15 35 553
15 36 1175
15 37 331
15 38 516
15 39 506
15 40 909
15 41 46
15 42 603
15 43 323
15 44 505
15 45 116
15 46 484
15 47 731
15 48 192
15 49 1013
15 50 921
15 51 680
15 52 961
15 53 868
15 54 810
15 55 560
15 56 797
15 57 813
15 58 509
15 59 652
15 60 720
15 61 606
15 62 899
15 63 609
15 64 365
15 65 1042
15 66 1016
15 67 595
15 68 1270
15 69 865
15 70 370
15 71 342
15 72 396
15 73 1169
15 74 716
15 75 289
15 76 774
15 77 439
15 78 927
15 79 961
15 80 456
15 81 714
15 82 623
15 83 426
15 84 817
15 85 506
15 86 737
15 87 538
15 88 633
15 89 973
15 90 667
15 91 389
15 92 609
15 93 829
15 94 959
15 95 828
15 96 1003
15 97 491
15 98 666
15 99 712
15 100 466
16 1 542
16 2 815
16 3 229
16 4 780
16 5 571
16 6 1020
16 7 1016
16 8 867
16 9 866
16 10 455
16 11 619
16 12 652
16 13 308
16 14 626
16 15 974
16 17 814
16 18 953
16 19 737
16 20 425
16 21 695
16 22 591
16 23 401
16 24 733
16 25 844
16 26 410
16 27 884
16 28 805
16 29 588
16 30 604
16 31 623
16 32 796
16 33 250
16 34 567
16 35 521
16 36 644
16 37 701
16 38 712
16 39 832
16 40 66
16 41 928
16 42 376
16 43 899
16 44 836
16 45 950
16 46 587
16 47 907
16 48 787
16 49 366
16 50 208
16 51 1126
16 52 243
16 53 136
16 54 673
16 55 426
16 56 517
16 57 966
16 58 561
16 59 748
16 60 357
16 61 390
16 62 838
16 63 408
16 64 966
16 65 369
16 66 843
16 67 626
16 68 729
16 69 114
16 70 621
16 71 684
16 72 596
16 73 607
16 74 303
16 75 808
16 76 795
16 77 902
16 78 564
16 79 212
16 80 776
16 81 1123
16 82 529
16 83 550
16 84 1124
16 85 665
16 86 288
16 87 452
16 88 348
16 89 115
16 90 998
16 91 593
16 92 366
16 93 281
16 94 177
16 95 815
16 96 277
16 97 650
16 98 1122
16 99 882
16 100 549
17 1 276
17 2 708
17 3 611
17 4 102
17 5 251
17 6 218
17 7 349
17 8 720
17 9 731
17 10 594
17 11 510
17 12 291
17 13 616
17 14 498
17 15 761
17 16 814
17 18 626
17 19 430
17 20 389
17 21 336
17 22 353
17 23 628
17 24 472
17 25 58
17 26 480
17 27 599
17 28 773
17 29 262
17 30 652
17 31 439
17 32 27
17 33 569
17 34 345
17 35 397
17 36 539
17 37 790
17 38 264
17 39 260
17 40 768
17 41 732
17 42 680
17 43 452
17 44 262
17 45 653
17 46 397
17 47 110
17 48 703
17 49 561
17 50 623
17 51 375
17 52 985
17 53 683
17 54 161
17 55 704
17 56 303
17 57 153
17 58 397
17 59 121
17 60 473
17 61 734
17 62 140
17 63 498
17 64 451
17 65 586
17 66 264
17 67 251
17 68 608
17 69 773
17 70 709
17 71 780
17 72 530
17 73 556
17 74 548
17 75 476
17 76 27
17 77 348
17 78 335
17 79 641
17 80 307
17 81 355
17 82 328
17 83 639
17 84 319
17 85 302
17 86 552
17 87 709
17 88 694
17 89 725
17 90 242
17 91 565
17 92 657
17 93 909
17 94 668
17 95 70
17 96 622
17 97 328
17 98 379
17 99 97
17 100 476
18 1 612
18 2 218
18 3 877
18 4 529
18 5 688
18 6 616
18 7 390
18 8 181
18 9 195
18 10 502
18 11 336
18 12 839
18 13 958
18 14 330
18 15 151
18 16 953
18 17 626
18 19 252
18 20 682
18 21 907
18 22 430
18 23 560
18 24 235
18 25 582
18 26 566
18 27 70
18 28 292
18 29 527
18 30 382
18 31 349
18 32 604
18 33 813
18 34 840
18 35 479
18 36 1072
18 37 400
18 38 398
18 39 367
18 40 888
18 41 144
18 42 600
18 43 178
18 44 365
18 45 36
18 46 405
18 47 587
18 48 241
18 49 938
18 50 870
18 51 531
18 52 978
18 53 835
18 54 691
18 55 569
18 56 700
18 57 667
18 58 432
18 59 523
18 60 659
18 61 617
18 62 765
18 63 560
18 64 215
18 65 968
18 66 885
18 67 488
18 68 1164
18 69 851
18 70 402
18 71 405
18 72 357
18 73 1071
18 74 671
18 75 175
18 76 641
18 77 293
18 78 824
18 79 908
18 80 328
18 81 564
18 82 534
18 83 427
18 84 667
18 85 399
18 86 691
18 87 551
18 88 630
18 89 935
18 90 517
18 91 364
18 92 600
18 93 850
18 94 911
18 95 694
18 96 941
18 97 390
18 98 517
18 99 570
18 100 412
19 1 362
19 2 279
19 3 635
19 4 329
19 5 442
19 6 498
19 7 347
19 8 293
19 9 304
19 10 317
19 11 145
19 12 600
19 13 710
19 14 133
19 15 353
19 16 737
19 17 430
19 18 252
19 20 431
19 21 671
19 22 179
19 23 374
19 24 44
19 25 400
19 26 332
19 27 198
19 28 345
19 29 279
19 30 273
19 31 115
19 32 405
19 33 572
19 34 593
19 35 233
19 36 825
19 37 383
19 38 170
19 39 208
19 40 674
19 41 316
19 42 425
19 43 164
19 44 210
19 45 267
19 46 159
19 47 429
19 48 275
19 49 688
19 50 630
19 51 493
19 52 805
19 53 610
19 54 459
19 55 414
19 56 450
19 57 517
19 58 187
19 59 313
19 60 416
19 61 460
19 62 563
19 63 331
19 64 237
19 65 718
19 66 673
19 67 243
19 68 919
19 69 646
19 70 323
19 71 376
19 72 175
19 73 822
19 74 441
19 75 79
19 76 438
19 77 209
19 78 578
19 79 667
19 80 133
19 81 512
19 82 283
19 83 290
19 84 580
19 85 154
19 86 460
19 87 405
19 88 452
19 89 703
19 90 416
19 91 203
19 92 416
19 93 689
19 94 674
19 95 492
19 96 694
19 97 141
19 98 483
19 99 405
19 100 191
20 1 120
20 2 637
20 3 237
20 4 360
20 5 155
20 6 597
20 7 623
20 8 675
20 9 680
20 10 336
20 11 385
20 12 292
20 13 285
20 14 383
20 15 762
20 16 425
20 17 389
20 18 682
20 19 431
20 21 359
20 22 252
20 23 336
20 24 449
20 25 420
20 26 182
20 27 623
20 28 669
20 29 186
20 30 474
20 31 341
20 32 372
20 33 184
20 34 232
20 35 209
20 36 437
20 37 622
20 38 332
20 39 444
20 40 380
20 41 719
20 42 374
20 43 567
20 44 449
20 45 693
20 46 280
20 47 483
20 48 617
20 49 258
20 50 243
20 51 715
20 52 605
20 53 294
20 54 256
20 55 419
20 56 106
20 57 541
20 58 254
20 59 329
20 60 106
20 61 429
20 62 428
20 63 202
20 64 618
20 65 287
20 66 463
20 67 231
20 68 538
20 69 389
20 70 524
20 71 606
20 72 382
20 73 422
20 74 183
20 75 509
20 76 371
20 77 531
20 78 219
20 79 269
20 80 410
20 81 708
20 82 151
20 83 432
20 84 701
20 85 301
20 86 180
20 87 435
20 88 374
20 89 342
20 90 583
20 91 404
20 92 347
20 93 548
20 94 290
20 95 395
20 96 275
20 97 300
20 98 713
20 99 459
20 100 305
21 1 333
21 2 931
21 3 466
21 4 402
21 5 243
21 6 527
21 7 684
21 8 957
21 9 966
21 10 687
21 11 688
21 12 74
21 13 410
21 14 681
21 15 1023
21 16 695
21 17 336
21 18 907
21 19 671
21 20 359
21 22 520
21 23 693
21 24 705
21 25 393
21 26 534
21 27 865
21 28 979
21 29 401
21 30 806
21 31 626
21 32 344
21 33 458
21 34 134
21 35 517
21 36 208
21 37 956
21 38 510
21 39 565
21 40 673
21 41 986
21 42 732
21 43 748
21 44 568
21 45 929
21 46 564
21 47 438
21 48 917
21 49 346
21 50 489
21 51 703
21 52 918
21 53 593
21 54 217
21 55 776
21 56 264
21 57 435
21 58 548
21 59 395
21 60 462
21 61 787
21 62 241
21 63 555
21 64 766
21 65 358
21 66 168
21 67 430
21 68 273
21 69 703
21 70 860
21 71 942
21 72 695
21 73 231
21 74 536
21 75 738
21 76 311
21 77 662
21 78 144
21 79 485
21 80 582
21 81 677
21 82 430
21 83 772
21 84 610
21 85 518
21 86 528
21 87 792
21 88 732
21 89 584
21 90 574
21 91 725
21 92 705
21 93 886
21 94 520
21 95 279
21 96 432
21 97 534
21 98 708
21 99 431
21 100 621
22 1 193
22 2 412
22 3 464
22 4 266
22 5 280
22 6 496
22 7 430
22 8 442
22 9 450
22 10 248
22 11 171
22 12 447
22 13 533
22 14 163
22 15 519
22 16 591
22 17 353
22 18 430
22 19 179
22 20 252
22 21 520
22 23 292
22 24 200
22 25 347
22 26 184
22 27 373
22 28 460
22 29 120
22 30 305
22 31 106
22 32 327
22 33 401
22 34 427
22 35 71
22 36 657
22 37 451
22 38 131
22 39 248
22 40 531
22 41 478
22 42 346
22 43 323
22 44 252
22 45 443
22 46 47
22 47 397
22 48 397
22 49 509
22 50 461
22 51 554
22 52 699
22 53 458
22 54 323
22 55 360
22 56 279
22 57 480
22 58 46
22 59 237
22 60 248
22 61 395
22 62 463
22 63 191
22 64 381
22 65 539
22 66 554
22 67 105
22 68 754
22 69 513
22 70 362
22 71 438
22 72 184
22 73 651
22 74 289
22 75 257
22 76 351
22 77 311
22 78 411
22 79 496
22 80 185
22 81 560
22 82 105
22 83 288
22 84 595
22 85 78
22 86 304
22 87 362
22 88 366
22 89 542
22 90 442
22 91 218
22 92 328
22 93 600
22 94 506
22 95 400
22 96 518
22 97 60
22 98 548
22 99 370
22 100 124
23 1 385
23 2 416
23 3 397
23 4 552
23 5 466
23 6 787
23 7 704
23 8 467
23 9 466
23 10 59
23 11 236
23 12 624
23 13 505
23 14 246
23 15 574
23 16 401
23 17 628
23 18 560
23 19 374
23 20 336
23 21 693
23 22 292
23 24 357
23 25 632
23 26 162
23 27 491
23 28 413
23 29 367
23 30 206
23 31 266
23 32 603
23 33 342
23 34 568
23 35 233
23 36 760
23 37 326
23 38 419
23 39 529
23 40 336
23 41 528
23 42 55
23 43 537
23 44 533
23 45 554
23 46 261
23 47 686
23 48 388
23 49 519
23 50 379
23 51 838
23 52 432
23 53 301
23 54 550
23 55 83
23 56 432
23 57 766
23 58 247
23 59 521
23 60 239
23 61 106
23 62 715
23 63 141
23 64 611
23 65 543
23 66 780
23 67 380
23 68 861
23 69 294
23 70 233
23 71 308
23 72 208
23 73 738
23 74 185
23 75 433
23 76 620
23 77 571
23 78 555
23 79 419
23 80 456
23 81 847
23 82 304
23 83 151
23 84 886
23 85 366
23 86 204
23 87 100
23 88 79
23 89 408
23 90 732
23 91 197
23 92 42
23 93 317
23 94 408
23 95 662
23 96 477
23 97 342
23 98 830
23 99 658
23 100 190
24 1 389
24 2 237
24 3 644
24 4 371
24 5 472
24 6 540
24 7 382
24 8 255
24 9 265
24 10 299
24 11 123
24 12 634
24 13 724
24 14 112
24 15 321
24 16 733
24 17 472
24 18 235
24 19 44
24 20 449
24 21 705
24 22 200
24 23 357
24 25 443
24 26 335
24 27 174
24 28 302
24 29 309
24 30 238
24 31 115
24 32 447
24 33 580
24 34 623
24 35 245
24 36 854
24 37 341
24 38 210
24 39 250
24 40 669
24 41 282
24 42 406
24 43 181
24 44 252
24 45 244
24 46 171
24 47 472
24 48 232
24 49 705
24 50 637
24 51 530
24 52 788
24 53 609
24 54 495
24 55 390
24 56 477
24 57 560
24 58 198
24 59 354
24 60 425
24 61 436
24 62 604
24 63 331
24 64 258
24 65 735
24 66 712
24 67 276
24 68 949
24 69 637
24 70 285
24 71 335
24 72 151
24 73 849
24 74 442
24 75 77
24 76 479
24 77 244
24 78 607
24 79 675
24 80 176
24 81 550
24 82 305
24 83 259
24 84 621
24 85 189
24 86 462
24 87 379
24 88 434
24 89 706
24 90 457
24 91 174
24 92 399
24 93 669
24 94 679
24 95 534
24 96 706
24 97 172
24 98 519
24 99 448
24 100 184
25 1 302
25 2 678
25 3 648
25 4 82
25 5 292
25 6 178
25 7 293
25 8 686
25 9 698
25 10 593
25 11 494
25 12 347
25 13 660
25 14 482
25 15 721
25 16 844
25 17 58
25 18 582
25 19 400
25 20 420
25 21 393
25 22 347
25 23 632
25 24 443
25 26 492
25 27 560
25 28 745
25 29 273
25 30 638
25 31 424
25 32 56
25 33 602
25 34 398
25 35 399
25 36 596
25 37 771
25 38 243
25 39 216
25 40 795
25 41 694
25 42 685
25 43 406
25 44 217
25 45 611
25 46 389
25 47 64
25 48 675
25 49 608
25 50 659
25 51 322
25 52 1005
25 53 711
25 54 211
25 55 705
25 56 342
25 57 135
25 58 393
25 59 112
25 60 495
25 61 738
25 62 190
25 63 508
25 64 400
25 65 633
25 66 316
25 67 253
25 68 665
25 69 797
25 70 694
25 71 762
25 72 516
25 73 612
25 74 568
25 75 440
25 76 83
25 77 298
25 78 387
25 79 679
25 80 272
25 81 304
25 82 340
25 83 630
25 84 281
25 85 287
25 86 574
25 87 708
25 88 701
25 89 760
25 90 187
25 91 551
25 92 664
25 93 923
25 94 704
25 95 123
25 96 664
25 97 314
25 98 325
25 99 43
25 100 469
26 1 225
26 2 480
26 3 314
26 4 415
26 5 305
26 6 657
26 7 613
26 8 523
26 9 527
26 10 155
26 11 237
26 12 464
26 13 406
26 14 240
26 15 620
26 16 410
26 17 480
26 18 566
26 19 332
26 20 182
26 21 534
26 22 184
26 23 162
26 24 335
26 25 492
26 27 500
26 28 501
26 29 220
26 30 298
26 31 221
26 32 457
26 33 250
26 34 411
26 35 113
26 36 616
26 37 444
26 38 310
26 39 430
26 40 349
26 41 575
26 42 207
26 43 492
26 44 434
26 45 570
26 46 178
26 47 549
26 48 457
26 49 402
26 50 305
26 51 734
26 52 522
26 53 279
26 54 390
26 55 245
26 56 271
26 57 625
26 58 152
26 59 382
26 60 103
26 61 263
26 62 558
26 63 22
26 64 557
26 65 429
26 66 619
26 67 243
26 68 717
26 69 330
26 70 345
26 71 428
26 72 225
26 73 598
26 74 109
26 75 407
26 76 469
26 77 494
26 78 398
26 79 344
26 80 368
26 81 736
26 82 153
26 83 253
26 84 759
26 85 260
26 86 128
26 87 259
26 88 216
26 89 372
26 90 615
26 91 239
26 92 182
26 93 432
26 94 346
26 95 508
26 96 384
26 97 243
26 98 728
26 99 522
26 100 156
27 1 559
27 2 170
27 3 813
27 4 499
27 5 639
27 6 613
27 7 401
27 8 147
27 9 161
27 10 433
27 11 268
27 12 795
27 13 896
27 14 262
27 15 162
27 16 884
27 17 599
27 18 70
27 19 198
27 20 623
27 21 865
27 22 373
27 23 491
27 24 174
27 25 560
27 26 500
27 28 248
27 29 476
27 30 315
27 31 285
27 32 576
27 33 749
27 34 791
27 35 418
27 36 1023
27 37 345
27 38 356
27 39 345
27 40 819
27 41 136
27 42 531
27 43 172
27 44 345
27 45 71
27 46 344
27 47 572
27 48 188
27 49 879
27 50 804
27 51 548
27 52 909
27 53 767
27 54 650
27 55 500
27 56 648
27 57 656
27 58 371
27 59 490
27 60 595
27 61 548
27 62 737
27 63 494
27 64 230
27 65 908
27 66 854
27 67 440
27 68 1116
27 69 782
27 70 338
27 71 348
27 72 289
27 73 1019
27 74 604
27 75 128
27 76 612
27 77 286
27 78 775
27 79 843
27 80 294
27 81 578
27 82 478
27 83 359
27 84 674
27 85 350
27 86 625
27 87 483
27 88 561
27 89 867
27 90 517
27 91 294
27 92 531
27 93 782
27 94 845
27 95 666
27 96 878
27 97 338
27 98 535
27 99 553
27 100 345
28 1 648
28 2 79
28 3 800
28 4 672
28 5 738
28 6 833
28 7 640
28 8 113
28 9 101
28 10 371
28 11 292
28 12 906
28 13 902
28 14 298
28 15 206
28 16 805
28 17 773
28 18 292
28 19 345
28 20 669
28 21 979
28 22 460
28 23 413
28 24 302
28 25 745
28 26 501
28 27 248
28 29 580
28 30 210
28 31 355
28 32 747
28 33 740
28 34 879
28 35 468
28 36 1102
28 37 126
28 38 509
28 39 546
28 40 742
28 41 172
28 42 430
28 43 408
28 44 547
28 45 263
28 46 415
28 47 772
28 48 72
28 49 903
28 50 785
28 51 789
28 52 767
28 53 713
28 54 780
28 55 380
28 56 728
28 57 859
28 58 433
28 59 654
28 60 604
28 61 422
28 62 902
28 63 486
28 64 475
28 65 930
28 66 1006
28 67 557
28 68 1201
28 69 693
28 70 185
28 71 138
28 72 289
28 73 1090
28 74 580
28 75 321
28 76 779
28 77 513
28 78 863
28 79 825
28 80 476
28 81 817
28 82 552
28 83 264
28 84 904
28 85 479
28 86 602
28 87 356
28 88 458
28 89 821
28 90 742
28 91 265
28 92 442
28 93 633
28 94 817
28 95 833
28 96 877
28 97 456
28 98 777
28 99 749
28 100 366
29 1 86
29 2 530
29 3 421
29 4 198
29 5 164
29 6 442
29 7 438
29 8 558
29 9 566
29 10 336
29 11 291
29 12 328
29 13 468
29 14 283
29 15 629
29 16 588
29 17 262
29 18 527
29 19 279
29 20 186
29 21 401
29 22 120
29 23 367
29 24 309
29 25 273
29 26 220
29 27 476
29 28 580
29 30 420
29 31 226
29 32 238
29 33 364
29 34 315
29 35 140
29 36 547
29 37 568
29 38 149
29 39 259
29 40 535
29 41 590
29 42 419
29 43 393
29 44 263
29 45 545
29 46 166
29 47 332
29 48 517
29 49 433
29 50 425
29 51 538
29 52 734
29 53 453
29 54 204
29 55 445
29 56 174
29 57 406
29 58 154
29 59 165
29 60 232
29 61 473
29 62 354
29 63 237
29 64 437
29 65 462
29 66 437
29 67 46
29 68 641
29 69 530
29 70 477
29 71 555
29 72 302
29 73 544
29 74 299
29 75 353
29 76 253
29 77 347
29 78 299
29 79 454
29 80 228
29 81 535
29 82 67
29 83 396
29 84 545
29 85 129
29 86 308
29 87 452
29 88 432
29 89 519
29 90 410
29 91 334
29 92 396
29 93 651
29 94 471
29 95 297
29 96 460
29 97 139
29 98 535
29 99 305
29 100 234
30 1 473
30 2 212
30 3 591
30 4 558
30 5 564
30 6 761
30 7 619
30 8 265
30 9 263
30 10 161
30 11 145
30 12 733
30 13 694
30 14 157
30 15 373
30 16 604
30 17 652
30 18 382
30 19 273
30 20 474
30 21 806
30 22 305
30 23 206
30 24 238
30 25 638
30 26 298
30 27 315
30 28 210
30 29 420
30 31 214
30 32 626
30 33 531
30 34 695
30 35 289
30 36 910
30 37 151
30 38 397
30 39 475
30 40 540
30 41 328
30 42 231
30 43 410
30 44 477
30 45 369
30 46 258
30 47 678
30 48 184
30 49 697
30 50 575
30 51 766
30 52 598
30 53 505
30 54 623
30 55 190
30 56 546
30 57 765
30 58 266
30 59 533
30 60 399
30 61 237
30 62 767
30 63 281
30 64 487
30 65 723
30 66 856
30 67 409
30 68 1010
30 69 494
30 70 58
30 71 137
30 72 123
30 73 894
30 74 371
30 75 300
30 76 652
30 77 481
30 78 680
30 79 616
30 80 396
30 81 784
30 82 377
30 83 55
30 84 849
30 85 352
30 86 392
30 87 170
30 88 261
30 89 613
30 90 685
30 91 88
30 92 239
30 93 468
30 94 608
30 95 703
30 96 668
30 97 325
30 98 755
30 99 652
30 100 187
31 1 297
31 2 307
31 3 529
31 4 345
31 5 386
31 6 553
31 7 441
31 8 339
31 9 346
31 10 210
31 11 71
31 12 553
31 13 611
31 14 60
31 15 421
31 16 623
31 17 439
31 18 349
31 19 115
31 20 341
31 21 626
31 22 106
31 23 266
31 24 115
31 25 424
31 26 221
31 27 285
31 28 355
31 29 226
31 30 214
31 32 413
31 33 465
31 34 531
31 35 134
31 36 759
31 37 352
31 38 184
31 39 275
31 40 559
31 41 379
31 42 318
31 43 279
31 44 277
31 45 356
31 46 64
31 47 466
31 48 292
31 49 595
31 50 522
31 51 580
31 52 695
31 53 497
31 54 427
31 55 315
31 56 382
31 57 553
31 58 88
31 59 320
31 60 310
31 61 358
31 62 559
31 63 218
31 64 349
31 65 624
31 66 656
31 67 205
31 68 857
31 69 531
31 70 271
31 71 341
31 72 93
31 73 751
31 74 328
31 75 187
31 76 441
31 77 306
31 78 515
31 79 560
31 80 197
31 81 592
31 82 205
31 83 210
31 84 645
31 85 139
31 86 348
31 87 310
31 88 344
31 89 592
31 90 484
31 91 128
31 92 307
31 93 582
31 94 565
31 95 493
31 96 593
31 97 112
31 98 571
31 99 440
31 100 77
32 1 256
32 2 683
32 3 597
32 4 77
32 5 238
32 6 229
32 7 341
32 8 695
32 9 707
32 10 569
32 11 484
32 12 294
32 13 606
32 14 472
32 15 738
32 16 796
32 17 27
32 18 604
32 19 405
32 20 372
32 21 344
32 22 327
32 23 603
32 24 447
32 25 56
32 26 457
32 27 576
32 28 747
32 29 238
32 30 626
32 31 413
32 33 553
32 34 343
32 35 372
32 36 544
32 37 764
32 38 239
32 39 240
32 40 750
32 41 708
32 42 656
32 43 432
32 44 242
32 45 632
32 46 371
32 47 116
32 48 678
32 49 553
32 50 608
32 51 377
32 52 964
32 53 665
32 54 156
32 55 679
32 56 290
32 57 172
32 58 372
32 59 95
32 60 452
32 61 709
32 62 162
32 63 474
32 64 434
32 65 579
32 66 283
32 67 226
32 68 616
32 69 753
32 70 683
32 71 754
32 72 504
32 73 559
32 74 527
32 75 452
32 76 37
32 77 330
32 78 332
32 79 628
32 80 283
32 81 359
32 82 304
32 83 613
32 84 332
32 85 276
32 86 532
32 87 684
32 88 670
32 89 710
32 90 242
32 91 539
32 92 633
32 93 887
32 94 653
32 95 90
32 96 611
32 97 302
32 98 380
32 99 98
32 100 450
33 1 304
33 2 726
33 3 64
33 4 544
33 5 322
33 6 779
33 7 802
33 8 772
33 9 774
33 10 372
33 11 487
33 12 409
33 13 164
33 14 490
33 15 870
33 16 250
33 17 569
33 18 813
33 19 572
33 20 184
33 21 458
33 22 401
33 23 342
33 24 580
33 25 602
33 26 250
33 27 749
33 28 740
33 29 364
33 30 531
33 31 465
33 32 553
33 34 326
33 35 339
33 36 453
33 37 665
33 38 503
33 39 620
33 40 217
33 41 824
33 42 353
33 43 723
33 44 624
33 45 819
33 46 413
33 47 666
33 48 701
33 49 184
33 50 61
33 51 898
33 52 460
33 53 135
33 54 424
33 55 409
33 56 269
33 57 720
33 58 385
33 59 513
33 60 156
33 61 398
33 62 588
33 63 261
33 64 781
33 65 204
33 66 598
33 67 407
33 68 550
33 69 245
33 70 569
33 71 648
33 72 474
33 73 424
33 74 161
33 75 649
33 76 548
33 77 702
33 78 321
33 79 96
33 80 577
33 81 891
33 82 315
33 83 479
33 84 883
33 85 465
33 86 140
33 87 433
33 88 339
33 89 158
33 90 766
33 91 485
33 92 330
33 93 435
33 94 108
33 95 566
33 96 137
33 97 457
33 98 896
33 99 642
33 100 406
34 1 235
34 2 837
34 3 339
34 4 379
34 5 153
34 6 559
34 7 672
34 8 868
34 9 876
34 10 566
34 11 588
34 12 87
34 13 300
34 14 582
34 15 943
34 16 567
34 17 345
34 18 840
34 19 593
34 20 232
34 21 134
34 22 427
34 23 568
34 24 623
34 25 398
34 26 411
34 27 791
34 28 879
34 29 315
34 30 695
34 31 531
34 32 343
34 33 326
34 35 411
34 36 233
34 37 845
34 38 447
34 39 525
34 40 542
34 41 903
34 42 603
34 43 694
34 44 529
34 45 858
34 46 467
34 47 454
34 48 820
34 49 237
34 50 360
34 51 719
34 52 786
34 53 461
34 54 189
34 55 650
34 56 151
34 57 476
34 58 447
34 59 362
34 60 333
34 61 658
34 62 301
34 63 433
34 64 724
34 65 256
34 66 277
34 67 352
34 68 327
34 69 570
34 70 747
34 71 830
34 72 591
34 73 233
34 74 405
34 75 666
34 76 319
34 77 623
34 78 16
34 79 361
34 80 525
34 81 699
34 82 328
34 83 657
34 84 654
34 85 441
34 86 395
34 87 667
34 88 602
34 89 459
34 90 584
34 91 618
34 92 577
34 93 752
34 94 395
34 95 309
34 96 316
34 97 453
34 98 722
34 99 440
34 100 515
35 1 185
35 2 431
35 3 402
35 4 319
35 5 276
35 6 556
35 7 501
35 8 467
35 9 473
35 10 198
35 11 179
35 12 445
35 13 479
35 14 175
35 15 553
35 16 521
35 17 397
35 18 479
35 19 233
35 20 209
35 21 517
35 22 71
35 23 233
35 24 245
35 25 399
35 26 113
35 27 418
35 28 468
35 29 140
35 30 289
35 31 134
35 32 372
35 33 339
35 34 411
35 36 635
35 37 440
35 38 199
35 39 318
35 40 460
35 41 510
35 42 287
35 43 387
35 44 322
35 45 488
35 46 75
35 47 453
35 48 412
35 49 462
35 50 398
35 51 623
35 52 630
35 53 388
35 54 339
35 55 308
35 56 261
35 57 533
35 58 47
35 59 288
35 60 184
35 61 339
35 62 494
35 63 121
35 64 449
35 65 491
35 66 572
35 67 147
35 68 734
35 69 443
35 70 345
35 71 425
35 72 180
35 73 624
35 74 218
35 75 311
35 76 390
35 77 382
35 78 396
35 79 434
35 80 256
35 81 628
35 82 88
35 83 260
35 84 657
35 85 148
35 86 235
35 87 314
35 88 304
35 89 475
35 90 508
35 91 209
35 92 266
35 93 534
35 94 442
35 95 436
35 96 462
35 97 130
35 98 617
35 99 426
35 100 105
36 1 465
36 2 1064
36 3 432
36 4 595
36 5 385
36 6 734
36 7 884
36 8 1097
36 9 1105
36 10 769
36 11 813
36 12 251
36 13 336
36 14 809
36 15 1175
36 16 644
36 17 539
36 18 1072
36 19 825
36 20 437
36 21 208
36 22 657
36 23 760
36 24 854
36 25 596
36 26 616
36 27 1023
36 28 1102
36 29 547
36 30 910
36 31 759
36 32 544
36 33 453
36 34 233
36 35 635
36 37 1059
36 38 678
36 39 750
36 40 642
36 41 1134
36 42 787
36 43 924
36 44 754
36 45 1090
36 46 696
36 47 643
36 48 1046
36 49 282
36 50 458
36 51 910
36 52 884
36 53 577
36 54 402
36 55 839
36 56 379
36 57 642
36 58 674
36 59 582
36 60 523
36 61 838
36 62 447
36 63 636
36 64 951
36 65 276
36 66 357
36 67 585
36 68 102
36 69 685
36 70 960
36 71 1043
36 72 814
36 73 42
36 74 581
36 75 898
36 76 514
36 77 848
36 78 248
36 79 438
36 80 755
36 81 884
36 82 555
36 83 868
36 84 816
36 85 674
36 86 565
36 87 859
36 88 779
36 89 530
36 90 779
36 91 839
36 92 761
36 93 883
36 94 471
36 95 485
36 96 368
36 97 685
36 98 914
36 99 635
36 100 737
37 1 624
37 2 184
37 3 722
37 4 693
37 5 715
37 6 881
37 7 712
37 8 232
37 9 222
37 10 296
37 11 282
37 12 883
37 13 829
37 14 293
37 15 331
37 16 701
37 17 790
37 18 400
37 19 383
37 20 622
37 21 956
37 22 451
37 23 326
37 24 341
37 25 771
37 26 444
37 27 345
37 28 126
37 29 568
37 30 151
37 31 352
37 32 764
37 33 665
37 34 845
37 35 440
37 36 1059
37 38 529
37 39 591
37 40 640
37 41 295
37 42 330
37 43 485
37 44 592
37 45 375
37 46 404
37 47 807
37 48 160
37 49 837
37 50 704
37 51 861
37 52 645
37 53 620
37 54 772
37 55 276
37 56 696
37 57 895
37 58 414
37 59 670
37 60 543
37 61 312
37 62 911
37 63 425
37 64 558
37 65 863
37 66 1004
37 67 554
37 68 1159
37 69 588
37 70 99
37 71 18
37 72 267
37 73 1042
37 74 506
37 75 383
37 76 793
37 77 577
37 78 830
37 79 744
37 80 514
37 81 885
37 82 527
37 83 192
37 84 961
37 85 489
37 86 526
37 87 251
37 88 356
37 89 728
37 90 797
37 91 234
37 92 347
37 93 512
37 94 732
37 95 845
37 96 801
37 97 463
37 98 850
37 99 782
37 100 336
38 1 232
38 2 447
38 3 563
38 4 165
38 5 295
38 6 373
38 7 305
38 8 462
38 9 473
38 10 372
38 11 253
38 12 442
38 13 616
38 14 240
38 15 516
38 16 712
38 17 264
38 18 398
38 19 170
38 20 332
38 21 510
38 22 131
38 23 419
38 24 210
38 25 243
38 26 310
38 27 356
38 28 509
38 29 149
38 30 397
38 31 184
38 32 239
38 33 503
38 34 447
38 35 199
38 36 678
38 37 529
38 39 121
38 40 653
38 41 482
38 42 474
38 43 249
38 44 125
38 45 420
38 46 160
38 47 283
38 48 440
38 49 581
38 50 564
38 51 425
38 52 829
38 53 577
38 54 295
38 55 483
38 56 317
38 57 370
38 58 174
38 59 145
38 60 358
38 61 522
38 62 394
38 63 320
38 64 288
38 65 611
38 66 504
38 67 104
38 68 768
38 69 640
38 70 453
38 71 520
38 72 276
38 73 679
38 74 411
38 75 229
38 76 270
38 77 200
38 78 432
38 79 596
38 80 80
38 81 430
38 82 189
38 83 393
38 84 468
38 85 54
38 86 424
38 87 483
38 88 495
38 89 653
38 90 313
38 91 311
38 92 457
38 93 730
38 94 610
38 95 324
38 96 607
38 97 79
38 98 418
38 99 256
38 100 239
39 1 335
39 2 474
39 3 678
39 4 167
39 5 381
39 6 290
39 7 185
39 8 476
39 9 489
39 10 479
39 11 334
39 12 503
39 13 724
39 14 321
39 15 506
39 16 832
39 17 260
39 18 367
39 19 208
39 20 444
39 21 565
39 22 248
39 23 529
39 24 250
39 25 216
39 26 430
39 27 345
39 28 546
39 29 259
39 30 475
39 31 275
39 32 240
39 33 620
39 34 525
39 35 318
39 36 750
39 37 591
39 38 121
39 40 774
39 41 480
39 42 584
39 43 193
39 44 5
39 45 396
39 46 269
39 47 229
39 48 475
39 49 686
39 50 681
39 51 309
39 52 946
39 53 697
39 54 350
39 55 587
39 56 413
39 57 315
39 58 288
39 59 170
39 60 478
39 61 628
39 62 400
39 63 439
39 64 202
39 65 715
39 66 522
39 67 215
39 68 833
39 69 759
39 70 527
39 71 584
39 72 362
39 73 757
39 74 531
39 75 230
39 76 276
39 77 99
39 78 511
39 79 711
39 80 80
39 81 319
39 82 307
39 83 482
39 84 375
39 85 170
39 86 545
39 87 584
39 88 607
39 89 772
39 90 212
39 91 395
39 92 568
39 93 843
39 94 728
39 95 329
39 96 718
39 97 191
39 98 302
39 99 208
39 100 342
40 1 494
40 2 751
40 3 212
40 4 729
40 5 530
40 6 971
40 7 958
40 8 803
40 9 801
40 10 390
40 11 554
40 12 625
40 13 309
40 14 561
40 15 909
40 16 66
40 17 768
40 18 888
40 19 674
40 20 380
40 21 673
40 22 531
40 23 336
40 24 669
40 25 795
40 26 349
40 27 819
40 28 742
40 29 535
40 30 540
40 31 559
40 32 750
40 33 217
40 34 542
40 35 460
40 36 642
40 37 640
40 38 653
40 39 774
40 41 864
40 42 313
40 43 836
40 44 778
40 45 885
40 46 525
40 47 858
40 48 723
40 49 361
40 50 188
40 51 1071
40 52 246
40 53 86
40 54 632
40 55 364
40 56 477
40 57 920
40 58 500
40 59 696
40 60 303
40 61 330
40 62 801
40 63 345
40 64 904
40 65 368
40 66 814
40 67 571
40 68 731
40 69 58
40 70 558
40 71 623
40 72 531
40 73 607
40 74 243
40 75 744
40 76 750
40 77 842
40 78 537
40 79 205
40 80 716
40 81 1069
40 82 473
40 83 485
40 84 1075
40 85 606
40 86 230
40 87 390
40 88 285
40 89 122
40 90 945
40 91 528
40 92 302
40 93 252
40 94 172
40 95 773
40 96 276
40 97 590
40 98 1066
40 99 833
40 100 485
41 1 669
41 2 119
41 3 888
41 4 631
41 5 754
41 6 747
41 7 529
41 8 66
41 9 73
41 10 476
41 11 339
41 12 915
41 13 979
41 14 339
41 15 46
41 16 928
41 17 732
41 18 144
41 19 316
41 20 719
41 21 986
41 22 478
41 23 528
41 24 282
41 25 694
41 26 575
41 27 136
41 28 172
41 29 590
41 30 328
41 31 379
41 32 708
41 33 824
41 34 903
41 35 510
41 36 1134
41 37 295
41 38 482
41 39 480
41 40 864
41 42 558
41 43 305
41 44 479
41 45 109
41 46 442
41 47 707
41 48 148
41 49 969
41 50 876
41 51 672
41 52 918
41 53 822
41 54 774
41 55 516
41 56 757
41 57 791
41 58 466
41 59 621
41 60 675
41 61 562
41 62 869
41 63 564
41 64 355
41 65 998
41 66 984
41 67 557
41 68 1230
41 69 820
41 70 327
41 71 304
41 72 351
41 73 1128
41 74 671
41 75 257
41 76 743
41 77 420
41 78 888
41 79 916
41 80 425
41 81 705
41 82 581
41 83 381
41 84 804
41 85 469
41 86 692
41 87 494
41 88 588
41 89 927
41 90 650
41 91 343
41 92 564
41 93 786
41 94 914
41 95 798
41 96 958
41 97 453
41 98 658
41 99 688
41 100 421
42 1 432
42 2 442
42 3 404
42 4 606
42 5 511
42 6 841
42 7 757
42 8 495
42 9 492
42 10 109
42 11 283
42 12 664
42 13 515
42 14 295
42 15 603
42 16 376
42 17 680
42 18 600
42 19 425
42 20 374
42 21 732
42 22 346
42 23 55
42 24 406
42 25 685
42 26 207
42 27 531
42 28 430
42 29 419
42 30 231
42 31 318
42 32 656
42 33 353
42 34 603
42 35 287
42 36 787
42 37 330
42 38 474
42 39 584
42 40 313
42 41 558
42 43 586
42 44 587
42 45 591
42 46 316
42 47 739
42 48 413
42 49 535
42 50 383
42 51 892
42 52 383
42 53 291
42 54 597
42 55 57
42 56 473
42 57 819
42 58 301
42 59 574
42 60 271
42 61 57
42 62 764
42 63 187
42 64 661
42 65 557
42 66 825
42 67 433
42 68 887
42 69 265
42 70 245
42 71 313
42 72 255
42 73 763
42 74 207
42 75 481
42 76 672
42 77 624
42 78 591
42 79 422
42 80 510
42 81 902
42 82 354
42 83 178
42 84 940
42 85 421
42 86 223
42 87 82
42 88 31
42 89 399
42 90 786
42 91 239
42 92 27
42 93 265
42 94 407
42 95 713
42 96 485
42 97 396
42 98 884
42 99 712
42 100 244
43 1 478
43 2 330
43 3 786
43 4 358
43 5 543
43 6 443
43 7 233
43 8 317
43 9 331
43 10 478
43 11 303
43 12 683
43 13 851
43 14 292
43 15 323
43 16 899
43 17 452
43 18 178
43 19 164
43 20 567
43 21 748
43 22 323
43 23 537
43 24 181
43 25 406
43 26 492
43 27 172
43 28 408
43 29 393
43 30 410
43 31 279
43 32 432
43 33 723
43 34 694
43 35 387
43 36 924
43 37 485
43 38 249
43 39 193
43 40 836
43 41 305
43 42 586
43 44 191
43 45 209
43 46 315
43 47 410
43 48 341
43 49 823
43 50 782
43 51 382
43 52 968
43 53 770
43 54 532
43 55 571
43 56 565
43 57 491
43 58 342
43 59 356
43 60 569
43 61 617
43 62 592
43 63 492
43 64 78
43 65 852
43 66 714
43 67 350
43 68 1012
43 69 809
43 70 450
43 71 483
43 72 332
43 73 927
43 74 600
43 75 110
43 76 468
43 77 117
43 78 679
43 79 818
43 80 170
43 81 410
43 82 418
43 83 438
43 84 503
43 85 267
43 86 619
43 87 559
43 88 614
43 89 861
43 90 346
43 91 354
43 92 578
43 93 849
43 94 827
43 95 521
43 96 839
43 97 269
43 98 369
43 99 393
43 100 355
44 1 339
44 2 474
44 3 683
44 4 169
44 5 385
44 6 289
44 7 181
44 8 476
44 9 489
44 10 482
44 11 337
44 12 506
44 13 728
44 14 324
44 15 505
44 16 836
44 17 262
44 18 365
44 19 210
44 20 449
44 21 568
44 22 252
44 23 533
44 24 252
44 25 217
44 26 434
44 27 345
44 28 547
44 29 263
44 30 477
44 31 277
44 32 242
44 33 624
44 34 529
44 35 322
44 36 754
44 37 592
44 38 125
44 39 5
44 40 778
44 41 479
44 42 587
44 43 191
44 45 395
44 46 273
44 47 229
44 48 476
44 49 690
44 50 685
44 51 306
44 52 950
44 53 701
44 54 354
44 55 590
44 56 417
44 57 315
44 58 291
44 59 173
44 60 482
44 61 632
44 62 402
44 63 443
44 64 199
44 65 719
44 66 524
44 67 219
44 68 836
44 69 763
44 70 529
44 71 585
44 72 365
44 73 760
44 74 535
44 75 230
44 76 278
44 77 95
44 78 515
44 79 715
44 80 82
44 81 316
44 82 311
44 83 484
44 84 373
44 85 174
44 86 549
44 87 587
44 88 610
44 89 776
44 90 209
44 91 397
44 92 572
44 93 847
44 94 732
44 95 331
44 96 722
44 97 195
44 98 298
44 99 209
44 100 345
45 1 628
45 2 192
45 3 883
45 4 555
45 5 706
45 6 649
45 7 424
45 8 151
45 9 164
45 10 497
45 11 336
45 12 860
45 13 966
45 14 331
45 15 116
45 16 950
45 17 653
45 18 36
45 19 267
45 20 693
45 21 929
45 22 443
45 23 554
45 24 244
45 25 611
45 26 570
45 27 71
45 28 263
45 29 545
45 30 369
45 31 356
45 32 632
45 33 819
45 34 858
45 35 488
45 36 1090
45 37 375
45 38 420
45 39 396
45 40 885
45 41 109
45 42 591
45 43 209
45 44 395
45 46 415
45 47 618
45 48 217
45 49 949
45 50 874
45 51 566
45 52 966
45 53 834
45 54 714
45 55 558
45 56 716
45 57 699
45 58 442
45 59 549
45 60 665
45 61 605
45 62 793
45 63 563
45 64 250
45 65 978
45 66 912
45 67 507
45 68 1183
45 69 847
45 70 384
45 71 381
45 72 356
45 73 1088
45 74 673
45 75 193
45 76 668
45 77 325
45 78 843
45 79 913
45 80 353
45 81 599
45 82 548
45 83 417
45 84 702
45 85 417
45 86 694
45 87 539
45 88 622
45 89 936
45 90 551
45 91 358
45 92 593
45 93 837
45 94 915
45 95 721
45 96 948
45 97 407
45 98 552
45 99 601
45 100 414
46 1 234
46 2 370
46 3 477
46 4 308
46 5 323
46 6 531
46 7 447
46 8 402
46 9 409
46 10 213
46 11 125
46 12 491
46 13 553
46 14 118
46 15 484
46 16 587
46 17 397
46 18 405
46 19 159
46 20 280
46 21 564
46 22 47
46 23 261
46 24 171
46 25 389
46 26 178
46 27 344
46 28 415
46 29 166
46 30 258
46 31 64
46 32 371
46 33 413
46 34 467
46 35 75
46 36 696
46 37 404
46 38 160
46 39 269
46 40 525
46 41 442
46 42 316
46 43 315
46 44 273
46 45 415
46 47 436
46 48 354
46 49 535
46 50 472
46 51 578
46 52 680
46 53 457
46 54 369
46 55 324
46 56 318
46 57 521
46 58 29
46 59 280
46 60 258
46 61 362
46 62 509
46 63 181
46 64 380
46 65 564
46 66 601
46 67 152
46 68 793
46 69 503
46 70 316
46 71 391
46 72 138
46 73 688
46 74 287
46 75 236
46 76 396
46 77 321
46 78 452
46 79 508
46 80 199
46 81 586
46 82 141
46 83 243
46 84 628
46 85 107
46 86 305
46 87 324
46 88 338
46 89 547
46 90 472
46 91 172
46 92 299
46 93 575
46 94 516
46 95 446
46 96 537
46 97 81
46 98 570
46 99 409
46 100 81
47 1 365
47 2 701
47 3 712
47 4 135
47 5 354
47 6 114
47 7 261
47 8 705
47 9 718
47 10 645
47 11 534
47 12 398
47 13 722
47 14 522
47 15 731
47 16 907
47 17 110
47 18 587
47 19 429
47 20 483
47 21 438
47 22 397
47 23 686
47 24 472
47 25 64
47 26 549
47 27 572
47 28 772
47 29 332
47 30 678
47 31 466
47 32 116
47 33 666
47 34 454
47 35 453
47 36 643
47 37 807
47 38 283
47 39 229
47 40 858
47 41 707
47 42 739
47 43 410
47 44 229
47 45 618
47 46 436
47 48 701
47 49 669
47 50 722
47 51 268
47 52 1065
47 53 773
47 54 270
47 55 756
47 56 405
47 57 89
47 58 443
47 59 167
47 60 557
47 61 791
47 62 215
47 63 565
47 64 392
47 65 694
47 66 340
47 67 308
47 68 708
47 69 858
47 70 734
47 71 798
47 72 558
47 73 662
47 74 629
47 75 458
47 76 135
47 77 296
47 78 444
47 79 742
47 80 297
47 81 246
47 82 398
47 83 674
47 84 218
47 85 331
47 86 636
47 87 759
47 88 756
47 89 823
47 90 137
47 91 593
47 92 719
47 93 981
47 94 767
47 95 160
47 96 726
47 97 358
47 98 272
47 99 28
47 100 517
48 1 588
48 2 30
48 3 763
48 4 602
48 5 677
48 6 762
48 7 572
48 8 83
48 9 80
48 10 340
48 11 234
48 12 844
48 13 861
48 14 238
48 15 192
48 16 787
48 17 703
48 18 241
48 19 275
48 20 617
48 21 917
48 22 397
48 23 388
48 24 232
48 25 675
48 26 457
48 27 188
48 28 72
48 29 517
48 30 184
48 31 292
48 32 678
48 33 701
48 34 820
48 35 412
48 36 1046
48 37 160
48 38 440
48 39 475
48 40 723
48 41 148
48 42 413
48 43 341
48 44 476
48 45 217
48 46 354
48 47 701
48 49 857
48 50 750
48 51 722
48 52 770
48 53 686
48 54 715
48 55 370
48 56 670
48 57 788
48 58 374
48 59 585
48 60 559
48 61 415
48 62 834
48 63 443
48 64 410
48 65 885
48 66 939
48 67 492
48 68 1145
48 69 677
48 70 179
48 71 165
48 72 236
48 73 1036
48 74 543
48 75 250
48 76 710
48 77 443
48 78 805
48 79 790
48 80 405
48 81 748
48 82 493
48 83 238
48 84 834
48 85 412
48 86 565
48 87 347
48 88 443
48 89 793
48 90 672
48 91 218
48 92 422
48 93 638
48 94 785
48 95 764
48 96 837
48 97 390
48 98 709
48 99 678
48 100 312
49 1 352
49 2 880
49 3 152
49 4 569
49 5 319
49 6 779
49 7 855
49 8 921
49 9 926
49 10 542
49 11 631
49 12 321
49 13 65
49 14 631
49 15 1013
49 16 366
49 17 561
49 18 938
49 19 688
49 20 258
49 21 346
49 22 509
49 23 519
49 24 705
49 25 608
49 26 402
49 27 879
49 28 903
49 29 433
49 30 697
49 31 595
49 32 553
49 33 184
49 34 237
49 35 462
49 36 282
49 37 837
49 38 581
49 39 686
49 40 361
49 41 969
49 42 535
49 43 823
49 44 690
49 45 949
49 46 535
49 47 669
49 48 857
49 50 177
49 51 925
49 52 604
49 53 297
49 54 401
49 55 590
49 56 276
49 57 703
49 58 508
49 59 544
49 60 300
49 61 581
49 62 536
49 63 418
49 64 869
49 65 30
49 66 507
49 67 478
49 68 374
49 69 404
49 70 739
49 71 820
49 72 623
49 73 248
49 74 334
49 75 766
49 76 537
49 77 778
49 78 240
49 79 157
49 80 661
49 81 910
49 82 407
49 83 648
49 84 878
49 85 556
49 86 315
49 87 613
49 88 521
49 89 252
49 90 789
49 91 640
49 92 510
49 93 602
49 94 191
49 95 537
49 96 90
49 97 556
49 98 926
49 99 650
49 100 549
50 1 362
50 2 775
50 3 26
50 4 602
50 5 375
50 6 836
50 7 862
50 8 822
50 9 824
50 10 415
50 11 541
50 12 445
50 13 137
50 14 544
50 15 921
50 16 208
50 17 623
50 18 870
50 19 630
50 20 243
50 21 489
50 22 461
50 23 379
50 24 637
50 25 659
50 26 305
50 27 804
50 28 785
50 29 425
50 30 575
50 31 522
50 32 608
50 33 61
50 34 360
50 35 398
50 36 458
50 37 704
50 38 564
50 39 681
50 40 188
50 41 876
50 42 383
50 43 782
50 44 685
50 45 874
50 46 472
50 47 722
50 48 750
50 49 177
50 51 957
50 52 434
50 53 121
50 54 474
50 55 440
50 56 321
50 57 774
50 58 444
50 59 572
50 60 215
50 61 423
50 62 635
50 63 313
50 64 841
50 65 190
50 66 636
50 67 467
50 68 550
50 69 228
50 70 610
50 71 687
50 72 526
50 73 424
50 74 207
50 75 707
50 76 602
50 77 762
50 78 356
50 79 41
50 80 637
50 81 950
50 82 375
50 83 522
50 84 939
50 85 525
50 86 185
50 87 464
50 88 365
50 89 104
50 90 825
50 91 535
50 92 361
50 93 426
50 94 47
50 95 617
50 96 105
50 97 517
50 98 955
50 99 699
50 100 460
51 1 596
51 2 711
51 3 950
51 4 359
51 5 607
51 6 186
51 7 150
51 8 694
51 9 709
51 10 786
51 11 633
51 12 665
51 13 975
51 14 620
51 15 680
51 16 1126
51 17 375
51 18 531
51 19 493
51 20 715
51 21 703
51 22 554
51 23 838
51 24 530
51 25 322
51 26 734
51 27 548
51 28 789
51 29 538
51 30 766
51 31 580
51 32 377
51 33 898
51 34 719
51 35 623
51 36 910
51 37 861
51 38 425
51 39 309
51 40 1071
51 41 672
51 42 892
51 43 382
51 44 306
51 45 566
51 46 578
51 47 268
51 48 722
51 49 925
51 50 957
51 52 1253
51 53 990
51 54 532
51 55 894
51 56 654
51 57 281
51 58 596
51 59 387
51 60 769
51 61 936
51 62 471
51 63 744
51 64 319
51 65 952
51 66 588
51 67 500
51 68 970
51 69 1061
51 70 814
51 71 858
51 72 662
51 73 929
51 74 830
51 75 479
51 76 401
51 77 287
51 78 709
51 79 983
51 80 384
51 81 42
51 82 598
51 83 781
51 84 163
51 85 477
51 86 842
51 87 889
51 88 915
51 89 1055
51 90 137
51 91 693
51 92 877
51 93 1152
51 94 1004
51 95 425
51 96 976
51 97 499
51 98 15
51 99 280
51 100 650
52 1 710
52 2 799
52 3 458
52 4 932
52 5 760
52 6 1175
52 7 1126
52 8 853
52 9 848
52 10 490
52 11 666
52 12 867
52 13 548
52 14 677
52 15 961
52 16 243
52 17 985
52 18 978
52 19 805
52 20 605
52 21 918
52 22 699
52 23 432
52 24 788
52 25 1005
52 26 522
52 27 909
52 28 767
52 29 734
52 30 598
52 31 695
52 32 964
52 33 460
52 34 786
52 35 630
52 36 884
52 37 645
52 38 829
52 39 946
52 40 246
52 41 918
52 42 383
52 43 968
52 44 950
52 45 966
52 46 680
52 47 1065
52 48 770
52 49 604
52 50 434
52 51 1253
52 53 325
52 54 861
52 55 409
52 56 708
52 57 1135
52 58 659
52 59 899
52 60 513
52 61 362
52 62 1032
52 63 510
52 64 1042
52 65 609
52 66 1055
52 67 763
52 68 970
52 69 218
52 70 592
52 71 631
52 72 638
52 73 848
52 74 438
52 75 864
52 76 969
52 77 998
52 78 780
52 79 448
52 80 878
52 81 1257
52 82 668
52 83 551
52 84 1278
52 85 777
52 86 433
52 87 428
52 88 355
52 89 355
52 90 1136
52 91 621
52 92 390
52 93 134
52 94 413
52 95 998
52 96 517
52 97 756
52 98 1247
52 99 1039
52 100 618
53 1 409
53 2 714
53 3 146
53 4 645
53 5 445
53 6 887
53 7 881
53 8 763
53 9 764
53 10 348
53 11 500
53 12 543
53 13 255
53 14 506
53 15 868
53 16 136
53 17 683
53 18 835
53 19 610
53 20 294
53 21 593
53 22 458
53 23 301
53 24 609
53 25 711
53 26 279
53 27 767
53 28 713
53 29 453
53 30 505
53 31 497
53 32 665
53 33 135
53 34 461
53 35 388
53 36 577
53 37 620
53 38 577
53 39 697
53 40 86
53 41 822
53 42 291
53 43 770
53 44 701
53 45 834
53 46 457
53 47 773
53 48 686
53 49 297
53 50 121
53 51 990
53 52 325
53 54 547
53 55 347
53 56 392
53 57 835
53 58 430
53 59 613
53 60 222
53 61 322
53 62 715
53 63 279
53 64 836
53 65 310
53 66 731
53 67 490
53 68 670
53 69 111
53 70 532
53 71 603
53 72 479
53 73 544
53 74 171
53 75 683
53 76 665
53 77 768
53 78 455
53 79 149
53 80 642
53 81 987
53 82 393
53 83 451
53 84 991
53 85 531
53 86 154
53 87 372
53 88 268
53 89 108
53 90 863
53 91 481
53 92 274
53 93 306
53 94 124
53 95 688
53 96 222
53 97 517
53 98 986
53 99 748
53 100 425
54 1 166
54 2 726
54 3 460
54 4 194
54 5 103
54 6 378
54 7 486
54 8 749
54 9 759
54 10 529
54 11 494
54 12 153
54 13 457
54 14 485
54 15 810
54 16 673
54 17 161
54 18 691
54 19 459
54 20 256
54 21 217
54 22 323
54 23 550
54 24 495
54 25 211
54 26 390
54 27 650
54 28 780
54 29 204
54 30 623
54 31 427
54 32 156
54 33 424
54 34 189
54 35 339
54 36 402
54 37 772
54 38 295
54 39 350
54 40 632
54 41 774
54 42 597
54 43 532
54 44 354
54 45 714
54 46 369
54 47 270
54 48 715
54 49 401
54 50 474
54 51 532
54 52 861
54 53 547
54 55 632
54 56 156
54 57 305
54 58 358
54 59 181
54 60 354
54 61 653
54 62 172
54 63 411
54 64 552
54 65 426
54 66 234
54 67 223
54 68 483
54 69 645
54 70 680
54 71 759
54 72 506
54 73 412
54 74 433
54 75 523
54 76 136
54 77 448
54 78 177
54 79 489
54 80 365
54 81 514
54 82 253
54 83 598
54 84 478
54 85 307
54 86 433
54 87 643
54 88 605
54 89 578
54 90 397
54 91 538
54 92 572
54 93 800
54 94 517
54 95 143
54 96 464
54 97 326
54 98 534
54 99 253
54 100 437
55 1 467
55 2 399
55 3 460
55 4 624
55 5 549
55 6 854
55 7 754
55 8 452
55 9 449
55 10 112
55 11 269
55 12 707
55 13 572
55 14 282
55 15 560
55 16 426
55 17 704
55 18 569
55 19 414
55 20 419
55 21 776
55 22 360
55 23 83
55 24 390
55 25 705
55 26 245
55 27 500
55 28 380
55 29 445
55 30 190
55 31 315
55 32 679
55 33 409
55 34 650
55 35 308
55 36 839
55 37 276
55 38 483
55 39 587
55 40 364
55 41 516
55 42 57
55 43 571
55 44 590
55 45 558
55 46 324
55 47 756
55 48 370
55 49 590
55 50 440
55 51 894
55 52 409
55 53 347
55 54 632
55 56 515
55 57 839
55 58 314
55 59 594
55 60 319
55 61 48
55 62 795
55 63 223
55 64 647
55 65 613
55 66 862
55 67 454
55 68 939
55 69 314
55 70 196
55 71 259
55 72 240
55 73 816
55 74 259
55 75 463
55 76 697
55 77 619
55 78 637
55 79 479
55 80 511
55 81 906
55 82 383
55 83 142
55 84 951
55 85 431
55 86 277
55 87 26
55 88 81
55 89 454
55 90 794
55 91 217
55 92 80
55 93 283
55 94 463
55 95 741
55 96 541
55 97 405
55 98 885
55 99 729
55 100 246
56 1 89
56 2 687
56 3 309
56 4 296
56 5 54
56 6 518
56 7 580
56 8 720
56 9 727
56 10 423
56 11 438
56 12 193
56 13 322
56 14 432
56 15 797
56 16 517
56 17 303
56 18 700
56 19 450
56 20 106
56 21 264
56 22 279
56 23 432
56 24 477
56 25 342
56 26 271
56 27 648
56 28 728
56 29 174
56 30 546
56 31 382
56 32 290
56 33 269
56 34 151
56 35 261
56 36 379
56 37 696
56 38 317
56 39 413
56 40 477
56 41 757
56 42 473
56 43 565
56 44 417
56 45 716
56 46 318
56 47 405
56 48 670
56 49 276
56 50 321
56 51 654
56 52 708
56 53 392
56 54 156
56 55 515
56 57 454
56 58 297
56 59 269
56 60 211
56 61 529
56 62 325
56 63 293
56 64 604
56 65 304
56 66 357
56 67 216
56 68 476
56 69 492
56 70 599
56 71 681
56 72 441
56 73 372
56 74 289
56 75 525
56 76 282
56 77 508
56 78 135
56 79 339
56 80 397
56 81 641
56 82 178
56 83 510
56 84 621
56 85 303
56 86 285
56 87 529
56 88 476
56 89 424
56 90 518
56 91 468
56 92 447
56 93 654
56 94 365
56 95 298
56 96 323
56 97 310
56 98 653
56 99 384
56 100 365
57 1 427
57 2 788
57 3 761
57 4 215
57 5 400
57 6 96
57 7 317
57 8 791
57 9 804
57 10 727
57 11 621
57 12 408
57 13 760
57 14 609
57 15 813
57 16 966
57 17 153
57 18 667
57 19 517
57 20 541
57 21 435
57 22 480
57 23 766
57 24 560
57 25 135
57 26 625
57 27 656
57 28 859
57 29 406
57 30 765
57 31 553
57 32 172
57 33 720
57 34 476
57 35 533
57 36 642
57 37 895
57 38 370
57 39 315
57 40 920
57 41 791
57 42 819
57 43 491
57 44 315
57 45 699
57 46 521
57 47 89
57 48 788
57 49 703
57 50 774
57 51 281
57 52 1135
57 53 835
57 54 305
57 55 839
57 56 454
57 58 526
57 59 246
57 60 623
57 61 872
57 62 196
57 63 641
57 64 466
57 65 726
57 66 308
57 67 387
57 68 695
57 69 924
57 70 821
57 71 886
57 72 645
57 73 665
57 74 698
57 75 545
57 76 172
57 77 375
57 78 469
57 79 791
57 80 385
57 81 248
57 82 472
57 83 761
57 84 178
57 85 417
57 86 703
57 87 842
57 88 835
57 89 877
57 90 176
57 91 680
57 92 798
57 93 1056
57 94 818
57 95 168
57 96 768
57 97 444
57 98 289
57 99 114
57 100 601
58 1 215
58 2 391
58 3 449
58 4 312
58 5 306
58 6 542
58 7 468
58 8 425
58 9 432
58 10 202
58 11 142
58 12 475
58 13 526
58 14 136
58 15 509
58 16 561
58 17 397
58 18 432
58 19 187
58 20 254
58 21 548
58 22 46
58 23 247
58 24 198
58 25 393
58 26 152
58 27 371
58 28 433
58 29 154
58 30 266
58 31 88
58 32 372
58 33 385
58 34 447
58 35 47
58 36 674
58 37 414
58 38 174
58 39 288
58 40 500
58 41 466
58 42 301
58 43 342
58 44 291
58 45 442
58 46 29
58 47 443
58 48 374
58 49 508
58 50 444
58 51 596
58 52 659
58 53 430
58 54 358
58 55 314
58 56 297
58 57 526
58 59 283
58 60 230
58 61 350
58 62 504
58 63 156
58 64 406
58 65 537
58 66 591
58 67 148
58 68 772
58 69 479
58 70 323
58 71 401
58 72 149
58 73 665
58 74 260
58 75 264
58 76 394
58 77 344
58 78 432
58 79 480
58 80 220
58 81 603
58 82 120
58 83 245
58 84 640
58 85 121
58 86 277
58 87 316
58 88 322
58 89 519
58 90 486
58 91 181
58 92 283
58 93 557
58 94 488
58 95 443
58 96 509
58 97 97
58 98 589
58 99 416
58 100 81
59 1 210
59 2 591
59 3 564
59 4 33
59 5 227
59 6 277
59 7 314
59 8 605
59 9 616
59 10 483
59 11 390
59 12 334
59 13 591
59 14 378
59 15 652
59 16 748
59 17 121
59 18 523
59 19 313
59 20 329
59 21 395
59 22 237
59 23 521
59 24 354
59 25 112
59 26 382
59 27 490
59 28 654
59 29 165
59 30 533
59 31 320
59 32 95
59 33 513
59 34 362
59 35 288
59 36 582
59 37 670
59 38 145
59 39 170
59 40 696
59 41 621
59 42 574
59 43 356
59 44 173
59 45 549
59 46 280
59 47 167
59 48 585
59 49 544
59 50 572
59 51 387
59 52 899
59 53 613
59 54 181
59 55 594
59 56 269
59 57 246
59 58 283
59 60 394
59 61 626
59 62 251
59 63 398
59 64 371
59 65 572
59 66 364
59 67 142
59 68 664
59 69 694
59 70 590
59 71 660
59 72 411
59 73 591
59 74 463
59 75 365
59 76 126
59 77 268
59 78 348
59 79 596
59 80 197
59 81 379
59 82 232
59 83 522
59 84 380
59 85 182
59 86 471
59 87 598
59 88 590
59 89 671
59 90 254
59 91 446
59 92 553
59 93 814
59 94 618
59 95 180
59 96 590
59 97 209
59 98 386
59 99 141
59 100 360
60 1 198
60 2 582
60 3 220
60 4 427
60 5 256
60 6 669
60 7 662
60 8 625
60 9 629
60 10 249
60 11 337
60 12 397
60 13 305
60 14 338
60 15 720
60 16 357
60 17 473
60 18 659
60 19 416
60 20 106
60 21 462
60 22 248
60 23 239
60 24 425
60 25 495
60 26 103
60 27 595
60 28 604
60 29 232
60 30 399
60 31 310
60 32 452
60 33 156
60 34 333
60 35 184
60 36 523
60 37 543
60 38 358
60 39 478
60 40 303
60 41 675
60 42 271
60 43 569
60 44 482
60 45 665
60 46 258
60 47 557
60 48 559
60 49 300
60 50 215
60 51 769
60 52 513
60 53 222
60 54 354
60 55 319
60 56 211
60 57 623
60 58 230
60 59 394
60 61 326
60 62 526
60 63 119
60 64 628
60 65 327
60 66 567
60 67 269
60 68 624
60 69 302
60 70 444
60 71 526
60 72 326
60 73 503
60 74 80
60 75 493
60 76 457
60 77 554
60 78 321
60 79 251
60 80 428
60 81 767
60 82 172
60 83 352
60 84 773
60 85 316
60 86 80
60 87 338
60 88 270
60 89 296
60 90 642
60 91 342
60 92 245
60 93 446
60 94 259
60 95 487
60 96 284
60 97 305
60 98 765
60 99 532
60 100 254
61 1 487
61 2 444
61 3 445
61 4 658
61 5 567
61 6 891
61 7 798
61 8 497
61 9 493
61 10 150
61 11 315
61 12 720
61 13 557
61 14 328
61 15 606
61 16 390
61 17 734
61 18 617
61 19 460
61 20 429
61 21 787
61 22 395
61 23 106
61 24 436
61 25 738
61 26 263
61 27 548
61 28 422
61 29 473
61 30 237
61 31 358
61 32 709
61 33 398
61 34 658
61 35 339
61 36 838
61 37 312
61 38 522
61 39 628
61 40 330
61 41 562
61 42 57
61 43 617
61 44 632
61 45 605
61 46 362
61 47 791
61 48 415
61 49 581
61 50 423
61 51 936
61 52 362
61 53 322
61 54 653
61 55 48
61 56 529
61 57 872
61 58 350
61 59 626
61 60 326
61 62 820
61 63 243
61 64 693
61 65 602
61 66 881
61 67 486
61 68 938
61 69 277
61 70 239
61 71 295
61 72 286
61 73 813
61 74 258
61 75 510
61 76 726
61 77 663
61 78 646
61 79 460
61 80 553
61 81 947
61 82 409
61 83 190
61 84 989
61 85 469
61 86 273
61 87 68
61 88 60
61 89 427
61 90 833
61 91 264
61 92 83
61 93 235
61 94 442
61 95 768
61 96 526
61 97 443
61 98 927
61 99 763
61 100 287
62 1 335
62 2 840
62 3 619
62 4 239
62 5 273
62 6 289
62 7 475
62 8 855
62 9 866
62 10 689
62 11 629
62 12 223
62 13 598
62 14 619
62 15 899
62 16 838
62 17 140
62 18 765
62 19 563
62 20 428
62 21 241
62 22 463
62 23 715
62 24 604
62 25 190
62 26 558
62 27 737
62 28 902
62 29 354
62 30 767
62 31 559
62 32 162
62 33 588
62 34 301
62 35 494
62 36 447
62 37 911
62 38 394
62 39 400
62 40 801
62 41 869
62 42 764
62 43 592
62 44 402
62 45 793
62 46 509
62 47 215
62 48 834
62 49 536
62 50 635
62 51 471
62 52 1032
62 53 715
62 54 172
62 55 795
62 56 325
62 57 196
62 58 504
62 59 251
62 60 526
62 61 820
62 63 578
62 64 589
62 65 556
62 66 127
62 67 358
62 68 501
62 69 816
62 70 825
62 71 899
62 72 646
62 73 471
62 74 605
62 75 613
62 76 126
62 77 487
62 78 297
62 79 645
62 80 444
62 81 441
62 82 413
62 83 749
62 84 370
62 85 425
62 86 605
62 87 804
62 88 774
62 89 738
62 90 349
62 91 680
62 92 740
62 93 972
62 94 676
62 95 72
62 96 610
62 97 450
62 98 477
62 99 217
62 100 585
63 1 245
63 2 466
63 3 324
63 4 430
63 5 326
63 6 672
63 7 621
63 8 511
63 9 514
63 10 135
63 11 228
63 12 486
63 13 419
63 14 232
63 15 609
63 16 408
63 17 498
63 18 560
63 19 331
63 20 202
63 21 555
63 22 191
63 23 141
63 24 331
63 25 508
63 26 22
63 27 494
63 28 486
63 29 237
63 30 281
63 31 218
63 32 474
63 33 261
63 34 433
63 35 121
63 36 636
63 37 425
63 38 320
63 39 439
63 40 345
63 41 564
63 42 187
63 43 492
63 44 443
63 45 563
63 46 181
63 47 565
63 48 443
63 49 418
63 50 313
63 51 744
63 52 510
63 53 279
63 54 411
63 55 223
63 56 293
63 57 641
63 58 156
63 59 398
63 60 119
63 61 243
63 62 578
63 64 559
63 65 444
63 66 640
63 67 258
63 68 737
63 69 323
63 70 327
63 71 409
63 72 214
63 73 618
63 74 112
63 75 404
63 76 488
63 77 499
63 78 419
63 79 353
63 80 375
63 81 748
63 82 171
63 83 234
63 84 773
63 85 269
63 86 132
63 87 237
63 88 197
63 89 376
63 90 627
63 91 225
63 92 162
63 93 417
63 94 353
63 95 528
63 96 396
63 97 250
63 98 738
63 99 538
63 100 149
64 1 520
64 2 397
64 3 842
64 4 366
64 5 576
64 6 406
64 7 175
64 8 377
64 9 391
64 10 553
64 11 379
64 12 704
64 13 902
64 14 367
64 15 365
64 16 966
64 17 451
64 18 215
64 19 237
64 20 618
64 21 766
64 22 381
64 23 611
64 24 258
64 25 400
64 26 557
64 27 230
64 28 475
64 29 437
64 30 487
64 31 349
64 32 434
64 33 781
64 34 724
64 35 449
64 36 951
64 37 558
64 38 288
64 39 202
64 40 904
64 41 355
64 42 661
64 43 78
64 44 199
64 45 250
64 46 380
64 47 392
64 48 410
64 49 869
64 50 841
64 51 319
64 52 1042
64 53 836
64 54 552
64 55 647
64 56 604
64 57 466
64 58 406
64 59 371
64 60 628
64 61 693
64 62 589
64 63 559
64 65 899
64 66 714
64 67 392
64 68 1034
64 69 879
64 70 526
64 71 557
64 72 408
64 73 956
64 74 665
64 75 187
64 76 471
64 77 105
64 78 709
64 79 875
64 80 209
64 81 351
64 82 470
64 83 515
64 84 453
64 85 318
64 86 683
64 87 636
64 88 688
64 89 923
64 90 306
64 91 431
64 92 652
64 93 925
64 94 886
64 95 520
64 96 892
64 97 325
64 98 305
64 99 380
64 100 426
65 1 381
65 2 908
65 3 165
65 4 597
65 5 346
65 6 803
65 7 883
65 8 950
65 9 954
65 10 567
65 11 660
65 12 338
65 13 61
65 14 660
65 15 1042
65 16 369
65 17 586
65 18 968
65 19 718
65 20 287
65 21 358
65 22 539
65 23 543
65 24 735
65 25 633
65 26 429
65 27 908
65 28 930
65 29 462
65 30 723
65 31 624
65 32 579
65 33 204
65 34 256
65 35 491
65 36 276
65 37 863
65 38 611
65 39 715
65 40 368
65 41 998
65 42 557
65 43 852
65 44 719
65 45 978
65 46 564
65 47 694
65 48 885
65 49 30
65 50 190
65 51 952
65 52 609
65 53 310
65 54 426
65 55 613
65 56 304
65 57 726
65 58 537
65 59 572
65 60 327
65 61 602
65 62 556
65 63 444
65 64 899
65 66 522
65 67 507
65 68 363
65 69 415
65 70 765
65 71 846
65 72 651
65 73 240
65 74 358
65 75 796
65 76 562
65 77 807
65 78 261
65 79 164
65 80 690
65 81 937
65 82 437
65 83 674
65 84 902
65 85 585
65 86 339
65 87 636
65 88 543
65 89 255
65 90 816
65 91 668
65 92 533
65 93 614
65 94 197
65 95 560
65 96 93
65 97 586
65 98 953
65 99 676
65 100 578
66 1 396
66 2 948
66 3 616
66 4 357
66 5 315
66 6 404
66 7 600
66 8 966
66 9 976
66 10 762
66 11 724
66 12 191
66 13 572
66 14 715
66 15 1016
66 16 843
66 17 264
66 18 885
66 19 673
66 20 463
66 21 168
66 22 554
66 23 780
66 24 712
66 25 316
66 26 619
66 27 854
66 28 1006
66 29 437
66 30 856
66 31 656
66 32 283
66 33 598
66 34 277
66 35 572
66 36 357
66 37 1004
66 38 504
66 39 522
66 40 814
66 41 984
66 42 825
66 43 714
66 44 524
66 45 912
66 46 601
66 47 340
66 48 939
66 49 507
66 50 636
66 51 588
66 52 1055
66 53 731
66 54 234
66 55 862
66 56 357
66 57 308
66 58 591
66 59 364
66 60 567
66 61 881
66 62 127
66 63 640
66 64 714
66 65 522
66 67 451
66 68 394
66 69 837
66 70 913
66 71 991
66 72 738
66 73 388
66 74 646
66 75 728
66 76 246
66 77 611
66 78 280
66 79 638
66 80 561
66 81 556
66 82 487
66 83 832
66 84 472
66 85 528
66 86 642
66 87 874
66 88 830
66 89 735
66 90 472
66 91 771
66 92 799
66 93 1009
66 94 671
66 95 194
66 96 591
66 97 550
66 98 596
66 99 343
66 100 671
67 1 129
67 2 504
67 3 464
67 4 174
67 5 200
67 6 414
67 7 396
67 8 528
67 9 537
67 10 343
67 11 273
67 12 358
67 13 513
67 14 264
67 15 595
67 16 626
67 17 251
67 18 488
67 19 243
67 20 231
67 21 430
67 22 105
67 23 380
67 24 276
67 25 253
67 26 243
67 27 440
67 28 557
67 29 46
67 30 409
67 31 205
67 32 226
67 33 407
67 34 352
67 35 147
67 36 585
67 37 554
67 38 104
67 39 215
67 40 571
67 41 557
67 42 433
67 43 350
67 44 219
67 45 507
67 46 152
67 47 308
67 48 492
67 49 478
67 50 467
67 51 500
67 52 763
67 53 490
67 54 223
67 55 454
67 56 216
67 57 387
67 58 148
67 59 142
67 60 269
67 61 486
67 62 358
67 63 258
67 64 392
67 65 507
67 66 451
67 68 677
67 69 563
67 70 467
67 71 542
67 72 289
67 73 583
67 74 331
67 75 314
67 76 247
67 77 302
67 78 337
67 79 497
67 80 184
67 81 499
67 82 98
67 83 392
67 84 517
67 85 90
67 86 342
67 87 459
67 88 449
67 89 560
67 90 376
67 91 323
67 92 412
67 93 674
67 94 514
67 95 296
67 96 505
67 97 105
67 98 496
67 99 281
67 100 228
68 1 561
68 2 1162
68 3 525
68 4 673
68 5 478
68 6 790
68 7 956
68 8 1195
68 9 1202
68 10 870
68 11 912
68 12 331
68 13 423
68 14 907
68 15 1270
68 16 729
68 17 608
68 18 1164
68 19 919
68 20 538
68 21 273
68 22 754
68 23 861
68 24 949
68 25 665
68 26 717
68 27 1116
68 28 1201
68 29 641
68 30 1010
68 31 857
68 32 616
68 33 550
68 34 327
68 35 734
68 36 102
68 37 1159
68 38 768
68 39 833
68 40 731
68 41 1230
68 42 887
68 43 1012
68 44 836
68 45 1183
68 46 793
68 47 708
68 48 1145
68 49 374
68 50 550
68 51 970
68 52 970
68 53 670
68 54 483
68 55 939
68 56 476
68 57 695
68 58 772
68 59 664
68 60 624
68 61 938
68 62 501
68 63 737
68 64 1034
68 65 363
68 66 394
68 67 677
68 69 777
68 70 1061
68 71 1143
68 72 913
68 73 127
68 74 681
68 75 991
68 76 583
68 77 931
68 78 343
68 79 527
68 80 843
68 81 942
68 82 653
68 83 969
68 84 864
68 85 767
68 86 665
68 87 959
68 88 879
68 89 616
68 90 844
68 91 938
68 92 861
68 93 975
68 94 560
68 95 548
68 96 455
68 97 779
68 98 976
68 99 702
68 100 836
69 1 498
69 2 706
69 3 253
69 4 727
69 5 543
69 6 970
69 7 943
69 8 758
69 9 756
69 10 350
69 11 520
69 12 651
69 13 357
69 14 528
69 15 865
69 16 114
69 17 773
69 18 851
69 19 646
69 20 389
69 21 703
69 22 513
69 23 294
69 24 637
69 25 797
69 26 330
69 27 782
69 28 693
69 29 530
69 30 494
69 31 531
69 32 753
69 33 245
69 34 570
69 35 443
69 36 685
69 37 588
69 38 640
69 39 759
69 40 58
69 41 820
69 42 265
69 43 809
69 44 763
69 45 847
69 46 503
69 47 858
69 48 677
69 49 404
69 50 228
69 51 1061
69 52 218
69 53 111
69 54 645
69 55 314
69 56 492
69 57 924
69 58 479
69 59 694
69 60 302
69 61 277
69 62 816
69 63 323
69 64 879
69 65 415
69 66 837
69 67 563
69 68 777
69 70 509
69 71 571
69 72 495
69 73 652
69 74 232
69 75 713
69 76 757
69 77 822
69 78 563
69 79 251
69 80 697
69 81 1062
69 82 466
69 83 440
69 84 1074
69 85 590
69 86 223
69 87 339
69 88 236
69 89 178
69 90 938
69 91 489
69 92 257
69 93 200
69 94 220
69 95 784
69 96 324
69 97 572
69 98 1056
69 99 832
69 100 456
70 1 529
70 2 208
70 3 627
70 4 615
70 5 619
70 6 815
70 7 666
70 8 262
70 9 257
70 10 198
70 11 201
70 12 788
70 13 733
70 14 213
70 15 370
70 16 621
70 17 709
70 18 402
70 19 323
70 20 524
70 21 860
70 22 362
70 23 233
70 24 285
70 25 694
70 26 345
70 27 338
70 28 185
70 29 477
70 30 58
70 31 271
70 32 683
70 33 569
70 34 747
70 35 345
70 36 960
70 37 99
70 38 453
70 39 527
70 40 558
70 41 327
70 42 245
70 43 450
70 44 529
70 45 384
70 46 316
70 47 734
70 48 179
70 49 739
70 50 610
70 51 814
70 52 592
70 53 532
70 54 680
70 55 196
70 56 599
70 57 821
70 58 323
70 59 590
70 60 444
70 61 239
70 62 825
70 63 327
70 64 526
70 65 765
70 66 913
70 67 467
70 68 1061
70 69 509
70 71 83
70 72 180
70 73 943
70 74 409
70 75 342
70 76 709
70 77 528
70 78 733
70 79 650
70 80 448
70 81 834
70 82 432
70 83 93
70 84 901
70 85 409
70 86 430
70 87 172
70 88 274
70 89 639
70 90 738
70 91 145
70 92 259
70 93 460
70 94 640
70 95 760
70 96 705
70 97 382
70 98 803
70 99 708
70 100 243
71 1 610
71 2 190
71 3 704
71 4 683
71 5 700
71 6 874
71 7 708
71 8 240
71 9 231
71 10 279
71 11 271
71 12 869
71 13 812
71 14 282
71 15 342
71 16 684
71 17 780
71 18 405
71 19 376
71 20 606
71 21 942
71 22 438
71 23 308
71 24 335
71 25 762
71 26 428
71 27 348
71 28 138
71 29 555
71 30 137
71 31 341
71 32 754
71 33 648
71 34 830
71 35 425
71 36 1043
71 37 18
71 38 520
71 39 584
71 40 623
71 41 304
71 42 313
71 43 483
71 44 585
71 45 381
71 46 391
71 47 798
71 48 165
71 49 820
71 50 687
71 51 858
71 52 631
71 53 603
71 54 759
71 55 259
71 56 681
71 57 886
71 58 401
71 59 660
71 60 526
71 61 295
71 62 899
71 63 409
71 64 557
71 65 846
71 66 991
71 67 542
71 68 1143
71 69 571
71 70 83
71 72 254
71 73 1026
71 74 488
71 75 380
71 76 782
71 77 573
71 78 815
71 79 726
71 80 507
71 81 881
71 82 513
71 83 175
71 84 956
71 85 479
71 86 509
71 87 233
71 88 339
71 89 711
71 90 792
71 91 221
71 92 330
71 93 497
71 94 715
71 95 834
71 96 784
71 97 452
71 98 846
71 99 773
71 100 323
72 1 363
72 2 257
72 3 537
72 4 436
72 5 453
72 6 644
72 7 519
72 8 299
72 9 303
72 10 149
72 11 30
72 12 622
72 13 630
72 14 43
72 15 396
72 16 596
72 17 530
72 18 357
72 19 175
72 20 382
72 21 695
72 22 184
72 23 208
72 24 151
72 25 516
72 26 225
72 27 289
72 28 289
72 29 302
72 30 123
72 31 93
72 32 504
72 33 474
72 34 591
72 35 180
72 36 814
72 37 267
72 38 276
72 39 362
72 40 531
72 41 351
72 42 255
72 43 332
72 44 365
72 45 356
72 46 138
72 47 558
72 48 236
72 49 623
72 50 526
72 51 662
72 52 638
72 53 479
72 54 506
72 55 240
72 56 441
72 57 645
72 58 149
72 59 411
72 60 326
72 61 286
72 62 646
72 63 214
72 64 408
72 65 651
72 66 738
72 67 289
72 68 913
72 69 495
72 70 180
72 71 254
72 73 802
72 74 321
72 75 226
72 76 530
72 77 382
72 78 576
72 79 566
72 80 283
72 81 678
72 82 266
72 83 120
72 84 735
72 85 230
72 86 343
72 87 230
72 88 284
72 89 582
72 90 573
72 91 36
72 92 250
72 93 518
72 94 564
72 95 581
72 96 608
72 97 203
72 98 653
72 99 532
72 100 78
73 1 461
73 2 1054
73 3 399
73 4 605
73 5 385
73 6 755
73 7 896
73 8 1089
73 9 1096
73 10 750
73 11 802
73 12 265
73 13 300
73 14 799
73 15 1169
73 16 607
73 17 556
73 18 1071
73 19 822
73 20 422
73 21 231
73 22 651
73 23 738
73 24 849
73 25 612
73 26 598
73 27 1019
73 28 1090
73 29 544
73 30 894
73 31 751
73 32 559
73 33 424
73 34 233
73 35 624
73 36 42
73 37 1042
73 38 679
73 39 757
73 40 607
73 41 1128
73 42 763
73 43 927
73 44 760
73 45 1088
73 46 688
73 47 662
73 48 1036
73 49 248
73 50 424
73 51 929
73 52 848
73 53 544
73 54 412
73 55 816
73 56 372
73 57 665
73 58 665
73 59 591
73 60 503
73 61 813
73 62 471
73 63 618
73 64 956
73 65 240
73 66 388
73 67 583
73 68 127
73 69 652
73 70 943
73 71 1026
73 72 802
73 74 557
73 75 896
73 76 530
73 77 855
73 78 248
73 79 402
73 80 757
73 81 904
73 82 547
73 83 851
73 84 840
73 85 672
73 86 541
73 87 836
73 88 754
73 89 494
73 90 796
73 91 825
73 92 737
73 93 850
73 94 436
73 95 505
73 96 332
73 97 682
73 98 933
73 99 652
73 100 725
74 1 275
74 2 569
74 3 221
74 4 496
74 5 335
74 6 740
74 7 715
74 8 616
74 9 618
74 10 212
74 11 338
74 12 473
74 13 324
74 14 343
74 15 716
74 16 303
74 17 548
74 18 671
74 19 441
74 20 183
74 21 536
74 22 289
74 23 185
74 24 442
74 25 568
74 26 109
74 27 604
74 28 580
74 29 299
74 30 371
74 31 328
74 32 527
74 33 161
74 34 405
74 35 218
74 36 581
74 37 506
74 38 411
74 39 531
74 40 243
74 41 671
74 42 207
74 43 600
74 44 535
74 45 673
74 46 287
74 47 629
74 48 543
74 49 334
74 50 207
74 51 830
74 52 438
74 53 171
74 54 433
74 55 259
74 56 289
74 57 698
74 58 260
74 59 463
74 60 80
74 61 258
74 62 605
74 63 112
74 64 665
74 65 358
74 66 646
74 67 331
74 68 681
74 69 232
74 70 409
74 71 488
74 72 321
74 73 557
74 75 515
74 76 533
74 77 599
74 78 394
74 79 247
74 80 473
74 81 830
74 82 234
74 83 319
74 84 843
74 85 363
74 86 22
74 87 281
74 88 200
74 89 265
74 90 707
74 91 329
74 92 181
74 93 367
74 94 244
74 95 565
74 96 297
74 97 348
74 98 825
74 99 602
74 100 260
75 1 437
75 2 246
75 3 712
75 4 375
75 5 514
75 6 513
75 7 329
75 8 247
75 9 260
75 10 375
75 11 198
75 12 668
75 13 788
75 14 188
75 15 289
75 16 808
75 17 476
75 18 175
75 19 79
75 20 509
75 21 738
75 22 257
75 23 433
75 24 77
75 25 440
75 26 407
75 27 128
75 28 321
75 29 353
75 30 300
75 31 187
75 32 452
75 33 649
75 34 666
75 35 311
75 36 898
75 37 383
75 38 229
75 39 230
75 40 744
75 41 257
75 42 481
75 43 110
75 44 230
75 45 193
75 46 236
75 47 458
75 48 250
75 49 766
75 50 707
75 51 479
75 52 864
75 53 683
75 54 523
75 55 463
75 56 525
75 57 545
75 58 264
75 59 365
75 60 493
75 61 510
75 62 613
75 63 404
75 64 187
75 65 796
75 66 728
75 67 314
75 68 991
75 69 713
75 70 342
75 71 380
75 72 226
75 73 896
75 74 515
75 76 487
75 77 195
75 78 650
75 79 744
75 80 170
75 81 503
75 82 360
75 83 329
75 84 585
75 85 225
75 86 534
75 87 450
75 88 509
75 89 778
75 90 422
75 91 246
75 92 475
75 93 743
75 94 750
75 95 542
75 96 772
75 97 216
75 98 467
75 99 437
75 100 259
76 1 260
76 2 716
76 3 590
76 4 113
76 5 229
76 6 242
76 7 374
76 8 729
76 9 741
76 10 588
76 11 511
76 12 265
76 13 592
76 14 500
76 15 774
76 16 795
76 17 27
76 18 641
76 19 438
76 20 371
76 21 311
76 22 351
76 23 620
76 24 479
76 25 83
76 26 469
76 27 612
76 28 779
76 29 253
76 30 652
76 31 441
76 32 37
76 33 548
76 34 319
76 35 390
76 36 514
76 37 793
76 38 270
76 39 276
76 40 750
76 41 743
76 42 672
76 43 468
76 44 278
76 45 668
76 46 396
76 47 135
76 48 710
76 49 537
76 50 602
76 51 401
76 52 969
76 53 665
76 54 136
76 55 697
76 56 282
76 57 172
76 58 394
76 59 126
76 60 457
76 61 726
76 62 126
76 63 488
76 64 471
76 65 562
76 66 246
76 67 247
76 68 583
76 69 757
76 70 709
76 71 782
76 72 530
76 73 530
76 74 533
76 75 487
76 77 367
76 78 310
76 79 620
76 80 318
76 81 380
76 82 318
76 83 638
76 84 342
76 85 304
76 86 537
76 87 704
76 88 684
76 89 705
76 90 268
76 91 565
76 92 648
76 93 896
76 94 646
76 95 55
76 96 598
76 97 330
76 98 405
76 99 123
76 100 474
77 1 427
77 2 436
77 3 762
77 4 261
77 5 478
77 6 328
77 7 139
77 8 428
77 9 442
77 10 516
77 11 353
77 12 601
77 13 814
77 14 339
77 15 439
77 16 902
77 17 348
77 18 293
77 19 209
77 20 531
77 21 662
77 22 311
77 23 571
77 24 244
77 25 298
77 26 494
77 27 286
77 28 513
77 29 347
77 30 481
77 31 306
77 32 330
77 33 702
77 34 623
77 35 382
77 36 848
77 37 577
77 38 200
77 39 99
77 40 842
77 41 420
77 42 624
77 43 117
77 44 95
77 45 325
77 46 321
77 47 296
77 48 443
77 49 778
77 50 762
77 51 287
77 52 998
77 53 768
77 54 448
77 55 619
77 56 508
77 57 375
77 58 344
77 59 268
77 60 554
77 61 663
77 62 487
77 63 499
77 64 105
77 65 807
77 66 611
77 67 302
77 68 931
77 69 822
77 70 528
77 71 573
77 72 382
77 73 855
77 74 599
77 75 195
77 76 367
77 78 609
77 79 795
77 80 127
77 81 309
77 82 388
77 83 498
77 84 392
77 85 239
77 86 615
77 87 611
77 88 649
77 89 850
77 90 232
77 91 411
77 92 612
77 93 888
77 94 809
77 95 417
77 96 806
77 97 252
77 98 276
77 99 281
77 100 382
78 1 219
78 2 821
78 3 336
78 4 366
78 5 137
78 6 550
78 7 659
78 8 853
78 9 860
78 10 552
78 11 572
78 12 89
78 13 302
78 14 567
78 15 927
78 16 564
78 17 335
78 18 824
78 19 578
78 20 219
78 21 144
78 22 411
78 23 555
78 24 607
78 25 387
78 26 398
78 27 775
78 28 863
78 29 299
78 30 680
78 31 515
78 32 332
78 33 321
78 34 16
78 35 396
78 36 248
78 37 830
78 38 432
78 39 511
78 40 537
78 41 888
78 42 591
78 43 679
78 44 515
78 45 843
78 46 452
78 47 444
78 48 805
78 49 240
78 50 356
78 51 709
78 52 780
78 53 455
78 54 177
78 55 637
78 56 135
78 57 469
78 58 432
78 59 348
78 60 321
78 61 646
78 62 297
78 63 419
78 64 709
78 65 261
78 66 280
78 67 337
78 68 343
78 69 563
78 70 733
78 71 815
78 72 576
78 73 248
78 74 394
78 75 650
78 76 310
78 77 609
78 79 359
78 80 509
78 81 689
78 82 312
78 83 643
78 84 646
78 85 426
78 86 385
78 87 654
78 88 590
78 89 456
78 90 573
78 91 603
78 92 565
78 93 744
78 94 392
78 95 301
78 96 317
78 97 437
78 98 711
78 99 429
78 100 500
79 1 387
79 2 815
79 3 33
79 4 626
79 5 391
79 6 856
79 7 891
79 8 862
79 9 864
79 10 455
79 11 580
79 12 447
79 13 107
79 14 583
79 15 961
79 16 212
79 17 641
79 18 908
79 19 667
79 20 269
79 21 485
79 22 496
79 23 419
79 24 675
79 25 679
79 26 344
79 27 843
79 28 825
79 29 454
79 30 616
79 31 560
79 32 628
79 33 96
79 34 361
79 35 434
79 36 438
79 37 744
79 38 596
79 39 711
79 40 205
79 41 916
79 42 422
79 43 818
79 44 715
79 45 913
79 46 508
79 47 742
79 48 790
79 49 157
79 50 41
79 51 983
79 52 448
79 53 149
79 54 489
79 55 479
79 56 339
79 57 791
79 58 480
79 59 596
79 60 251
79 61 460
79 62 645
79 63 353
79 64 875
79 65 164
79 66 638
79 67 497
79 68 527
79 69 251
79 70 650
79 71 726
79 72 566
79 73 402
79 74 247
79 75 744
79 76 620
79 77 795
79 78 359
79 80 670
79 81 974
79 82 407
79 83 563
79 84 959
79 85 558
79 86 225
79 87 503
79 88 403
79 89 99
79 90 849
79 91 575
79 92 400
79 93 450
79 94 35
79 95 631
79 96 73
79 97 551
79 98 981
79 99 720
79 100 499
80 1 312
80 2 406
80 3 637
80 4 206
80 5 374
80 6 368
80 7 249
80 8 414
80 9 426
80 10 403
80 11 255
80 12 515
80 13 694
80 14 242
80 15 456
80 16 776
80 17 307
80 18 328
80 19 133
80 20 410
80 21 582
80 22 185
80 23 456
80 24 176
80 25 272
80 26 368
80 27 294
80 28 476
80 29 228
80 30 396
80 31 197
80 32 283
80 33 577
80 34 525
80 35 256
80 36 755
80 37 514
80 38 80
80 39 80
80 40 716
80 41 425
80 42 510
80 43 170
80 44 82
80 45 353
80 46 199
80 47 297
80 48 405
80 49 661
80 50 637
80 51 384
80 52 878
80 53 642
80 54 365
80 55 511
80 56 397
80 57 385
80 58 220
80 59 197
80 60 428
80 61 553
80 62 444
80 63 375
80 64 209
80 65 690
80 66 561
80 67 184
80 68 843
80 69 697
80 70 448
80 71 507
80 72 283
80 73 757
80 74 473
80 75 170
80 76 318
80 77 127
80 78 509
80 79 670
80 81 396
80 82 263
80 83 403
80 84 454
80 85 113
80 86 489
80 87 506
80 88 534
80 89 723
80 90 291
80 91 316
80 92 496
80 93 772
80 94 683
80 95 373
80 96 684
80 97 126
80 98 375
80 99 274
80 100 267
81 1 588
81 2 739
81 3 942
81 4 348
81 5 593
81 6 153
81 7 178
81 8 725
81 9 739
81 10 797
81 11 649
81 12 641
81 13 962
81 14 636
81 15 714
81 16 1123
81 17 355
81 18 564
81 19 512
81 20 708
81 21 677
81 22 560
81 23 847
81 24 550
81 25 304
81 26 736
81 27 578
81 28 817
81 29 535
81 30 784
81 31 592
81 32 359
81 33 891
81 34 699
81 35 628
81 36 884
81 37 885
81 38 430
81 39 319
81 40 1069
81 41 705
81 42 902
81 43 410
81 44 316
81 45 599
81 46 586
81 47 246
81 48 748
81 49 910
81 50 950
81 51 42
81 52 1257
81 53 987
81 54 514
81 55 906
81 56 641
81 57 248
81 58 603
81 59 379
81 60 767
81 61 947
81 62 441
81 63 748
81 64 351
81 65 937
81 66 556
81 67 499
81 68 942
81 69 1062
81 70 834
81 71 881
81 72 678
81 73 904
81 74 830
81 75 503
81 76 380
81 77 309
81 78 689
81 79 974
81 80 396
81 82 597
81 83 797
81 84 121
81 85 483
81 86 841
81 87 902
81 88 924
81 89 1048
81 90 126
81 91 709
81 92 885
81 93 1159
81 94 996
81 95 400
81 96 964
81 97 507
81 98 56
81 99 261
81 100 661
82 1 98
82 2 510
82 3 375
82 4 264
82 5 188
82 6 508
82 7 491
82 8 543
82 9 550
82 10 278
82 11 261
82 12 357
82 13 434
82 14 255
82 15 623
82 16 529
82 17 328
82 18 534
82 19 283
82 20 151
82 21 430
82 22 105
82 23 304
82 24 305
82 25 340
82 26 153
82 27 478
82 28 552
82 29 67
82 30 377
82 31 205
82 32 304
82 33 315
82 34 328
82 35 88
82 36 555
82 37 527
82 38 189
82 39 307
82 40 473
82 41 581
82 42 354
82 43 418
82 44 311
82 45 548
82 46 141
82 47 398
82 48 493
82 49 407
82 50 375
82 51 598
82 52 668
82 53 393
82 54 253
82 55 383
82 56 178
82 57 472
82 58 120
82 59 232
82 60 172
82 61 409
82 62 413
82 63 171
82 64 470
82 65 437
82 66 487
82 67 98
82 68 653
82 69 466
82 70 432
82 71 513
82 72 266
82 73 547
82 74 234
82 75 360
82 76 318
82 77 388
82 78 312
82 79 407
82 80 263
82 81 597
82 83 347
82 84 611
82 85 153
82 86 245
82 87 392
82 88 367
82 89 465
82 90 473
82 91 295
82 92 331
82 93 584
82 94 422
82 95 359
82 96 423
82 97 149
82 98 594
82 99 372
82 100 191
83 1 443
83 2 266
83 3 538
83 4 549
83 5 532
83 6 763
83 7 636
83 8 318
83 9 317
83 10 108
83 11 148
83 12 700
83 13 643
83 14 162
83 15 426
83 16 550
83 17 639
83 18 427
83 19 290
83 20 432
83 21 772
83 22 288
83 23 151
83 24 259
83 25 630
83 26 253
83 27 359
83 28 264
83 29 396
83 30 55
83 31 210
83 32 613
83 33 479
83 34 657
83 35 260
83 36 868
83 37 192
83 38 393
83 39 482
83 40 485
83 41 381
83 42 178
83 43 438
83 44 484
83 45 417
83 46 243
83 47 674
83 48 238
83 49 648
83 50 522
83 51 781
83 52 551
83 53 451
83 54 598
83 55 142
83 56 510
83 57 761
83 58 245
83 59 522
83 60 352
83 61 190
83 62 749
83 63 234
83 64 515
83 65 674
83 66 832
83 67 392
83 68 969
83 69 440
83 70 93
83 71 175
83 72 120
83 73 851
83 74 319
83 75 329
83 76 638
83 77 498
83 78 643
83 79 563
83 80 403
83 81 797
83 82 347
83 84 854
83 85 344
83 86 341
83 87 125
83 88 208
83 89 558
83 90 692
83 91 88
83 92 184
83 93 423
83 94 554
83 95 687
83 96 616
83 97 317
83 98 771
83 99 648
83 100 165
84 1 583
84 2 828
84 3 928
84 4 348
84 5 569
84 6 105
84 7 278
84 8 819
84 9 833
84 10 840
84 11 708
84 12 585
84 13 934
84 14 694
84 15 817
84 16 1124
84 17 319
84 18 667
84 19 580
84 20 701
84 21 610
84 22 595
84 23 886
84 24 621
84 25 281
84 26 759
84 27 674
84 28 904
84 29 545
84 30 849
84 31 645
84 32 332
84 33 883
84 34 654
84 35 657
84 36 816
84 37 961
84 38 468
84 39 375
84 40 1075
84 41 804
84 42 940
84 43 503
84 44 373
84 45 702
84 46 628
84 47 218
84 48 834
84 49 878
84 50 939
84 51 163
84 52 1278
84 53 991
84 54 478
84 55 951
84 56 621
84 57 178
84 58 640
84 59 380
84 60 773
84 61 989
84 62 370
84 63 773
84 64 453
84 65 902
84 66 472
84 67 517
84 68 864
84 69 1074
84 70 901
84 71 956
84 72 735
84 73 840
84 74 843
84 75 585
84 76 342
84 77 392
84 78 646
84 79 959
84 80 454
84 81 121
84 82 611
84 83 854
84 85 521
84 86 851
84 87 950
84 88 959
84 89 1041
84 90 164
84 91 768
84 92 921
84 93 1189
84 94 984
84 95 345
84 96 940
84 97 547
84 98 176
84 99 243
84 100 706
85 1 214
85 2 421
85 3 526
85 4 207
85 5 290
85 6 425
85 7 353
85 8 442
85 9 452
85 10 320
85 11 209
85 12 447
85 13 586
85 14 197
85 15 506
85 16 665
85 17 302
85 18 399
85 19 154
85 20 301
85 21 518
85 22 78
85 23 366
85 24 189
85 25 287
85 26 260
85 27 350
85 28 479
85 29 129
85 30 352
85 31 139
85 32 276
85 33 465
85 34 441
85 35 148
85 36 674
85 37 489
85 38 54
85 39 170
85 40 606
85 41 469
85 42 421
85 43 267
85 44 174
85 45 417
85 46 107
85 47 331
85 48 412
85 49 556
85 50 525
85 51 477
85 52 777
85 53 531
85 54 307
85 55 431
85 56 303
85 57 417
85 58 121
85 59 182
85 60 316
85 61 469
85 62 425
85 63 269
85 64 318
85 65 585
85 66 528
85 67 90
85 68 767
85 69 590
85 70 409
85 71 479
85 72 230
85 73 672
85 74 363
85 75 225
85 76 304
85 77 239
85 78 426
85 79 558
85 80 113
85 81 483
85 82 153
85 83 344
85 84 521
85 86 378
85 87 431
85 88 442
85 89 611
85 90 366
85 91 265
85 92 404
85 93 677
85 94 571
85 95 357
85 96 575
85 97 28
85 98 470
85 99 304
85 100 187
86 1 278
86 2 590
86 3 199
86 4 504
86 5 333
86 6 747
86 7 729
86 8 637
86 9 639
86 10 233
86 11 359
86 12 465
86 13 303
86 14 363
86 15 737
86 16 288
86 17 552
86 18 691
86 19 460
86 20 180
86 21 528
86 22 304
86 23 204
86 24 462
86 25 574
86 26 128
86 27 625
86 28 602
86 29 308
86 30 392
86 31 348
86 32 532
86 33 140
86 34 395
86 35 235
86 36 565
86 37 526
86 38 424
86 39 545
86 40 230
86 41 692
86 42 223
86 43 619
86 44 549
86 45 694
86 46 305
86 47 636
86 48 565
86 49 315
86 50 185
86 51 842
86 52 433
86 53 154
86 54 433
86 55 277
86 56 285
86 57 703
86 58 277
86 59 471
86 60 80
86 61 273
86 62 605
86 63 132
86 64 683
86 65 339
86 66 642
86 67 342
86 68 665
86 69 223
86 70 430
86 71 509
86 72 343
86 73 541
86 74 22
86 75 534
86 76 537
86 77 615
86 78 385
86 79 225
86 80 489
86 81 841
86 82 245
86 83 341
86 84 851
86 85 378
86 87 299
86 88 214
86 89 245
86 90 717
86 91 350
86 92 197
86 93 369
86 94 222
86 95 567
86 96 276
86 97 363
86 98 837
86 99 610
86 100 280
87 1 478
87 2 376
87 3 484
87 4 627
87 5 562
87 6 855
87 7 748
87 8 430
87 9 426
87 10 116
87 11 260
87 12 722
87 13 595
87 14 273
87 15 538
87 16 452
87 17 709
87 18 551
87 19 405
87 20 435
87 21 792
87 22 362
87 23 100
87 24 379
87 25 708
87 26 259
87 27 483
87 28 356
87 29 452
87 30 170
87 31 310
87 32 684
87 33 433
87 34 667
87 35 314
87 36 859
87 37 251
87 38 483
87 39 584
87 40 390
87 41 494
87 42 82
87 43 559
87 44 587
87 45 539
87 46 324
87 47 759
87 48 347
87 49 613
87 50 464
87 51 889
87 52 428
87 53 372
87 54 643
87 55 26
87 56 529
87 57 842
87 58 316
87 59 598
87 60 338
87 61 68
87 62 804
87 63 237
87 64 636
87 65 636
87 66 874
87 67 459
87 68 959
87 69 339
87 70 172
87 71 233
87 72 230
87 73 836
87 74 281
87 75 450
87 76 704
87 77 611
87 78 654
87 79 503
87 80 506
87 81 902
87 82 392
87 83 125
87 84 950
87 85 431
87 86 299
87 88 106
87 89 480
87 90 792
87 91 205
87 92 104
87 93 299
87 94 488
87 95 749
87 96 565
87 97 404
87 98 880
87 99 731
87 100 245
88 1 439
88 2 472
88 3 386
88 4 622
88 5 515
88 6 860
88 7 782
88 8 525
88 9 522
88 10 136
88 11 312
88 12 665
88 13 499
88 14 323
88 15 633
88 16 348
88 17 694
88 18 630
88 19 452
88 20 374
88 21 732
88 22 366
88 23 79
88 24 434
88 25 701
88 26 216
88 27 561
88 28 458
88 29 432
88 30 261
88 31 344
88 32 670
88 33 339
88 34 602
88 35 304
88 36 779
88 37 356
88 38 495
88 39 607
88 40 285
88 41 588
88 42 31
88 43 614
88 44 610
88 45 622
88 46 338
88 47 756
88 48 443
88 49 521
88 50 365
88 51 915
88 52 355
88 53 268
88 54 605
88 55 81
88 56 476
88 57 835
88 58 322
88 59 590
88 60 270
88 61 60
88 62 774
88 63 197
88 64 688
88 65 543
88 66 830
88 67 449
88 68 879
88 69 236
88 70 274
88 71 339
88 72 284
88 73 754
88 74 200
88 75 509
88 76 684
88 77 649
88 78 590
88 79 403
88 80 534
88 81 924
88 82 367
88 83 208
88 84 959
88 85 442
88 86 214
88 87 106
88 89 375
88 90 807
88 91 269
88 92 39
88 93 239
88 94 386
88 95 724
88 96 468
88 97 418
88 98 908
88 99 729
88 100 268
89 1 462
89 2 820
89 3 121
89 4 701
89 5 478
89 6 937
89 7 955
89 8 870
89 9 870
89 10 454
89 11 601
89 12 544
89 13 195
89 14 606
89 15 973
89 16 115
89 17 725
89 18 935
89 19 703
89 20 342
89 21 584
89 22 542
89 23 408
89 24 706
89 25 760
89 26 372
89 27 867
89 28 821
89 29 519
89 30 613
89 31 592
89 32 710
89 33 158
89 34 459
89 35 475
89 36 530
89 37 728
89 38 653
89 39 772
89 40 122
89 41 927
89 42 399
89 43 861
89 44 776
89 45 936
89 46 547
89 47 823
89 48 793
89 49 252
89 50 104
89 51 1055
89 52 355
89 53 108
89 54 578
89 55 454
89 56 424
89 57 877
89 58 519
89 59 671
89 60 296
89 61 427
89 62 738
89 63 376
89 64 923
89 65 255
89 66 735
89 67 560
89 68 616
89 69 178
89 70 639
89 71 711
89 72 582
89 73 494
89 74 265
89 75 778
89 76 705
89 77 850
89 78 456
89 79 99
89 80 723
89 81 1048
89 82 465
89 83 558
89 84 1041
89 85 611
89 86 245
89 87 480
89 88 375
89 90 923
89 91 585
89 92 382
89 93 373
89 94 65
89 95 720
89 96 163
89 97 600
89 98 1052
89 99 800
89 100 524
90 1 463
90 2 667
90 3 817
90 4 224
90 5 471
90 6 101
90 7 144
90 8 660
90 9 674
90 10 684
90 11 546
90 12 532
90 13 839
90 14 532
90 15 667
90 16 998
90 17 242
90 18 517
90 19 416
90 20 583
90 21 574
90 22 442
90 23 732
90 24 457
90 25 187
90 26 615
90 27 517
90 28 742
90 29 410
90 30 685
90 31 484
90 32 242
90 33 766
90 34 584
90 35 508
90 36 779
90 37 797
90 38 313
90 39 212
90 40 945
90 41 650
90 42 786
90 43 346
90 44 209
90 45 551
90 46 472
90 47 137
90 48 672
90 49 789
90 50 825
90 51 137
90 52 1136
90 53 863
90 54 397
90 55 794
90 56 518
90 57 176
90 58 486
90 59 254
90 60 642
90 61 833
90 62 349
90 63 627
90 64 306
90 65 816
90 66 472
90 67 376
90 68 844
90 69 938
90 70 738
90 71 792
90 72 573
90 73 796
90 74 707
90 75 422
90 76 268
90 77 232
90 78 573
90 79 849
90 80 291
90 81 126
90 82 473
90 83 692
90 84 164
90 85 366
90 86 717
90 87 792
90 88 807
90 89 923
90 91 606
90 92 769
90 93 1041
90 94 871
90 95 296
90 96 840
90 97 391
90 98 138
90 99 146
90 100 548
91 1 392
91 2 242
91 3 547
91 4 471
91 5 483
91 6 679
91 7 549
91 8 287
91 9 290
91 10 139
91 11 61
91 12 652
91 13 644
91 14 74
91 15 389
91 16 593
91 17 565
91 18 364
91 19 203
91 20 404
91 21 725
91 22 218
91 23 197
91 24 174
91 25 551
91 26 239
91 27 294
91 28 265
91 29 334
91 30 88
91 31 128
91 32 539
91 33 485
91 34 618
91 35 209
91 36 839
91 37 234
91 38 311
91 39 395
91 40 528
91 41 343
91 42 239
91 43 354
91 44 397
91 45 358
91 46 172
91 47 593
91 48 218
91 49 640
91 50 535
91 51 693
91 52 621
91 53 481
91 54 538
91 55 217
91 56 468
91 57 680
91 58 181
91 59 446
91 60 342
91 61 264
91 62 680
91 63 225
91 64 431
91 65 668
91 66 771
91 67 323
91 68 938
91 69 489
91 70 145
91 71 221
91 72 36
91 73 825
91 74 329
91 75 246
91 76 565
91 77 411
91 78 603
91 79 575
91 80 316
91 81 709
91 82 295
91 83 88
91 84 768
91 85 265
91 86 350
91 87 205
91 88 269
91 89 585
91 90 606
91 92 237
91 93 498
91 94 572
91 95 616
91 96 620
91 97 238
91 98 683
91 99 567
91 100 104
92 1 406
92 2 450
92 3 381
92 4 585
92 5 485
92 6 822
92 7 744
92 8 502
92 9 501
92 10 101
92 11 277
92 12 638
92 13 492
92 14 288
92 15 609
92 16 366
92 17 657
92 18 600
92 19 416
92 20 347
92 21 705
92 22 328
92 23 42
92 24 399
92 25 664
92 26 182
92 27 531
92 28 442
92 29 396
92 30 239
92 31 307
92 32 633
92 33 330
92 34 577
92 35 266
92 36 761
92 37 347
92 38 457
92 39 568
92 40 302
92 41 564
92 42 27
92 43 578
92 44 572
92 45 593
92 46 299
92 47 719
92 48 422
92 49 510
92 50 361
92 51 877
92 52 390
92 53 274
92 54 572
92 55 80
92 56 447
92 57 798
92 58 283
92 59 553
92 60 245
92 61 83
92 62 740
92 63 162
92 64 652
92 65 533
92 66 799
92 67 412
92 68 861
92 69 257
92 70 259
92 71 330
92 72 250
92 73 737
92 74 181
92 75 475
92 76 648
92 77 612
92 78 565
92 79 400
92 80 496
92 81 885
92 82 331
92 83 184
92 84 921
92 85 404
92 86 197
92 87 104
92 88 39
92 89 382
92 90 769
92 91 237
92 93 277
92 94 386
92 95 689
92 96 462
92 97 379
92 98 869
92 99 691
92 100 231
93 1 640
93 2 667
93 3 451
93 4 846
93 5 702
93 6 1088
93 7 1020
93 8 721
93 9 715
93 10 373
93 11 547
93 12 828
93 13 557
93 14 558
93 15 829
93 16 281
93 17 909
93 18 850
93 19 689
93 20 548
93 21 886
93 22 600
93 23 317
93 24 669
93 25 923
93 26 432
93 27 782
93 28 633
93 29 651
93 30 468
93 31 582
93 32 887
93 33 435
93 34 752
93 35 534
93 36 883
93 37 512
93 38 730
93 39 843
93 40 252
93 41 786
93 42 265
93 43 849
93 44 847
93 45 837
93 46 575
93 47 981
93 48 638
93 49 602
93 50 426
93 51 1152
93 52 134
93 53 306
93 54 800
93 55 283
93 56 654
93 57 1056
93 58 557
93 59 814
93 60 446
93 61 235
93 62 972
93 63 417
93 64 925
93 65 614
93 66 1009
93 67 674
93 68 975
93 69 200
93 70 460
93 71 497
93 72 518
93 73 850
93 74 367
93 75 743
93 76 896
93 77 888
93 78 744
93 79 450
93 80 772
93 81 1159
93 82 584
93 83 423
93 84 1189
93 85 677
93 86 369
93 87 299
93 88 239
93 89 373
93 90 1041
93 91 498
93 92 277
93 94 419
93 95 931
93 96 523
93 97 654
93 98 1145
93 99 954
93 100 507
94 1 409
94 2 810
94 3 58
94 4 648
94 5 418
94 6 881
94 7 909
94 8 858
94 9 860
94 10 447
94 11 581
94 12 480
94 13 138
94 14 584
94 15 959
94 16 177
94 17 668
94 18 911
94 19 674
94 20 290
94 21 520
94 22 506
94 23 408
94 24 679
94 25 704
94 26 346
94 27 845
94 28 817
94 29 471
94 30 608
94 31 565
94 32 653
94 33 108
94 34 395
94 35 442
94 36 471
94 37 732
94 38 610
94 39 728
94 40 172
94 41 914
94 42 407
94 43 827
94 44 732
94 45 915
94 46 516
94 47 767
94 48 785
94 49 191
94 50 47
94 51 1004
94 52 413
94 53 124
94 54 517
94 55 463
94 56 365
94 57 818
94 58 488
94 59 618
94 60 259
94 61 442
94 62 676
94 63 353
94 64 886
94 65 197
94 66 671
94 67 514
94 68 560
94 69 220
94 70 640
94 71 715
94 72 564
94 73 436
94 74 244
94 75 750
94 76 646
94 77 809
94 78 392
94 79 35
94 80 683
94 81 996
94 82 422
94 83 554
94 84 984
94 85 571
94 86 222
94 87 488
94 88 386
94 89 65
94 90 871
94 91 572
94 92 386
94 93 419
94 95 660
94 96 105
94 97 562
94 98 1002
94 99 745
94 100 501
95 1 291
95 2 770
95 3 603
95 4 167
95 5 244
95 6 253
95 7 413
95 8 784
95 9 795
95 10 633
95 11 563
95 12 243
95 13 595
95 14 552
95 15 828
95 16 815
95 17 70
95 18 694
95 19 492
95 20 395
95 21 279
95 22 400
95 23 662
95 24 534
95 25 123
95 26 508
95 27 666
95 28 833
95 29 297
95 30 703
95 31 493
95 32 90
95 33 566
95 34 309
95 35 436
95 36 485
95 37 845
95 38 324
95 39 329
95 40 773
95 41 798
95 42 713
95 43 521
95 44 331
95 45 721
95 46 446
95 47 160
95 48 764
95 49 537
95 50 617
95 51 425
95 52 998
95 53 688
95 54 143
95 55 741
95 56 298
95 57 168
95 58 443
95 59 180
95 60 487
95 61 768
95 62 72
95 63 528
95 64 520
95 65 560
95 66 194
95 67 296
95 68 548
95 69 784
95 70 760
95 71 834
95 72 581
95 73 505
95 74 565
95 75 542
95 76 55
95 77 417
95 78 301
95 79 631
95 80 373
95 81 400
95 82 359
95 83 687
95 84 345
95 85 357
95 86 567
95 87 749
95 88 724
95 89 720
95 90 296
95 91 616
95 92 689
95 93 931
95 94 660
95 96 604
95 97 383
95 98 430
95 99 155
95 100 523
96 1 386
96 2 861
96 3 82
96 4 618
96 5 373
96 6 839
96 7 894
96 8 906
96 9 909
96 10 508
96 11 620
96 12 402
96 13 34
96 14 622
96 15 1003
96 16 277
96 17 622
96 18 941
96 19 694
96 20 275
96 21 432
96 22 518
96 23 477
96 24 706
96 25 664
96 26 384
96 27 878
96 28 877
96 29 460
96 30 668
96 31 593
96 32 611
96 33 137
96 34 316
96 35 462
96 36 368
96 37 801
96 38 607
96 39 718
96 40 276
96 41 958
96 42 485
96 43 839
96 44 722
96 45 948
96 46 537
96 47 726
96 48 837
96 49 90
96 50 105
96 51 976
96 52 517
96 53 222
96 54 464
96 55 541
96 56 323
96 57 768
96 58 509
96 59 590
96 60 284
96 61 526
96 62 610
96 63 396
96 64 892
96 65 93
96 66 591
96 67 505
96 68 455
96 69 324
96 70 705
96 71 784
96 72 608
96 73 332
96 74 297
96 75 772
96 76 598
96 77 806
96 78 317
96 79 73
96 80 684
96 81 964
96 82 423
96 83 616
96 84 940
96 85 575
96 86 276
96 87 565
96 88 468
96 89 163
96 90 840
96 91 620
96 92 462
96 93 523
96 94 105
96 95 604
96 97 570
96 98 975
96 99 706
96 100 538
97 1 222
97 2 400
97 3 518
97 4 234
97 5 302
97 6 451
97 7 372
97 8 424
97 9 433
97 10 294
97 11 182
97 12 463
97 13 583
97 14 171
97 15 491
97 16 650
97 17 328
97 18 390
97 19 141
97 20 300
97 21 534
97 22 60
97 23 342
97 24 172
97 25 314
97 26 243
97 27 338
97 28 456
97 29 139
97 30 325
97 31 112
97 32 302
97 33 457
97 34 453
97 35 130
97 36 685
97 37 463
97 38 79
97 39 191
97 40 590
97 41 453
97 42 396
97 43 269
97 44 195
97 45 407
97 46 81
97 47 358
97 48 390
97 49 556
97 50 517
97 51 499
97 52 756
97 53 517
97 54 326
97 55 405
97 56 310
97 57 444
97 58 97
97 59 209
97 60 305
97 61 443
97 62 450
97 63 250
97 64 325
97 65 586
97 66 550
97 67 105
97 68 779
97 69 572
97 70 382
97 71 452
97 72 203
97 73 682
97 74 348
97 75 216
97 76 330
97 77 252
97 78 437
97 79 551
97 80 126
97 81 507
97 82 149
97 83 317
97 84 547
97 85 28
97 86 363
97 87 404
97 88 418
97 89 600
97 90 391
97 91 238
97 92 379
97 93 654
97 94 562
97 95 383
97 96 570
97 98 492
97 99 332
97 100 160
98 1 594
98 2 698
98 3 949
98 4 358
98 5 607
98 6 195
98 7 138
98 8 681
98 9 695
98 10 778
98 11 624
98 12 668
98 13 975
98 14 610
98 15 666
98 16 1122
98 17 379
98 18 517
98 19 483
98 20 713
98 21 708
98 22 548
98 23 830
98 24 519
98 25 325
98 26 728
98 27 535
98 28 777
98 29 535
98 30 755
98 31 571
98 32 380
98 33 896
98 34 722
98 35 617
98 36 914
98 37 850
98 38 418
98 39 302
98 40 1066
98 41 658
98 42 884
98 43 369
98 44 298
98 45 552
98 46 570
98 47 272
98 48 709
98 49 926
98 50 955
98 51 15
98 52 1247
98 53 986
98 54 534
98 55 885
98 56 653
98 57 289
98 58 589
98 59 386
98 60 765
98 61 927
98 62 477
98 63 738
98 64 305
98 65 953
98 66 596
98 67 496
98 68 976
98 69 1056
98 70 803
98 71 846
98 72 653
98 73 933
98 74 825
98 75 467
98 76 405
98 77 276
98 78 711
98 79 981
98 80 375
98 81 56
98 82 594
98 83 771
98 84 176
98 85 470
98 86 837
98 87 880
98 88 908
98 89 1052
98 90 138
98 91 683
98 92 869
98 93 1145
98 94 1002
98 95 430
98 96 975
98 97 492
98 99 283
98 100 642
99 1 340
99 2 679
99 3 689
99 4 108
99 5 334
99 6 139
99 7 259
99 8 684
99 9 696
99 10 617
99 11 508
99 12 387
99 13 702
99 14 495
99 15 712
99 16 882
99 17 97
99 18 570
99 19 405
99 20 459
99 21 431
99 22 370
99 23 658
99 24 448
99 25 43
99 26 522
99 27 553
99 28 749
99 29 305
99 30 652
99 31 440
99 32 98
99 33 642
99 34 440
99 35 426
99 36 635
99 37 782
99 38 256
99 39 208
99 40 833
99 41 688
99 42 712
99 43 393
99 44 209
99 45 601
99 46 409
99 47 28
99 48 678
99 49 650
99 50 699
99 51 280
99 52 1039
99 53 748
99 54 253
99 55 729
99 56 384
99 57 114
99 58 416
99 59 141
99 60 532
99 61 763
99 62 217
99 63 538
99 64 380
99 65 676
99 66 343
99 67 281
99 68 702
99 69 832
99 70 708
99 71 773
99 72 532
99 73 652
99 74 602
99 75 437
99 76 123
99 77 281
99 78 429
99 79 720
99 80 274
99 81 261
99 82 372
99 83 648
99 84 243
99 85 304
99 86 610
99 87 731
99 88 729
99 89 800
99 90 146
99 91 567
99 92 691
99 93 954
99 94 745
99 95 155
99 96 706
99 97 332
99 98 283
99 100 490
100 1 289
100 2 333
100 3 470
100 4 388
100 5 379
100 6 611
100 7 514
100 8 373
100 9 378
100 10 137
100 11 83
100 12 548
100 13 559
100 14 84
100 15 466
100 16 549
100 17 476
100 18 412
100 19 191
100 20 305
100 21 621
100 22 124
100 23 190
100 24 184
100 25 469
100 26 156
100 27 345
100 28 366
100 29 234
100 30 187
100 31 77
100 32 450
100 33 406
100 34 515
100 35 105
100 36 737
100 37 336
100 38 239
100 39 342
100 40 485
100 41 421
100 42 244
100 43 355
100 44 345
100 45 414
100 46 81
100 47 517
100 48 312
100 49 549
100 50 460
100 51 650
100 52 618
100 53 425
100 54 437
100 55 246
100 56 365
100 57 601
100 58 81
100 59 360
100 60 254
100 61 287
100 62 585
100 63 149
100 64 426
100 65 578
100 66 671
100 67 228
100 68 836
100 69 456
100 70 243
100 71 323
100 72 78
100 73 725
100 74 260
100 75 259
100 76 474
100 77 382
100 78 500
100 79 499
100 80 267
100 81 661
100 82 191
100 83 165
100 84 706
100 85 187
100 86 280
100 87 245
100 88 268
100 89 524
100 90 548
100 91 104
100 92 231
100 93 507
100 94 501
100 95 523
100 96 538
100 97 160
100 98 642
100 99 490
