nnodes nedges type capacity P s t
100  4950  graph  1000 100 1 100 
nodename posx posy itemvalue itemweight
1 988 85 0 0
2 735 215 139 5
3 195 292 150 1
4 454 871 172 4
5 554 556 135 10
6 926 332 136 1
7 325 102 23 3
8 581 6 88 3
9 466 892 117 5
10 305 984 188 10
11 126 294 216 6
12 262 5 153 6
13 270 672 75 4
14 325 701 172 9
15 496 393 29 7
16 403 837 213 5
17 478 138 202 3
18 52 25 19 1
19 783 507 5 10
20 248 689 117 10
21 63 174 12 2
22 21 740 80 4
23 629 602 107 8
24 98 95 69 5
25 494 403 74 6
26 79 620 164 1
27 49 694 204 9
28 978 319 27 10
29 366 303 42 10
30 372 214 28 2
31 696 128 6 2
32 51 526 47 7
33 618 456 147 5
34 551 401 58 1
35 963 151 107 6
36 90 378 40 8
37 326 463 27 2
38 118 307 3 5
39 417 568 241 1
40 402 911 161 6
41 971 482 179 5
42 884 20 158 4
43 528 862 243 4
44 691 894 215 6
45 517 63 233 2
46 108 213 58 9
47 191 512 186 4
48 739 810 47 2
49 968 642 20 6
50 563 931 232 6
51 793 6 231 4
52 661 471 95 10
53 469 131 197 10
54 778 887 94 7
55 699 533 122 5
56 150 670 204 2
57 15 386 181 1
58 42 543 237 5
59 248 733 147 1
60 789 765 160 1
61 148 249 193 7
62 330 692 71 10
63 761 421 172 8
64 854 81 61 2
65 63 417 73 2
66 364 209 169 4
67 423 25 17 6
68 680 245 15 3
69 156 811 167 8
70 484 855 1 8
71 344 634 214 4
72 877 711 42 6
73 21 919 167 8
74 254 621 20 3
75 4 395 81 2
76 739 153 145 5
77 644 69 100 6
78 197 758 104 2
79 843 51 83 4
80 191 906 65 7
81 468 556 205 5
82 115 244 162 2
83 933 148 200 6
84 841 90 36 6
85 959 325 136 7
86 297 303 6 1
87 959 527 92 9
88 14 332 197 8
89 446 620 28 8
90 306 803 172 8
91 367 45 99 7
92 308 11 232 9
93 466 505 32 5
94 121 309 72 6
95 556 313 248 6
96 568 376 222 5
97 869 35 220 4
98 972 802 128 2
99 183 813 161 3
100 244 494 0 0
endpoint1 endpoint2 weight
1 2 285
1 3 820
1 4 951
1 5 641
1 6 255
1 7 664
1 8 415
1 9 962
1 10 1130
1 11 887
1 12 731
1 13 928
1 14 905
1 15 581
1 16 953
1 17 513
1 18 938
1 19 470
1 20 956
1 21 930
1 22 1168
1 23 630
1 24 891
1 25 588
1 26 1055
1 27 1120
1 28 235
1 29 660
1 30 630
1 31 296
1 32 1036
1 33 524
1 34 540
1 35 71
1 36 945
1 37 763
1 38 898
1 39 748
1 40 1013
1 41 398
1 42 123
1 43 903
1 44 862
1 45 472
1 46 890
1 47 905
1 48 767
1 49 558
1 50 947
1 51 211
1 52 506
1 53 522
1 54 830
1 55 534
1 56 1022
1 57 1019
1 58 1052
1 59 984
1 60 709
1 61 856
1 62 896
1 63 406
1 64 135
1 65 983
1 66 637
1 67 569
1 68 348
1 69 1105
1 70 921
1 71 847
1 72 636
1 73 1277
1 74 909
1 75 1032
1 76 259
1 77 345
1 78 1039
1 79 149
1 80 1145
1 81 702
1 82 888
1 83 84
1 84 148
1 85 242
1 86 725
1 87 443
1 88 1005
1 89 762
1 90 991
1 91 623
1 92 685
1 93 670
1 94 896
1 95 489
1 96 511
1 97 130
1 98 718
1 99 1086
1 100 850
2 1 285
2 3 546
2 4 714
2 5 387
2 6 224
2 7 426
2 8 260
2 9 729
2 10 882
2 11 615
2 12 518
2 13 652
2 14 636
2 15 299
2 16 706
2 17 269
2 18 709
2 19 296
2 20 680
2 21 674
2 22 887
2 23 402
2 24 649
2 25 306
2 26 771
2 27 837
2 28 265
2 29 380
2 30 364
2 31 96
2 32 752
2 33 268
2 34 262
2 35 237
2 36 666
2 37 479
2 38 624
2 39 476
2 40 772
2 41 357
2 42 246
2 43 680
2 44 681
2 45 266
2 46 628
2 47 620
2 48 596
2 49 487
2 50 737
2 51 217
2 52 267
2 53 279
2 54 674
2 55 321
2 56 742
2 57 741
2 58 767
2 59 711
2 60 553
2 61 588
2 62 626
2 63 208
2 64 180
2 65 702
2 66 372
2 67 366
2 68 63
2 69 831
2 70 688
2 71 574
2 72 516
2 73 1003
2 74 630
2 75 753
2 76 63
2 77 173
2 78 765
2 79 197
2 80 880
2 81 434
2 82 621
2 83 210
2 84 164
2 85 250
2 86 447
2 87 385
2 88 731
2 89 498
2 90 728
2 91 406
2 92 474
2 93 396
2 94 622
2 95 205
2 96 232
2 97 225
2 98 634
2 99 814
2 100 565
3 1 820
3 2 546
3 4 635
3 5 446
3 6 733
3 7 231
3 8 481
3 9 659
3 10 701
3 11 70
3 12 295
3 13 388
3 14 430
3 15 318
3 16 584
3 17 323
3 18 303
3 19 627
3 20 401
3 21 178
3 22 481
3 23 534
3 24 220
3 25 319
3 26 348
3 27 428
3 28 784
3 29 172
3 30 194
3 31 528
3 32 275
3 33 454
3 34 373
3 35 781
3 36 136
3 37 216
3 38 79
3 39 355
3 40 653
3 41 799
3 42 741
3 43 661
3 44 781
3 45 396
3 46 118
3 47 221
3 48 752
3 49 849
3 50 738
3 51 663
3 52 500
3 53 318
3 54 834
3 55 559
3 56 381
3 57 204
3 58 294
3 59 445
3 60 760
3 61 64
3 62 423
3 63 581
3 64 692
3 65 182
3 66 189
3 67 352
3 68 488
3 69 521
3 70 633
3 71 374
3 72 801
3 73 651
3 74 335
3 75 218
3 76 562
3 77 502
3 78 467
3 79 692
3 80 615
3 81 380
3 82 94
3 83 752
3 84 677
3 85 765
3 86 103
3 87 800
3 88 186
3 89 414
3 90 523
3 91 301
3 92 303
3 93 345
3 94 76
3 95 362
3 96 383
3 97 722
3 98 930
3 99 522
3 100 208
4 1 951
4 2 714
4 3 635
4 5 331
4 6 717
4 7 780
4 8 875
4 9 25
4 10 188
4 11 664
4 12 888
4 13 272
4 14 214
4 15 480
4 16 62
4 17 734
4 18 937
4 19 491
4 20 275
4 21 800
4 22 453
4 23 321
4 24 854
4 25 470
4 26 452
4 27 442
4 28 762
4 29 575
4 30 663
4 31 782
4 32 531
4 33 447
4 34 480
4 35 882
4 36 613
4 37 428
4 38 657
4 39 306
4 40 66
4 41 648
4 42 954
4 43 75
4 44 239
4 45 811
4 46 744
4 47 446
4 48 292
4 49 563
4 50 125
4 51 930
4 52 451
4 53 741
4 54 325
4 55 418
4 56 365
4 57 655
4 58 527
4 59 248
4 60 352
4 61 694
4 62 218
4 63 545
4 64 886
4 65 600
4 66 669
4 67 847
4 68 666
4 69 304
4 70 34
4 71 262
4 72 453
4 73 436
4 74 321
4 75 656
4 76 773
4 77 825
4 78 281
4 79 908
4 80 266
4 81 316
4 82 713
4 83 868
4 84 872
4 85 744
4 86 590
4 87 612
4 88 696
4 89 252
4 90 163
4 91 831
4 92 873
4 93 367
4 94 654
4 95 568
4 96 508
4 97 934
4 98 523
4 99 278
4 100 432
5 1 641
5 2 387
5 3 446
5 4 331
5 6 435
5 7 509
5 8 551
5 9 348
5 10 496
5 11 502
5 12 624
5 13 307
5 14 272
5 15 174
5 16 320
5 17 425
5 18 731
5 19 235
5 20 334
5 21 623
5 22 564
5 23 88
5 24 649
5 25 165
5 26 480
5 27 524
5 28 486
5 29 316
5 30 388
5 31 451
5 32 504
5 33 119
5 34 156
5 35 576
5 36 497
5 37 247
5 38 503
5 39 138
5 40 387
5 41 424
5 42 630
5 43 308
5 44 365
5 45 495
5 46 563
5 47 366
5 48 315
5 49 423
5 50 376
5 51 600
5 52 137
5 53 434
5 54 400
5 55 147
5 56 420
5 57 566
5 58 513
5 59 354
5 60 315
5 61 510
5 62 263
5 63 248
5 64 562
5 65 511
5 66 396
5 67 547
5 68 336
5 69 473
5 70 308
5 71 225
5 72 359
5 73 645
5 74 307
5 75 574
5 76 444
5 77 496
5 78 411
5 79 582
5 80 505
5 81 86
5 82 539
5 83 557
5 84 548
5 85 467
5 86 361
5 87 407
5 88 585
5 89 126
5 90 351
5 91 545
5 92 598
5 93 102
5 94 499
5 95 244
5 96 181
5 97 609
5 98 486
5 99 452
5 100 317
6 1 255
6 2 224
6 3 733
6 4 717
6 5 435
6 7 644
6 8 475
6 9 725
6 10 901
6 11 801
6 12 741
6 13 739
6 14 706
6 15 435
6 16 728
6 17 489
6 18 927
6 19 226
6 20 767
6 21 878
6 22 993
6 23 402
6 24 862
6 25 438
6 26 895
6 27 949
6 28 54
6 29 561
6 30 567
6 31 308
6 32 897
6 33 333
6 34 382
6 35 185
6 36 838
6 37 615
6 38 809
6 39 562
6 40 781
6 41 157
6 42 315
6 43 663
6 44 610
6 45 490
6 46 827
6 47 757
6 48 514
6 49 313
6 50 701
6 51 353
6 52 300
6 53 500
6 54 575
6 55 304
6 56 847
6 57 913
6 58 909
6 59 788
6 60 455
6 61 783
6 62 697
6 63 188
6 64 262
6 65 868
6 66 576
6 67 590
6 68 261
6 69 907
6 70 685
6 71 656
6 72 383
6 73 1079
6 74 732
6 75 925
6 76 259
6 77 386
6 78 845
6 79 294
6 80 933
6 81 510
6 82 816
6 83 185
6 84 257
6 85 34
6 86 630
6 87 198
6 88 912
6 89 560
6 90 779
6 91 629
6 92 697
6 93 492
6 94 806
6 95 371
6 96 361
6 97 303
6 98 473
6 99 886
6 100 701
7 1 664
7 2 426
7 3 231
7 4 780
7 5 509
7 6 644
7 8 274
7 9 803
7 10 883
7 11 277
7 12 116
7 13 573
7 14 599
7 15 338
7 16 740
7 17 158
7 18 284
7 19 612
7 20 593
7 21 272
7 22 707
7 23 586
7 24 228
7 25 346
7 26 574
7 27 654
7 28 689
7 29 206
7 30 122
7 31 372
7 32 505
7 33 460
7 34 375
7 35 640
7 36 363
7 37 362
7 38 292
7 39 475
7 40 813
7 41 750
7 42 565
7 43 787
7 44 873
7 45 196
7 46 244
7 47 432
7 48 821
7 49 840
7 50 863
7 51 478
7 52 500
7 53 147
7 54 907
7 55 571
7 56 595
7 57 421
7 58 524
7 59 636
7 60 810
7 61 231
7 62 591
7 63 541
7 64 530
7 65 410
7 66 114
7 67 125
7 68 383
7 69 729
7 70 770
7 71 533
7 72 822
7 73 872
7 74 524
7 75 435
7 76 418
7 77 321
7 78 669
7 79 521
7 80 816
7 81 476
7 82 254
7 83 610
7 84 517
7 85 673
7 86 203
7 87 764
7 88 387
7 89 532
7 90 702
7 91 71
7 92 93
7 93 427
7 94 291
7 95 313
7 96 367
7 97 549
7 98 954
7 99 726
7 100 401
8 1 415
8 2 260
8 3 481
8 4 875
8 5 551
8 6 475
8 7 274
8 9 894
8 10 1017
8 11 539
8 12 320
8 13 736
8 14 741
8 15 397
8 16 850
8 17 168
8 18 530
8 19 541
8 20 760
8 21 545
8 22 924
8 23 598
8 24 492
8 25 407
8 26 794
8 27 870
8 28 506
8 29 367
8 30 295
8 31 168
8 32 743
8 33 452
8 34 397
8 35 409
8 36 617
8 37 524
8 38 553
8 39 586
8 40 923
8 41 616
8 42 304
8 43 858
8 44 895
8 45 86
8 46 517
8 47 639
8 48 820
8 49 745
8 50 926
8 51 212
8 52 472
8 53 168
8 54 903
8 55 541
8 56 792
8 57 682
8 58 761
8 59 800
8 60 787
8 61 497
8 62 731
8 63 453
8 64 284
8 65 662
8 66 298
8 67 160
8 68 259
8 69 911
8 70 855
8 71 672
8 72 765
8 73 1072
8 74 697
8 75 696
8 76 216
8 77 90
8 78 845
8 79 266
8 80 981
8 81 562
8 82 524
8 83 380
8 84 274
8 85 495
8 86 411
8 87 644
8 88 655
8 89 629
8 90 844
8 91 218
8 92 274
8 93 513
8 94 551
8 95 309
8 96 371
8 97 290
8 98 887
8 99 900
8 100 594
9 1 962
9 2 729
9 3 659
9 4 25
9 5 348
9 6 725
9 7 803
9 8 894
9 10 186
9 11 688
9 12 911
9 13 295
9 14 238
9 15 500
9 16 84
9 17 755
9 18 961
9 19 499
9 20 298
9 21 824
9 22 471
9 23 333
9 24 878
9 25 490
9 26 474
9 27 462
9 28 769
9 29 598
9 30 685
9 31 798
9 32 554
9 33 462
9 34 499
9 35 893
9 36 637
9 37 452
9 38 681
9 39 328
9 40 67
9 41 651
9 42 968
9 43 69
9 44 226
9 45 831
9 46 768
9 47 470
9 48 286
9 49 561
9 50 105
9 51 945
9 52 464
9 53 762
9 54 313
9 55 428
9 56 387
9 57 678
9 58 550
9 59 270
9 60 348
9 61 718
9 62 242
9 63 556
9 64 900
9 65 623
9 66 691
9 67 869
9 68 682
9 69 321
9 70 42
9 71 286
9 72 450
9 73 446
9 74 345
9 75 679
9 76 788
9 77 843
9 78 301
9 79 922
9 80 276
9 81 337
9 82 737
9 83 879
9 84 886
9 85 752
9 86 613
9 87 614
9 88 720
9 89 273
9 90 184
9 91 853
9 92 896
9 93 387
9 94 678
9 95 586
9 96 526
9 97 948
9 98 514
9 99 294
9 100 456
10 1 1130
10 2 882
10 3 701
10 4 188
10 5 496
10 6 901
10 7 883
10 8 1017
10 9 186
10 11 713
10 12 980
10 13 314
10 14 284
10 15 622
10 16 177
10 17 864
10 18 992
10 19 676
10 20 301
10 21 846
10 22 375
10 23 501
10 24 913
10 25 611
10 26 429
10 27 387
10 28 947
10 29 684
10 30 773
10 31 942
10 32 524
10 33 614
10 34 633
10 35 1062
10 36 644
10 37 522
10 38 703
10 39 431
10 40 122
10 41 835
10 42 1125
10 43 255
10 44 397
10 45 946
10 46 796
10 47 486
10 48 468
10 49 747
10 50 264
10 51 1093
10 52 625
10 53 869
10 54 483
10 55 599
10 56 351
10 57 665
10 58 514
10 59 258
10 60 532
10 61 752
10 62 294
10 63 725
10 64 1057
10 65 617
10 66 778
10 67 967
10 68 829
10 69 229
10 70 221
10 71 353
10 72 634
10 73 292
10 74 367
10 75 662
10 76 938
10 77 976
10 78 251
10 79 1078
10 80 139
10 81 458
10 82 765
10 83 1046
10 84 1043
10 85 929
10 86 682
10 87 798
10 88 714
10 89 391
10 90 182
10 91 942
10 92 974
10 93 506
10 94 700
10 95 717
10 96 663
10 97 1104
10 98 692
10 99 211
10 100 494
11 1 887
11 2 615
11 3 70
11 4 664
11 5 502
11 6 801
11 7 277
11 8 539
11 9 688
11 10 713
11 12 320
11 13 405
11 14 454
11 15 384
11 16 610
11 17 386
11 18 279
11 19 691
11 20 414
11 21 136
11 22 459
11 23 590
11 24 201
11 25 384
11 26 330
11 27 408
11 28 853
11 29 241
11 30 259
11 31 594
11 32 244
11 33 518
11 34 439
11 35 850
11 36 92
11 37 262
11 38 16
11 39 400
11 40 676
11 41 866
11 42 807
11 43 696
11 44 825
11 45 455
11 46 83
11 47 228
11 48 802
11 49 912
11 50 773
11 51 727
11 52 564
11 53 380
11 54 882
11 55 621
11 56 377
11 57 145
11 58 263
11 59 456
11 60 814
11 61 51
11 62 448
11 63 648
11 64 759
11 65 139
11 66 253
11 67 401
11 68 557
11 69 518
11 70 666
11 71 404
11 72 860
11 73 634
11 74 352
11 75 159
11 76 630
11 77 565
11 78 470
11 79 758
11 80 616
11 81 431
11 82 52
11 83 821
11 84 744
11 85 834
11 86 172
11 87 865
11 88 119
11 89 457
11 90 540
11 91 347
11 92 337
11 93 401
11 94 16
11 95 431
11 96 450
11 97 787
11 98 987
11 99 523
11 100 233
12 1 731
12 2 518
12 3 295
12 4 888
12 5 624
12 6 741
12 7 116
12 8 320
12 9 911
12 10 980
12 11 320
12 13 668
12 14 699
12 15 454
12 16 844
12 17 254
12 18 211
12 19 724
12 20 685
12 21 262
12 22 774
12 23 701
12 24 188
12 25 461
12 26 642
12 27 722
12 28 782
12 29 316
12 30 237
12 31 452
12 32 563
12 33 575
12 34 491
12 35 717
12 36 411
12 37 463
12 38 335
12 39 584
12 40 917
12 41 855
12 42 623
12 43 898
12 44 988
12 45 262
12 46 259
12 47 512
12 48 936
12 49 951
12 50 974
12 51 532
12 52 614
12 53 243
12 54 1022
12 55 686
12 56 675
12 57 455
12 58 582
12 59 729
12 60 925
12 61 270
12 62 691
12 63 650
12 64 597
12 65 458
12 66 229
12 67 163
12 68 482
12 69 813
12 70 879
12 71 635
12 72 937
12 73 946
12 74 617
12 75 468
12 76 500
12 77 388
12 78 756
12 79 583
12 80 904
12 81 589
12 82 281
12 83 687
12 84 586
12 85 767
12 86 301
12 87 871
12 88 411
12 89 642
12 90 800
12 91 113
12 92 47
12 93 541
12 94 336
12 95 426
12 96 481
12 97 608
12 98 1068
12 99 812
12 100 490
13 1 928
13 2 652
13 3 388
13 4 272
13 5 307
13 6 739
13 7 573
13 8 736
13 9 295
13 10 314
13 11 405
13 12 668
13 14 63
13 15 360
13 16 212
13 17 574
13 18 683
13 19 539
13 20 28
13 21 540
13 22 259
13 23 366
13 24 603
13 25 351
13 26 198
13 27 223
13 28 792
13 29 382
13 30 470
13 31 691
13 32 264
13 33 410
13 34 391
13 35 868
13 36 345
13 37 217
13 38 396
13 39 181
13 40 274
13 41 727
13 42 896
13 43 321
13 44 476
13 45 658
13 46 487
13 47 179
13 48 489
13 49 699
13 50 392
13 51 847
13 52 440
13 53 577
13 54 552
13 55 451
13 56 121
13 57 384
13 58 262
13 59 65
13 60 528
13 61 441
13 62 64
13 63 552
13 64 831
13 65 329
13 66 473
13 67 665
13 68 592
13 69 180
13 70 282
13 71 84
13 72 609
13 73 351
13 74 54
13 75 385
13 76 700
13 77 710
13 78 113
13 79 845
13 80 247
13 81 230
13 82 456
13 83 846
13 84 816
13 85 772
13 86 370
13 87 705
13 88 426
13 89 184
13 90 136
13 91 635
13 92 663
13 93 258
13 94 393
13 95 459
13 96 421
13 97 875
13 98 714
13 99 166
13 100 180
14 1 905
14 2 636
14 3 430
14 4 214
14 5 272
14 6 706
14 7 599
14 8 741
14 9 238
14 10 284
14 11 454
14 12 699
14 13 63
14 15 353
14 16 157
14 17 584
14 18 730
14 19 498
14 20 78
14 21 589
14 22 307
14 23 320
14 24 648
14 25 343
14 26 259
14 27 277
14 28 757
14 29 401
14 30 490
14 31 683
14 32 326
14 33 382
14 34 376
14 35 843
14 36 400
14 37 239
14 38 446
14 39 162
14 40 224
14 41 683
14 42 882
14 43 260
14 44 414
14 45 667
14 46 535
14 47 232
14 48 429
14 49 646
14 50 331
14 51 838
14 52 408
14 53 588
14 54 490
14 55 410
14 56 178
14 57 442
14 58 325
14 59 84
14 60 469
14 61 486
14 62 11
14 63 519
14 64 816
14 65 387
14 66 494
14 67 684
14 68 578
14 69 202
14 70 222
14 71 70
14 72 553
14 73 375
14 74 107
14 75 444
14 76 687
14 77 708
14 78 141
14 79 832
14 80 245
14 81 204
14 82 503
14 83 822
14 84 800
14 85 738
14 86 399
14 87 658
14 88 483
14 89 146
14 90 104
14 91 658
14 92 691
14 93 242
14 94 442
14 95 452
14 96 406
14 97 860
14 98 655
14 99 181
14 100 223
15 1 581
15 2 299
15 3 318
15 4 480
15 5 174
15 6 435
15 7 338
15 8 397
15 9 500
15 10 622
15 11 384
15 12 454
15 13 360
15 14 353
15 16 454
15 17 256
15 18 577
15 19 309
15 20 387
15 21 486
15 22 589
15 23 248
15 24 498
15 25 11
15 26 475
15 27 539
15 28 488
15 29 159
15 30 218
15 31 333
15 32 465
15 33 138
15 34 56
15 35 526
15 36 407
15 37 184
15 38 388
15 39 193
15 40 527
15 41 484
15 42 539
15 43 471
15 44 538
15 45 331
15 46 428
15 47 328
15 48 483
15 49 534
15 50 543
15 51 488
15 52 183
15 53 264
15 54 569
15 55 247
15 56 444
15 57 482
15 58 479
15 59 421
15 60 474
15 61 377
15 62 342
15 63 267
15 64 475
15 65 434
15 66 227
15 67 376
15 68 237
15 69 539
15 70 463
15 71 285
15 72 497
15 73 709
15 74 333
15 75 493
15 76 342
15 77 357
15 78 472
15 79 488
15 80 597
15 81 166
15 82 410
15 83 501
15 84 460
15 85 468
15 86 219
15 87 483
15 88 486
15 89 233
15 90 452
15 91 372
15 92 426
15 93 116
15 94 385
15 95 100
15 96 74
15 97 518
15 98 628
15 99 524
15 100 272
16 1 953
16 2 706
16 3 584
16 4 62
16 5 320
16 6 728
16 7 740
16 8 850
16 9 84
16 10 177
16 11 610
16 12 844
16 13 212
16 14 157
16 15 454
16 17 704
16 18 885
16 19 504
16 20 215
16 21 746
16 22 395
16 23 327
16 24 803
16 25 444
16 26 390
16 27 382
16 28 774
16 29 536
16 30 624
16 31 768
16 32 470
16 33 438
16 34 461
16 35 886
16 36 556
16 37 382
16 38 602
16 39 270
16 40 75
16 41 670
16 42 949
16 43 128
16 44 294
16 45 783
16 46 691
16 47 389
16 48 338
16 49 598
16 50 186
16 51 918
16 52 448
16 53 710
16 54 379
16 55 425
16 56 304
16 57 595
16 58 466
16 59 187
16 60 393
16 61 641
16 62 163
16 63 549
16 64 881
16 65 541
16 66 630
16 67 813
16 68 654
16 69 249
16 70 83
16 71 212
16 72 491
16 73 391
16 74 263
16 75 596
16 76 763
16 77 805
16 78 221
16 79 901
16 80 223
16 81 289
16 82 660
16 83 870
16 84 866
16 85 756
16 86 545
16 87 637
16 88 638
16 89 222
16 90 103
16 91 793
16 92 832
16 93 338
16 94 599
16 95 546
16 96 490
16 97 928
16 98 571
16 99 222
16 100 379
17 1 513
17 2 269
17 3 323
17 4 734
17 5 425
17 6 489
17 7 158
17 8 168
17 9 755
17 10 864
17 11 386
17 12 254
17 13 574
17 14 584
17 15 256
17 16 704
17 18 441
17 19 479
17 20 598
17 21 417
17 22 756
17 23 488
17 24 383
17 25 266
17 26 626
17 27 703
17 28 532
17 29 200
17 30 131
17 31 219
17 32 577
17 33 348
17 34 273
17 35 486
17 36 457
17 37 359
17 38 398
17 39 435
17 40 777
17 41 602
17 42 423
17 43 726
17 44 786
17 45 85
17 46 378
17 47 472
17 48 721
17 49 703
17 50 798
17 51 342
17 52 380
17 53 12
17 54 807
17 55 453
17 56 625
17 57 526
17 58 596
17 59 638
17 60 700
17 61 349
17 62 574
17 63 401
17 64 381
17 65 501
17 66 135
17 67 126
17 68 229
17 69 747
17 70 718
17 71 514
17 72 699
17 73 905
17 74 533
17 75 540
17 76 262
17 77 180
17 78 681
17 79 376
17 80 820
17 81 419
17 82 379
17 83 456
17 84 367
17 85 517
17 86 245
17 87 619
17 88 503
17 89 484
17 90 687
17 91 145
17 92 213
17 93 368
17 94 396
17 95 192
17 96 255
17 97 405
17 98 828
17 99 737
17 100 427
18 1 938
18 2 709
18 3 303
18 4 937
18 5 731
18 6 927
18 7 284
18 8 530
18 9 961
18 10 992
18 11 279
18 12 211
18 13 683
18 14 730
18 15 577
18 16 885
18 17 441
18 19 876
18 20 693
18 21 150
18 22 716
18 23 817
18 24 84
18 25 582
18 26 596
18 27 670
18 28 972
18 29 420
18 30 372
18 31 653
18 32 502
18 33 712
18 34 625
18 35 920
18 36 356
18 37 517
18 38 290
18 39 655
18 40 953
18 41 1027
18 42 833
18 43 963
18 44 1079
18 45 467
18 46 197
18 47 507
18 48 1044
18 49 1105
18 50 1041
18 51 742
18 52 755
18 53 431
18 54 1127
18 55 823
18 56 653
18 57 363
18 58 519
18 59 735
18 60 1045
18 61 244
18 62 723
18 63 813
18 64 804
18 65 393
18 66 363
18 67 371
18 68 666
18 69 793
18 70 936
18 71 676
18 72 1073
18 73 895
18 74 630
18 75 374
18 76 699
18 77 594
18 78 748
18 79 792
18 80 892
18 81 675
18 82 228
18 83 890
18 84 792
18 85 956
18 86 371
18 87 1037
18 88 310
18 89 714
18 90 819
18 91 316
18 92 257
18 93 634
18 94 293
18 95 581
18 96 625
18 97 818
18 98 1205
18 99 799
18 100 507
19 1 470
19 2 296
19 3 627
19 4 491
19 5 235
19 6 226
19 7 612
19 8 541
19 9 499
19 10 676
19 11 691
19 12 724
19 13 539
19 14 498
19 15 309
19 16 504
19 17 479
19 18 876
19 20 566
19 21 794
19 22 797
19 23 181
19 24 800
19 25 308
19 26 714
19 27 758
19 28 271
19 29 465
19 30 505
19 31 389
19 32 733
19 33 173
19 34 256
19 35 399
19 36 705
19 37 460
19 38 695
19 39 372
19 40 556
19 41 190
19 42 498
19 43 438
19 44 398
19 45 518
19 46 737
19 47 593
19 48 307
19 49 230
19 50 478
19 51 502
19 52 128
19 53 490
19 54 381
19 55 88
19 56 654
19 57 778
19 58 742
19 59 581
19 60 259
19 61 686
19 62 490
19 63 89
19 64 432
19 65 726
19 66 515
19 67 602
19 68 282
19 69 697
19 70 459
19 71 458
19 72 225
19 73 867
19 74 542
19 75 788
19 76 357
19 77 460
19 78 638
19 79 460
19 80 714
19 81 319
19 82 718
19 83 390
19 84 422
19 85 254
19 86 528
19 87 178
19 88 789
19 89 356
19 90 562
19 91 622
19 92 687
19 93 318
19 94 691
19 95 299
19 96 252
19 97 480
19 98 351
19 99 674
19 100 540
20 1 956
20 2 680
20 3 401
20 4 275
20 5 334
20 6 767
20 7 593
20 8 760
20 9 298
20 10 301
20 11 414
20 12 685
20 13 28
20 14 78
20 15 387
20 16 215
20 17 598
20 18 693
20 19 566
20 21 548
20 22 233
20 23 391
20 24 613
20 25 378
20 26 183
20 27 200
20 28 819
20 29 404
20 30 491
20 31 718
20 32 256
20 33 438
20 34 419
20 35 895
20 36 349
20 37 240
20 38 404
20 39 208
20 40 271
20 41 753
20 42 924
20 43 330
20 44 489
20 45 682
20 46 497
20 47 186
20 48 506
20 49 722
20 50 398
20 51 874
20 52 468
20 53 601
20 54 566
20 55 478
20 56 100
20 57 383
20 58 253
20 59 44
20 60 547
20 61 452
20 62 83
20 63 579
20 64 859
20 65 329
20 66 494
20 67 687
20 68 620
20 69 153
20 70 289
20 71 111
20 72 630
20 73 324
20 74 69
20 75 383
20 76 727
20 77 736
20 78 86
20 79 873
20 80 225
20 81 258
20 82 465
20 83 873
20 84 843
20 85 799
20 86 390
20 87 730
20 88 427
20 89 210
20 90 128
20 91 655
20 92 681
20 93 286
20 94 401
20 95 487
20 96 448
20 97 902
20 98 733
20 99 141
20 100 196
21 1 930
21 2 674
21 3 178
21 4 800
21 5 623
21 6 878
21 7 272
21 8 545
21 9 824
21 10 846
21 11 136
21 12 262
21 13 540
21 14 589
21 15 486
21 16 746
21 17 417
21 18 150
21 19 794
21 20 548
21 22 568
21 23 710
21 24 87
21 25 489
21 26 447
21 27 521
21 28 927
21 29 330
21 30 312
21 31 635
21 32 353
21 33 623
21 34 539
21 35 901
21 36 206
21 37 391
21 38 144
21 39 530
21 40 812
21 41 959
21 42 836
21 43 831
21 44 956
21 45 468
21 46 60
21 47 362
21 48 929
21 49 1019
21 50 908
21 51 750
21 52 668
21 53 409
21 54 1010
21 55 731
21 56 504
21 57 218
21 58 370
21 59 589
21 60 937
21 61 114
21 62 583
21 63 741
21 64 797
21 65 243
21 66 304
21 67 390
21 68 622
21 69 644
21 70 801
21 71 540
21 72 976
21 73 747
21 74 487
21 75 229
21 76 677
21 77 591
21 78 600
21 79 790
21 80 744
21 81 557
21 82 88
21 83 871
21 84 783
21 85 909
21 86 268
21 87 964
21 88 166
21 89 588
21 90 675
21 91 331
21 92 295
21 93 522
21 94 147
21 95 513
21 96 544
21 97 818
21 98 1105
21 99 651
21 100 368
22 1 1168
22 2 887
22 3 481
22 4 453
22 5 564
22 6 993
22 7 707
22 8 924
22 9 471
22 10 375
22 11 459
22 12 774
22 13 259
22 14 307
22 15 589
22 16 395
22 17 756
22 18 716
22 19 797
22 20 233
22 21 568
22 23 624
22 24 650
22 25 581
22 26 134
22 27 54
22 28 1046
22 29 557
22 30 633
22 31 912
22 32 217
22 33 662
22 34 630
22 35 1111
22 36 369
22 37 413
22 38 444
22 39 432
22 40 418
22 41 985
22 42 1124
22 43 522
22 44 688
22 45 840
22 46 535
22 47 285
22 48 722
22 49 953
22 50 575
22 51 1066
22 52 695
22 53 757
22 54 772
22 55 709
22 56 147
22 57 355
22 58 199
22 59 228
22 60 769
22 61 508
22 62 313
22 63 806
22 64 1063
22 65 326
22 66 633
22 67 821
22 68 825
22 69 153
22 70 478
22 71 340
22 72 857
22 73 179
22 74 262
22 75 346
22 76 928
22 77 916
22 78 177
22 79 1073
22 80 238
22 81 484
22 82 505
22 83 1088
22 84 1047
22 85 1026
22 86 517
22 87 962
22 88 409
22 89 442
22 90 292
22 91 777
22 92 784
22 93 504
22 94 443
22 95 685
22 96 658
22 97 1103
22 98 954
22 99 178
22 100 333
23 1 630
23 2 402
23 3 534
23 4 321
23 5 88
23 6 402
23 7 586
23 8 598
23 9 333
23 10 501
23 11 590
23 12 701
23 13 366
23 14 320
23 15 248
23 16 327
23 17 488
23 18 817
23 19 181
23 20 391
23 21 710
23 22 624
23 24 735
23 25 241
23 26 551
23 27 588
23 28 450
23 29 399
23 30 466
23 31 479
23 32 583
23 33 147
23 34 216
23 35 562
23 36 584
23 37 334
23 38 591
23 39 215
23 40 384
23 41 363
23 42 636
23 43 279
23 44 299
23 45 551
23 46 651
23 47 448
23 48 236
23 49 342
23 50 336
23 51 619
23 52 135
23 53 498
23 54 322
23 55 99
23 56 484
23 57 651
23 58 590
23 59 403
23 60 229
23 61 597
23 62 313
23 63 225
23 64 568
23 65 596
23 66 474
23 67 613
23 68 361
23 69 518
23 70 292
23 71 287
23 72 271
23 73 686
23 74 376
23 75 659
23 76 463
23 77 534
23 78 460
23 79 592
23 80 534
23 81 168
23 82 627
23 83 547
23 84 555
23 85 431
23 86 447
23 87 339
23 88 672
23 89 184
23 90 381
23 91 616
23 92 673
23 93 190
23 94 587
23 95 299
23 96 235
23 97 616
23 98 398
23 99 494
23 100 400
24 1 891
24 2 649
24 3 220
24 4 854
24 5 649
24 6 862
24 7 228
24 8 492
24 9 878
24 10 913
24 11 201
24 12 188
24 13 603
24 14 648
24 15 498
24 16 803
24 17 383
24 18 84
24 19 800
24 20 613
24 21 87
24 22 650
24 23 735
24 25 502
24 26 526
24 27 602
24 28 909
24 29 340
24 30 299
24 31 599
24 32 434
24 33 634
24 34 547
24 35 867
24 36 284
24 37 433
24 38 213
24 39 571
24 40 871
24 41 955
24 42 790
24 43 880
24 44 996
24 45 421
24 46 119
24 47 428
24 48 961
24 49 1028
24 50 957
24 51 701
24 52 678
24 53 373
24 54 1044
24 55 744
24 56 578
24 57 303
24 58 452
24 59 656
24 60 963
24 61 162
24 62 641
24 63 739
24 64 757
24 65 324
24 66 290
24 67 333
24 68 602
24 69 719
24 70 853
24 71 593
24 72 994
24 73 828
24 74 549
24 75 315
24 76 644
24 77 547
24 78 671
24 79 747
24 80 817
24 81 592
24 82 150
24 83 837
24 84 744
24 85 892
24 86 288
24 87 964
24 88 252
24 89 630
24 90 738
24 91 274
24 92 227
24 93 551
24 94 216
24 95 508
24 96 548
24 97 774
24 98 1125
24 99 724
24 100 425
25 1 588
25 2 306
25 3 319
25 4 470
25 5 165
25 6 438
25 7 346
25 8 407
25 9 490
25 10 611
25 11 384
25 12 461
25 13 351
25 14 343
25 15 11
25 16 444
25 17 266
25 18 582
25 19 308
25 20 378
25 21 489
25 22 581
25 23 241
25 24 502
25 26 469
25 27 532
25 28 492
25 29 163
25 30 225
25 31 342
25 32 460
25 33 135
25 34 58
25 35 533
25 36 405
25 37 179
25 38 389
25 39 183
25 40 517
25 41 484
25 42 547
25 43 461
25 44 530
25 45 341
25 46 431
25 47 323
25 48 476
25 49 531
25 50 533
25 51 498
25 52 181
25 53 274
25 54 562
25 55 243
25 56 436
25 57 480
25 58 474
25 59 412
25 60 467
25 61 379
25 62 333
25 63 268
25 64 483
25 65 432
25 66 234
25 67 385
25 68 245
25 69 530
25 70 453
25 71 276
25 72 492
25 73 700
25 74 325
25 75 491
25 76 351
25 77 367
25 78 463
25 79 496
25 80 588
25 81 156
25 82 412
25 83 508
25 84 468
25 85 472
25 86 221
25 87 482
25 88 486
25 89 223
25 90 442
25 91 380
25 92 434
25 93 106
25 94 385
25 95 110
25 96 79
25 97 526
25 98 623
25 99 515
25 100 267
26 1 1055
26 2 771
26 3 348
26 4 452
26 5 480
26 6 895
26 7 574
26 8 794
26 9 474
26 10 429
26 11 330
26 12 642
26 13 198
26 14 259
26 15 475
26 16 390
26 17 626
26 18 596
26 19 714
26 20 183
26 21 447
26 22 134
26 23 551
26 24 526
26 25 469
26 27 80
26 28 949
26 29 428
26 30 501
26 31 790
26 32 99
26 33 564
26 34 521
26 35 1001
26 36 243
26 37 293
26 38 316
26 39 342
26 40 435
26 41 903
26 42 1005
26 43 511
26 44 671
26 45 709
26 46 409
26 47 156
26 48 687
26 49 890
26 50 576
26 51 942
26 52 601
26 53 626
26 54 749
26 55 627
26 56 87
26 57 243
26 58 86
26 59 204
26 60 725
26 61 378
26 62 262
26 63 711
26 64 945
26 65 204
26 66 501
26 67 688
26 68 709
26 69 206
26 70 469
26 71 266
26 72 804
26 73 305
26 74 176
26 75 238
26 76 809
26 77 790
26 78 182
26 79 953
26 80 308
26 81 395
26 82 378
26 83 976
26 84 929
26 85 929
26 86 385
26 87 885
26 88 296
26 89 367
26 90 292
26 91 644
26 92 651
26 93 404
26 94 314
26 95 568
26 96 547
26 97 984
26 98 912
26 99 220
26 100 208
27 1 1120
27 2 837
27 3 428
27 4 442
27 5 524
27 6 949
27 7 654
27 8 870
27 9 462
27 10 387
27 11 408
27 12 722
27 13 223
27 14 277
27 15 539
27 16 382
27 17 703
27 18 670
27 19 758
27 20 200
27 21 521
27 22 54
27 23 588
27 24 602
27 25 532
27 26 80
27 28 1002
27 29 504
27 30 579
27 31 860
27 32 169
27 33 617
27 34 582
27 35 1064
27 36 319
27 37 361
27 38 394
27 39 389
27 40 415
27 41 947
27 42 1074
27 43 508
27 44 673
27 45 786
27 46 485
27 47 231
27 48 700
27 49 921
27 50 567
27 51 1014
27 52 652
27 53 703
27 54 755
27 55 670
27 56 104
27 57 310
27 58 152
27 59 203
27 60 744
27 61 456
27 62 282
27 63 763
27 64 1012
27 65 278
27 66 579
27 67 767
27 68 775
27 69 159
27 70 464
27 71 302
27 72 829
27 73 227
27 74 218
27 75 303
27 76 877
27 77 863
27 78 162
27 79 1022
27 80 256
27 81 442
27 82 455
27 83 1040
27 84 997
27 85 982
27 86 464
27 87 926
27 88 364
27 89 404
27 90 280
27 91 723
27 92 731
27 93 458
27 94 392
27 95 635
27 96 609
27 97 1052
27 98 930
27 99 180
27 100 280
28 1 235
28 2 265
28 3 784
28 4 762
28 5 486
28 6 54
28 7 689
28 8 506
28 9 769
28 10 947
28 11 853
28 12 782
28 13 792
28 14 757
28 15 488
28 16 774
28 17 532
28 18 972
28 19 271
28 20 819
28 21 927
28 22 1046
28 23 450
28 24 909
28 25 492
28 26 949
28 27 1002
28 29 613
28 30 616
28 31 341
28 32 950
28 33 386
28 34 435
28 35 169
28 36 890
28 37 668
28 38 861
28 39 614
28 40 826
28 41 164
28 42 314
28 43 706
28 44 643
28 45 528
28 46 877
28 47 811
28 48 547
28 49 324
28 50 740
28 51 364
28 52 352
28 53 543
28 54 603
28 55 352
28 56 900
28 57 966
28 58 963
28 59 840
28 60 485
28 61 833
28 62 748
28 63 240
28 64 269
28 65 921
28 66 624
28 67 629
28 68 308
28 69 958
28 70 729
28 71 708
28 72 405
28 73 1130
28 74 785
28 75 977
28 76 291
28 77 418
28 78 896
28 79 301
28 80 982
28 81 563
28 82 867
28 83 177
28 84 267
28 85 20
28 86 682
28 87 209
28 88 965
28 89 612
28 90 829
28 91 670
28 92 738
28 93 545
28 94 858
28 95 423
28 96 414
28 97 305
28 98 484
28 99 936
28 100 755
29 1 660
29 2 380
29 3 172
29 4 575
29 5 316
29 6 561
29 7 206
29 8 367
29 9 598
29 10 684
29 11 241
29 12 316
29 13 382
29 14 401
29 15 159
29 16 536
29 17 200
29 18 420
29 19 465
29 20 404
29 21 330
29 22 557
29 23 399
29 24 340
29 25 163
29 26 428
29 27 504
29 28 613
29 30 90
29 31 374
29 32 386
29 33 295
29 34 210
29 35 617
29 36 287
29 37 165
29 38 249
29 39 270
29 40 610
29 41 631
29 42 591
29 43 583
29 44 675
29 45 284
29 46 274
29 47 273
29 48 630
29 49 691
29 50 659
29 51 521
29 52 340
29 53 201
29 54 715
29 55 405
29 56 426
29 57 361
29 58 404
29 59 446
29 60 627
29 61 225
29 62 391
29 63 413
29 64 537
29 65 324
29 66 95
29 67 284
29 68 320
29 69 550
29 70 565
29 71 332
29 72 654
29 73 707
29 74 338
29 75 374
29 76 403
29 77 364
29 78 486
29 79 540
29 80 628
29 81 273
29 82 258
29 83 588
29 84 521
29 85 594
29 86 69
29 87 634
29 88 354
29 89 327
29 90 504
29 91 259
29 92 298
29 93 226
29 94 246
29 95 191
29 96 215
29 97 570
29 98 786
29 99 542
29 100 227
30 1 630
30 2 364
30 3 194
30 4 663
30 5 388
30 6 567
30 7 122
30 8 295
30 9 685
30 10 773
30 11 259
30 12 237
30 13 470
30 14 490
30 15 218
30 16 624
30 17 131
30 18 372
30 19 505
30 20 491
30 21 312
30 22 633
30 23 466
30 24 299
30 25 225
30 26 501
30 27 579
30 28 616
30 29 90
30 31 336
30 32 448
30 33 346
30 34 259
30 35 595
30 36 327
30 37 254
30 38 271
30 39 357
30 40 698
30 41 657
30 42 548
30 43 667
30 44 752
30 45 210
30 46 265
30 47 349
30 48 700
30 49 734
30 50 743
30 51 470
30 52 387
30 53 128
30 54 786
30 55 457
30 56 508
30 57 397
30 58 466
30 59 534
30 60 692
30 61 227
30 62 480
30 63 441
30 64 501
30 65 370
30 66 10
30 67 196
30 68 310
30 69 635
30 70 651
30 71 421
30 72 709
30 73 788
30 74 424
30 75 411
30 76 373
30 77 309
30 78 572
30 79 499
30 80 716
30 81 356
30 82 259
30 83 565
30 84 486
30 85 598
30 86 117
30 87 666
30 88 377
30 89 413
30 90 593
30 91 170
30 92 213
30 93 306
30 94 269
30 95 209
30 96 255
30 97 529
30 98 841
30 99 629
30 100 308
31 1 296
31 2 96
31 3 528
31 4 782
31 5 451
31 6 308
31 7 372
31 8 168
31 9 798
31 10 942
31 11 594
31 12 452
31 13 691
31 14 683
31 15 333
31 16 768
31 17 219
31 18 653
31 19 389
31 20 718
31 21 635
31 22 912
31 23 479
31 24 599
31 25 342
31 26 790
31 27 860
31 28 341
31 29 374
31 30 336
31 32 758
31 33 338
31 34 310
31 35 268
31 36 656
31 37 500
31 38 606
31 39 521
31 40 837
31 41 449
31 42 217
31 43 753
31 44 767
31 45 191
31 46 595
31 47 635
31 48 684
31 49 582
31 50 814
31 51 156
31 52 345
31 53 228
31 54 764
31 55 406
31 56 770
31 57 729
31 58 775
31 59 753
31 60 644
31 61 562
31 62 673
31 63 301
31 64 165
31 65 696
31 66 342
31 67 292
31 68 119
31 69 871
31 70 758
31 71 617
31 72 611
31 73 1040
31 74 663
31 75 742
31 76 50
31 77 79
31 78 804
31 79 166
31 80 928
31 81 485
31 82 593
31 83 238
31 84 150
31 85 329
31 86 436
31 87 478
31 88 712
31 89 552
31 90 780
31 91 340
31 92 406
31 93 442
31 94 603
31 95 233
31 96 280
31 97 197
31 98 729
31 99 856
31 100 582
32 1 1036
32 2 752
32 3 275
32 4 531
32 5 504
32 6 897
32 7 505
32 8 743
32 9 554
32 10 524
32 11 244
32 12 563
32 13 264
32 14 326
32 15 465
32 16 470
32 17 577
32 18 502
32 19 733
32 20 256
32 21 353
32 22 217
32 23 583
32 24 434
32 25 460
32 26 99
32 27 169
32 28 950
32 29 386
32 30 448
32 31 758
32 33 572
32 34 516
32 35 987
32 36 154
32 37 283
32 38 230
32 39 369
32 40 521
32 41 922
32 42 975
32 43 584
32 44 739
32 45 657
32 46 319
32 47 141
32 48 745
32 49 925
32 50 653
32 51 907
32 52 613
32 53 576
32 54 812
32 55 649
32 56 175
32 57 145
32 58 20
32 59 286
32 60 776
32 61 294
32 62 325
32 63 718
32 64 919
32 65 110
32 66 446
32 67 625
32 68 689
32 69 304
32 70 544
32 71 313
32 72 847
32 73 395
32 74 225
32 75 140
32 76 783
32 77 749
32 78 275
32 79 924
32 80 405
32 81 419
32 82 290
32 83 960
32 84 903
32 85 930
32 86 333
32 87 909
32 88 198
32 89 407
32 90 377
32 91 576
32 92 576
32 93 416
32 94 229
32 95 549
32 96 539
32 97 955
32 98 962
32 99 316
32 100 196
33 1 524
33 2 268
33 3 454
33 4 447
33 5 119
33 6 333
33 7 460
33 8 452
33 9 462
33 10 614
33 11 518
33 12 575
33 13 410
33 14 382
33 15 138
33 16 438
33 17 348
33 18 712
33 19 173
33 20 438
33 21 623
33 22 662
33 23 147
33 24 634
33 25 135
33 26 564
33 27 617
33 28 386
33 29 295
33 30 346
33 31 338
33 32 572
33 34 87
33 35 461
33 36 534
33 37 293
33 38 522
33 39 231
33 40 504
33 41 354
33 42 511
33 43 416
33 44 445
33 45 406
33 46 565
33 47 431
33 48 375
33 49 397
33 50 479
33 51 483
33 52 46
33 53 358
33 54 460
33 55 112
33 56 515
33 57 608
33 58 583
33 59 463
33 60 354
33 61 514
33 62 373
33 63 148
33 64 444
33 65 557
33 66 355
33 67 474
33 68 220
33 69 583
33 70 421
33 71 327
33 72 364
33 73 756
33 74 400
33 75 618
33 76 327
33 77 388
33 78 519
33 79 464
33 80 621
33 81 181
33 82 546
33 83 441
33 84 429
33 85 366
33 86 356
33 87 349
33 88 617
33 89 238
33 90 467
33 91 482
33 92 543
33 93 160
33 94 519
33 95 156
33 96 95
33 97 491
33 98 496
33 99 563
33 100 376
34 1 540
34 2 262
34 3 373
34 4 480
34 5 156
34 6 382
34 7 375
34 8 397
34 9 499
34 10 633
34 11 439
34 12 491
34 13 391
34 14 376
34 15 56
34 16 461
34 17 273
34 18 625
34 19 256
34 20 419
34 21 539
34 22 630
34 23 216
34 24 547
34 25 58
34 26 521
34 27 582
34 28 435
34 29 210
34 30 259
34 31 310
34 32 516
34 33 87
34 35 482
34 36 462
34 37 234
34 38 444
34 39 215
34 40 532
34 41 428
34 42 507
34 43 462
34 44 513
34 45 340
34 46 482
34 47 377
34 48 451
34 49 482
34 50 531
34 51 464
34 52 131
34 53 283
34 54 537
34 55 199
34 56 483
34 57 537
34 58 529
34 59 450
34 60 435
34 61 431
34 62 366
34 63 211
34 64 441
34 65 489
34 66 269
34 67 398
34 68 203
34 69 570
34 70 459
34 71 312
34 72 450
34 73 742
34 74 370
34 75 548
34 76 312
34 77 345
34 78 503
34 79 456
34 80 621
34 81 176
34 82 464
34 83 459
34 84 426
34 85 416
34 86 273
34 87 428
34 88 542
34 89 243
34 90 471
34 91 401
34 92 460
34 93 135
34 94 440
34 95 89
34 96 31
34 97 485
34 98 582
34 99 553
34 100 321
35 1 71
35 2 237
35 3 781
35 4 882
35 5 576
35 6 185
35 7 640
35 8 409
35 9 893
35 10 1062
35 11 850
35 12 717
35 13 868
35 14 843
35 15 526
35 16 886
35 17 486
35 18 920
35 19 399
35 20 895
35 21 901
35 22 1111
35 23 562
35 24 867
35 25 533
35 26 1001
35 27 1064
35 28 169
35 29 617
35 30 595
35 31 268
35 32 987
35 33 461
35 34 482
35 36 903
35 37 710
35 38 860
35 39 688
35 40 945
35 41 332
35 42 153
35 43 834
35 44 792
35 45 455
35 46 858
35 47 853
35 48 697
35 49 492
35 50 877
35 51 224
35 52 441
35 53 495
35 54 759
35 55 465
35 56 965
35 57 977
35 58 1001
35 59 922
35 60 639
35 61 821
35 62 833
35 63 338
35 64 130
35 65 939
35 66 602
35 67 555
35 68 299
35 69 1043
35 70 852
35 71 786
35 72 567
35 73 1216
35 74 851
35 75 990
35 76 225
35 77 330
35 78 978
35 79 157
35 80 1080
35 81 640
35 82 854
35 83 31
35 84 137
35 85 175
35 86 684
35 87 377
35 88 967
35 89 699
35 90 926
35 91 606
35 92 670
35 93 611
35 94 857
35 95 439
35 96 455
35 97 150
35 98 652
35 99 1024
35 100 797
36 1 945
36 2 666
36 3 136
36 4 613
36 5 497
36 6 838
36 7 363
36 8 617
36 9 637
36 10 644
36 11 92
36 12 411
36 13 345
36 14 400
36 15 407
36 16 556
36 17 457
36 18 356
36 19 705
36 20 349
36 21 206
36 22 369
36 23 584
36 24 284
36 25 405
36 26 243
36 27 319
36 28 890
36 29 287
36 30 327
36 31 656
36 32 154
36 33 534
36 34 462
36 35 903
36 37 251
36 38 77
36 39 379
36 40 618
36 41 888
36 42 871
36 43 653
36 44 793
36 45 531
36 46 166
36 47 168
36 48 780
36 49 917
36 50 728
36 51 796
36 52 579
36 53 453
36 54 856
36 55 629
36 56 299
36 57 76
36 58 172
36 59 389
36 60 799
36 61 142
36 62 396
36 63 673
36 64 820
36 65 48
36 66 322
36 67 486
36 68 605
36 69 439
36 70 619
36 71 361
36 72 855
36 73 546
36 74 294
36 75 88
36 76 687
36 77 635
36 78 395
36 79 821
36 80 538
36 81 418
36 82 137
36 83 874
36 84 805
36 85 871
36 86 221
36 87 882
36 88 89
36 89 431
36 90 477
36 91 434
36 92 427
36 93 397
36 94 76
36 95 471
36 96 479
36 97 852
36 98 979
36 99 445
36 100 193
37 1 763
37 2 479
37 3 216
37 4 428
37 5 247
37 6 615
37 7 362
37 8 524
37 9 452
37 10 522
37 11 262
37 12 463
37 13 217
37 14 239
37 15 184
37 16 382
37 17 359
37 18 517
37 19 460
37 20 240
37 21 391
37 22 413
37 23 334
37 24 433
37 25 179
37 26 293
37 27 361
37 28 668
37 29 165
37 30 254
37 31 500
37 32 283
37 33 293
37 34 234
37 35 710
37 36 251
37 38 260
37 39 139
37 40 455
37 41 646
37 42 713
37 43 448
37 44 565
37 45 444
37 46 332
37 47 144
37 48 540
37 49 667
37 50 525
37 51 654
37 52 336
37 53 362
37 54 620
37 55 380
37 56 272
37 57 321
37 58 296
37 59 282
37 60 553
37 61 279
37 62 230
37 63 438
37 64 652
37 65 267
37 66 257
37 67 449
37 68 416
37 69 388
37 70 423
37 71 172
37 72 605
37 73 549
37 74 174
37 75 330
37 76 517
37 77 507
37 78 322
37 79 662
37 80 464
37 81 170
37 82 305
37 83 684
37 84 636
37 85 648
37 86 163
37 87 637
37 88 339
37 89 198
37 90 341
37 91 421
37 92 453
37 93 147
37 94 257
37 95 275
37 96 258
37 97 692
37 98 730
37 99 379
37 100 88
38 1 898
38 2 624
38 3 79
38 4 657
38 5 503
38 6 809
38 7 292
38 8 553
38 9 681
38 10 703
38 11 16
38 12 335
38 13 396
38 14 446
38 15 388
38 16 602
38 17 398
38 18 290
38 19 695
38 20 404
38 21 144
38 22 444
38 23 591
38 24 213
38 25 389
38 26 316
38 27 394
38 28 861
38 29 249
38 30 271
38 31 606
38 32 230
38 33 522
38 34 444
38 35 860
38 36 77
38 37 260
38 39 397
38 40 668
38 41 871
38 42 819
38 43 691
38 44 821
38 45 468
38 46 95
38 47 218
38 48 800
38 49 914
38 50 767
38 51 740
38 52 568
38 53 393
38 54 879
38 55 624
38 56 365
38 57 130
38 58 248
38 59 446
38 60 813
38 61 66
38 62 440
38 63 654
38 64 770
38 65 123
38 66 265
38 67 416
38 68 566
38 69 506
38 70 659
38 71 398
38 72 860
38 73 620
38 74 343
38 75 145
38 76 640
38 77 578
38 78 458
38 79 769
38 80 604
38 81 430
38 82 64
38 83 831
38 84 755
38 85 842
38 86 180
38 87 870
38 88 107
38 89 454
38 90 531
38 91 362
38 92 352
38 93 401
38 94 4
38 95 439
38 96 456
38 97 799
38 98 988
38 99 511
38 100 226
39 1 748
39 2 476
39 3 355
39 4 306
39 5 138
39 6 562
39 7 475
39 8 586
39 9 328
39 10 431
39 11 400
39 12 584
39 13 181
39 14 162
39 15 193
39 16 270
39 17 435
39 18 655
39 19 372
39 20 208
39 21 530
39 22 432
39 23 215
39 24 571
39 25 183
39 26 342
39 27 389
39 28 614
39 29 270
39 30 357
39 31 521
39 32 369
39 33 231
39 34 215
39 35 688
39 36 379
39 37 139
39 38 397
39 40 344
39 41 561
39 42 720
39 43 315
39 44 426
39 45 515
39 46 471
39 47 233
39 48 403
39 49 556
39 50 392
39 51 677
39 52 263
39 53 441
39 54 482
39 55 285
39 56 286
39 57 442
39 58 376
39 59 237
39 60 421
39 61 418
39 62 152
39 63 375
39 64 655
39 65 385
39 66 363
39 67 544
39 68 417
39 69 357
39 70 295
39 71 99
39 72 482
39 73 530
39 74 172
39 75 448
39 76 526
39 77 549
39 78 291
39 79 670
39 80 407
39 81 53
39 82 443
39 83 666
39 84 639
39 85 594
39 86 291
39 87 544
39 88 468
39 89 60
39 90 260
39 91 526
39 92 568
39 93 80
39 94 394
39 95 291
39 96 245
39 97 699
39 98 603
39 99 339
39 100 189
40 1 1013
40 2 772
40 3 653
40 4 66
40 5 387
40 6 781
40 7 813
40 8 923
40 9 67
40 10 122
40 11 676
40 12 917
40 13 274
40 14 224
40 15 527
40 16 75
40 17 777
40 18 953
40 19 556
40 20 271
40 21 812
40 22 418
40 23 384
40 24 871
40 25 517
40 26 435
40 27 415
40 28 826
40 29 610
40 30 698
40 31 837
40 32 521
40 33 504
40 34 532
40 35 945
40 36 618
40 37 455
40 38 668
40 39 344
40 41 713
40 42 1014
40 43 136
40 44 290
40 45 856
40 46 758
40 47 452
40 48 352
40 49 627
40 50 163
40 51 986
40 52 511
40 53 783
40 54 377
40 55 481
40 56 349
40 57 653
40 58 515
40 59 236
40 60 414
40 61 710
40 62 231
40 63 608
40 64 946
40 65 600
40 66 704
40 67 887
40 68 722
40 69 266
40 70 100
40 71 284
40 72 516
40 73 382
40 74 326
40 75 652
40 76 830
40 77 877
40 78 256
40 79 967
40 80 212
40 81 362
40 82 727
40 83 930
40 84 932
40 85 809
40 86 617
40 87 677
40 88 697
40 89 295
40 90 145
40 91 867
40 92 905
40 93 412
40 94 665
40 95 618
40 96 561
40 97 993
40 98 581
40 99 240
40 100 446
41 1 398
41 2 357
41 3 799
41 4 648
41 5 424
41 6 157
41 7 750
41 8 616
41 9 651
41 10 835
41 11 866
41 12 855
41 13 727
41 14 683
41 15 484
41 16 670
41 17 602
41 18 1027
41 19 190
41 20 753
41 21 959
41 22 985
41 23 363
41 24 955
41 25 484
41 26 903
41 27 947
41 28 164
41 29 631
41 30 657
41 31 449
41 32 922
41 33 354
41 34 428
41 35 332
41 36 888
41 37 646
41 38 871
41 39 561
41 40 713
41 42 471
41 43 584
41 44 499
41 45 618
41 46 904
41 47 781
41 48 402
41 49 161
41 50 607
41 51 509
41 52 311
41 53 613
41 54 449
41 55 277
41 56 843
41 57 961
41 58 932
41 59 766
41 60 337
41 61 856
41 62 675
41 63 219
41 64 418
41 65 911
41 66 666
41 67 714
41 68 376
41 69 879
41 70 614
41 71 646
41 72 248
41 73 1046
41 74 731
41 75 971
41 76 403
41 77 527
41 78 822
41 79 450
41 80 888
41 81 509
41 82 889
41 83 337
41 84 413
41 85 158
41 86 698
41 87 47
41 88 969
41 89 543
41 90 739
41 91 746
41 92 814
41 93 506
41 94 868
41 95 449
41 96 417
41 97 459
41 98 321
41 99 855
41 100 728
42 1 123
42 2 246
42 3 741
42 4 954
42 5 630
42 6 315
42 7 565
42 8 304
42 9 968
42 10 1125
42 11 807
42 12 623
42 13 896
42 14 882
42 15 539
42 16 949
42 17 423
42 18 833
42 19 498
42 20 924
42 21 836
42 22 1124
42 23 636
42 24 790
42 25 547
42 26 1005
42 27 1074
42 28 314
42 29 591
42 30 548
42 31 217
42 32 975
42 33 511
42 34 507
42 35 153
42 36 871
42 37 713
42 38 819
42 39 720
42 40 1014
42 41 471
42 43 915
42 44 896
42 45 370
42 46 800
42 47 850
42 48 804
42 49 628
42 50 966
42 51 93
42 52 504
42 53 430
42 54 874
42 55 546
42 56 981
42 57 943
42 58 992
42 59 956
42 60 752
42 61 771
42 62 871
42 63 420
42 64 68
42 65 912
42 66 554
42 67 462
42 68 304
42 69 1076
42 70 926
42 71 818
42 72 692
42 73 1247
42 74 871
42 75 957
42 76 197
42 77 245
42 78 1009
42 79 52
42 80 1125
42 81 679
42 82 801
42 83 138
42 84 83
42 85 315
42 86 652
42 87 513
42 88 925
42 89 743
42 90 974
42 91 518
42 92 577
42 93 641
42 94 816
42 95 440
42 96 477
42 97 22
42 98 787
42 99 1059
42 100 797
43 1 903
43 2 680
43 3 661
43 4 75
43 5 308
43 6 663
43 7 787
43 8 858
43 9 69
43 10 255
43 11 696
43 12 898
43 13 321
43 14 260
43 15 471
43 16 128
43 17 726
43 18 963
43 19 438
43 20 330
43 21 831
43 22 522
43 23 279
43 24 880
43 25 461
43 26 511
43 27 508
43 28 706
43 29 583
43 30 667
43 31 753
43 32 584
43 33 416
43 34 462
43 35 834
43 36 653
43 37 448
43 38 691
43 39 315
43 40 136
43 41 584
43 42 915
43 44 167
43 45 800
43 46 774
43 47 486
43 48 218
43 49 492
43 50 78
43 51 897
43 52 414
43 53 734
43 54 252
43 55 371
43 56 424
43 57 700
43 58 582
43 59 309
43 60 279
43 61 722
43 62 261
43 63 499
43 64 847
43 65 644
43 66 674
43 67 844
43 68 636
43 69 376
43 70 45
43 71 293
43 72 381
43 73 511
43 74 365
43 75 702
43 76 740
43 77 802
43 78 347
43 79 871
43 80 340
43 81 312
43 82 744
43 83 821
43 84 834
43 85 689
43 86 605
43 87 546
43 88 739
43 89 256
43 90 230
43 91 833
43 92 879
43 93 363
43 94 687
43 95 550
43 96 488
43 97 895
43 98 449
43 99 349
43 100 465
44 1 862
44 2 681
44 3 781
44 4 239
44 5 365
44 6 610
44 7 873
44 8 895
44 9 226
44 10 397
44 11 825
44 12 988
44 13 476
44 14 414
44 15 538
44 16 294
44 17 786
44 18 1079
44 19 398
44 20 489
44 21 956
44 22 688
44 23 299
44 24 996
44 25 530
44 26 671
44 27 673
44 28 643
44 29 675
44 30 752
44 31 767
44 32 739
44 33 445
44 34 513
44 35 792
44 36 793
44 37 565
44 38 821
44 39 426
44 40 290
44 41 499
44 42 896
44 43 167
44 45 850
44 46 897
44 47 630
44 48 97
44 49 375
44 50 134
44 51 894
44 52 425
44 53 795
44 54 88
44 55 362
44 56 586
44 57 846
44 58 738
44 59 472
44 60 163
44 61 844
44 62 414
44 63 479
44 64 830
44 65 789
44 66 760
44 67 910
44 68 650
44 69 542
44 70 211
44 71 434
44 72 261
44 73 671
44 74 516
44 75 850
44 76 743
44 77 827
44 78 513
44 79 857
44 80 501
44 81 405
44 82 869
44 83 785
44 84 818
44 85 629
44 86 711
44 87 455
44 88 880
44 89 368
44 90 396
44 91 909
44 92 963
44 93 450
44 94 817
44 95 597
44 96 533
44 97 878
44 98 296
44 99 515
44 100 600
45 1 472
45 2 266
45 3 396
45 4 811
45 5 495
45 6 490
45 7 196
45 8 86
45 9 831
45 10 946
45 11 455
45 12 262
45 13 658
45 14 667
45 15 331
45 16 783
45 17 85
45 18 467
45 19 518
45 20 682
45 21 468
45 22 840
45 23 551
45 24 421
45 25 341
45 26 709
45 27 786
45 28 528
45 29 284
45 30 210
45 31 191
45 32 657
45 33 406
45 34 340
45 35 455
45 36 531
45 37 444
45 38 468
45 39 515
45 40 856
45 41 618
45 42 370
45 43 800
45 44 850
45 46 436
45 47 555
45 48 780
45 49 734
45 50 870
45 51 282
45 52 433
45 53 84
45 54 865
45 55 505
45 56 710
45 57 597
45 58 676
45 59 722
45 60 753
45 61 414
45 62 657
45 63 434
45 64 338
45 65 576
45 66 212
45 67 102
45 68 245
45 69 831
45 70 793
45 71 597
45 72 742
45 73 990
45 74 617
45 75 612
45 76 240
45 77 128
45 78 766
45 79 327
45 80 904
45 81 496
45 82 441
45 83 425
45 84 326
45 85 514
45 86 326
45 87 641
45 88 571
45 89 562
45 90 770
45 91 152
45 92 216
45 93 445
45 94 467
45 95 254
45 96 318
45 97 354
45 98 868
45 99 822
45 100 511
46 1 890
46 2 628
46 3 118
46 4 744
46 5 563
46 6 827
46 7 244
46 8 517
46 9 768
46 10 796
46 11 83
46 12 259
46 13 487
46 14 535
46 15 428
46 16 691
46 17 378
46 18 197
46 19 737
46 20 497
46 21 60
46 22 535
46 23 651
46 24 119
46 25 431
46 26 409
46 27 485
46 28 877
46 29 274
46 30 265
46 31 595
46 32 319
46 33 565
46 34 482
46 35 858
46 36 166
46 37 332
46 38 95
46 39 471
46 40 758
46 41 904
46 42 800
46 43 774
46 44 897
46 45 436
46 47 311
46 48 869
46 49 962
46 50 851
46 51 716
46 52 611
46 53 371
46 54 951
46 55 673
46 56 459
46 57 197
46 58 337
46 59 539
46 60 877
46 61 54
46 62 528
46 63 686
46 64 758
46 65 209
46 66 257
46 67 367
46 68 573
46 69 600
46 70 745
46 71 483
46 72 917
46 73 712
46 74 434
46 75 210
46 76 634
46 77 556
46 78 553
46 79 753
46 80 698
46 81 498
46 82 32
46 83 828
46 84 744
46 85 859
46 86 210
46 87 908
46 88 152
46 89 530
46 90 623
46 91 309
46 92 285
46 93 462
46 94 97
46 95 460
46 96 489
46 97 782
46 98 1046
46 99 605
46 100 313
47 1 905
47 2 620
47 3 221
47 4 446
47 5 366
47 6 757
47 7 432
47 8 639
47 9 470
47 10 486
47 11 228
47 12 512
47 13 179
47 14 232
47 15 328
47 16 389
47 17 472
47 18 507
47 19 593
47 20 186
47 21 362
47 22 285
47 23 448
47 24 428
47 25 323
47 26 156
47 27 231
47 28 811
47 29 273
47 30 349
47 31 635
47 32 141
47 33 431
47 34 377
47 35 853
47 36 168
47 37 144
47 38 218
47 39 233
47 40 452
47 41 781
47 42 850
47 43 486
47 44 630
47 45 555
47 46 311
47 48 624
47 49 788
47 50 561
47 51 787
47 52 472
47 53 472
47 54 697
47 55 509
47 56 164
47 57 217
47 58 153
47 59 229
47 60 650
47 61 267
47 62 228
47 63 578
47 64 791
47 65 160
47 66 349
47 67 540
47 68 558
47 69 302
47 70 452
47 71 196
47 72 715
47 73 442
47 74 126
47 75 221
47 76 656
47 77 634
47 78 247
47 79 799
47 80 394
47 81 281
47 82 279
47 83 827
47 84 775
47 85 791
47 86 235
47 87 769
47 88 253
47 89 277
47 90 313
47 91 500
47 92 515
47 93 276
47 94 215
47 95 416
47 96 401
47 97 829
47 98 834
47 99 302
47 100 56
48 1 767
48 2 596
48 3 752
48 4 292
48 5 315
48 6 514
48 7 821
48 8 820
48 9 286
48 10 468
48 11 802
48 12 936
48 13 489
48 14 429
48 15 483
48 16 338
48 17 721
48 18 1044
48 19 307
48 20 506
48 21 929
48 22 722
48 23 236
48 24 961
48 25 476
48 26 687
48 27 700
48 28 547
48 29 630
48 30 700
48 31 684
48 32 745
48 33 375
48 34 451
48 35 697
48 36 780
48 37 540
48 38 800
48 39 403
48 40 352
48 41 402
48 42 804
48 43 218
48 44 97
48 45 780
48 46 869
48 47 624
48 49 285
48 50 214
48 51 806
48 52 348
48 53 731
48 54 87
48 55 280
48 56 606
48 57 840
48 58 747
48 59 498
48 60 68
48 61 815
48 62 426
48 63 390
48 64 739
48 65 782
48 66 709
48 67 847
48 68 569
48 69 584
48 70 259
48 71 433
48 72 170
48 73 727
48 74 521
48 75 845
48 76 657
48 77 748
48 78 545
48 79 767
48 80 557
48 81 372
48 82 843
48 83 690
48 84 728
48 85 533
48 86 673
48 87 359
48 88 869
48 89 350
48 90 434
48 91 851
48 92 908
48 93 410
48 94 796
48 95 530
48 96 467
48 97 786
48 98 234
48 99 557
48 100 588
49 1 558
49 2 487
49 3 849
49 4 563
49 5 423
49 6 313
49 7 840
49 8 745
49 9 561
49 10 747
49 11 912
49 12 951
49 13 699
49 14 646
49 15 534
49 16 598
49 17 703
49 18 1105
49 19 230
49 20 722
49 21 1019
49 22 953
49 23 342
49 24 1028
49 25 531
49 26 890
49 27 921
49 28 324
49 29 691
49 30 734
49 31 582
49 32 925
49 33 397
49 34 482
49 35 492
49 36 917
49 37 667
49 38 914
49 39 556
49 40 627
49 41 161
49 42 628
49 43 492
49 44 375
49 45 734
49 46 962
49 47 788
49 48 285
49 50 498
49 51 660
49 52 352
49 53 715
49 54 311
49 55 291
49 56 819
49 57 987
49 58 932
49 59 726
49 60 218
49 61 910
49 62 640
49 63 303
49 64 573
49 65 933
49 66 744
49 67 824
49 68 491
49 69 830
49 70 529
49 71 625
49 72 115
49 73 987
49 74 715
49 75 996
49 76 540
49 77 659
49 78 780
49 79 605
49 80 821
49 81 508
49 82 942
49 83 496
49 84 567
49 85 318
49 86 752
49 87 116
49 88 1004
49 89 523
49 90 682
49 91 848
49 92 914
49 93 521
49 94 911
49 95 528
49 96 481
49 97 616
49 98 161
49 99 804
49 100 739
50 1 947
50 2 737
50 3 738
50 4 125
50 5 376
50 6 701
50 7 863
50 8 926
50 9 105
50 10 264
50 11 773
50 12 974
50 13 392
50 14 331
50 15 543
50 16 186
50 17 798
50 18 1041
50 19 478
50 20 398
50 21 908
50 22 575
50 23 336
50 24 957
50 25 533
50 26 576
50 27 567
50 28 740
50 29 659
50 30 743
50 31 814
50 32 653
50 33 479
50 34 531
50 35 877
50 36 728
50 37 525
50 38 767
50 39 392
50 40 163
50 41 607
50 42 966
50 43 78
50 44 134
50 45 870
50 46 851
50 47 561
50 48 214
50 49 498
50 51 954
50 52 471
50 53 806
50 54 220
50 55 421
50 56 489
50 57 773
50 58 650
50 59 373
50 60 281
50 61 799
50 62 334
50 63 548
50 64 899
50 65 718
50 66 749
50 67 917
50 68 696
50 69 425
50 70 110
50 71 370
50 72 384
50 73 543
50 74 438
50 75 775
50 76 798
50 77 866
50 78 405
50 79 924
50 80 373
50 81 387
50 82 821
50 83 867
50 84 886
50 85 724
50 86 683
50 87 566
50 88 813
50 89 333
50 90 288
50 91 908
50 92 955
50 93 437
50 94 764
50 95 619
50 96 556
50 97 947
50 98 429
50 99 398
50 100 542
51 1 211
51 2 217
51 3 663
51 4 930
51 5 600
51 6 353
51 7 478
51 8 212
51 9 945
51 10 1093
51 11 727
51 12 532
51 13 847
51 14 838
51 15 488
51 16 918
51 17 342
51 18 742
51 19 502
51 20 874
51 21 750
51 22 1066
51 23 619
51 24 701
51 25 498
51 26 942
51 27 1014
51 28 364
51 29 521
51 30 470
51 31 156
51 32 907
51 33 483
51 34 464
51 35 224
51 36 796
51 37 654
51 38 740
51 39 677
51 40 986
51 41 509
51 42 93
51 43 897
51 44 894
51 45 282
51 46 716
51 47 787
51 48 806
51 49 660
51 50 954
51 52 484
51 53 348
51 54 882
51 55 536
51 56 925
51 57 866
51 58 924
51 59 909
51 60 760
51 61 690
51 62 828
51 63 417
51 64 97
51 65 838
51 66 475
51 67 371
51 68 265
51 69 1027
51 70 904
51 71 773
51 72 710
51 73 1196
51 74 818
51 75 880
51 76 157
51 77 162
51 78 960
51 79 68
51 80 1083
51 81 639
51 82 719
51 83 200
51 84 97
51 85 360
51 86 579
51 87 547
51 88 845
51 89 706
51 90 935
51 91 428
51 92 486
51 93 597
51 94 738
51 95 388
51 96 434
51 97 82
51 98 816
51 99 1012
51 100 735
52 1 506
52 2 267
52 3 500
52 4 451
52 5 137
52 6 300
52 7 500
52 8 472
52 9 464
52 10 625
52 11 564
52 12 614
52 13 440
52 14 408
52 15 183
52 16 448
52 17 380
52 18 755
52 19 128
52 20 468
52 21 668
52 22 695
52 23 135
52 24 678
52 25 181
52 26 601
52 27 652
52 28 352
52 29 340
52 30 387
52 31 345
52 32 613
52 33 46
52 34 131
52 35 441
52 36 579
52 37 336
52 38 568
52 39 263
52 40 511
52 41 311
52 42 504
52 43 414
52 44 425
52 45 433
52 46 611
52 47 472
52 48 348
52 49 352
52 50 471
52 51 484
52 53 391
52 54 433
52 55 73
52 56 549
52 57 652
52 58 624
52 59 490
52 60 321
52 61 559
52 62 398
52 63 112
52 64 436
52 65 601
52 66 397
52 67 506
52 68 227
52 69 609
52 70 423
52 71 357
52 72 323
52 73 782
52 74 434
52 75 662
52 76 328
52 77 403
52 78 546
52 79 458
52 80 641
52 81 211
52 82 592
52 83 423
52 84 422
52 85 332
52 86 401
52 87 304
52 88 662
52 89 262
52 90 487
52 91 518
52 92 580
52 93 198
52 94 564
52 95 190
52 96 133
52 97 484
52 98 455
52 99 588
52 100 418
53 1 522
53 2 279
53 3 318
53 4 741
53 5 434
53 6 500
53 7 147
53 8 168
53 9 762
53 10 869
53 11 380
53 12 243
53 13 577
53 14 588
53 15 264
53 16 710
53 17 12
53 18 431
53 19 490
53 20 601
53 21 409
53 22 757
53 23 498
53 24 373
53 25 274
53 26 626
53 27 703
53 28 543
53 29 201
53 30 128
53 31 228
53 32 576
53 33 358
53 34 283
53 35 495
53 36 453
53 37 362
53 38 393
53 39 441
53 40 783
53 41 613
53 42 430
53 43 734
53 44 795
53 45 84
53 46 371
53 47 472
53 48 731
53 49 715
53 50 806
53 51 348
53 52 391
53 54 817
53 55 464
53 56 627
53 57 521
53 58 594
53 59 642
53 60 711
53 61 343
53 62 578
53 63 412
53 64 389
53 65 497
53 66 131
53 67 116
53 68 240
53 69 749
53 70 725
53 71 519
53 72 710
53 73 907
53 74 536
53 75 535
53 76 271
53 77 186
53 78 684
53 79 383
53 80 824
53 81 426
53 82 372
53 83 465
53 84 375
53 85 528
53 86 244
53 87 631
53 88 498
53 89 490
53 90 692
53 91 134
53 92 201
53 93 375
53 94 391
53 95 202
53 96 265
53 97 412
53 98 839
53 99 740
53 100 428
54 1 830
54 2 674
54 3 834
54 4 325
54 5 400
54 6 575
54 7 907
54 8 903
54 9 313
54 10 483
54 11 882
54 12 1022
54 13 552
54 14 490
54 15 569
54 16 379
54 17 807
54 18 1127
54 19 381
54 20 566
54 21 1010
54 22 772
54 23 322
54 24 1044
54 25 562
54 26 749
54 27 755
54 28 603
54 29 715
54 30 786
54 31 764
54 32 812
54 33 460
54 34 537
54 35 759
54 36 856
54 37 620
54 38 879
54 39 482
54 40 377
54 41 449
54 42 874
54 43 252
54 44 88
54 45 865
54 46 951
54 47 697
54 48 87
54 49 311
54 50 220
54 51 882
54 52 433
54 53 817
54 55 363
54 56 665
54 57 913
54 58 813
54 59 552
54 60 123
54 61 897
54 62 489
54 63 467
54 64 810
54 65 856
54 66 795
54 67 933
54 68 650
54 69 627
54 70 296
54 71 503
54 72 202
54 73 758
54 74 588
54 75 918
54 76 736
54 77 829
54 78 596
54 79 839
54 80 588
54 81 454
54 82 924
54 83 756
54 84 800
54 85 591
54 86 757
54 87 403
54 88 945
54 89 427
54 90 480
54 91 937
54 92 995
54 93 494
54 94 876
54 95 616
54 96 553
54 97 857
54 98 212
54 99 600
54 100 664
55 1 534
55 2 321
55 3 559
55 4 418
55 5 147
55 6 304
55 7 571
55 8 541
55 9 428
55 10 599
55 11 621
55 12 686
55 13 451
55 14 410
55 15 247
55 16 425
55 17 453
55 18 823
55 19 88
55 20 478
55 21 731
55 22 709
55 23 99
55 24 744
55 25 243
55 26 627
55 27 670
55 28 352
55 29 405
55 30 457
55 31 406
55 32 649
55 33 112
55 34 199
55 35 465
55 36 629
55 37 380
55 38 624
55 39 285
55 40 481
55 41 277
55 42 546
55 43 371
55 44 362
55 45 505
55 46 673
55 47 509
55 48 280
55 49 291
55 50 421
55 51 536
55 52 73
55 53 464
55 54 363
55 56 566
55 57 700
55 58 658
55 59 494
55 60 249
55 61 620
55 62 402
55 63 129
55 64 478
55 65 647
55 66 467
55 67 579
55 68 289
55 69 611
55 70 388
55 71 370
55 72 252
55 73 781
55 74 454
55 75 709
55 76 383
55 77 468
55 78 551
55 79 504
55 80 631
55 81 233
55 82 652
55 83 451
55 84 466
55 85 333
55 86 464
55 87 261
55 88 714
55 89 268
55 90 477
55 91 591
55 92 653
55 93 235
55 94 620
55 95 263
55 96 205
55 97 527
55 98 384
55 99 588
55 100 457
56 1 1022
56 2 742
56 3 381
56 4 365
56 5 420
56 6 847
56 7 595
56 8 792
56 9 387
56 10 351
56 11 377
56 12 675
56 13 121
56 14 178
56 15 444
56 16 304
56 17 625
56 18 653
56 19 654
56 20 100
56 21 504
56 22 147
56 23 484
56 24 578
56 25 436
56 26 87
56 27 104
56 28 900
56 29 426
56 30 508
56 31 770
56 32 175
56 33 515
56 34 483
56 35 965
56 36 299
56 37 272
56 38 365
56 39 286
56 40 349
56 41 843
56 42 981
56 43 424
56 44 586
56 45 710
56 46 459
56 47 164
56 48 606
56 49 819
56 50 489
56 51 925
56 52 549
56 53 627
56 54 665
56 55 566
56 57 315
56 58 167
56 59 117
56 60 647
56 61 422
56 62 182
56 63 660
56 64 918
56 65 268
56 66 509
56 67 701
56 68 680
56 69 142
56 70 382
56 71 198
56 72 729
56 73 281
56 74 115
56 75 312
56 76 784
56 77 778
56 78 100
56 79 930
56 80 240
56 81 338
56 82 428
56 83 942
56 84 903
56 85 880
56 86 396
56 87 822
56 88 365
56 89 301
56 90 205
56 91 662
56 92 678
56 93 357
56 94 363
56 95 541
56 96 512
56 97 960
56 98 833
56 99 147
56 100 200
57 1 1019
57 2 741
57 3 204
57 4 655
57 5 566
57 6 913
57 7 421
57 8 682
57 9 678
57 10 665
57 11 145
57 12 455
57 13 384
57 14 442
57 15 482
57 16 595
57 17 526
57 18 363
57 19 778
57 20 383
57 21 218
57 22 355
57 23 651
57 24 303
57 25 480
57 26 243
57 27 310
57 28 966
57 29 361
57 30 397
57 31 729
57 32 145
57 33 608
57 34 537
57 35 977
57 36 76
57 37 321
57 38 130
57 39 442
57 40 653
57 41 961
57 42 943
57 43 700
57 44 846
57 45 597
57 46 197
57 47 217
57 48 840
57 49 987
57 50 773
57 51 866
57 52 652
57 53 521
57 54 913
57 55 700
57 56 315
57 58 160
57 59 418
57 60 862
57 61 191
57 62 440
57 63 747
57 64 893
57 65 58
57 66 392
57 67 545
57 68 680
57 69 448
57 70 664
57 71 413
57 72 922
57 73 534
57 74 336
57 75 15
57 76 761
57 77 705
57 78 415
57 79 894
57 80 549
57 81 484
57 82 174
57 83 949
57 84 878
57 85 946
57 86 294
57 87 955
57 88 55
57 89 491
57 90 509
57 91 491
57 92 476
57 93 467
57 94 132
57 95 546
57 96 554
57 97 924
57 98 1044
57 99 459
57 100 254
58 1 1052
58 2 767
58 3 294
58 4 527
58 5 513
58 6 909
58 7 524
58 8 761
58 9 550
58 10 514
58 11 263
58 12 582
58 13 262
58 14 325
58 15 479
58 16 466
58 17 596
58 18 519
58 19 742
58 20 253
58 21 370
58 22 199
58 23 590
58 24 452
58 25 474
58 26 86
58 27 152
58 28 963
58 29 404
58 30 466
58 31 775
58 32 20
58 33 583
58 34 529
58 35 1001
58 36 172
58 37 296
58 38 248
58 39 376
58 40 515
58 41 932
58 42 992
58 43 582
58 44 738
58 45 676
58 46 337
58 47 153
58 48 747
58 49 932
58 50 650
58 51 924
58 52 624
58 53 594
58 54 813
58 55 658
58 56 167
58 57 160
58 59 281
58 60 780
58 61 313
58 62 325
58 63 730
58 64 935
58 65 128
58 66 464
58 67 644
58 68 705
58 69 292
58 70 542
58 71 316
58 72 852
58 73 377
58 74 226
58 75 153
58 76 799
58 77 767
58 78 266
58 79 941
58 80 393
58 81 427
58 82 308
58 83 975
58 84 919
58 85 943
58 86 351
58 87 918
58 88 213
58 89 412
58 90 371
58 91 595
58 92 595
58 93 426
58 94 247
58 95 564
58 96 552
58 97 971
58 98 966
58 99 305
58 100 208
59 1 984
59 2 711
59 3 445
59 4 248
59 5 354
59 6 788
59 7 636
59 8 800
59 9 270
59 10 258
59 11 456
59 12 729
59 13 65
59 14 84
59 15 421
59 16 187
59 17 638
59 18 735
59 19 581
59 20 44
59 21 589
59 22 228
59 23 403
59 24 656
59 25 412
59 26 204
59 27 203
59 28 840
59 29 446
59 30 534
59 31 753
59 32 286
59 33 463
59 34 450
59 35 922
59 36 389
59 37 282
59 38 446
59 39 237
59 40 236
59 41 766
59 42 956
59 43 309
59 44 472
59 45 722
59 46 539
59 47 229
59 48 498
59 49 726
59 50 373
59 51 909
59 52 490
59 53 642
59 54 552
59 55 494
59 56 117
59 57 418
59 58 281
59 60 542
59 61 495
59 62 92
59 63 601
59 64 891
59 65 367
59 66 537
59 67 730
59 68 652
59 69 121
59 70 266
59 71 138
59 72 630
59 73 294
59 74 113
59 75 417
59 76 760
59 77 774
59 78 57
59 79 906
59 80 183
59 81 283
59 82 507
59 83 901
59 84 875
59 85 820
59 86 433
59 87 741
59 88 465
59 89 228
59 90 91
59 91 699
59 92 725
59 93 316
59 94 443
59 95 521
59 96 480
59 97 935
59 98 728
59 99 104
59 100 240
60 1 709
60 2 553
60 3 760
60 4 352
60 5 315
60 6 455
60 7 810
60 8 787
60 9 348
60 10 532
60 11 814
60 12 925
60 13 528
60 14 469
60 15 474
60 16 393
60 17 700
60 18 1045
60 19 259
60 20 547
60 21 937
60 22 769
60 23 229
60 24 963
60 25 467
60 26 725
60 27 744
60 28 485
60 29 627
60 30 692
60 31 644
60 32 776
60 33 354
60 34 435
60 35 639
60 36 799
60 37 553
60 38 813
60 39 421
60 40 414
60 41 337
60 42 752
60 43 279
60 44 163
60 45 753
60 46 877
60 47 650
60 48 68
60 49 218
60 50 281
60 51 760
60 52 321
60 53 711
60 54 123
60 55 249
60 56 647
60 57 862
60 58 780
60 59 542
60 61 823
60 62 465
60 63 346
60 64 688
60 65 806
60 66 700
60 67 826
60 68 532
60 69 635
60 70 319
60 71 464
60 72 104
60 73 784
60 74 555
60 75 868
60 76 615
60 77 711
60 78 593
60 79 717
60 80 615
60 81 384
60 82 852
60 83 634
60 84 677
60 85 472
60 86 675
60 87 293
60 88 888
60 89 373
60 90 485
60 91 835
60 92 895
60 93 415
60 94 809
60 95 509
60 96 448
60 97 735
60 98 187
60 99 608
60 100 609
61 1 856
61 2 588
61 3 64
61 4 694
61 5 510
61 6 783
61 7 231
61 8 497
61 9 718
61 10 752
61 11 51
61 12 270
61 13 441
61 14 486
61 15 377
61 16 641
61 17 349
61 18 244
61 19 686
61 20 452
61 21 114
61 22 508
61 23 597
61 24 162
61 25 379
61 26 378
61 27 456
61 28 833
61 29 225
61 30 227
61 31 562
61 32 294
61 33 514
61 34 431
61 35 821
61 36 142
61 37 279
61 38 66
61 39 418
61 40 710
61 41 856
61 42 771
61 43 722
61 44 844
61 45 414
61 46 54
61 47 267
61 48 815
61 49 910
61 50 799
61 51 690
61 52 559
61 53 343
61 54 897
61 55 620
61 56 422
61 57 191
61 58 313
61 59 495
61 60 823
61 62 479
61 63 637
61 64 726
61 65 189
61 66 220
61 67 355
61 68 533
61 69 563
61 70 693
61 71 433
61 72 864
61 73 682
61 74 387
61 75 206
61 76 599
61 77 528
61 78 512
61 79 723
61 80 659
61 81 444
61 82 34
61 83 792
61 84 712
61 85 815
61 86 159
61 87 858
61 88 158
61 89 476
61 90 577
61 91 300
61 92 287
61 93 409
61 94 66
61 95 413
61 96 439
61 97 753
61 98 993
61 99 566
61 100 264
62 1 896
62 2 626
62 3 423
62 4 218
62 5 263
62 6 697
62 7 591
62 8 731
62 9 242
62 10 294
62 11 448
62 12 691
62 13 64
62 14 11
62 15 342
62 16 163
62 17 574
62 18 723
62 19 490
62 20 83
62 21 583
62 22 313
62 23 313
62 24 641
62 25 333
62 26 262
62 27 282
62 28 748
62 29 391
62 30 480
62 31 673
62 32 325
62 33 373
62 34 366
62 35 833
62 36 396
62 37 230
62 38 440
62 39 152
62 40 231
62 41 675
62 42 871
62 43 261
62 44 414
62 45 657
62 46 528
62 47 228
62 48 426
62 49 640
62 50 334
62 51 828
62 52 398
62 53 578
62 54 489
62 55 402
62 56 182
62 57 440
62 58 325
62 59 92
62 60 465
62 61 479
62 63 510
62 64 805
62 65 384
62 66 485
62 67 674
62 68 568
62 69 211
62 70 225
62 71 60
62 72 548
62 73 384
62 74 105
62 75 442
62 76 677
62 77 698
62 78 149
62 79 822
62 80 256
62 81 194
62 82 497
62 83 813
62 84 790
62 85 729
62 86 391
62 87 651
62 88 480
62 89 137
62 90 114
62 91 649
62 92 682
62 93 232
62 94 437
62 95 442
62 96 396
62 97 850
62 98 652
62 99 191
62 100 216
63 1 406
63 2 208
63 3 581
63 4 545
63 5 248
63 6 188
63 7 541
63 8 453
63 9 556
63 10 725
63 11 648
63 12 650
63 13 552
63 14 519
63 15 267
63 16 549
63 17 401
63 18 813
63 19 89
63 20 579
63 21 741
63 22 806
63 23 225
63 24 739
63 25 268
63 26 711
63 27 763
63 28 240
63 29 413
63 30 441
63 31 301
63 32 718
63 33 148
63 34 211
63 35 338
63 36 673
63 37 438
63 38 654
63 39 375
63 40 608
63 41 219
63 42 420
63 43 499
63 44 479
63 45 434
63 46 686
63 47 578
63 48 390
63 49 303
63 50 548
63 51 417
63 52 112
63 53 412
63 54 467
63 55 129
63 56 660
63 57 747
63 58 730
63 59 601
63 60 346
63 61 637
63 62 510
63 64 353
63 65 699
63 66 451
63 67 521
63 68 194
63 69 720
63 70 515
63 71 469
63 72 313
63 73 892
63 74 546
63 75 758
63 76 269
63 77 371
63 78 658
63 79 379
63 80 749
63 81 323
63 82 670
63 83 323
63 84 341
63 85 221
63 86 479
63 87 225
63 88 753
63 89 373
63 90 595
63 91 545
63 92 611
63 93 307
63 94 650
63 95 232
63 96 199
63 97 401
63 98 436
63 99 699
63 100 523
64 1 135
64 2 180
64 3 692
64 4 886
64 5 562
64 6 262
64 7 530
64 8 284
64 9 900
64 10 1057
64 11 759
64 12 597
64 13 831
64 14 816
64 15 475
64 16 881
64 17 381
64 18 804
64 19 432
64 20 859
64 21 797
64 22 1063
64 23 568
64 24 757
64 25 483
64 26 945
64 27 1012
64 28 269
64 29 537
64 30 501
64 31 165
64 32 919
64 33 444
64 34 441
64 35 130
64 36 820
64 37 652
64 38 770
64 39 655
64 40 946
64 41 418
64 42 68
64 43 847
64 44 830
64 45 338
64 46 758
64 47 791
64 48 739
64 49 573
64 50 899
64 51 97
64 52 436
64 53 389
64 54 810
64 55 478
64 56 918
64 57 893
64 58 935
64 59 891
64 60 688
64 61 726
64 62 805
64 63 353
64 65 860
64 66 507
64 67 435
64 68 240
64 69 1011
64 70 858
64 71 753
64 72 631
64 73 1182
64 74 808
64 75 907
64 76 136
64 77 211
64 78 944
64 79 32
64 80 1059
64 81 613
64 82 757
64 83 104
64 84 16
64 85 266
64 86 600
64 87 459
64 88 877
64 89 677
64 90 907
64 91 489
64 92 551
64 93 575
64 94 768
64 95 378
64 96 411
64 97 49
64 98 731
64 99 994
64 100 737
65 1 983
65 2 702
65 3 182
65 4 600
65 5 511
65 6 868
65 7 410
65 8 662
65 9 623
65 10 617
65 11 139
65 12 458
65 13 329
65 14 387
65 15 434
65 16 541
65 17 501
65 18 393
65 19 726
65 20 329
65 21 243
65 22 326
65 23 596
65 24 324
65 25 432
65 26 204
65 27 278
65 28 921
65 29 324
65 30 370
65 31 696
65 32 110
65 33 557
65 34 489
65 35 939
65 36 48
65 37 267
65 38 123
65 39 385
65 40 600
65 41 911
65 42 912
65 43 644
65 44 789
65 45 576
65 46 209
65 47 160
65 48 782
65 49 933
65 50 718
65 51 838
65 52 601
65 53 497
65 54 856
65 55 647
65 56 268
65 57 58
65 58 128
65 59 367
65 60 806
65 61 189
65 62 384
65 63 699
65 64 860
65 66 366
65 67 533
65 68 641
65 69 405
65 70 608
65 71 356
65 72 866
65 73 504
65 74 280
65 75 63
65 76 726
65 77 678
65 78 367
65 79 862
65 80 506
65 81 429
65 82 181
65 83 911
65 84 844
65 85 901
65 86 261
65 87 903
65 88 99
65 89 434
65 90 457
65 91 481
65 92 475
65 93 413
65 94 123
65 95 504
65 96 507
65 97 892
65 98 988
65 99 414
65 100 197
66 1 637
66 2 372
66 3 189
66 4 669
66 5 396
66 6 576
66 7 114
66 8 298
66 9 691
66 10 778
66 11 253
66 12 229
66 13 473
66 14 494
66 15 227
66 16 630
66 17 135
66 18 363
66 19 515
66 20 494
66 21 304
66 22 633
66 23 474
66 24 290
66 25 234
66 26 501
66 27 579
66 28 624
66 29 95
66 30 10
66 31 342
66 32 446
66 33 355
66 34 269
66 35 602
66 36 322
66 37 257
66 38 265
66 39 363
66 40 704
66 41 666
66 42 554
66 43 674
66 44 760
66 45 212
66 46 257
66 47 349
66 48 709
66 49 744
66 50 749
66 51 475
66 52 397
66 53 131
66 54 795
66 55 467
66 56 509
66 57 392
66 58 464
66 59 537
66 60 700
66 61 220
66 62 485
66 63 451
66 64 507
66 65 366
66 67 194
66 68 319
66 69 637
66 70 658
66 71 426
66 72 718
66 73 789
66 74 427
66 75 406
66 76 380
66 77 314
66 78 574
66 79 505
66 80 719
66 81 363
66 82 252
66 83 573
66 84 492
66 85 607
66 86 116
66 87 675
66 88 371
66 89 420
66 90 597
66 91 165
66 92 206
66 93 314
66 94 263
66 95 219
66 96 264
66 97 535
66 98 850
66 99 631
66 100 310
67 1 569
67 2 366
67 3 352
67 4 847
67 5 547
67 6 590
67 7 125
67 8 160
67 9 869
67 10 967
67 11 401
67 12 163
67 13 665
67 14 684
67 15 376
67 16 813
67 17 126
67 18 371
67 19 602
67 20 687
67 21 390
67 22 821
67 23 613
67 24 333
67 25 385
67 26 688
67 27 767
67 28 629
67 29 284
67 30 196
67 31 292
67 32 625
67 33 474
67 34 398
67 35 555
67 36 486
67 37 449
67 38 416
67 39 544
67 40 887
67 41 714
67 42 462
67 43 844
67 44 910
67 45 102
67 46 367
67 47 540
67 48 847
67 49 824
67 50 917
67 51 371
67 52 506
67 53 116
67 54 933
67 55 579
67 56 701
67 57 545
67 58 644
67 59 730
67 60 826
67 61 355
67 62 674
67 63 521
67 64 435
67 65 533
67 66 194
67 68 339
67 69 831
67 70 833
67 71 615
67 72 823
67 73 981
67 74 620
67 75 559
67 76 341
67 77 226
67 78 768
67 79 421
67 80 912
67 81 533
67 82 378
67 83 525
67 84 424
67 85 615
67 86 306
67 87 735
67 88 512
67 89 596
67 90 787
67 91 60
67 92 116
67 93 482
67 94 415
67 95 318
67 96 380
67 97 447
67 98 952
67 99 824
67 100 502
68 1 348
68 2 63
68 3 488
68 4 666
68 5 336
68 6 261
68 7 383
68 8 259
68 9 682
68 10 829
68 11 557
68 12 482
68 13 592
68 14 578
68 15 237
68 16 654
68 17 229
68 18 666
68 19 282
68 20 620
68 21 622
68 22 825
68 23 361
68 24 602
68 25 245
68 26 709
68 27 775
68 28 308
68 29 320
68 30 310
68 31 119
68 32 689
68 33 220
68 34 203
68 35 299
68 36 605
68 37 416
68 38 566
68 39 417
68 40 722
68 41 376
68 42 304
68 43 636
68 44 650
68 45 245
68 46 573
68 47 558
68 48 569
68 49 491
68 50 696
68 51 265
68 52 227
68 53 240
68 54 650
68 55 289
68 56 680
68 57 680
68 58 705
68 59 652
68 60 532
68 61 533
68 62 568
68 63 194
68 64 240
68 65 641
68 66 319
68 67 339
68 69 772
68 70 641
68 71 515
68 72 506
68 73 943
68 74 569
68 75 693
68 76 110
68 77 180
68 78 705
68 79 254
68 80 823
68 81 377
68 82 566
68 83 271
68 84 224
68 85 291
68 86 388
68 87 397
68 88 672
68 89 443
68 90 672
68 91 372
68 92 440
68 93 337
68 94 563
68 95 142
68 96 173
68 97 283
68 98 629
68 99 755
68 100 503
69 1 1105
69 2 831
69 3 521
69 4 304
69 5 473
69 6 907
69 7 729
69 8 911
69 9 321
69 10 229
69 11 518
69 12 813
69 13 180
69 14 202
69 15 539
69 16 249
69 17 747
69 18 793
69 19 697
69 20 153
69 21 644
69 22 153
69 23 518
69 24 719
69 25 530
69 26 206
69 27 159
69 28 958
69 29 550
69 30 635
69 31 871
69 32 304
69 33 583
69 34 570
69 35 1043
69 36 439
69 37 388
69 38 506
69 39 357
69 40 266
69 41 879
69 42 1076
69 43 376
69 44 542
69 45 831
69 46 600
69 47 302
69 48 584
69 49 830
69 50 425
69 51 1027
69 52 609
69 53 749
69 54 627
69 55 611
69 56 142
69 57 448
69 58 292
69 59 121
69 60 635
69 61 563
69 62 211
69 63 720
69 64 1011
69 65 405
69 66 637
69 67 831
69 68 772
69 70 331
69 71 259
69 72 728
69 73 173
69 74 214
69 75 443
69 76 880
69 77 889
69 78 68
69 79 1025
69 80 102
69 81 403
69 82 569
69 83 1022
69 84 995
69 85 939
69 86 528
69 87 852
69 88 500
69 89 348
69 90 151
69 91 795
69 92 815
69 93 436
69 94 504
69 95 639
69 96 600
69 97 1054
69 98 817
69 99 28
69 100 329
70 1 921
70 2 688
70 3 633
70 4 34
70 5 308
70 6 685
70 7 770
70 8 855
70 9 42
70 10 221
70 11 666
70 12 879
70 13 282
70 14 222
70 15 463
70 16 83
70 17 718
70 18 936
70 19 459
70 20 289
70 21 801
70 22 478
70 23 292
70 24 853
70 25 453
70 26 469
70 27 464
70 28 729
70 29 565
70 30 651
70 31 758
70 32 544
70 33 421
70 34 459
70 35 852
70 36 619
70 37 423
70 38 659
70 39 295
70 40 100
70 41 614
70 42 926
70 43 45
70 44 211
70 45 793
70 46 745
70 47 452
70 48 259
70 49 529
70 50 110
70 51 904
70 52 423
70 53 725
70 54 296
70 55 388
70 56 382
70 57 664
70 58 542
70 59 266
70 60 319
70 61 693
70 62 225
70 63 515
70 64 858
70 65 608
70 66 658
70 67 833
70 68 641
70 69 331
70 71 262
70 72 419
70 73 468
70 74 329
70 75 665
70 76 747
70 77 803
70 78 303
70 79 881
70 80 298
70 81 300
70 82 714
70 83 838
70 84 845
70 85 712
70 86 583
70 87 578
70 88 704
70 89 239
70 90 186
70 91 819
70 92 863
70 93 351
70 94 656
70 95 547
70 96 487
70 97 906
70 98 491
70 99 304
70 100 434
71 1 847
71 2 574
71 3 374
71 4 262
71 5 225
71 6 656
71 7 533
71 8 672
71 9 286
71 10 353
71 11 404
71 12 635
71 13 84
71 14 70
71 15 285
71 16 212
71 17 514
71 18 676
71 19 458
71 20 111
71 21 540
71 22 340
71 23 287
71 24 593
71 25 276
71 26 266
71 27 302
71 28 708
71 29 332
71 30 421
71 31 617
71 32 313
71 33 327
71 34 312
71 35 786
71 36 361
71 37 172
71 38 398
71 39 99
71 40 284
71 41 646
71 42 818
71 43 293
71 44 434
71 45 597
71 46 483
71 47 196
71 48 433
71 49 625
71 50 370
71 51 773
71 52 357
71 53 519
71 54 503
71 55 370
71 56 198
71 57 413
71 58 316
71 59 138
71 60 464
71 61 433
71 62 60
71 63 469
71 64 753
71 65 356
71 66 426
71 67 615
71 68 515
71 69 259
71 70 262
71 72 539
71 73 431
71 74 91
71 75 416
71 76 623
71 77 640
71 78 193
71 79 768
71 80 313
71 81 147
71 82 453
71 83 764
71 84 737
71 85 689
71 86 335
71 87 625
71 88 448
71 89 103
71 90 174
71 91 590
71 92 625
71 93 178
71 94 395
71 95 385
71 96 342
71 97 797
71 98 651
71 99 241
71 100 173
72 1 636
72 2 516
72 3 801
72 4 453
72 5 359
72 6 383
72 7 822
72 8 765
72 9 450
72 10 634
72 11 860
72 12 937
72 13 609
72 14 553
72 15 497
72 16 491
72 17 699
72 18 1073
72 19 225
72 20 630
72 21 976
72 22 857
72 23 271
72 24 994
72 25 492
72 26 804
72 27 829
72 28 405
72 29 654
72 30 709
72 31 611
72 32 847
72 33 364
72 34 450
72 35 567
72 36 855
72 37 605
72 38 860
72 39 482
72 40 516
72 41 248
72 42 692
72 43 381
72 44 261
72 45 742
72 46 917
72 47 715
72 48 170
72 49 115
72 50 384
72 51 710
72 52 323
72 53 710
72 54 202
72 55 252
72 56 729
72 57 922
72 58 852
72 59 630
72 60 104
72 61 864
72 62 548
72 63 313
72 64 631
72 65 866
72 66 718
72 67 823
72 68 506
72 69 728
72 70 419
72 71 539
72 73 881
72 74 630
72 75 929
72 76 575
72 77 683
72 78 682
72 79 661
72 80 714
72 81 438
72 82 894
72 83 566
72 84 623
72 85 395
72 86 710
72 87 202
72 88 943
72 89 441
72 90 579
72 91 839
72 92 903
72 93 460
72 94 857
72 95 512
72 96 456
72 97 677
72 98 132
72 99 702
72 100 670
73 1 1277
73 2 1003
73 3 651
73 4 436
73 5 645
73 6 1079
73 7 872
73 8 1072
73 9 446
73 10 292
73 11 634
73 12 946
73 13 351
73 14 375
73 15 709
73 16 391
73 17 905
73 18 895
73 19 867
73 20 324
73 21 747
73 22 179
73 23 686
73 24 828
73 25 700
73 26 305
73 27 227
73 28 1130
73 29 707
73 30 788
73 31 1040
73 32 395
73 33 756
73 34 742
73 35 1216
73 36 546
73 37 549
73 38 620
73 39 530
73 40 382
73 41 1046
73 42 1247
73 43 511
73 44 671
73 45 990
73 46 712
73 47 442
73 48 727
73 49 987
73 50 543
73 51 1196
73 52 782
73 53 907
73 54 758
73 55 781
73 56 281
73 57 534
73 58 377
73 59 294
73 60 784
73 61 682
73 62 384
73 63 892
73 64 1182
73 65 504
73 66 789
73 67 981
73 68 943
73 69 173
73 70 468
73 71 431
73 72 881
73 74 379
73 75 525
73 76 1050
73 77 1054
73 78 239
73 79 1196
73 80 171
73 81 576
73 82 682
73 83 1195
73 84 1167
73 85 1111
73 86 676
73 87 1017
73 88 588
73 89 520
73 90 308
73 91 940
73 92 953
73 93 608
73 94 619
73 95 809
73 96 771
73 97 1225
73 98 959
73 99 194
73 100 480
74 1 909
74 2 630
74 3 335
74 4 321
74 5 307
74 6 732
74 7 524
74 8 697
74 9 345
74 10 367
74 11 352
74 12 617
74 13 54
74 14 107
74 15 333
74 16 263
74 17 533
74 18 630
74 19 542
74 20 69
74 21 487
74 22 262
74 23 376
74 24 549
74 25 325
74 26 176
74 27 218
74 28 785
74 29 338
74 30 424
74 31 663
74 32 225
74 33 400
74 34 370
74 35 851
74 36 294
74 37 174
74 38 343
74 39 172
74 40 326
74 41 731
74 42 871
74 43 365
74 44 516
74 45 617
74 46 434
74 47 126
74 48 521
74 49 715
74 50 438
74 51 818
74 52 434
74 53 536
74 54 588
74 55 454
74 56 115
74 57 336
74 58 226
74 59 113
74 60 555
74 61 387
74 62 105
74 63 546
74 64 808
74 65 280
74 66 427
74 67 620
74 68 569
74 69 214
74 70 329
74 71 91
74 72 630
74 73 379
74 75 338
74 76 674
74 77 676
74 78 149
74 79 820
74 80 292
74 81 224
74 82 402
74 83 828
74 84 792
74 85 765
74 86 321
74 87 712
74 88 376
74 89 193
74 90 190
74 91 587
74 92 613
74 93 242
74 94 340
74 95 432
74 96 399
74 97 850
74 98 741
74 99 205
74 100 128
75 1 1032
75 2 753
75 3 218
75 4 656
75 5 574
75 6 925
75 7 435
75 8 696
75 9 679
75 10 662
75 11 159
75 12 468
75 13 385
75 14 444
75 15 493
75 16 596
75 17 540
75 18 374
75 19 788
75 20 383
75 21 229
75 22 346
75 23 659
75 24 315
75 25 491
75 26 238
75 27 303
75 28 977
75 29 374
75 30 411
75 31 742
75 32 140
75 33 618
75 34 548
75 35 990
75 36 88
75 37 330
75 38 145
75 39 448
75 40 652
75 41 971
75 42 957
75 43 702
75 44 850
75 45 612
75 46 210
75 47 221
75 48 845
75 49 996
75 50 775
75 51 880
75 52 662
75 53 535
75 54 918
75 55 709
75 56 312
75 57 15
75 58 153
75 59 417
75 60 868
75 61 206
75 62 442
75 63 758
75 64 907
75 65 63
75 66 406
75 67 559
75 68 693
75 69 443
75 70 665
75 71 416
75 72 929
75 73 525
75 74 338
75 76 774
75 77 719
75 78 412
75 79 907
75 80 545
75 81 492
75 82 188
75 83 962
75 84 891
75 85 958
75 86 308
75 87 965
75 88 64
75 89 496
75 90 508
75 91 505
75 92 490
75 93 475
75 94 146
75 95 559
75 96 565
75 97 937
75 98 1051
75 99 455
75 100 260
76 1 259
76 2 63
76 3 562
76 4 773
76 5 444
76 6 259
76 7 418
76 8 216
76 9 788
76 10 938
76 11 630
76 12 500
76 13 700
76 14 687
76 15 342
76 16 763
76 17 262
76 18 699
76 19 357
76 20 727
76 21 677
76 22 928
76 23 463
76 24 644
76 25 351
76 26 809
76 27 877
76 28 291
76 29 403
76 30 373
76 31 50
76 32 783
76 33 327
76 34 312
76 35 225
76 36 687
76 37 517
76 38 640
76 39 526
76 40 830
76 41 403
76 42 197
76 43 740
76 44 743
76 45 240
76 46 634
76 47 656
76 48 657
76 49 540
76 50 798
76 51 157
76 52 328
76 53 271
76 54 736
76 55 383
76 56 784
76 57 761
76 58 799
76 59 760
76 60 615
76 61 599
76 62 677
76 63 269
76 64 136
76 65 726
76 66 380
76 67 341
76 68 110
76 69 880
76 70 747
76 71 623
76 72 575
76 73 1050
76 74 674
76 75 774
76 77 127
76 78 813
76 79 146
76 80 932
76 81 486
76 82 631
76 83 195
76 84 120
76 85 280
76 86 467
76 87 434
76 88 747
76 89 552
76 90 782
76 91 388
76 92 454
76 93 446
76 94 638
76 95 244
76 96 282
76 97 176
76 98 690
76 99 863
76 100 602
77 1 345
77 2 173
77 3 502
77 4 825
77 5 496
77 6 386
77 7 321
77 8 90
77 9 843
77 10 976
77 11 565
77 12 388
77 13 710
77 14 708
77 15 357
77 16 805
77 17 180
77 18 594
77 19 460
77 20 736
77 21 591
77 22 916
77 23 534
77 24 547
77 25 367
77 26 790
77 27 863
77 28 418
77 29 364
77 30 309
77 31 79
77 32 749
77 33 388
77 34 345
77 35 330
77 36 635
77 37 507
77 38 578
77 39 549
77 40 877
77 41 527
77 42 245
77 43 802
77 44 827
77 45 128
77 46 556
77 47 634
77 48 748
77 49 659
77 50 866
77 51 162
77 52 403
77 53 186
77 54 829
77 55 468
77 56 778
77 57 705
77 58 767
77 59 774
77 60 711
77 61 528
77 62 698
77 63 371
77 64 211
77 65 678
77 66 314
77 67 226
77 68 180
77 69 889
77 70 803
77 71 640
77 72 683
77 73 1054
77 74 676
77 75 719
77 76 127
77 78 822
77 79 200
77 80 952
77 81 518
77 82 558
77 83 300
77 84 199
77 85 406
77 86 419
77 87 556
77 88 683
77 89 586
77 90 809
77 91 279
77 92 341
77 93 471
77 94 576
77 95 260
77 96 317
77 97 228
77 98 804
77 99 876
77 100 584
78 1 1039
78 2 765
78 3 467
78 4 281
78 5 411
78 6 845
78 7 669
78 8 845
78 9 301
78 10 251
78 11 470
78 12 756
78 13 113
78 14 141
78 15 472
78 16 221
78 17 681
78 18 748
78 19 638
78 20 86
78 21 600
78 22 177
78 23 460
78 24 671
78 25 463
78 26 182
78 27 162
78 28 896
78 29 486
78 30 572
78 31 804
78 32 275
78 33 519
78 34 503
78 35 978
78 36 395
78 37 322
78 38 458
78 39 291
78 40 256
78 41 822
78 42 1009
78 43 347
78 44 513
78 45 766
78 46 553
78 47 247
78 48 545
78 49 780
78 50 405
78 51 960
78 52 546
78 53 684
78 54 596
78 55 551
78 56 100
78 57 415
78 58 266
78 59 57
78 60 593
78 61 512
78 62 149
78 63 658
78 64 944
78 65 367
78 66 574
78 67 768
78 68 705
78 69 68
78 70 303
78 71 193
78 72 682
78 73 239
78 74 149
78 75 412
78 76 813
78 77 822
78 79 958
78 80 149
78 81 339
78 82 521
78 83 956
78 84 928
78 85 877
78 86 466
78 87 797
78 88 464
78 89 285
78 90 118
78 91 733
78 92 756
78 93 370
78 94 456
78 95 572
78 96 533
78 97 988
78 98 777
78 99 57
78 100 269
79 1 149
79 2 197
79 3 692
79 4 908
79 5 582
79 6 294
79 7 521
79 8 266
79 9 922
79 10 1078
79 11 758
79 12 583
79 13 845
79 14 832
79 15 488
79 16 901
79 17 376
79 18 792
79 19 460
79 20 873
79 21 790
79 22 1073
79 23 592
79 24 747
79 25 496
79 26 953
79 27 1022
79 28 301
79 29 540
79 30 499
79 31 166
79 32 924
79 33 464
79 34 456
79 35 157
79 36 821
79 37 662
79 38 769
79 39 670
79 40 967
79 41 450
79 42 52
79 43 871
79 44 857
79 45 327
79 46 753
79 47 799
79 48 767
79 49 605
79 50 924
79 51 68
79 52 458
79 53 383
79 54 839
79 55 504
79 56 930
79 57 894
79 58 941
79 59 906
79 60 717
79 61 723
79 62 822
79 63 379
79 64 32
79 65 862
79 66 505
79 67 421
79 68 254
79 69 1025
79 70 881
79 71 768
79 72 661
79 73 1196
79 74 820
79 75 907
79 76 146
79 77 200
79 78 958
79 80 1076
79 81 630
79 82 754
79 83 133
79 84 40
79 85 298
79 86 602
79 87 490
79 88 876
79 89 694
79 90 925
79 91 477
79 92 537
79 93 591
79 94 767
79 95 389
79 96 426
79 97 31
79 98 762
79 99 1009
79 100 746
80 1 1145
80 2 880
80 3 615
80 4 266
80 5 505
80 6 933
80 7 816
80 8 981
80 9 276
80 10 139
80 11 616
80 12 904
80 13 247
80 14 245
80 15 597
80 16 223
80 17 820
80 18 892
80 19 714
80 20 225
80 21 744
80 22 238
80 23 534
80 24 817
80 25 588
80 26 308
80 27 256
80 28 982
80 29 628
80 30 716
80 31 928
80 32 405
80 33 621
80 34 621
80 35 1080
80 36 538
80 37 464
80 38 604
80 39 407
80 40 212
80 41 888
80 42 1125
80 43 340
80 44 501
80 45 904
80 46 698
80 47 394
80 48 557
80 49 821
80 50 373
80 51 1083
80 52 641
80 53 824
80 54 588
80 55 631
80 56 240
80 57 549
80 58 393
80 59 183
80 60 615
80 61 659
80 62 256
80 63 749
80 64 1059
80 65 506
80 66 719
80 67 912
80 68 823
80 69 102
80 70 298
80 71 313
80 72 714
80 73 171
80 74 292
80 75 545
80 76 932
80 77 952
80 78 149
80 79 1076
80 81 447
80 82 667
80 83 1061
80 84 1044
80 85 964
80 86 613
80 87 857
80 88 601
80 89 384
80 90 155
80 91 879
80 92 903
80 93 487
80 94 602
80 95 697
80 96 651
80 97 1104
80 98 788
80 99 94
80 100 416
81 1 702
81 2 434
81 3 380
81 4 316
81 5 86
81 6 510
81 7 476
81 8 562
81 9 337
81 10 458
81 11 431
81 12 589
81 13 230
81 14 204
81 15 166
81 16 289
81 17 419
81 18 675
81 19 319
81 20 258
81 21 557
81 22 484
81 23 168
81 24 592
81 25 156
81 26 395
81 27 442
81 28 563
81 29 273
81 30 356
81 31 485
81 32 419
81 33 181
81 34 176
81 35 640
81 36 418
81 37 170
81 38 430
81 39 53
81 40 362
81 41 509
81 42 679
81 43 312
81 44 405
81 45 496
81 46 498
81 47 281
81 48 372
81 49 508
81 50 387
81 51 639
81 52 211
81 53 426
81 54 454
81 55 233
81 56 338
81 57 484
81 58 427
81 59 283
81 60 384
81 61 444
81 62 194
81 63 323
81 64 613
81 65 429
81 66 363
81 67 533
81 68 377
81 69 403
81 70 300
81 71 147
81 72 438
81 73 576
81 74 224
81 75 492
81 76 486
81 77 518
81 78 339
81 79 630
81 80 447
81 82 472
81 83 619
81 84 597
81 85 543
81 86 306
81 87 492
81 88 507
81 89 68
81 90 296
81 91 521
81 92 569
81 93 52
81 94 426
81 95 259
81 96 206
81 97 658
81 98 561
81 99 384
81 100 233
82 1 888
82 2 621
82 3 94
82 4 713
82 5 539
82 6 816
82 7 254
82 8 524
82 9 737
82 10 765
82 11 52
82 12 281
82 13 456
82 14 503
82 15 410
82 16 660
82 17 379
82 18 228
82 19 718
82 20 465
82 21 88
82 22 505
82 23 627
82 24 150
82 25 412
82 26 378
82 27 455
82 28 867
82 29 258
82 30 259
82 31 593
82 32 290
82 33 546
82 34 464
82 35 854
82 36 137
82 37 305
82 38 64
82 39 443
82 40 727
82 41 889
82 42 801
82 43 744
82 44 869
82 45 441
82 46 32
82 47 279
82 48 843
82 49 942
82 50 821
82 51 719
82 52 592
82 53 372
82 54 924
82 55 652
82 56 428
82 57 174
82 58 308
82 59 507
82 60 852
82 61 34
82 62 497
82 63 670
82 64 757
82 65 181
82 66 252
82 67 378
82 68 566
82 69 569
82 70 714
82 71 453
82 72 894
82 73 682
82 74 402
82 75 188
82 76 631
82 77 558
82 78 521
82 79 754
82 80 667
82 81 472
82 83 824
82 84 743
82 85 848
82 86 192
82 87 891
82 88 134
82 89 501
82 90 591
82 91 322
82 92 303
82 93 438
82 94 66
82 95 447
82 96 472
82 97 783
82 98 1023
82 99 574
82 100 282
83 1 84
83 2 210
83 3 752
83 4 868
83 5 557
83 6 185
83 7 610
83 8 380
83 9 879
83 10 1046
83 11 821
83 12 687
83 13 846
83 14 822
83 15 501
83 16 870
83 17 456
83 18 890
83 19 390
83 20 873
83 21 871
83 22 1088
83 23 547
83 24 837
83 25 508
83 26 976
83 27 1040
83 28 177
83 29 588
83 30 565
83 31 238
83 32 960
83 33 441
83 34 459
83 35 31
83 36 874
83 37 684
83 38 831
83 39 666
83 40 930
83 41 337
83 42 138
83 43 821
83 44 785
83 45 425
83 46 828
83 47 827
83 48 690
83 49 496
83 50 867
83 51 200
83 52 423
83 53 465
83 54 756
83 55 451
83 56 942
83 57 949
83 58 975
83 59 901
83 60 634
83 61 792
83 62 813
83 63 323
83 64 104
83 65 911
83 66 573
83 67 525
83 68 271
83 69 1022
83 70 838
83 71 764
83 72 566
83 73 1195
83 74 828
83 75 962
83 76 195
83 77 300
83 78 956
83 79 133
83 80 1061
83 81 619
83 82 824
83 84 109
83 85 179
83 86 655
83 87 380
83 88 938
83 89 679
83 90 907
83 91 576
83 92 640
83 93 588
83 94 828
83 95 412
83 96 431
83 97 130
83 98 656
83 99 1003
83 100 771
84 1 148
84 2 164
84 3 677
84 4 872
84 5 548
84 6 257
84 7 517
84 8 274
84 9 886
84 10 1043
84 11 744
84 12 586
84 13 816
84 14 800
84 15 460
84 16 866
84 17 367
84 18 792
84 19 422
84 20 843
84 21 783
84 22 1047
84 23 555
84 24 744
84 25 468
84 26 929
84 27 997
84 28 267
84 29 521
84 30 486
84 31 150
84 32 903
84 33 429
84 34 426
84 35 137
84 36 805
84 37 636
84 38 755
84 39 639
84 40 932
84 41 413
84 42 83
84 43 834
84 44 818
84 45 326
84 46 744
84 47 775
84 48 728
84 49 567
84 50 886
84 51 97
84 52 422
84 53 375
84 54 800
84 55 466
84 56 903
84 57 878
84 58 919
84 59 875
84 60 677
84 61 712
84 62 790
84 63 341
84 64 16
84 65 844
84 66 492
84 67 424
84 68 224
84 69 995
84 70 845
84 71 737
84 72 623
84 73 1167
84 74 792
84 75 891
84 76 120
84 77 199
84 78 928
84 79 40
84 80 1044
84 81 597
84 82 743
84 83 109
84 85 263
84 86 585
84 87 453
84 88 862
84 89 662
84 90 892
84 91 477
84 92 539
84 93 560
84 94 753
84 95 362
84 96 396
84 97 62
84 98 724
84 99 978
84 100 721
85 1 242
85 2 250
85 3 765
85 4 744
85 5 467
85 6 34
85 7 673
85 8 495
85 9 752
85 10 929
85 11 834
85 12 767
85 13 772
85 14 738
85 15 468
85 16 756
85 17 517
85 18 956
85 19 254
85 20 799
85 21 909
85 22 1026
85 23 431
85 24 892
85 25 472
85 26 929
85 27 982
85 28 20
85 29 594
85 30 598
85 31 329
85 32 930
85 33 366
85 34 416
85 35 175
85 36 871
85 37 648
85 38 842
85 39 594
85 40 809
85 41 158
85 42 315
85 43 689
85 44 629
85 45 514
85 46 859
85 47 791
85 48 533
85 49 318
85 50 724
85 51 360
85 52 332
85 53 528
85 54 591
85 55 333
85 56 880
85 57 946
85 58 943
85 59 820
85 60 472
85 61 815
85 62 729
85 63 221
85 64 266
85 65 901
85 66 607
85 67 615
85 68 291
85 69 939
85 70 712
85 71 689
85 72 395
85 73 1111
85 74 765
85 75 958
85 76 280
85 77 406
85 78 877
85 79 298
85 80 964
85 81 543
85 82 848
85 83 179
85 84 263
85 86 663
85 87 202
85 88 946
85 89 592
85 90 810
85 91 655
85 92 723
85 93 525
85 94 839
85 95 404
85 96 395
85 97 304
85 98 478
85 99 917
85 100 735
86 1 725
86 2 447
86 3 103
86 4 590
86 5 361
86 6 630
86 7 203
86 8 411
86 9 613
86 10 682
86 11 172
86 12 301
86 13 370
86 14 399
86 15 219
86 16 545
86 17 245
86 18 371
86 19 528
86 20 390
86 21 268
86 22 517
86 23 447
86 24 288
86 25 221
86 26 385
86 27 464
86 28 682
86 29 69
86 30 117
86 31 436
86 32 333
86 33 356
86 34 273
86 35 684
86 36 221
86 37 163
86 38 180
86 39 291
86 40 617
86 41 698
86 42 652
86 43 605
86 44 711
86 45 326
86 46 210
86 47 235
86 48 673
86 49 752
86 50 683
86 51 579
86 52 401
86 53 244
86 54 757
86 55 464
86 56 396
86 57 294
86 58 351
86 59 433
86 60 675
86 61 159
86 62 391
86 63 479
86 64 600
86 65 261
86 66 116
86 67 306
86 68 388
86 69 528
86 70 583
86 71 335
86 72 710
86 73 676
86 74 321
86 75 308
86 76 467
86 77 419
86 78 466
86 79 602
86 80 613
86 81 306
86 82 192
86 83 655
86 84 585
86 85 663
86 87 699
86 88 285
86 89 351
86 90 501
86 91 268
86 92 293
86 93 264
86 94 177
86 95 260
86 96 281
86 97 632
86 98 840
86 99 523
86 100 199
87 1 443
87 2 385
87 3 800
87 4 612
87 5 407
87 6 198
87 7 764
87 8 644
87 9 614
87 10 798
87 11 865
87 12 871
87 13 705
87 14 658
87 15 483
87 16 637
87 17 619
87 18 1037
87 19 178
87 20 730
87 21 964
87 22 962
87 23 339
87 24 964
87 25 482
87 26 885
87 27 926
87 28 209
87 29 634
87 30 666
87 31 478
87 32 909
87 33 349
87 34 428
87 35 377
87 36 882
87 37 637
87 38 870
87 39 544
87 40 677
87 41 47
87 42 513
87 43 546
87 44 455
87 45 641
87 46 908
87 47 769
87 48 359
87 49 116
87 50 566
87 51 547
87 52 304
87 53 631
87 54 403
87 55 261
87 56 822
87 57 955
87 58 918
87 59 741
87 60 293
87 61 858
87 62 651
87 63 225
87 64 459
87 65 903
87 66 675
87 67 735
87 68 397
87 69 852
87 70 578
87 71 625
87 72 202
87 73 1017
87 74 712
87 75 965
87 76 434
87 77 556
87 78 797
87 79 490
87 80 857
87 81 492
87 82 891
87 83 380
87 84 453
87 85 202
87 86 699
87 88 965
87 89 522
87 90 709
87 91 764
87 92 831
87 93 494
87 94 866
87 95 457
87 96 420
87 97 501
87 98 276
87 99 828
87 100 716
88 1 1005
88 2 731
88 3 186
88 4 696
88 5 585
88 6 912
88 7 387
88 8 655
88 9 720
88 10 714
88 11 119
88 12 411
88 13 426
88 14 483
88 15 486
88 16 638
88 17 503
88 18 310
88 19 789
88 20 427
88 21 166
88 22 409
88 23 672
88 24 252
88 25 486
88 26 296
88 27 364
88 28 965
88 29 354
88 30 377
88 31 712
88 32 198
88 33 617
88 34 542
88 35 967
88 36 89
88 37 339
88 38 107
88 39 468
88 40 697
88 41 969
88 42 925
88 43 739
88 44 880
88 45 571
88 46 152
88 47 253
88 48 869
88 49 1004
88 50 813
88 51 845
88 52 662
88 53 498
88 54 945
88 55 714
88 56 365
88 57 55
88 58 213
88 59 465
88 60 888
88 61 158
88 62 480
88 63 753
88 64 877
88 65 99
88 66 371
88 67 512
88 68 672
88 69 500
88 70 704
88 71 448
88 72 943
88 73 588
88 74 376
88 75 64
88 76 747
88 77 683
88 78 464
88 79 876
88 80 601
88 81 507
88 82 134
88 83 938
88 84 862
88 85 946
88 86 285
88 87 965
88 89 520
88 90 555
88 91 455
88 92 436
88 93 484
88 94 110
88 95 543
88 96 556
88 97 906
88 98 1068
88 99 510
88 100 282
89 1 762
89 2 498
89 3 414
89 4 252
89 5 126
89 6 560
89 7 532
89 8 629
89 9 273
89 10 391
89 11 457
89 12 642
89 13 184
89 14 146
89 15 233
89 16 222
89 17 484
89 18 714
89 19 356
89 20 210
89 21 588
89 22 442
89 23 184
89 24 630
89 25 223
89 26 367
89 27 404
89 28 612
89 29 327
89 30 413
89 31 552
89 32 407
89 33 238
89 34 243
89 35 699
89 36 431
89 37 198
89 38 454
89 39 60
89 40 295
89 41 543
89 42 743
89 43 256
89 44 368
89 45 562
89 46 530
89 47 277
89 48 350
89 49 523
89 50 333
89 51 706
89 52 262
89 53 490
89 54 427
89 55 268
89 56 301
89 57 491
89 58 412
89 59 228
89 60 373
89 61 476
89 62 137
89 63 373
89 64 677
89 65 434
89 66 420
89 67 596
89 68 443
89 69 348
89 70 239
89 71 103
89 72 441
89 73 520
89 74 193
89 75 496
89 76 552
89 77 586
89 78 285
89 79 694
89 80 384
89 81 68
89 82 501
89 83 679
89 84 662
89 85 592
89 86 351
89 87 522
89 88 520
89 90 231
89 91 581
89 92 625
89 93 117
89 94 450
89 95 327
89 96 273
89 97 722
89 98 557
89 99 327
89 100 239
90 1 991
90 2 728
90 3 523
90 4 163
90 5 351
90 6 779
90 7 702
90 8 844
90 9 184
90 10 182
90 11 540
90 12 800
90 13 136
90 14 104
90 15 452
90 16 103
90 17 687
90 18 819
90 19 562
90 20 128
90 21 675
90 22 292
90 23 381
90 24 738
90 25 442
90 26 292
90 27 280
90 28 829
90 29 504
90 30 593
90 31 780
90 32 377
90 33 467
90 34 471
90 35 926
90 36 477
90 37 341
90 38 531
90 39 260
90 40 145
90 41 739
90 42 974
90 43 230
90 44 396
90 45 770
90 46 623
90 47 313
90 48 434
90 49 682
90 50 288
90 51 935
90 52 487
90 53 692
90 54 480
90 55 477
90 56 205
90 57 509
90 58 371
90 59 91
90 60 485
90 61 577
90 62 114
90 63 595
90 64 907
90 65 457
90 66 597
90 67 787
90 68 672
90 69 151
90 70 186
90 71 174
90 72 579
90 73 308
90 74 190
90 75 508
90 76 782
90 77 809
90 78 118
90 79 925
90 80 155
90 81 296
90 82 591
90 83 907
90 84 892
90 85 810
90 86 501
90 87 709
90 88 555
90 89 231
90 91 761
90 92 793
90 93 339
90 94 528
90 95 551
90 96 501
90 97 953
90 98 667
90 99 124
90 100 316
91 1 623
91 2 406
91 3 301
91 4 831
91 5 545
91 6 629
91 7 71
91 8 218
91 9 853
91 10 942
91 11 347
91 12 113
91 13 635
91 14 658
91 15 372
91 16 793
91 17 145
91 18 316
91 19 622
91 20 655
91 21 331
91 22 777
91 23 616
91 24 274
91 25 380
91 26 644
91 27 723
91 28 670
91 29 259
91 30 170
91 31 340
91 32 576
91 33 482
91 34 401
91 35 606
91 36 434
91 37 421
91 38 362
91 39 526
91 40 867
91 41 746
91 42 518
91 43 833
91 44 909
91 45 152
91 46 309
91 47 500
91 48 851
91 49 848
91 50 908
91 51 428
91 52 518
91 53 134
91 54 937
91 55 591
91 56 662
91 57 491
91 58 595
91 59 699
91 60 835
91 61 300
91 62 649
91 63 545
91 64 489
91 65 481
91 66 165
91 67 60
91 68 372
91 69 795
91 70 819
91 71 590
91 72 839
91 73 940
91 74 587
91 75 505
91 76 388
91 77 279
91 78 733
91 79 477
91 80 879
91 81 521
91 82 322
91 83 576
91 84 477
91 85 655
91 86 268
91 87 764
91 88 455
91 89 581
91 90 761
91 92 69
91 93 471
91 94 361
91 95 328
91 96 388
91 97 503
91 98 970
91 99 790
91 100 466
92 1 685
92 2 474
92 3 303
92 4 873
92 5 598
92 6 697
92 7 93
92 8 274
92 9 896
92 10 974
92 11 337
92 12 47
92 13 663
92 14 691
92 15 426
92 16 832
92 17 213
92 18 257
92 19 687
92 20 681
92 21 295
92 22 784
92 23 673
92 24 227
92 25 434
92 26 651
92 27 731
92 28 738
92 29 298
92 30 213
92 31 406
92 32 576
92 33 543
92 34 460
92 35 670
92 36 427
92 37 453
92 38 352
92 39 568
92 40 905
92 41 814
92 42 577
92 43 879
92 44 963
92 45 216
92 46 285
92 47 515
92 48 908
92 49 914
92 50 955
92 51 486
92 52 580
92 53 201
92 54 995
92 55 653
92 56 678
92 57 476
92 58 595
92 59 725
92 60 895
92 61 287
92 62 682
92 63 611
92 64 551
92 65 475
92 66 206
92 67 116
92 68 440
92 69 815
92 70 863
92 71 625
92 72 903
92 73 953
92 74 613
92 75 490
92 76 454
92 77 341
92 78 756
92 79 537
92 80 903
92 81 569
92 82 303
92 83 640
92 84 539
92 85 723
92 86 293
92 87 831
92 88 436
92 89 625
92 90 793
92 91 69
92 93 519
92 94 352
92 95 391
92 96 449
92 97 562
92 98 1033
92 99 812
92 100 488
93 1 670
93 2 396
93 3 345
93 4 367
93 5 102
93 6 492
93 7 427
93 8 513
93 9 387
93 10 506
93 11 401
93 12 541
93 13 258
93 14 242
93 15 116
93 16 338
93 17 368
93 18 634
93 19 318
93 20 286
93 21 522
93 22 504
93 23 190
93 24 551
93 25 106
93 26 404
93 27 458
93 28 545
93 29 226
93 30 306
93 31 442
93 32 416
93 33 160
93 34 135
93 35 611
93 36 397
93 37 147
93 38 401
93 39 80
93 40 412
93 41 506
93 42 641
93 43 363
93 44 450
93 45 445
93 46 462
93 47 276
93 48 410
93 49 521
93 50 437
93 51 597
93 52 198
93 53 375
93 54 494
93 55 235
93 56 357
93 57 467
93 58 426
93 59 316
93 60 415
93 61 409
93 62 232
93 63 307
93 64 575
93 65 413
93 66 314
93 67 482
93 68 337
93 69 436
93 70 351
93 71 178
93 72 460
93 73 608
93 74 242
93 75 475
93 76 446
93 77 471
93 78 370
93 79 591
93 80 487
93 81 52
93 82 438
93 83 588
93 84 560
93 85 525
93 86 264
93 87 494
93 88 484
93 89 117
93 90 339
93 91 471
93 92 519
93 94 397
93 95 213
93 96 165
93 97 620
93 98 587
93 99 419
93 100 223
94 1 896
94 2 622
94 3 76
94 4 654
94 5 499
94 6 806
94 7 291
94 8 551
94 9 678
94 10 700
94 11 16
94 12 336
94 13 393
94 14 442
94 15 385
94 16 599
94 17 396
94 18 293
94 19 691
94 20 401
94 21 147
94 22 443
94 23 587
94 24 216
94 25 385
94 26 314
94 27 392
94 28 858
94 29 246
94 30 269
94 31 603
94 32 229
94 33 519
94 34 440
94 35 857
94 36 76
94 37 257
94 38 4
94 39 394
94 40 665
94 41 868
94 42 816
94 43 687
94 44 817
94 45 467
94 46 97
94 47 215
94 48 796
94 49 911
94 50 764
94 51 738
94 52 564
94 53 391
94 54 876
94 55 620
94 56 363
94 57 132
94 58 247
94 59 443
94 60 809
94 61 66
94 62 437
94 63 650
94 64 768
94 65 123
94 66 263
94 67 415
94 68 563
94 69 504
94 70 656
94 71 395
94 72 857
94 73 619
94 74 340
94 75 146
94 76 638
94 77 576
94 78 456
94 79 767
94 80 602
94 81 426
94 82 66
94 83 828
94 84 753
94 85 839
94 86 177
94 87 866
94 88 110
94 89 450
94 90 528
94 91 361
94 92 352
94 93 397
94 95 436
94 96 452
94 97 797
94 98 984
94 99 508
94 100 223
95 1 489
95 2 205
95 3 362
95 4 568
95 5 244
95 6 371
95 7 313
95 8 309
95 9 586
95 10 717
95 11 431
95 12 426
95 13 459
95 14 452
95 15 100
95 16 546
95 17 192
95 18 581
95 19 299
95 20 487
95 21 513
95 22 685
95 23 299
95 24 508
95 25 110
95 26 568
95 27 635
95 28 423
95 29 191
95 30 209
95 31 233
95 32 549
95 33 156
95 34 89
95 35 439
95 36 471
95 37 275
95 38 439
95 39 291
95 40 618
95 41 449
95 42 440
95 43 550
95 44 597
95 45 254
95 46 460
95 47 416
95 48 530
95 49 528
95 50 619
95 51 388
95 52 190
95 53 202
95 54 616
95 55 263
95 56 541
95 57 546
95 58 564
95 59 521
95 60 509
95 61 413
95 62 442
95 63 232
95 64 378
95 65 504
95 66 219
95 67 318
95 68 142
95 69 639
95 70 547
95 71 385
95 72 512
95 73 809
95 74 432
95 75 559
95 76 244
95 77 260
95 78 572
95 79 389
95 80 697
95 81 259
95 82 447
95 83 412
95 84 362
95 85 404
95 86 260
95 87 457
95 88 543
95 89 327
95 90 551
95 91 328
95 92 391
95 93 213
95 94 436
95 96 65
95 97 419
95 98 643
95 99 624
95 100 361
96 1 511
96 2 232
96 3 383
96 4 508
96 5 181
96 6 361
96 7 367
96 8 371
96 9 526
96 10 663
96 11 450
96 12 481
96 13 421
96 14 406
96 15 74
96 16 490
96 17 255
96 18 625
96 19 252
96 20 448
96 21 544
96 22 658
96 23 235
96 24 548
96 25 79
96 26 547
96 27 609
96 28 414
96 29 215
96 30 255
96 31 280
96 32 539
96 33 95
96 34 31
96 35 455
96 36 479
96 37 258
96 38 456
96 39 245
96 40 561
96 41 417
96 42 477
96 43 488
96 44 533
96 45 318
96 46 489
96 47 401
96 48 467
96 49 481
96 50 556
96 51 434
96 52 133
96 53 265
96 54 553
96 55 205
96 56 512
96 57 554
96 58 552
96 59 480
96 60 448
96 61 439
96 62 396
96 63 199
96 64 411
96 65 507
96 66 264
96 67 380
96 68 173
96 69 600
96 70 487
96 71 342
96 72 456
96 73 771
96 74 399
96 75 565
96 76 282
96 77 317
96 78 533
96 79 426
96 80 651
96 81 206
96 82 472
96 83 431
96 84 396
96 85 395
96 86 281
96 87 420
96 88 556
96 89 273
96 90 501
96 91 388
96 92 449
96 93 165
96 94 452
96 95 65
96 97 455
96 98 588
96 99 583
96 100 345
97 1 130
97 2 225
97 3 722
97 4 934
97 5 609
97 6 303
97 7 549
97 8 290
97 9 948
97 10 1104
97 11 787
97 12 608
97 13 875
97 14 860
97 15 518
97 16 928
97 17 405
97 18 818
97 19 480
97 20 902
97 21 818
97 22 1103
97 23 616
97 24 774
97 25 526
97 26 984
97 27 1052
97 28 305
97 29 570
97 30 529
97 31 197
97 32 955
97 33 491
97 34 485
97 35 150
97 36 852
97 37 692
97 38 799
97 39 699
97 40 993
97 41 459
97 42 22
97 43 895
97 44 878
97 45 354
97 46 782
97 47 829
97 48 786
97 49 616
97 50 947
97 51 82
97 52 484
97 53 412
97 54 857
97 55 527
97 56 960
97 57 924
97 58 971
97 59 935
97 60 735
97 61 753
97 62 850
97 63 401
97 64 49
97 65 892
97 66 535
97 67 447
97 68 283
97 69 1054
97 70 906
97 71 797
97 72 677
97 73 1225
97 74 850
97 75 937
97 76 176
97 77 228
97 78 988
97 79 31
97 80 1104
97 81 658
97 82 783
97 83 130
97 84 62
97 85 304
97 86 632
97 87 501
97 88 906
97 89 722
97 90 953
97 91 503
97 92 562
97 93 620
97 94 797
97 95 419
97 96 455
97 98 774
97 99 1038
97 100 776
98 1 718
98 2 634
98 3 930
98 4 523
98 5 486
98 6 473
98 7 954
98 8 887
98 9 514
98 10 692
98 11 987
98 12 1068
98 13 714
98 14 655
98 15 628
98 16 571
98 17 828
98 18 1205
98 19 351
98 20 733
98 21 1105
98 22 954
98 23 398
98 24 1125
98 25 623
98 26 912
98 27 930
98 28 484
98 29 786
98 30 841
98 31 729
98 32 962
98 33 496
98 34 582
98 35 652
98 36 979
98 37 730
98 38 988
98 39 603
98 40 581
98 41 321
98 42 787
98 43 449
98 44 296
98 45 868
98 46 1046
98 47 834
98 48 234
98 49 161
98 50 429
98 51 816
98 52 455
98 53 839
98 54 212
98 55 384
98 56 833
98 57 1044
98 58 966
98 59 728
98 60 187
98 61 993
98 62 652
98 63 436
98 64 731
98 65 988
98 66 850
98 67 952
98 68 629
98 69 817
98 70 491
98 71 651
98 72 132
98 73 959
98 74 741
98 75 1051
98 76 690
98 77 804
98 78 777
98 79 762
98 80 788
98 81 561
98 82 1023
98 83 656
98 84 724
98 85 478
98 86 840
98 87 276
98 88 1068
98 89 557
98 90 667
98 91 970
98 92 1033
98 93 587
98 94 984
98 95 643
98 96 588
98 97 774
98 99 790
98 100 791
99 1 1086
99 2 814
99 3 522
99 4 278
99 5 452
99 6 886
99 7 726
99 8 900
99 9 294
99 10 211
99 11 523
99 12 812
99 13 166
99 14 181
99 15 524
99 16 222
99 17 737
99 18 799
99 19 674
99 20 141
99 21 651
99 22 178
99 23 494
99 24 724
99 25 515
99 26 220
99 27 180
99 28 936
99 29 542
99 30 629
99 31 856
99 32 316
99 33 563
99 34 553
99 35 1024
99 36 445
99 37 379
99 38 511
99 39 339
99 40 240
99 41 855
99 42 1059
99 43 349
99 44 515
99 45 822
99 46 605
99 47 302
99 48 557
99 49 804
99 50 398
99 51 1012
99 52 588
99 53 740
99 54 600
99 55 588
99 56 147
99 57 459
99 58 305
99 59 104
99 60 608
99 61 566
99 62 191
99 63 699
99 64 994
99 65 414
99 66 631
99 67 824
99 68 755
99 69 28
99 70 304
99 71 241
99 72 702
99 73 194
99 74 205
99 75 455
99 76 863
99 77 876
99 78 57
99 79 1009
99 80 94
99 81 384
99 82 574
99 83 1003
99 84 978
99 85 917
99 86 523
99 87 828
99 88 510
99 89 327
99 90 124
99 91 790
99 92 812
99 93 419
99 94 508
99 95 624
99 96 583
99 97 1038
99 98 790
99 100 325
100 1 850
100 2 565
100 3 208
100 4 432
100 5 317
100 6 701
100 7 401
100 8 594
100 9 456
100 10 494
100 11 233
100 12 490
100 13 180
100 14 223
100 15 272
100 16 379
100 17 427
100 18 507
100 19 540
100 20 196
100 21 368
100 22 333
100 23 400
100 24 425
100 25 267
100 26 208
100 27 280
100 28 755
100 29 227
100 30 308
100 31 582
100 32 196
100 33 376
100 34 321
100 35 797
100 36 193
100 37 88
100 38 226
100 39 189
100 40 446
100 41 728
100 42 797
100 43 465
100 44 600
100 45 511
100 46 313
100 47 56
100 48 588
100 49 739
100 50 542
100 51 735
100 52 418
100 53 428
100 54 664
100 55 457
100 56 200
100 57 254
100 58 208
100 59 240
100 60 609
100 61 264
100 62 216
100 63 523
100 64 737
100 65 197
100 66 310
100 67 502
100 68 503
100 69 329
100 70 434
100 71 173
100 72 670
100 73 480
100 74 128
100 75 260
100 76 602
100 77 584
100 78 269
100 79 746
100 80 416
100 81 233
100 82 282
100 83 771
100 84 721
100 85 735
100 86 199
100 87 716
100 88 282
100 89 239
100 90 316
100 91 466
100 92 488
100 93 223
100 94 223
100 95 361
100 96 345
100 97 776
100 98 791
100 99 325
