nnodes nedges type capacity P s t
100  4950  graph  1000 100 1 100 
nodename posx posy itemvalue itemweight
1 985 915 0 0
2 706 366 79 29
3 707 14 61 229
4 527 922 82 149
5 896 508 62 461
6 803 110 89 216
7 132 847 75 410
8 241 795 19 360
9 518 109 58 391
10 498 315 25 182
11 333 89 30 206
12 337 993 81 183
13 690 246 1 399
14 56 279 57 119
15 235 41 80 266
16 22 220 51 132
17 309 80 31 381
18 939 368 60 191
19 94 818 9 241
20 290 343 92 423
21 326 93 1 180
22 805 458 38 75
23 292 46 41 209
24 606 810 86 350
25 507 104 99 10
26 478 192 32 180
27 193 815 15 212
28 186 236 62 416
29 414 594 62 370
30 515 1 86 41
31 987 538 36 37
32 574 296 24 18
33 618 513 17 183
34 664 65 60 378
35 331 306 75 251
36 760 657 52 327
37 752 565 82 289
38 467 396 53 222
39 963 73 97 390
40 559 471 72 447
41 530 37 99 103
42 663 723 26 466
43 852 201 66 340
44 959 618 33 479
45 795 827 9 470
46 620 783 71 196
47 717 194 6 395
48 431 335 65 275
49 707 448 29 125
50 752 390 4 204
51 106 512 27 155
52 399 858 30 9
53 429 866 43 135
54 607 393 30 292
55 292 166 24 153
56 216 822 38 275
57 203 231 7 216
58 897 407 92 272
59 433 209 55 176
60 378 580 50 115
61 36 998 45 473
62 715 753 11 3
63 544 499 67 227
64 440 251 77 295
65 947 545 51 280
66 993 53 50 78
67 409 392 34 232
68 264 839 38 228
69 258 871 66 19
70 584 902 19 389
71 37 800 72 109
72 76 592 63 278
73 383 974 24 254
74 351 168 2 378
75 535 729 29 3
76 101 571 92 426
77 727 816 75 154
78 676 271 28 341
79 315 116 81 204
80 874 614 88 83
81 13 867 35 337
82 668 423 12 120
83 611 284 68 449
84 262 222 47 433
85 155 846 68 218
86 124 544 22 491
87 998 553 26 336
88 488 733 20 1
89 527 839 90 21
90 902 414 78 370
91 569 3 24 221
92 985 648 95 350
93 171 13 27 222
94 272 487 91 107
95 129 498 77 178
96 453 495 41 463
97 718 473 14 53
98 918 329 82 82
99 757 532 53 281
100 551 264 0 0
endpoint1 endpoint2 weight
1 2 616
1 3 943
1 4 459
1 5 417
1 6 826
1 7 856
1 8 754
1 9 932
1 10 773
1 11 1053
1 12 653
1 13 732
1 14 1126
1 15 1152
1 16 1188
1 17 1075
1 18 549
1 19 897
1 20 901
1 21 1054
1 22 492
1 23 1112
1 24 394
1 25 942
1 26 884
1 27 799
1 28 1049
1 29 656
1 30 1028
1 31 378
1 32 744
1 33 545
1 34 909
1 35 894
1 36 343
1 37 421
1 38 734
1 39 843
1 40 616
1 41 989
1 42 375
1 43 727
1 44 299
1 45 210
1 46 389
1 47 770
1 48 803
1 49 544
1 50 575
1 51 967
1 52 589
1 53 559
1 54 645
1 55 1021
1 56 775
1 57 1039
1 58 516
1 59 897
1 60 694
1 61 953
1 62 315
1 63 607
1 64 860
1 65 372
1 66 863
1 67 779
1 68 725
1 69 729
1 70 402
1 71 955
1 72 965
1 73 605
1 74 980
1 75 487
1 76 949
1 77 277
1 78 715
1 79 1043
1 80 321
1 81 974
1 82 586
1 83 734
1 84 1002
1 85 833
1 86 938
1 87 363
1 88 530
1 89 465
1 90 508
1 91 1003
1 92 267
1 93 1215
1 94 832
1 95 953
1 96 678
1 97 517
1 98 590
1 99 446
1 100 783
2 1 616
2 3 353
2 4 585
2 5 238
2 6 274
2 7 749
2 8 633
2 9 319
2 10 215
2 11 465
2 12 728
2 13 122
2 14 656
2 15 573
2 16 700
2 17 490
2 18 234
2 19 761
2 20 417
2 21 468
2 22 136
2 23 524
2 24 456
2 25 330
2 26 287
2 27 682
2 28 537
2 29 371
2 30 412
2 31 330
2 32 150
2 33 172
2 34 304
2 35 380
2 36 296
2 37 205
2 38 241
2 39 390
2 40 181
2 41 374
2 42 360
2 43 221
2 44 358
2 45 470
2 46 426
2 47 173
2 48 277
2 49 83
2 50 52
2 51 618
2 52 580
2 53 572
2 54 103
2 55 460
2 56 670
2 57 521
2 58 196
2 59 315
2 60 392
2 61 922
2 62 388
2 63 210
2 64 290
2 65 301
2 66 425
2 67 299
2 68 648
2 69 676
2 70 550
2 71 798
2 72 670
2 73 689
2 74 407
2 75 402
2 76 639
2 77 451
2 78 100
2 79 465
2 80 300
2 81 856
2 82 69
2 83 126
2 84 467
2 85 731
2 86 609
2 87 347
2 88 427
2 89 506
2 90 202
2 91 388
2 92 397
2 93 641
2 94 451
2 95 592
2 96 284
2 97 108
2 98 216
2 99 174
2 100 186
3 1 943
3 2 353
3 4 926
3 5 529
3 6 136
3 7 1013
3 8 910
3 9 212
3 10 367
3 11 382
3 12 1047
3 13 233
3 14 703
3 15 473
3 16 716
3 17 404
3 18 424
3 19 1012
3 20 532
3 21 390
3 22 455
3 23 417
3 24 803
3 25 220
3 26 291
3 27 952
3 28 567
3 29 650
3 30 193
3 31 595
3 32 312
3 33 507
3 34 67
3 35 477
3 36 646
3 37 553
3 38 452
3 39 263
3 40 481
3 41 179
3 42 711
3 43 237
3 44 655
3 45 818
3 46 774
3 47 181
3 48 424
3 49 434
3 50 379
3 51 781
3 52 899
3 53 897
3 54 392
3 55 442
3 56 946
3 57 549
3 58 437
3 59 337
3 60 655
3 61 1192
3 62 740
3 63 512
3 64 358
3 65 583
3 66 289
3 67 482
3 68 937
3 69 968
3 70 897
3 71 1033
3 72 856
3 73 1014
3 74 388
3 75 736
3 76 824
3 77 803
3 78 259
3 79 406
3 80 623
3 81 1100
3 82 411
3 83 287
3 84 492
3 85 999
3 86 788
3 87 613
3 88 752
3 89 845
3 90 445
3 91 139
3 92 693
3 93 537
3 94 643
3 95 754
3 96 544
3 97 460
3 98 380
3 99 521
3 100 295
4 1 459
4 2 585
4 3 926
4 5 555
4 6 858
4 7 403
4 8 313
4 9 814
4 10 608
4 11 856
4 12 203
4 13 696
4 14 798
4 15 929
4 16 865
4 17 870
4 18 691
4 19 446
4 20 626
4 21 854
4 22 541
4 23 907
4 24 138
4 25 819
4 26 732
4 27 351
4 28 767
4 29 347
4 30 922
4 31 600
4 32 628
4 33 420
4 34 868
4 35 647
4 36 353
4 37 422
4 38 530
4 39 955
4 40 453
4 41 886
4 42 242
4 43 791
4 44 529
4 45 285
4 46 168
4 47 753
4 48 595
4 49 508
4 50 578
4 51 588
4 52 144
4 53 113
4 54 536
4 55 792
4 56 327
4 57 764
4 58 635
4 59 720
4 60 374
4 61 497
4 62 253
4 63 424
4 64 677
4 65 565
4 66 987
4 67 543
4 68 276
4 69 274
4 70 61
4 71 505
4 72 559
4 73 154
4 74 775
4 75 194
4 76 552
4 77 227
4 78 668
4 79 834
4 80 464
4 81 517
4 82 519
4 83 644
4 84 749
4 85 380
4 86 553
4 87 599
4 88 193
4 89 83
4 90 632
4 91 920
4 92 534
4 93 977
4 94 505
4 95 582
4 96 434
4 97 488
4 98 711
4 99 453
4 100 659
5 1 417
5 2 238
5 3 529
5 4 555
5 6 409
5 7 836
5 8 716
5 9 550
5 10 443
5 11 702
5 12 741
5 13 334
5 14 871
5 15 810
5 16 921
5 17 727
5 18 147
5 19 860
5 20 629
5 21 706
5 22 104
5 23 761
5 24 419
5 25 561
5 26 525
5 27 768
5 28 761
5 29 490
5 30 635
5 31 96
5 32 386
5 33 279
5 34 501
5 35 601
5 36 202
5 37 155
5 38 444
5 39 441
5 40 340
5 41 597
5 42 318
5 43 311
5 44 127
5 45 335
5 46 390
5 47 362
5 48 497
5 49 199
5 50 187
5 51 791
5 52 608
5 53 589
5 54 312
5 55 695
5 56 749
5 57 747
5 58 102
5 59 552
5 60 523
5 61 990
5 62 305
5 63 353
5 64 524
5 65 64
5 66 466
5 67 501
5 68 714
5 69 735
5 70 503
5 71 908
5 72 825
5 73 694
5 74 643
5 75 424
5 76 798
5 77 352
5 78 324
5 79 701
5 80 109
5 81 954
5 82 244
5 83 363
5 84 696
5 85 815
5 86 773
5 87 112
5 88 466
5 89 496
5 90 95
5 91 602
5 92 166
5 93 878
5 94 625
5 95 768
5 96 444
5 97 182
5 98 181
5 99 142
5 100 423
6 1 826
6 2 274
6 3 136
6 4 858
6 5 409
6 7 997
6 8 887
6 9 286
6 10 368
6 11 471
6 12 999
6 13 177
6 14 766
6 15 573
6 16 789
6 17 495
6 18 292
6 19 1002
6 20 564
6 21 478
6 22 349
6 23 515
6 24 728
6 25 297
6 26 336
6 27 933
6 28 630
6 29 621
6 30 308
6 31 466
6 32 296
6 33 444
6 34 147
6 35 512
6 36 549
6 37 458
6 38 442
6 39 165
6 40 436
6 41 283
6 42 629
6 43 104
6 44 532
6 45 718
6 46 698
6 47 121
6 48 435
6 49 352
6 50 285
6 51 805
6 52 851
6 53 844
6 54 345
6 55 515
6 56 923
6 57 613
6 58 312
6 59 384
6 60 634
6 61 1174
6 62 649
6 63 468
6 64 390
6 65 459
6 66 199
6 67 485
6 68 907
6 69 937
6 70 822
6 71 1031
6 72 873
6 73 961
6 74 456
6 75 675
6 76 840
6 77 711
6 78 206
6 79 489
6 80 509
6 81 1095
6 82 341
6 83 260
6 84 553
6 85 981
6 86 806
6 87 485
6 88 699
6 89 780
6 90 320
6 91 258
6 92 568
6 93 640
6 94 652
6 95 778
6 96 521
6 97 373
6 98 248
6 99 425
6 100 296
7 1 856
7 2 749
7 3 1013
7 4 403
7 5 836
7 6 997
7 8 121
7 9 833
7 10 646
7 11 785
7 12 252
7 13 821
7 14 574
7 15 813
7 16 637
7 17 788
7 18 939
7 19 48
7 20 529
7 21 779
7 22 778
7 23 817
7 24 476
7 25 833
7 26 741
7 27 69
7 28 614
7 29 379
7 30 929
7 31 910
7 32 707
7 33 590
7 34 946
7 35 577
7 36 657
7 37 682
7 38 562
7 39 1136
7 40 569
7 41 903
7 42 546
7 43 968
7 44 859
7 45 664
7 46 493
7 47 877
7 48 593
7 49 700
7 50 771
7 51 337
7 52 268
7 53 298
7 54 658
7 55 700
7 56 88
7 57 621
7 58 883
7 59 706
7 60 364
7 61 179
7 62 591
7 63 540
7 64 671
7 65 870
7 66 1172
7 67 533
7 68 133
7 69 129
7 70 456
7 71 106
7 72 262
7 73 282
7 74 714
7 75 420
7 76 278
7 77 596
7 78 793
7 79 754
7 80 778
7 81 121
7 82 684
7 83 740
7 84 639
7 85 24
7 86 304
7 87 915
7 88 374
7 89 396
7 90 884
7 91 951
7 92 876
7 93 835
7 94 387
7 95 350
7 96 477
7 97 696
7 98 942
7 99 700
7 100 718
8 1 754
8 2 633
8 3 910
8 4 313
8 5 716
8 6 887
8 7 121
8 9 740
8 10 545
8 11 712
8 12 221
8 13 710
8 14 549
8 15 755
8 16 616
8 17 719
8 18 819
8 19 149
8 20 455
8 21 708
8 22 658
8 23 751
8 24 366
8 25 741
8 26 648
8 27 52
8 28 562
8 29 266
8 30 840
8 31 790
8 32 600
8 33 471
8 34 844
8 35 498
8 36 538
8 37 561
8 38 459
8 39 1022
8 40 454
8 41 812
8 42 429
8 43 853
8 44 740
8 45 555
8 46 380
8 47 767
8 48 498
8 49 582
8 50 653
8 51 314
8 52 171
8 53 201
8 54 544
8 55 632
8 56 37
8 57 566
8 58 763
8 59 617
8 60 255
8 61 289
8 62 476
8 63 424
8 64 580
8 65 749
8 66 1057
8 67 437
8 68 50
8 69 78
8 70 360
8 71 205
8 72 262
8 73 229
8 74 637
8 75 302
8 76 265
8 77 487
8 78 682
8 79 684
8 80 659
8 81 240
8 82 567
8 83 631
8 84 574
8 85 100
8 86 277
8 87 795
8 88 255
8 89 290
8 90 763
8 91 858
8 92 759
8 93 786
8 94 310
8 95 318
8 96 368
8 97 576
8 98 822
8 99 580
8 100 615
9 1 932
9 2 319
9 3 212
9 4 814
9 5 550
9 6 286
9 7 833
9 8 740
9 10 207
9 11 187
9 12 903
9 13 220
9 14 493
9 15 292
9 16 509
9 17 212
9 18 495
9 19 827
9 20 327
9 21 193
9 22 452
9 23 235
9 24 707
9 25 13
9 26 93
9 27 778
9 28 356
9 29 497
9 30 109
9 31 636
9 32 196
9 33 417
9 34 153
9 35 272
9 36 600
9 37 513
9 38 292
9 39 447
9 40 365
9 41 73
9 42 631
9 43 347
9 44 674
9 45 770
9 46 682
9 47 217
9 48 243
9 49 389
9 50 366
9 51 577
9 52 759
9 53 763
9 54 298
9 55 234
9 56 775
9 57 338
9 58 483
9 59 132
9 60 492
9 61 1012
9 62 674
9 63 391
9 64 163
9 65 612
9 66 479
9 67 304
9 68 773
9 69 806
9 70 796
9 71 842
9 72 655
9 73 876
9 74 178
9 75 621
9 76 623
9 77 738
9 78 227
9 79 204
9 80 618
9 81 911
9 82 348
9 83 199
9 84 280
9 85 822
9 86 587
9 87 654
9 88 625
9 89 731
9 90 491
9 91 118
9 92 714
9 93 361
9 94 451
9 95 551
9 96 392
9 97 416
9 98 457
9 99 486
9 100 159
10 1 773
10 2 215
10 3 367
10 4 608
10 5 443
10 6 368
10 7 646
10 8 545
10 9 207
10 11 280
10 12 697
10 13 205
10 14 444
10 15 380
10 16 486
10 17 302
10 18 445
10 19 646
10 20 210
10 21 281
10 22 339
10 23 339
10 24 507
10 25 212
10 26 125
10 27 586
10 28 322
10 29 292
10 30 315
10 31 538
10 32 79
10 33 232
10 34 301
10 35 168
10 36 431
10 37 357
10 38 87
10 39 525
10 40 168
10 41 280
10 42 441
10 43 372
10 44 552
10 45 592
10 46 484
10 47 251
10 48 70
10 49 248
10 50 265
10 51 439
10 52 552
10 53 556
10 54 135
10 55 255
10 56 581
10 57 307
10 58 410
10 59 125
10 60 291
10 61 825
10 62 489
10 63 190
10 64 87
10 65 505
10 66 561
10 67 118
10 68 574
10 69 606
10 70 594
10 71 670
10 72 505
10 73 669
10 74 208
10 75 416
10 76 473
10 77 551
10 78 184
10 79 271
10 80 481
10 81 735
10 82 202
10 83 118
10 84 254
10 85 633
10 86 439
10 87 554
10 88 419
10 89 525
10 90 416
10 91 320
10 92 590
10 93 446
10 94 285
10 95 412
10 96 186
10 97 271
10 98 421
10 99 338
10 100 74
11 1 1053
11 2 465
11 3 382
11 4 856
11 5 702
11 6 471
11 7 785
11 8 712
11 9 187
11 10 280
11 12 905
11 13 390
11 14 336
11 15 110
11 16 338
11 17 26
11 18 668
11 19 768
11 20 258
11 21 9
11 22 600
11 23 60
11 24 771
11 25 175
11 26 178
11 27 740
11 28 208
11 29 512
11 30 203
11 31 794
11 32 318
11 33 511
11 34 332
11 35 218
11 36 711
11 37 635
11 38 335
11 39 631
11 40 444
11 41 204
11 42 715
11 43 531
11 44 820
11 45 871
11 46 752
11 47 399
11 48 265
11 49 519
11 50 516
11 51 481
11 52 772
11 53 783
11 54 410
11 55 88
11 56 743
11 57 193
11 58 648
11 59 157
11 60 494
11 61 957
11 62 767
11 63 462
11 64 195
11 65 765
11 66 661
11 67 313
11 68 754
11 69 786
11 70 851
11 71 771
11 72 565
11 73 887
11 74 82
11 75 672
11 76 535
11 77 827
11 78 389
11 79 33
11 80 754
11 81 842
11 82 474
11 83 340
11 84 151
11 85 778
11 86 501
11 87 811
11 88 663
11 89 775
11 90 656
11 91 252
11 92 859
11 93 179
11 94 403
11 95 458
11 96 424
11 97 544
11 98 633
11 99 614
11 100 280
12 1 653
12 2 728
12 3 1047
12 4 203
12 5 741
12 6 999
12 7 252
12 8 221
12 9 903
12 10 697
12 11 905
12 13 827
12 14 768
12 15 958
12 16 835
12 17 914
12 18 868
12 19 300
12 20 652
12 21 901
12 22 711
12 23 949
12 24 326
12 25 906
12 26 814
12 27 229
12 28 772
12 29 407
12 30 1008
12 31 794
12 32 737
12 33 557
12 34 984
12 35 688
12 36 541
12 37 597
12 38 611
12 39 1113
12 40 568
12 41 976
12 42 424
12 43 945
12 44 727
12 45 488
12 46 353
12 47 885
12 48 665
12 49 659
12 50 733
12 51 534
12 52 149
12 53 157
12 54 658
12 55 829
12 56 210
12 57 774
12 58 811
12 59 790
12 60 416
12 61 302
12 62 448
12 63 536
12 64 750
12 65 757
12 66 1147
12 67 606
12 68 171
12 69 146
12 70 264
12 71 357
12 72 479
12 73 50
12 74 826
12 75 330
12 76 484
12 77 429
12 78 798
12 79 878
12 80 658
12 81 348
12 82 660
12 83 761
12 84 775
12 85 234
12 86 497
12 87 795
12 88 301
12 89 245
12 90 809
12 91 1017
12 92 735
12 93 994
12 94 511
12 95 537
12 96 512
12 97 645
12 98 883
12 99 624
12 100 760
13 1 732
13 2 122
13 3 233
13 4 696
13 5 334
13 6 177
13 7 821
13 8 710
13 9 220
13 10 205
13 11 390
13 12 827
13 14 635
13 15 500
13 16 669
13 17 416
13 18 278
13 19 827
13 20 412
13 21 395
13 22 242
13 23 446
13 24 571
13 25 232
13 26 219
13 27 756
13 28 505
13 29 445
13 30 302
13 31 417
13 32 127
13 33 277
13 34 183
13 35 364
13 36 417
13 37 325
13 38 269
13 39 324
13 40 261
13 41 264
13 42 478
13 43 169
13 44 460
13 45 591
13 46 542
13 47 59
13 48 274
13 49 203
13 50 157
13 51 642
13 52 678
13 53 673
13 54 169
13 55 406
13 56 746
13 57 488
13 58 263
13 59 260
13 60 458
13 61 997
13 62 508
13 63 293
13 64 251
13 65 395
13 66 360
13 67 317
13 68 731
13 69 760
13 70 665
13 71 857
13 72 705
13 73 791
13 74 348
13 75 508
13 76 673
13 77 572
13 78 29
13 79 397
13 80 412
13 81 919
13 82 179
13 83 88
13 84 429
13 85 804
13 86 640
13 87 435
13 88 528
13 89 615
13 90 271
13 91 272
13 92 499
13 93 569
13 94 483
13 95 615
13 96 344
13 97 229
13 98 243
13 99 294
13 100 141
14 1 1126
14 2 656
14 3 703
14 4 798
14 5 871
14 6 766
14 7 574
14 8 549
14 9 493
14 10 444
14 11 336
14 12 768
14 13 635
14 15 298
14 16 69
14 17 322
14 18 888
14 19 541
14 20 243
14 21 328
14 22 771
14 23 332
14 24 765
14 25 484
14 26 431
14 27 554
14 28 137
14 29 477
14 30 537
14 31 967
14 32 519
14 33 609
14 34 645
14 35 277
14 36 800
14 37 753
14 38 428
14 39 931
14 40 539
14 41 533
14 42 753
14 43 800
14 44 965
14 45 921
14 46 757
14 47 667
14 48 380
14 49 673
14 50 705
14 51 239
14 52 673
14 53 696
14 54 563
14 55 262
14 56 567
14 57 155
14 58 851
14 59 384
14 60 441
14 61 720
14 62 812
14 63 536
14 64 386
14 65 930
14 66 964
14 67 371
14 68 598
14 69 626
14 70 817
14 71 522
14 72 314
14 73 769
14 74 316
14 75 658
14 76 296
14 77 860
14 78 621
14 79 307
14 80 884
14 81 590
14 82 629
14 83 556
14 84 214
14 85 576
14 86 274
14 87 982
14 88 627
14 89 732
14 90 857
14 91 583
14 92 1000
14 93 290
14 94 300
14 95 231
14 96 452
14 97 690
14 98 864
14 99 746
14 100 496
15 1 1152
15 2 573
15 3 473
15 4 929
15 5 810
15 6 573
15 7 813
15 8 755
15 9 292
15 10 380
15 11 110
15 12 958
15 13 500
15 14 298
15 16 279
15 17 84
15 18 777
15 19 790
15 20 307
15 21 105
15 22 707
15 23 58
15 24 854
15 25 280
15 26 287
15 27 776
15 28 202
15 29 582
15 30 283
15 31 902
15 32 425
15 33 608
15 34 430
15 35 282
15 36 810
15 37 737
15 38 425
15 39 729
15 40 539
15 41 296
15 42 806
15 43 638
15 44 926
15 45 966
15 46 836
15 47 506
15 48 354
15 49 624
15 50 624
15 51 489
15 52 834
15 53 848
15 54 513
15 55 138
15 56 782
15 57 193
15 58 757
15 59 260
15 60 558
15 61 978
15 62 859
15 63 553
15 64 294
15 65 873
15 66 759
15 67 392
15 68 799
15 69 831
15 70 930
15 71 785
15 72 574
15 73 945
15 74 173
15 75 751
15 76 547
15 77 918
15 78 498
15 79 110
15 80 859
15 81 856
15 82 578
15 83 448
15 84 184
15 85 809
15 86 516
15 87 919
15 88 737
15 89 850
15 90 765
15 91 337
15 92 965
15 93 70
15 94 448
15 95 470
15 96 504
15 97 649
15 98 742
15 99 717
15 100 387
16 1 1188
16 2 700
16 3 716
16 4 865
16 5 921
16 6 789
16 7 637
16 8 616
16 9 509
16 10 486
16 11 338
16 12 835
16 13 669
16 14 69
16 15 279
16 17 320
16 18 929
16 19 603
16 20 295
16 21 330
16 22 819
16 23 322
16 24 831
16 25 499
16 26 457
16 27 620
16 28 165
16 29 542
16 30 540
16 31 1017
16 32 558
16 33 665
16 34 661
16 35 321
16 36 858
16 37 808
16 38 479
16 39 953
16 40 593
16 41 540
16 42 815
16 43 831
16 44 1019
16 45 983
16 46 822
16 47 696
16 48 425
16 49 722
16 50 750
16 51 304
16 52 742
16 53 764
16 54 611
16 55 276
16 56 633
16 57 182
16 58 895
16 59 412
16 60 507
16 61 779
16 62 875
16 63 592
16 64 420
16 65 981
16 66 986
16 67 424
16 68 665
16 69 693
16 70 884
16 71 581
16 72 376
16 73 836
16 74 334
16 75 723
16 76 360
16 77 924
16 78 656
16 79 311
16 80 939
16 81 648
16 82 678
16 83 593
16 84 241
16 85 640
16 86 340
16 87 1032
16 88 694
16 89 799
16 90 902
16 91 589
16 92 1054
16 93 256
16 94 366
16 95 298
16 96 512
16 97 741
16 98 903
16 99 799
16 100 531
17 1 1075
17 2 490
17 3 404
17 4 870
17 5 727
17 6 495
17 7 788
17 8 719
17 9 212
17 10 302
17 11 26
17 12 914
17 13 416
17 14 322
17 15 84
17 16 320
17 18 693
17 19 769
17 20 264
17 21 22
17 22 624
17 23 39
17 24 789
17 25 200
17 26 203
17 27 745
17 28 199
17 29 525
17 30 221
17 31 819
17 32 342
17 33 532
17 34 356
17 35 228
17 36 733
17 37 657
17 38 354
17 39 655
17 40 465
17 41 226
17 42 735
17 43 557
17 44 844
17 45 892
17 46 769
17 47 424
17 48 283
17 49 543
17 50 541
17 51 478
17 52 784
17 53 796
17 54 433
17 55 88
17 56 748
17 57 185
17 58 673
17 59 179
17 60 505
17 61 958
17 62 786
17 63 481
17 64 216
17 65 790
17 66 685
17 67 328
17 68 761
17 69 793
17 70 867
17 71 770
17 72 563
17 73 898
17 74 98
17 75 688
17 76 534
17 77 847
17 78 414
17 79 37
17 80 778
17 81 841
17 82 497
17 83 365
17 84 150
17 85 782
17 86 500
17 87 836
17 88 678
17 89 790
17 90 681
17 91 272
17 92 883
17 93 154
17 94 409
17 95 456
17 96 440
17 97 568
17 98 658
17 99 637
17 100 305
18 1 549
18 2 234
18 3 424
18 4 691
18 5 147
18 6 292
18 7 939
18 8 819
18 9 495
18 10 445
18 11 668
18 12 868
18 13 278
18 14 888
18 15 777
18 16 929
18 17 693
18 19 958
18 20 650
18 21 672
18 22 162
18 23 723
18 24 554
18 25 507
18 26 494
18 27 870
18 28 765
18 29 572
18 30 561
18 31 177
18 32 373
18 33 353
18 34 410
18 35 612
18 36 340
18 37 272
18 38 473
18 39 296
18 40 394
18 41 527
18 42 450
18 43 189
18 44 251
18 45 482
18 46 524
18 47 283
18 48 510
18 49 246
18 50 189
18 51 846
18 52 730
18 53 713
18 54 333
18 55 678
18 56 854
18 57 749
18 58 58
18 59 531
18 60 600
18 61 1102
18 62 446
18 63 417
18 64 513
18 65 178
18 66 320
18 67 531
18 68 824
18 69 847
18 70 642
18 71 1001
18 72 892
18 73 823
18 74 622
18 75 542
18 76 863
18 77 496
18 78 281
18 79 673
18 80 255
18 81 1052
18 82 277
18 83 339
18 84 693
18 85 919
18 86 834
18 87 195
18 88 581
18 89 626
18 90 60
18 91 520
18 92 284
18 93 847
18 94 678
18 95 821
18 96 503
18 97 245
18 98 45
18 99 245
18 100 402
19 1 897
19 2 761
19 3 1012
19 4 446
19 5 860
19 6 1002
19 7 48
19 8 149
19 9 827
19 10 646
19 11 768
19 12 300
19 13 827
19 14 541
19 15 790
19 16 603
19 17 769
19 18 958
19 20 514
19 21 762
19 22 797
19 23 797
19 24 513
19 25 825
19 26 735
19 27 100
19 28 590
19 29 391
19 30 920
19 31 936
19 32 710
19 33 607
19 34 945
19 35 565
19 36 686
19 37 705
19 38 564
19 39 1145
19 40 581
19 41 895
19 42 577
19 43 978
19 44 888
19 45 702
19 46 528
19 47 882
19 48 589
19 49 717
19 50 785
19 51 307
19 52 308
19 53 339
19 54 667
19 55 682
19 56 123
19 57 598
19 58 903
19 59 697
19 60 371
19 61 190
19 62 625
19 63 552
19 64 665
19 65 896
19 66 1181
19 67 530
19 68 172
19 69 173
19 70 498
19 71 60
19 72 227
19 73 329
19 74 699
19 75 450
19 76 248
19 77 634
19 78 799
19 79 736
19 80 807
19 81 95
19 82 697
19 83 744
19 84 620
19 85 68
19 86 276
19 87 943
19 88 404
19 89 434
19 90 904
19 91 944
19 92 908
19 93 809
19 94 376
19 95 322
19 96 483
19 97 714
19 98 959
19 99 723
19 100 719
20 1 901
20 2 417
20 3 532
20 4 626
20 5 629
20 6 564
20 7 529
20 8 455
20 9 327
20 10 210
20 11 258
20 12 652
20 13 412
20 14 243
20 15 307
20 16 295
20 17 264
20 18 650
20 19 514
20 21 253
20 22 528
20 23 298
20 24 564
20 25 323
20 26 242
20 27 482
20 28 150
20 29 280
20 30 410
20 31 724
20 32 288
20 33 370
20 34 467
20 35 56
20 36 566
20 37 513
20 38 185
20 39 726
20 40 298
20 41 389
20 42 533
20 43 580
20 44 724
20 45 700
20 46 550
20 47 453
20 48 142
20 49 431
20 50 465
20 51 250
20 52 527
20 53 542
20 54 321
20 55 178
20 56 485
20 57 142
20 58 611
20 59 196
20 60 253
20 61 703
20 62 591
20 63 299
20 64 176
20 65 688
20 66 761
20 67 129
20 68 497
20 69 529
20 70 632
20 71 523
20 72 329
20 73 638
20 74 186
20 75 458
20 76 297
20 77 644
20 78 393
20 79 229
20 80 644
20 81 593
20 82 387
20 83 327
20 84 125
20 85 521
20 86 261
20 87 739
20 88 438
20 89 550
20 90 617
20 91 440
20 92 759
20 93 351
20 94 146
20 95 224
20 96 223
20 97 448
20 98 629
20 99 504
20 100 273
21 1 1054
21 2 468
21 3 390
21 4 854
21 5 706
21 6 478
21 7 779
21 8 708
21 9 193
21 10 281
21 11 9
21 12 901
21 13 395
21 14 328
21 15 105
21 16 330
21 17 22
21 18 672
21 19 762
21 20 253
21 22 603
21 23 59
21 24 770
21 25 182
21 26 182
21 27 735
21 28 201
21 29 509
21 30 211
21 31 797
21 32 321
21 33 512
21 34 340
21 35 214
21 36 712
21 37 636
21 38 335
21 39 638
21 40 445
21 41 212
21 42 715
21 43 537
21 44 823
21 45 872
21 46 751
21 47 404
21 48 264
21 49 521
21 50 520
21 51 474
21 52 769
21 53 780
21 54 412
21 55 81
21 56 738
21 57 185
21 58 652
21 59 158
21 60 490
21 61 951
21 62 767
21 63 461
21 64 195
21 65 769
21 66 669
21 67 311
21 68 749
21 69 781
21 70 850
21 71 764
21 72 559
21 73 883
21 74 80
21 75 670
21 76 529
21 77 827
21 78 393
21 79 26
21 80 757
21 81 835
21 82 476
21 83 344
21 84 145
21 85 773
21 86 495
21 87 815
21 88 661
21 89 773
21 90 660
21 91 260
21 92 862
21 93 175
21 94 398
21 95 451
21 96 422
21 97 546
21 98 638
21 99 616
21 100 283
22 1 492
22 2 136
22 3 455
22 4 541
22 5 104
22 6 349
22 7 778
22 8 658
22 9 452
22 10 339
22 11 600
22 12 711
22 13 242
22 14 771
22 15 707
22 16 819
22 17 624
22 18 162
22 19 797
22 20 528
22 21 603
22 23 658
22 24 405
22 25 463
22 26 422
22 27 709
22 28 658
22 29 414
22 30 542
22 31 199
22 32 283
22 33 195
22 34 418
22 35 498
22 36 205
22 37 120
22 38 344
22 39 417
22 40 247
22 41 503
22 42 301
22 43 262
22 44 223
22 45 370
22 46 374
22 47 279
22 48 394
22 49 99
22 50 87
22 51 702
22 52 570
22 53 555
22 54 209
22 55 591
22 56 693
22 57 644
22 58 106
22 59 448
22 60 445
22 61 940
22 62 309
22 63 265
22 64 420
22 65 167
22 66 447
22 67 402
22 68 662
22 69 686
22 70 496
22 71 841
22 72 742
22 73 667
22 74 539
22 75 383
22 76 714
22 77 367
22 78 228
22 79 598
22 80 171
22 81 892
22 82 142
22 83 261
22 84 593
22 85 757
22 86 687
22 87 216
22 88 420
22 89 472
22 90 107
22 91 513
22 92 262
22 93 775
22 94 534
22 95 678
22 96 354
22 97 89
22 98 172
22 99 89
22 100 320
23 1 1112
23 2 524
23 3 417
23 4 907
23 5 761
23 6 515
23 7 817
23 8 751
23 9 235
23 10 339
23 11 60
23 12 949
23 13 446
23 14 332
23 15 58
23 16 322
23 17 39
23 18 723
23 19 797
23 20 298
23 21 59
23 22 658
23 24 827
23 25 223
23 26 237
23 27 776
23 28 218
23 29 562
23 30 228
23 31 852
23 32 377
23 33 570
23 34 373
23 35 263
23 36 770
23 37 694
23 38 392
23 39 672
23 40 502
23 41 239
23 42 772
23 43 582
23 44 879
23 45 929
23 46 807
23 47 451
23 48 321
23 49 578
23 50 575
23 51 502
23 52 820
23 53 832
23 54 469
23 55 120
23 56 780
23 57 206
23 58 705
23 59 216
23 60 541
23 61 986
23 62 824
23 63 519
23 64 253
23 65 824
23 66 702
23 67 366
23 68 794
23 69 826
23 70 905
23 71 796
23 72 588
23 73 933
23 74 136
23 75 725
23 76 559
23 77 885
23 78 446
23 79 74
23 80 814
23 81 868
23 82 533
23 83 399
23 84 179
23 85 812
23 86 526
23 87 870
23 88 715
23 89 828
23 90 713
23 91 281
23 92 918
23 93 126
23 94 442
23 95 481
23 96 477
23 97 604
23 98 687
23 99 673
23 100 339
24 1 394
24 2 456
24 3 803
24 4 138
24 5 419
24 6 728
24 7 476
24 8 366
24 9 707
24 10 507
24 11 771
24 12 326
24 13 571
24 14 765
24 15 854
24 16 831
24 17 789
24 18 554
24 19 513
24 20 564
24 21 770
24 22 405
24 23 827
24 25 713
24 26 632
24 27 414
24 28 712
24 29 289
24 30 815
24 31 469
24 32 515
24 33 298
24 34 748
24 35 575
24 36 218
24 37 286
24 38 437
24 39 819
24 40 343
24 41 777
24 42 105
24 43 657
24 44 402
24 45 190
24 46 31
24 47 626
24 48 507
24 49 376
24 50 445
24 51 583
24 52 213
24 53 186
24 54 418
24 55 717
24 56 391
24 57 706
24 58 498
24 59 626
24 60 324
24 61 601
24 62 124
24 63 318
24 64 584
24 65 432
24 66 851
24 67 463
24 68 344
24 69 354
24 70 95
24 71 570
24 72 574
24 73 277
24 74 691
24 75 108
24 76 559
24 77 122
24 78 544
24 79 753
24 80 333
24 81 596
24 82 392
24 83 527
24 84 682
24 85 453
24 86 551
24 87 469
24 88 141
24 89 85
24 90 495
24 91 808
24 92 413
24 93 908
24 94 465
24 95 570
24 96 351
24 97 356
24 98 574
24 99 317
24 100 549
25 1 942
25 2 330
25 3 220
25 4 819
25 5 561
25 6 297
25 7 833
25 8 741
25 9 13
25 10 212
25 11 175
25 12 906
25 13 232
25 14 484
25 15 280
25 16 499
25 17 200
25 18 507
25 19 825
25 20 323
25 21 182
25 22 463
25 23 223
25 24 713
25 26 93
25 27 778
25 28 348
25 29 499
25 30 104
25 31 648
25 32 204
25 33 424
25 34 162
25 35 268
25 36 609
25 37 523
25 38 295
25 39 458
25 40 371
25 41 71
25 42 639
25 43 359
25 44 685
25 45 779
25 46 689
25 47 229
25 48 244
25 49 398
25 50 377
25 51 573
25 52 762
25 53 766
25 54 306
25 55 224
25 56 775
25 57 330
25 58 494
25 59 129
25 60 494
25 61 1011
25 62 682
25 63 397
25 64 162
25 65 623
25 66 489
25 67 305
25 68 775
25 69 807
25 70 802
25 71 840
25 72 652
25 73 879
25 74 169
25 75 626
25 76 619
25 77 746
25 78 238
25 79 193
25 80 629
25 81 909
25 82 358
25 83 208
25 84 272
25 85 822
25 86 584
25 87 666
25 88 630
25 89 736
25 90 503
25 91 119
25 92 725
25 93 349
25 94 450
25 95 547
25 96 395
25 97 426
25 98 469
25 99 496
25 100 166
26 1 884
26 2 287
26 3 291
26 4 732
26 5 525
26 6 336
26 7 741
26 8 648
26 9 93
26 10 125
26 11 178
26 12 814
26 13 219
26 14 431
26 15 287
26 16 457
26 17 203
26 18 494
26 19 735
26 20 242
26 21 182
26 22 422
26 23 237
26 24 632
26 25 93
26 27 686
26 28 296
26 29 408
26 30 195
26 31 616
26 32 142
26 33 351
26 34 226
26 35 187
26 36 544
26 37 463
26 38 205
26 39 500
26 40 291
26 41 164
26 42 563
26 43 375
26 44 643
26 45 710
26 46 608
26 47 240
26 48 151
26 49 344
26 50 339
26 51 491
26 52 671
26 53 676
26 54 239
26 55 188
26 56 683
26 57 278
26 58 471
26 59 49
26 60 401
26 61 920
26 62 610
26 63 315
26 64 71
26 65 588
26 66 534
26 67 212
26 68 682
26 69 714
26 70 718
26 71 752
26 72 568
26 73 788
26 74 130
26 75 541
26 76 535
26 77 672
26 78 214
26 79 180
26 80 579
26 81 820
26 82 300
26 83 162
26 84 219
26 85 730
26 86 500
26 87 634
26 88 542
26 89 649
26 90 479
26 91 210
26 92 682
26 93 356
26 94 360
26 95 465
26 96 305
26 97 370
26 98 461
26 99 440
26 100 103
27 1 799
27 2 682
27 3 952
27 4 351
27 5 768
27 6 933
27 7 69
27 8 52
27 9 778
27 10 586
27 11 740
27 12 229
27 13 756
27 14 554
27 15 776
27 16 620
27 17 745
27 18 870
27 19 100
27 20 482
27 21 735
27 22 709
27 23 776
27 24 414
27 25 778
27 26 686
27 28 580
27 29 313
27 30 876
27 31 841
27 32 644
27 33 522
27 34 886
27 35 528
27 36 589
27 37 613
27 38 501
27 39 1070
27 40 503
27 41 848
27 42 479
27 43 901
27 44 791
27 45 603
27 46 429
27 47 813
27 48 536
27 49 632
27 50 703
27 51 316
27 52 211
27 53 242
27 54 592
27 55 657
27 56 25
27 57 585
27 58 814
27 59 652
27 60 300
27 61 242
27 62 526
27 63 473
27 64 616
27 65 801
27 66 1105
27 67 475
27 68 75
27 69 86
27 70 401
27 71 157
27 72 252
27 73 248
27 74 667
27 75 353
27 76 261
27 77 535
27 78 728
27 79 710
27 80 711
27 81 188
27 82 616
27 83 676
27 84 598
27 85 50
27 86 280
27 87 847
27 88 307
27 89 335
27 90 815
27 91 895
27 92 810
27 93 803
27 94 338
27 95 324
27 96 413
27 97 627
27 98 873
27 99 632
27 100 658
28 1 1049
28 2 537
28 3 567
28 4 767
28 5 761
28 6 630
28 7 614
28 8 562
28 9 356
28 10 322
28 11 208
28 12 772
28 13 505
28 14 137
28 15 202
28 16 165
28 17 199
28 18 765
28 19 590
28 20 150
28 21 201
28 22 658
28 23 218
28 24 712
28 25 348
28 26 296
28 27 580
28 29 425
28 30 405
28 31 857
28 32 393
28 33 514
28 34 508
28 35 162
28 36 712
28 37 655
28 38 324
28 39 794
28 40 441
28 41 398
28 42 682
28 43 667
28 44 863
28 45 849
28 46 699
28 47 533
28 48 265
28 49 563
28 50 587
28 51 288
28 52 658
28 53 676
28 54 450
28 55 128
28 56 587
28 57 18
28 58 732
28 59 249
28 60 394
28 61 777
28 62 740
28 63 445
28 64 255
28 65 822
28 66 828
28 67 273
28 68 609
28 69 640
28 70 776
28 71 584
28 72 373
28 73 764
28 74 179
28 75 605
28 76 346
28 77 794
28 78 492
28 79 177
28 80 786
28 81 655
28 82 518
28 83 428
28 84 78
28 85 611
28 86 315
28 87 872
28 88 582
28 89 693
28 90 738
28 91 449
28 92 899
28 93 224
28 94 266
28 95 269
28 96 372
28 97 583
28 98 738
28 99 644
28 100 367
29 1 656
29 2 371
29 3 650
29 4 347
29 5 490
29 6 621
29 7 379
29 8 266
29 9 497
29 10 292
29 11 512
29 12 407
29 13 445
29 14 477
29 15 582
29 16 542
29 17 525
29 18 572
29 19 391
29 20 280
29 21 509
29 22 414
29 23 562
29 24 289
29 25 499
29 26 408
29 27 313
29 28 425
29 30 602
29 31 576
29 32 339
29 33 220
29 34 586
29 35 300
29 36 352
29 37 340
29 38 205
29 39 757
29 40 191
29 41 569
29 42 281
29 43 589
29 44 546
29 45 447
29 46 280
29 47 502
29 48 260
29 49 328
29 50 395
29 51 319
29 52 265
29 53 273
29 54 279
29 55 446
29 56 302
29 57 420
29 58 518
29 59 386
29 60 39
29 61 554
29 62 341
29 63 162
29 64 344
29 65 536
29 66 793
29 67 203
29 68 288
29 69 318
29 70 352
29 71 430
29 72 339
29 73 382
29 74 431
29 75 182
29 76 314
29 77 384
29 78 416
29 79 489
29 80 461
29 81 486
29 82 307
29 83 368
29 84 402
29 85 362
29 86 295
29 87 586
29 88 158
29 89 270
29 90 521
29 91 611
29 92 574
29 93 630
29 94 178
29 95 301
29 96 107
29 97 328
29 98 570
29 99 349
29 100 358
30 1 1028
30 2 412
30 3 193
30 4 922
30 5 635
30 6 308
30 7 929
30 8 840
30 9 109
30 10 315
30 11 203
30 12 1008
30 13 302
30 14 537
30 15 283
30 16 540
30 17 221
30 18 561
30 19 920
30 20 410
30 21 211
30 22 542
30 23 228
30 24 815
30 25 104
30 26 195
30 27 876
30 28 405
30 29 602
30 31 715
30 32 301
30 33 523
30 34 163
30 35 357
30 36 701
30 37 612
30 38 398
30 39 454
30 40 473
30 41 39
30 42 738
30 43 392
30 44 761
30 45 873
30 46 790
30 47 280
30 48 345
30 49 487
30 50 456
30 51 655
30 52 865
30 53 870
30 54 403
30 55 278
30 56 874
30 57 388
30 58 558
30 59 224
30 60 595
30 61 1107
30 62 779
30 63 499
30 64 262
30 65 695
30 66 481
30 67 406
30 68 875
30 69 908
30 70 904
30 71 932
30 72 737
30 73 982
30 74 235
30 75 729
30 76 705
30 77 843
30 78 315
30 79 231
30 80 711
30 81 1001
30 82 449
30 83 299
30 84 336
30 85 919
30 86 670
30 87 734
30 88 733
30 89 839
30 90 566
30 91 55
30 92 800
30 93 345
30 94 544
30 95 630
30 96 498
30 97 514
30 98 520
30 99 584
30 100 266
31 1 378
31 2 330
31 3 595
31 4 600
31 5 96
31 6 466
31 7 910
31 8 790
31 9 636
31 10 538
31 11 794
31 12 794
31 13 417
31 14 967
31 15 902
31 16 1017
31 17 819
31 18 177
31 19 936
31 20 724
31 21 797
31 22 199
31 23 852
31 24 469
31 25 648
31 26 616
31 27 841
31 28 857
31 29 576
31 30 715
31 32 479
31 33 370
31 34 573
31 35 696
31 36 257
31 37 237
31 38 540
31 39 466
31 40 434
31 41 679
31 42 374
31 43 364
31 44 85
31 45 347
31 46 442
31 47 438
31 48 592
31 49 295
31 50 278
31 51 882
31 52 670
31 53 648
31 54 407
31 55 789
31 56 822
31 57 842
31 58 159
31 59 645
31 60 611
31 61 1057
31 62 347
31 63 445
31 64 618
31 65 41
31 66 486
31 67 597
31 68 784
31 69 802
31 70 544
31 71 986
31 72 913
31 73 745
31 74 736
31 75 491
31 76 887
31 77 381
31 78 410
31 79 794
31 80 137
31 81 1029
31 82 340
31 83 454
31 84 791
31 85 888
31 86 864
31 87 19
31 88 536
31 89 550
31 90 151
31 91 679
31 92 111
31 93 971
31 94 717
31 95 859
31 96 536
31 97 277
31 98 221
31 99 231
31 100 515
32 1 744
32 2 150
32 3 312
32 4 628
32 5 386
32 6 296
32 7 707
32 8 600
32 9 196
32 10 79
32 11 318
32 12 737
32 13 127
32 14 519
32 15 425
32 16 558
32 17 342
32 18 373
32 19 710
32 20 288
32 21 321
32 22 283
32 23 377
32 24 515
32 25 204
32 26 142
32 27 644
32 28 393
32 29 339
32 30 301
32 31 479
32 33 222
32 34 248
32 35 244
32 36 407
32 37 323
32 38 147
32 39 449
32 40 176
32 41 263
32 42 437
32 43 294
32 44 502
32 45 576
32 46 490
32 47 176
32 48 149
32 49 202
32 50 202
32 51 516
32 52 589
32 53 589
32 54 103
32 55 311
32 56 637
32 57 377
32 58 342
32 59 166
32 60 346
32 61 885
32 62 479
32 63 206
32 64 142
32 65 449
32 66 485
32 67 191
32 68 626
32 69 657
32 70 607
32 71 737
32 72 580
32 73 705
32 74 258
32 75 435
32 76 548
32 77 543
32 78 106
32 79 316
32 80 438
32 81 801
32 82 159
32 83 39
32 84 321
32 85 692
32 86 514
32 87 496
32 88 446
32 89 546
32 90 349
32 91 294
32 92 542
32 93 493
32 94 358
32 95 489
32 96 233
32 97 229
32 98 346
32 99 299
32 100 40
33 1 545
33 2 172
33 3 507
33 4 420
33 5 279
33 6 444
33 7 590
33 8 471
33 9 417
33 10 232
33 11 511
33 12 557
33 13 277
33 14 609
33 15 608
33 16 665
33 17 532
33 18 353
33 19 607
33 20 370
33 21 512
33 22 195
33 23 570
33 24 298
33 25 424
33 26 351
33 27 522
33 28 514
33 29 220
33 30 523
33 31 370
33 32 222
33 34 451
33 35 354
33 36 203
33 37 144
33 38 192
33 39 560
33 40 73
33 41 485
33 42 215
33 43 390
33 44 357
33 45 361
33 46 271
33 47 335
33 48 259
33 49 111
33 50 182
33 51 513
33 52 409
33 53 401
33 54 121
33 55 477
33 56 508
33 57 502
33 58 299
33 59 356
33 60 250
33 61 758
33 62 259
33 63 76
33 64 317
33 65 331
33 66 594
33 67 242
33 68 482
33 69 508
33 70 391
33 71 649
33 72 548
33 73 518
33 74 437
33 75 232
33 76 521
33 77 323
33 78 249
33 79 500
33 80 276
33 81 701
33 82 103
33 83 230
33 84 460
33 85 571
33 86 495
33 87 383
33 88 256
33 89 339
33 90 301
33 91 513
33 92 392
33 93 671
33 94 347
33 95 490
33 96 166
33 97 108
33 98 352
33 99 141
33 100 258
34 1 909
34 2 304
34 3 67
34 4 868
34 5 501
34 6 147
34 7 946
34 8 844
34 9 153
34 10 301
34 11 332
34 12 984
34 13 183
34 14 645
34 15 430
34 16 661
34 17 356
34 18 410
34 19 945
34 20 467
34 21 340
34 22 418
34 23 373
34 24 748
34 25 162
34 26 226
34 27 886
34 28 508
34 29 586
34 30 163
34 31 573
34 32 248
34 33 451
34 35 412
34 36 600
34 37 508
34 38 386
34 39 300
34 40 420
34 41 137
34 42 659
34 43 233
34 44 627
34 45 774
34 46 720
34 47 140
34 48 357
34 49 386
34 50 337
34 51 715
34 52 837
34 53 835
34 54 333
34 55 386
34 56 880
34 57 490
34 58 414
34 59 273
34 60 590
34 61 1125
34 62 690
34 63 451
34 64 292
34 65 558
34 66 330
34 67 415
34 68 872
34 69 903
34 70 841
34 71 967
34 72 790
34 73 952
34 74 330
34 75 677
34 76 757
34 77 754
34 78 207
34 79 353
34 80 588
34 81 1033
34 82 359
34 83 226
34 84 432
34 85 933
34 86 722
34 87 592
34 88 691
34 89 787
34 90 423
34 91 114
34 92 666
34 93 496
34 94 576
34 95 689
34 96 479
34 97 412
34 98 367
34 99 477
34 100 229
35 1 894
35 2 380
35 3 477
35 4 647
35 5 601
35 6 512
35 7 577
35 8 498
35 9 272
35 10 168
35 11 218
35 12 688
35 13 364
35 14 277
35 15 282
35 16 321
35 17 228
35 18 612
35 19 565
35 20 56
35 21 214
35 22 498
35 23 263
35 24 575
35 25 268
35 26 187
35 27 528
35 28 162
35 29 300
35 30 357
35 31 696
35 32 244
35 33 354
35 34 412
35 36 555
35 37 495
35 38 164
35 39 674
35 40 282
35 41 335
35 42 534
35 43 532
35 44 702
35 45 698
35 46 558
35 47 402
35 48 105
35 49 402
35 50 430
35 51 306
35 52 557
35 53 569
35 54 290
35 55 146
35 56 529
35 57 149
35 58 575
35 59 141
35 60 279
35 61 753
35 62 590
35 63 288
35 64 123
35 65 661
35 66 709
35 67 117
35 68 538
35 69 570
35 70 648
35 71 575
35 72 384
35 73 671
35 74 140
35 75 470
35 76 351
35 77 646
35 78 347
35 79 191
35 80 625
35 81 645
35 82 357
35 83 281
35 84 109
35 85 568
35 86 316
35 87 712
35 88 455
35 89 568
35 90 582
35 91 386
35 92 739
35 93 334
35 94 191
35 95 279
35 96 225
35 97 422
35 98 588
35 99 483
35 100 224
36 1 343
36 2 296
36 3 646
36 4 353
36 5 202
36 6 549
36 7 657
36 8 538
36 9 600
36 10 431
36 11 711
36 12 541
36 13 417
36 14 800
36 15 810
36 16 858
36 17 733
36 18 340
36 19 686
36 20 566
36 21 712
36 22 205
36 23 770
36 24 218
36 25 609
36 26 544
36 27 589
36 28 712
36 29 352
36 30 701
36 31 257
36 32 407
36 33 203
36 34 600
36 35 555
36 37 93
36 38 393
36 39 619
36 40 274
36 41 662
36 42 118
36 43 466
36 44 203
36 45 174
36 46 189
36 47 465
36 48 461
36 49 216
36 50 268
36 51 670
36 52 414
36 53 392
36 54 306
36 55 679
36 56 569
36 57 702
36 58 286
36 59 555
36 60 390
36 61 801
36 62 107
36 63 268
36 64 517
36 65 218
36 66 648
36 67 440
36 68 529
36 69 546
36 70 302
36 71 738
36 72 688
36 73 493
36 74 638
36 75 237
36 76 665
36 77 163
36 78 396
36 79 701
36 80 122
36 81 776
36 82 252
36 83 402
36 84 662
36 85 634
36 86 646
36 87 260
36 88 283
36 89 296
36 90 282
36 91 682
36 92 226
36 93 873
36 94 517
36 95 651
36 96 348
36 97 189
36 98 365
36 99 126
36 100 446
37 1 421
37 2 205
37 3 553
37 4 422
37 5 155
37 6 458
37 7 682
37 8 561
37 9 513
37 10 357
37 11 635
37 12 597
37 13 325
37 14 753
37 15 737
37 16 808
37 17 657
37 18 272
37 19 705
37 20 513
37 21 636
37 22 120
37 23 694
37 24 286
37 25 523
37 26 463
37 27 613
37 28 655
37 29 340
37 30 612
37 31 237
37 32 323
37 33 144
37 34 508
37 35 495
37 36 93
37 38 332
37 39 536
37 40 215
37 41 573
37 42 182
37 43 378
37 44 214
37 45 266
37 46 255
37 47 373
37 48 395
37 49 126
37 50 175
37 51 649
37 52 459
37 53 442
37 54 225
37 55 609
37 56 595
37 57 643
37 58 215
37 59 479
37 60 375
37 61 837
37 62 192
37 63 219
37 64 443
37 65 197
37 66 566
37 67 385
37 68 560
37 69 582
37 70 377
37 71 753
37 72 677
37 73 551
37 74 565
37 75 273
37 76 652
37 77 253
37 78 304
37 79 627
37 80 132
37 81 799
37 82 165
37 83 315
37 84 599
37 85 660
37 86 629
37 87 247
37 88 313
37 89 355
37 90 213
37 91 592
37 92 248
37 93 802
37 94 487
37 95 627
37 96 308
37 97 99
37 98 289
37 99 34
37 100 362
38 1 734
38 2 241
38 3 452
38 4 530
38 5 444
38 6 442
38 7 562
38 8 459
38 9 292
38 10 87
38 11 335
38 12 611
38 13 269
38 14 428
38 15 425
38 16 479
38 17 354
38 18 473
38 19 564
38 20 185
38 21 335
38 22 344
38 23 392
38 24 437
38 25 295
38 26 205
38 27 501
38 28 324
38 29 205
38 30 398
38 31 540
38 32 147
38 33 192
38 34 386
38 35 164
38 36 393
38 37 332
38 39 592
38 40 119
38 41 365
38 42 382
38 43 432
38 44 540
38 45 542
38 46 417
38 47 322
38 48 71
38 49 246
38 50 286
38 51 380
38 52 467
38 53 472
38 54 141
38 55 290
38 56 495
38 57 312
38 58 431
38 59 191
38 60 205
38 61 741
38 62 435
38 63 129
38 64 148
38 65 503
38 66 628
38 67 59
38 68 488
38 69 519
38 70 520
38 71 591
38 72 438
38 73 585
38 74 256
38 75 340
38 76 406
38 77 494
38 78 244
38 79 319
38 80 462
38 81 655
38 82 203
38 83 183
38 84 269
38 85 548
38 86 374
38 87 554
38 88 338
38 89 448
38 90 436
38 91 407
38 92 577
38 93 485
38 94 216
38 95 354
38 96 100
38 97 263
38 98 456
38 99 321
38 100 157
39 1 843
39 2 390
39 3 263
39 4 955
39 5 441
39 6 165
39 7 1136
39 8 1022
39 9 447
39 10 525
39 11 631
39 12 1113
39 13 324
39 14 931
39 15 729
39 16 953
39 17 655
39 18 296
39 19 1145
39 20 726
39 21 638
39 22 417
39 23 672
39 24 819
39 25 458
39 26 500
39 27 1070
39 28 794
39 29 757
39 30 454
39 31 466
39 32 449
39 33 560
39 34 300
39 35 674
39 36 619
39 37 536
39 38 592
39 40 568
39 41 435
39 42 716
39 43 170
39 44 546
39 45 773
39 46 789
39 47 275
39 48 594
39 49 455
39 50 381
39 51 963
39 52 967
39 53 957
39 54 479
39 55 678
39 56 1058
39 57 777
39 58 341
39 59 548
39 60 775
39 61 1310
39 62 724
39 63 598
39 64 553
39 65 473
39 66 37
39 67 640
39 68 1037
39 69 1065
39 70 912
39 71 1178
39 72 1028
39 73 1072
39 74 620
39 75 784
39 76 996
39 77 780
39 78 349
39 79 650
39 80 549
39 81 1239
39 82 458
39 83 411
39 84 717
39 85 1119
39 86 963
39 87 482
39 88 814
39 89 882
39 90 347
39 91 401
39 92 576
39 93 795
39 94 806
39 95 937
39 96 662
39 97 470
39 98 260
39 99 504
39 100 455
40 1 616
40 2 181
40 3 481
40 4 453
40 5 340
40 6 436
40 7 569
40 8 454
40 9 365
40 10 168
40 11 444
40 12 568
40 13 261
40 14 539
40 15 539
40 16 593
40 17 465
40 18 394
40 19 581
40 20 298
40 21 445
40 22 247
40 23 502
40 24 343
40 25 371
40 26 291
40 27 503
40 28 441
40 29 191
40 30 473
40 31 434
40 32 176
40 33 73
40 34 420
40 35 282
40 36 274
40 37 215
40 38 119
40 39 568
40 41 435
40 42 273
40 43 399
40 44 427
40 45 428
40 46 318
40 47 319
40 48 187
40 49 150
40 50 210
40 51 455
40 52 419
40 53 416
40 54 92
40 55 406
40 56 491
40 57 430
40 58 345
40 59 291
40 60 212
40 61 743
40 62 323
40 63 32
40 64 251
40 65 395
40 66 603
40 67 170
40 68 472
40 69 501
40 70 432
40 71 618
40 72 498
40 73 533
40 74 368
40 75 260
40 76 469
40 77 384
40 78 232
40 79 431
40 80 346
40 81 675
40 82 120
40 83 195
40 84 388
40 85 552
40 86 442
40 87 447
40 88 272
40 89 370
40 90 348
40 91 469
40 92 462
40 93 601
40 94 288
40 95 431
40 96 109
40 97 160
40 98 387
40 99 208
40 100 208
41 1 989
41 2 374
41 3 179
41 4 886
41 5 597
41 6 283
41 7 903
41 8 812
41 9 73
41 10 280
41 11 204
41 12 976
41 13 264
41 14 533
41 15 296
41 16 540
41 17 226
41 18 527
41 19 895
41 20 389
41 21 212
41 22 503
41 23 239
41 24 777
41 25 71
41 26 164
41 27 848
41 28 398
41 29 569
41 30 39
41 31 679
41 32 263
41 33 485
41 34 137
41 35 335
41 36 662
41 37 573
41 38 365
41 39 435
41 40 435
41 42 699
41 43 362
41 44 723
41 45 834
41 46 752
41 47 245
41 48 315
41 49 448
41 50 418
41 51 637
41 52 832
41 53 836
41 54 365
41 55 271
41 56 846
41 57 381
41 58 522
41 59 198
41 60 564
41 61 1081
41 62 740
41 63 463
41 64 233
41 65 658
41 66 464
41 67 376
41 68 845
41 69 878
41 70 867
41 71 909
41 72 718
41 73 949
41 74 222
41 75 693
41 76 685
41 77 804
41 78 276
41 79 230
41 80 672
41 81 978
41 82 410
41 83 260
41 84 326
41 85 892
41 86 650
41 87 697
41 88 698
41 89 803
41 90 530
41 91 52
41 92 762
41 93 360
41 94 519
41 95 612
41 96 465
41 97 475
41 98 486
41 99 545
41 100 228
42 1 375
42 2 360
42 3 711
42 4 242
42 5 318
42 6 629
42 7 546
42 8 429
42 9 631
42 10 441
42 11 715
42 12 424
42 13 478
42 14 753
42 15 806
42 16 815
42 17 735
42 18 450
42 19 577
42 20 533
42 21 715
42 22 301
42 23 772
42 24 105
42 25 639
42 26 563
42 27 479
42 28 682
42 29 281
42 30 738
42 31 374
42 32 437
42 33 215
42 34 659
42 35 534
42 36 118
42 37 182
42 38 382
42 39 716
42 40 273
42 41 699
42 43 556
42 44 315
42 45 169
42 46 74
42 47 532
42 48 453
42 49 279
42 50 345
42 51 596
42 52 297
42 53 275
42 54 335
42 55 670
42 56 458
42 57 674
42 58 394
42 59 564
42 60 319
42 61 685
42 62 61
42 63 254
42 64 523
42 65 336
42 66 747
42 67 418
42 68 416
42 69 432
42 70 196
42 71 631
42 72 602
42 73 377
42 74 637
42 75 129
42 76 583
42 77 113
42 78 453
42 79 700
42 80 238
42 81 666
42 82 301
42 83 443
42 84 642
42 85 523
42 86 568
42 87 376
42 88 176
42 89 179
42 90 391
42 91 727
42 92 331
42 93 864
42 94 457
42 95 580
42 96 310
42 97 256
42 98 470
42 99 213
42 100 473
43 1 727
43 2 221
43 3 237
43 4 791
43 5 311
43 6 104
43 7 968
43 8 853
43 9 347
43 10 372
43 11 531
43 12 945
43 13 169
43 14 800
43 15 638
43 16 831
43 17 557
43 18 189
43 19 978
43 20 580
43 21 537
43 22 262
43 23 582
43 24 657
43 25 359
43 26 375
43 27 901
43 28 667
43 29 589
43 30 392
43 31 364
43 32 294
43 33 390
43 34 233
43 35 532
43 36 466
43 37 378
43 38 432
43 39 170
43 40 399
43 41 362
43 42 556
43 44 431
43 45 629
43 46 627
43 47 136
43 48 442
43 49 287
43 50 214
43 51 809
43 52 799
43 53 789
43 54 312
43 55 562
43 56 889
43 57 650
43 58 211
43 59 420
43 60 607
43 61 1141
43 62 569
43 63 429
43 64 416
43 65 357
43 66 205
43 67 483
43 68 868
43 69 896
43 70 751
43 71 1012
43 72 869
43 73 905
43 74 503
43 75 616
43 76 838
43 77 628
43 78 190
43 79 544
43 80 414
43 81 1072
43 82 289
43 83 255
43 84 591
43 85 950
43 86 805
43 87 382
43 88 645
43 89 717
43 90 219
43 91 346
43 92 467
43 93 707
43 94 647
43 95 782
43 96 496
43 97 304
43 98 145
43 99 345
43 100 308
44 1 299
44 2 358
44 3 655
44 4 529
44 5 127
44 6 532
44 7 859
44 8 740
44 9 674
44 10 552
44 11 820
44 12 727
44 13 460
44 14 965
44 15 926
44 16 1019
44 17 844
44 18 251
44 19 888
44 20 724
44 21 823
44 22 223
44 23 879
44 24 402
44 25 685
44 26 643
44 27 791
44 28 863
44 29 546
44 30 761
44 31 85
44 32 502
44 33 357
44 34 627
44 35 702
44 36 203
44 37 214
44 38 540
44 39 546
44 40 427
44 41 723
44 42 315
44 43 431
44 45 266
44 46 378
44 47 489
44 48 600
44 49 304
44 50 308
44 51 860
44 52 610
44 53 586
44 54 418
44 55 806
44 56 771
44 57 850
44 58 220
44 59 667
44 60 583
44 61 999
44 62 279
44 63 432
44 64 636
44 65 74
44 66 567
44 67 595
44 68 730
44 69 746
44 70 471
44 71 940
44 72 884
44 73 678
44 74 757
44 75 439
44 76 860
44 77 306
44 78 448
44 79 817
44 80 86
44 81 979
44 82 351
44 83 483
44 84 802
44 85 836
44 86 839
44 87 76
44 88 485
44 89 486
44 90 212
44 91 729
44 92 40
44 93 994
44 94 700
44 95 839
44 96 521
44 97 282
44 98 292
44 99 220
44 100 541
45 1 210
45 2 470
45 3 818
45 4 285
45 5 335
45 6 718
45 7 664
45 8 555
45 9 770
45 10 592
45 11 871
45 12 488
45 13 591
45 14 921
45 15 966
45 16 983
45 17 892
45 18 482
45 19 702
45 20 700
45 21 872
45 22 370
45 23 929
45 24 190
45 25 779
45 26 710
45 27 603
45 28 849
45 29 447
45 30 873
45 31 347
45 32 576
45 33 361
45 34 774
45 35 698
45 36 174
45 37 266
45 38 542
45 39 773
45 40 428
45 41 834
45 42 169
45 43 629
45 44 266
45 46 181
45 47 638
45 48 613
45 49 390
45 50 440
45 51 758
45 52 398
45 53 369
45 54 473
45 55 831
45 56 580
45 57 841
45 58 433
45 59 717
45 60 485
45 61 779
45 62 109
45 63 414
45 64 677
45 65 321
45 66 799
45 67 582
45 68 532
45 69 539
45 70 224
45 71 759
45 72 757
45 73 438
45 74 795
45 75 278
45 76 740
45 77 69
45 78 569
45 79 858
45 80 228
45 81 784
45 82 424
45 83 574
45 84 807
45 85 641
45 86 729
45 87 342
45 88 322
45 89 269
45 90 427
45 91 855
45 92 262
45 93 1026
45 94 624
45 95 743
45 96 477
45 97 363
45 98 513
45 99 298
45 100 614
46 1 389
46 2 426
46 3 774
46 4 168
46 5 390
46 6 698
46 7 493
46 8 380
46 9 682
46 10 484
46 11 752
46 12 353
46 13 542
46 14 757
46 15 836
46 16 822
46 17 769
46 18 524
46 19 528
46 20 550
46 21 751
46 22 374
46 23 807
46 24 31
46 25 689
46 26 608
46 27 429
46 28 699
46 29 280
46 30 790
46 31 442
46 32 490
46 33 271
46 34 720
46 35 558
46 36 189
46 37 255
46 38 417
46 39 789
46 40 318
46 41 752
46 42 74
46 43 627
46 44 378
46 45 181
46 47 597
46 48 487
46 49 347
46 50 415
46 51 582
46 52 234
46 53 209
46 54 391
46 55 699
46 56 406
46 57 692
46 58 468
46 59 604
46 60 316
46 61 623
46 62 100
46 63 294
46 64 562
46 65 405
46 66 820
46 67 445
46 68 361
46 69 373
46 70 125
46 71 584
46 72 577
46 73 305
46 74 672
46 75 101
46 76 561
46 77 112
46 78 516
46 79 734
46 80 306
46 81 613
46 82 364
46 83 500
46 84 666
46 85 470
46 86 551
46 87 443
46 88 142
46 89 109
46 90 465
46 91 782
46 92 390
46 93 892
46 94 457
46 95 568
46 96 333
46 97 326
46 98 544
46 99 286
46 100 524
47 1 770
47 2 173
47 3 181
47 4 753
47 5 362
47 6 121
47 7 877
47 8 767
47 9 217
47 10 251
47 11 399
47 12 885
47 13 59
47 14 667
47 15 506
47 16 696
47 17 424
47 18 283
47 19 882
47 20 453
47 21 404
47 22 279
47 23 451
47 24 626
47 25 229
47 26 240
47 27 813
47 28 533
47 29 502
47 30 280
47 31 438
47 32 176
47 33 335
47 34 140
47 35 402
47 36 465
47 37 373
47 38 322
47 39 275
47 40 319
47 41 245
47 42 532
47 43 136
47 44 489
47 45 638
47 46 597
47 48 319
47 49 255
47 50 200
47 51 689
47 52 737
47 53 732
47 54 228
47 55 426
47 56 804
47 57 516
47 58 279
47 59 285
47 60 514
47 61 1054
47 62 560
47 63 351
47 64 283
47 65 420
47 66 310
47 67 367
47 68 789
47 69 818
47 70 721
47 71 911
47 72 755
47 73 849
47 74 367
47 75 566
47 76 723
47 77 623
47 78 88
47 79 410
47 80 449
47 81 974
47 82 235
47 83 140
47 84 456
47 85 861
47 86 689
47 87 456
47 88 586
47 89 673
47 90 288
47 91 242
47 92 528
47 93 576
47 94 533
47 95 662
47 96 401
47 97 280
47 98 243
47 99 341
47 100 181
48 1 803
48 2 277
48 3 424
48 4 595
48 5 497
48 6 435
48 7 593
48 8 498
48 9 243
48 10 70
48 11 265
48 12 665
48 13 274
48 14 380
48 15 354
48 16 425
48 17 283
48 18 510
48 19 589
48 20 142
48 21 264
48 22 394
48 23 321
48 24 507
48 25 244
48 26 151
48 27 536
48 28 265
48 29 260
48 30 345
48 31 592
48 32 149
48 33 259
48 34 357
48 35 105
48 36 461
48 37 395
48 38 71
48 39 594
48 40 187
48 41 315
48 42 453
48 43 442
48 44 600
48 45 613
48 46 487
48 47 319
48 49 299
48 50 326
48 51 371
48 52 524
48 53 532
48 54 186
48 55 219
48 56 533
48 57 251
48 58 472
48 59 127
48 60 251
48 61 772
48 62 506
48 63 200
48 64 85
48 65 558
48 66 629
48 67 62
48 68 531
48 69 564
48 70 588
48 71 610
48 72 439
48 73 641
48 74 186
48 75 408
48 76 406
48 77 565
48 78 254
48 79 248
48 80 524
48 81 677
48 82 253
48 83 188
48 84 204
48 85 581
48 86 372
48 87 608
48 88 403
48 89 514
48 90 478
48 91 360
48 92 637
48 93 414
48 94 220
48 95 344
48 96 162
48 97 319
48 98 488
48 99 381
48 100 140
49 1 544
49 2 83
49 3 434
49 4 508
49 5 199
49 6 352
49 7 700
49 8 582
49 9 389
49 10 248
49 11 519
49 12 659
49 13 203
49 14 673
49 15 624
49 16 722
49 17 543
49 18 246
49 19 717
49 20 431
49 21 521
49 22 99
49 23 578
49 24 376
49 25 398
49 26 344
49 27 632
49 28 563
49 29 328
49 30 487
49 31 295
49 32 202
49 33 111
49 34 386
49 35 402
49 36 216
49 37 126
49 38 246
49 39 455
49 40 150
49 41 448
49 42 279
49 43 287
49 44 304
49 45 390
49 46 347
49 47 255
49 48 299
49 50 74
49 51 605
49 52 513
49 53 503
49 54 115
49 55 502
49 56 618
49 57 549
49 58 195
49 59 364
49 60 355
49 61 868
49 62 306
49 63 171
49 64 332
49 65 259
49 66 488
49 67 304
49 68 591
49 69 617
49 70 471
49 71 757
49 72 648
49 73 618
49 74 453
49 75 330
49 76 619
49 77 369
49 78 180
49 79 514
49 80 236
49 81 811
49 82 47
49 83 191
49 84 500
49 85 681
49 86 591
49 87 310
49 88 360
49 89 431
49 90 198
49 91 466
49 92 343
49 93 691
49 94 437
49 95 581
49 96 259
49 97 28
49 98 243
49 99 98
49 100 242
50 1 575
50 2 52
50 3 379
50 4 578
50 5 187
50 6 285
50 7 771
50 8 653
50 9 366
50 10 265
50 11 516
50 12 733
50 13 157
50 14 705
50 15 624
50 16 750
50 17 541
50 18 189
50 19 785
50 20 465
50 21 520
50 22 87
50 23 575
50 24 445
50 25 377
50 26 339
50 27 703
50 28 587
50 29 395
50 30 456
50 31 278
50 32 202
50 33 182
50 34 337
50 35 430
50 36 268
50 37 175
50 38 286
50 39 381
50 40 210
50 41 418
50 42 345
50 43 214
50 44 308
50 45 440
50 46 415
50 47 200
50 48 326
50 49 74
50 51 658
50 52 587
50 53 576
50 54 146
50 55 512
50 56 689
50 57 572
50 58 146
50 59 367
50 60 420
50 61 940
50 62 365
50 63 235
50 64 342
50 65 250
50 66 415
50 67 344
50 68 664
50 69 690
50 70 539
50 71 825
50 72 706
50 73 691
50 74 459
50 75 403
50 76 676
50 77 427
50 78 142
50 79 516
50 80 256
50 81 880
50 82 91
50 83 177
50 84 518
50 85 752
50 86 647
50 87 296
50 88 433
50 89 503
50 90 152
50 91 429
50 92 348
50 93 693
50 94 490
50 95 633
50 96 317
50 97 90
50 98 177
50 99 143
50 100 238
51 1 967
51 2 618
51 3 781
51 4 588
51 5 791
51 6 805
51 7 337
51 8 314
51 9 577
51 10 439
51 11 481
51 12 534
51 13 642
51 14 239
51 15 489
51 16 304
51 17 478
51 18 846
51 19 307
51 20 250
51 21 474
51 22 702
51 23 502
51 24 583
51 25 573
51 26 491
51 27 316
51 28 288
51 29 319
51 30 655
51 31 882
51 32 516
51 33 513
51 34 715
51 35 306
51 36 670
51 37 649
51 38 380
51 39 963
51 40 455
51 41 637
51 42 596
51 43 809
51 44 860
51 45 758
51 46 582
51 47 689
51 48 371
51 49 605
51 50 658
51 52 454
51 53 480
51 54 515
51 55 393
51 56 329
51 57 298
51 58 798
51 59 446
51 60 281
51 61 492
51 62 655
51 63 439
51 64 424
51 65 842
51 66 999
51 67 326
51 68 364
51 69 390
51 70 617
51 71 297
51 72 86
51 73 539
51 74 423
51 75 481
51 76 60
51 77 692
51 78 619
51 79 448
51 80 775
51 81 367
51 82 570
51 83 555
51 84 330
51 85 338
51 86 37
51 87 893
51 88 442
51 89 534
51 90 803
51 91 689
51 92 890
51 93 504
51 94 168
51 95 27
51 96 348
51 97 614
51 98 833
51 99 652
51 100 510
52 1 589
52 2 580
52 3 899
52 4 144
52 5 608
52 6 851
52 7 268
52 8 171
52 9 759
52 10 552
52 11 772
52 12 149
52 13 678
52 14 673
52 15 834
52 16 742
52 17 784
52 18 730
52 19 308
52 20 527
52 21 769
52 22 570
52 23 820
52 24 213
52 25 762
52 26 671
52 27 211
52 28 658
52 29 265
52 30 865
52 31 670
52 32 589
52 33 409
52 34 837
52 35 557
52 36 414
52 37 459
52 38 467
52 39 967
52 40 419
52 41 832
52 42 297
52 43 799
52 44 610
52 45 398
52 46 234
52 47 737
52 48 524
52 49 513
52 50 587
52 51 454
52 53 32
52 54 510
52 55 701
52 56 187
52 57 657
52 58 672
52 59 650
52 60 279
52 61 390
52 62 333
52 63 388
52 64 609
52 65 632
52 66 1001
52 67 467
52 68 137
52 69 142
52 70 191
52 71 367
52 72 419
52 73 118
52 74 692
52 75 188
52 76 414
52 77 331
52 78 650
52 79 747
52 80 535
52 81 387
52 82 512
52 83 612
52 84 651
52 85 245
52 86 418
52 87 673
52 88 154
52 89 130
52 90 671
52 91 872
52 92 623
52 93 876
52 94 393
52 95 450
52 96 367
52 97 500
52 98 742
52 99 485
52 100 614
53 1 559
53 2 572
53 3 897
53 4 113
53 5 589
53 6 844
53 7 298
53 8 201
53 9 763
53 10 556
53 11 783
53 12 157
53 13 673
53 14 696
53 15 848
53 16 764
53 17 796
53 18 713
53 19 339
53 20 542
53 21 780
53 22 555
53 23 832
53 24 186
53 25 766
53 26 676
53 27 242
53 28 676
53 29 273
53 30 870
53 31 648
53 32 589
53 33 401
53 34 835
53 35 569
53 36 392
53 37 442
53 38 472
53 39 957
53 40 416
53 41 836
53 42 275
53 43 789
53 44 586
53 45 369
53 46 209
53 47 732
53 48 532
53 49 503
53 50 576
53 51 480
53 52 32
53 54 506
53 55 714
53 56 218
53 57 675
53 58 656
53 59 658
53 60 291
53 61 415
53 62 308
53 63 385
53 64 616
53 65 610
53 66 990
53 67 475
53 68 168
53 69 172
53 70 160
53 71 398
53 72 447
53 73 118
53 74 703
53 75 174
53 76 442
53 77 303
53 78 645
53 79 759
53 80 512
53 81 417
53 82 504
53 83 610
53 84 666
53 85 275
53 86 444
53 87 650
53 88 146
53 89 102
53 90 655
53 91 875
53 92 598
53 93 892
53 94 411
53 95 475
53 96 372
53 97 488
53 98 727
53 99 469
53 100 615
54 1 645
54 2 103
54 3 392
54 4 536
54 5 312
54 6 345
54 7 658
54 8 544
54 9 298
54 10 135
54 11 410
54 12 658
54 13 169
54 14 563
54 15 513
54 16 611
54 17 433
54 18 333
54 19 667
54 20 321
54 21 412
54 22 209
54 23 469
54 24 418
54 25 306
54 26 239
54 27 592
54 28 450
54 29 279
54 30 403
54 31 407
54 32 103
54 33 121
54 34 333
54 35 290
54 36 306
54 37 225
54 38 141
54 39 479
54 40 92
54 41 365
54 42 335
54 43 312
54 44 418
54 45 473
54 46 391
54 47 228
54 48 186
54 49 115
54 50 146
54 51 515
54 52 510
54 53 506
54 55 389
54 56 581
54 57 436
54 58 291
54 59 254
54 60 296
54 61 832
54 62 376
54 63 124
54 64 220
54 65 373
54 66 515
54 67 199
54 68 563
54 69 592
54 70 510
54 71 701
54 72 568
54 73 623
54 74 341
54 75 344
54 76 537
54 77 440
54 78 141
54 79 403
54 80 347
54 81 760
54 82 68
54 83 110
54 84 386
54 85 640
54 86 507
54 87 423
54 88 361
54 89 454
54 90 296
54 91 392
54 92 456
54 93 579
54 94 348
54 95 490
54 96 185
54 97 137
54 98 318
54 99 205
54 100 141
55 1 1021
55 2 460
55 3 442
55 4 792
55 5 695
55 6 515
55 7 700
55 8 632
55 9 234
55 10 255
55 11 88
55 12 829
55 13 406
55 14 262
55 15 138
55 16 276
55 17 88
55 18 678
55 19 682
55 20 178
55 21 81
55 22 591
55 23 120
55 24 717
55 25 224
55 26 188
55 27 657
55 28 128
55 29 446
55 30 278
55 31 789
55 32 311
55 33 477
55 34 386
55 35 146
55 36 679
55 37 609
55 38 290
55 39 678
55 40 406
55 41 271
55 42 670
55 43 562
55 44 806
55 45 831
55 46 699
55 47 426
55 48 219
55 49 502
55 50 512
55 51 393
55 52 701
55 53 714
55 54 389
55 56 661
55 57 111
55 58 652
55 59 148
55 60 423
55 61 871
55 62 724
55 63 418
55 64 171
55 65 757
55 66 711
55 67 255
55 68 674
55 69 706
55 70 792
55 71 684
55 72 478
55 73 814
55 74 60
55 75 614
55 76 448
55 77 783
55 78 399
55 79 56
55 80 735
55 81 755
55 82 456
55 83 341
55 84 64
55 85 694
55 86 414
55 87 806
55 88 600
55 89 713
55 90 659
55 91 322
55 92 845
55 93 196
55 94 322
55 95 370
55 96 367
55 97 526
55 98 647
55 99 592
55 100 277
56 1 775
56 2 670
56 3 946
56 4 327
56 5 749
56 6 923
56 7 88
56 8 37
56 9 775
56 10 581
56 11 743
56 12 210
56 13 746
56 14 567
56 15 782
56 16 633
56 17 748
56 18 854
56 19 123
56 20 485
56 21 738
56 22 693
56 23 780
56 24 391
56 25 775
56 26 683
56 27 25
56 28 587
56 29 302
56 30 874
56 31 822
56 32 637
56 33 508
56 34 880
56 35 529
56 36 569
56 37 595
56 38 495
56 39 1058
56 40 491
56 41 846
56 42 458
56 43 889
56 44 771
56 45 580
56 46 406
56 47 804
56 48 533
56 49 618
56 50 689
56 51 329
56 52 187
56 53 218
56 54 581
56 55 661
56 57 592
56 58 798
56 59 651
56 60 292
56 61 252
56 62 504
56 63 461
56 64 614
56 65 782
56 66 1094
56 67 472
56 68 51
56 69 65
56 70 377
56 71 181
56 72 270
56 73 226
56 74 668
56 75 333
56 76 277
56 77 512
56 78 718
56 79 713
56 80 691
56 81 208
56 82 603
56 83 668
56 84 602
56 85 66
56 86 293
56 87 827
56 88 287
56 89 312
56 90 799
56 91 892
56 92 789
56 93 811
56 94 340
56 95 336
56 96 404
56 97 612
56 98 858
56 99 614
56 100 651
57 1 1039
57 2 521
57 3 549
57 4 764
57 5 747
57 6 613
57 7 621
57 8 566
57 9 338
57 10 307
57 11 193
57 12 774
57 13 488
57 14 155
57 15 193
57 16 182
57 17 185
57 18 749
57 19 598
57 20 142
57 21 185
57 22 644
57 23 206
57 24 706
57 25 330
57 26 278
57 27 585
57 28 18
57 29 420
57 30 388
57 31 842
57 32 377
57 33 502
57 34 490
57 35 149
57 36 702
57 37 643
57 38 312
57 39 777
57 40 430
57 41 381
57 42 674
57 43 650
57 44 850
57 45 841
57 46 692
57 47 516
57 48 251
57 49 549
57 50 572
57 51 298
57 52 657
57 53 675
57 54 436
57 55 111
57 56 592
57 58 716
57 59 232
57 60 391
57 61 785
57 62 732
57 63 434
57 64 238
57 65 808
57 66 810
57 67 262
57 68 612
57 69 643
57 70 772
57 71 593
57 72 383
57 73 765
57 74 161
57 75 599
57 76 355
57 77 786
57 78 475
57 79 161
57 80 773
57 81 664
57 82 504
57 83 412
57 84 60
57 85 617
57 86 323
57 87 858
57 88 578
57 89 689
57 90 723
57 91 432
57 92 887
57 93 221
57 94 266
57 95 278
57 96 364
57 97 570
57 98 722
57 99 631
57 100 350
58 1 516
58 2 196
58 3 437
58 4 635
58 5 102
58 6 312
58 7 883
58 8 763
58 9 483
58 10 410
58 11 648
58 12 811
58 13 263
58 14 851
58 15 757
58 16 895
58 17 673
58 18 58
58 19 903
58 20 611
58 21 652
58 22 106
58 23 705
58 24 498
58 25 494
58 26 471
58 27 814
58 28 732
58 29 518
58 30 558
58 31 159
58 32 342
58 33 299
58 34 414
58 35 575
58 36 286
58 37 215
58 38 431
58 39 341
58 40 345
58 41 522
58 42 394
58 43 211
58 44 220
58 45 433
58 46 468
58 47 279
58 48 472
58 49 195
58 50 146
58 51 798
58 52 672
58 53 656
58 54 291
58 55 652
58 56 798
58 57 716
58 59 505
58 60 548
58 61 1045
58 62 391
58 63 365
58 64 483
58 65 147
58 66 367
58 67 489
58 68 767
58 69 790
58 70 586
58 71 946
58 72 842
58 73 766
58 74 597
58 75 485
58 76 813
58 77 443
58 78 260
58 79 651
58 80 209
58 81 997
58 82 230
58 83 312
58 84 662
58 85 863
58 86 786
58 87 178
58 88 524
58 89 569
58 90 9
58 91 521
58 92 257
58 93 827
58 94 631
58 95 774
58 96 453
58 97 191
58 98 81
58 99 188
58 100 375
59 1 897
59 2 315
59 3 337
59 4 720
59 5 552
59 6 384
59 7 706
59 8 617
59 9 132
59 10 125
59 11 157
59 12 790
59 13 260
59 14 384
59 15 260
59 16 412
59 17 179
59 18 531
59 19 697
59 20 196
59 21 158
59 22 448
59 23 216
59 24 626
59 25 129
59 26 49
59 27 652
59 28 249
59 29 386
59 30 224
59 31 645
59 32 166
59 33 356
59 34 273
59 35 141
59 36 555
59 37 479
59 38 191
59 39 548
59 40 291
59 41 198
59 42 564
59 43 420
59 44 667
59 45 717
59 46 604
59 47 285
59 48 127
59 49 364
59 50 367
59 51 446
59 52 650
59 53 658
59 54 254
59 55 148
59 56 651
59 57 232
59 58 505
59 60 376
59 61 884
59 62 613
59 63 311
59 64 43
59 65 615
59 66 582
59 67 185
59 68 653
59 69 685
59 70 710
59 71 712
59 72 524
59 73 767
59 74 92
59 75 530
59 76 492
59 77 675
59 78 251
59 79 151
59 80 599
59 81 781
59 82 318
59 83 194
59 84 172
59 85 696
59 86 456
59 87 662
59 88 527
59 89 637
59 90 512
59 91 247
59 92 706
59 93 328
59 94 322
59 95 420
59 96 287
59 97 389
59 98 500
59 99 458
59 100 131
60 1 694
60 2 392
60 3 655
60 4 374
60 5 523
60 6 634
60 7 364
60 8 255
60 9 492
60 10 291
60 11 494
60 12 416
60 13 458
60 14 441
60 15 558
60 16 507
60 17 505
60 18 600
60 19 371
60 20 253
60 21 490
60 22 445
60 23 541
60 24 324
60 25 494
60 26 401
60 27 300
60 28 394
60 29 39
60 30 595
60 31 611
60 32 346
60 33 250
60 34 590
60 35 279
60 36 390
60 37 375
60 38 205
60 39 775
60 40 212
60 41 564
60 42 319
60 43 607
60 44 583
60 45 485
60 46 316
60 47 514
60 48 251
60 49 355
60 50 420
60 51 281
60 52 279
60 53 291
60 54 296
60 55 423
60 56 292
60 57 391
60 58 548
60 59 376
60 61 541
60 62 379
60 63 185
60 64 335
60 65 571
60 66 810
60 67 191
60 68 283
60 69 315
60 70 383
60 71 406
60 72 303
60 73 395
60 74 413
60 75 217
60 76 278
60 77 422
60 78 430
60 79 469
60 80 498
60 81 465
60 82 330
60 83 377
60 84 377
60 85 348
60 86 257
60 87 621
60 88 189
60 89 299
60 90 550
60 91 608
60 92 611
60 93 604
60 94 142
60 95 263
60 96 114
60 97 357
60 98 596
60 99 383
60 100 361
61 1 953
61 2 922
61 3 1192
61 4 497
61 5 990
61 6 1174
61 7 179
61 8 289
61 9 1012
61 10 825
61 11 957
61 12 302
61 13 997
61 14 720
61 15 978
61 16 779
61 17 958
61 18 1102
61 19 190
61 20 703
61 21 951
61 22 940
61 23 986
61 24 601
61 25 1011
61 26 920
61 27 242
61 28 777
61 29 554
61 30 1107
61 31 1057
61 32 885
61 33 758
61 34 1125
61 35 753
61 36 801
61 37 837
61 38 741
61 39 1310
61 40 743
61 41 1081
61 42 685
61 43 1141
61 44 999
61 45 779
61 46 623
61 47 1054
61 48 772
61 49 868
61 50 940
61 51 492
61 52 390
61 53 415
61 54 832
61 55 871
61 56 252
61 57 785
61 58 1045
61 59 884
61 60 541
61 62 722
61 63 713
61 64 850
61 65 1018
61 66 1345
61 67 712
61 68 278
61 69 256
61 70 557
61 71 199
61 72 408
61 73 348
61 74 888
61 75 567
61 76 432
61 77 715
61 78 969
61 79 926
61 80 922
61 81 134
61 82 855
61 83 917
61 84 809
61 85 194
61 86 463
61 87 1060
61 88 524
61 89 517
61 90 1045
61 91 1129
61 92 1012
61 93 995
61 94 563
61 95 509
61 96 654
61 97 861
61 98 1108
61 99 859
61 100 897
62 1 315
62 2 388
62 3 740
62 4 253
62 5 305
62 6 649
62 7 591
62 8 476
62 9 674
62 10 489
62 11 767
62 12 448
62 13 508
62 14 812
62 15 859
62 16 875
62 17 786
62 18 446
62 19 625
62 20 591
62 21 767
62 22 309
62 23 824
62 24 124
62 25 682
62 26 610
62 27 526
62 28 740
62 29 341
62 30 779
62 31 347
62 32 479
62 33 259
62 34 690
62 35 590
62 36 107
62 37 192
62 38 435
62 39 724
62 40 323
62 41 740
62 42 61
62 43 569
62 44 279
62 45 109
62 46 100
62 47 560
62 48 506
62 49 306
62 50 365
62 51 655
62 52 333
62 53 308
62 54 376
62 55 724
62 56 504
62 57 732
62 58 391
62 59 613
62 60 379
62 61 722
62 63 307
62 64 573
62 65 312
62 66 754
62 67 474
62 68 460
62 69 472
62 70 199
62 71 680
62 72 659
62 73 399
62 74 689
62 75 182
62 76 641
62 77 65
62 78 484
62 79 753
62 80 212
62 81 712
62 82 334
62 83 481
62 84 698
62 85 568
62 86 627
62 87 347
62 88 228
62 89 207
62 90 388
62 91 765
62 92 290
62 93 919
62 94 517
62 95 640
62 96 368
62 97 281
62 98 471
62 99 225
62 100 516
63 1 607
63 2 210
63 3 512
63 4 424
63 5 353
63 6 468
63 7 540
63 8 424
63 9 391
63 10 190
63 11 462
63 12 536
63 13 293
63 14 536
63 15 553
63 16 592
63 17 481
63 18 417
63 19 552
63 20 299
63 21 461
63 22 265
63 23 519
63 24 318
63 25 397
63 26 315
63 27 473
63 28 445
63 29 162
63 30 499
63 31 445
63 32 206
63 33 76
63 34 451
63 35 288
63 36 268
63 37 219
63 38 129
63 39 598
63 40 32
63 41 463
63 42 254
63 43 429
63 44 432
63 45 414
63 46 294
63 47 351
63 48 200
63 49 171
63 50 235
63 51 439
63 52 388
63 53 385
63 54 124
63 55 418
63 56 461
63 57 434
63 58 365
63 59 311
63 60 185
63 61 713
63 62 307
63 64 269
63 65 406
63 66 633
63 67 173
63 68 441
63 69 470
63 70 405
63 71 590
63 72 478
63 73 502
63 74 384
63 75 231
63 76 449
63 77 367
63 78 264
63 79 447
63 80 350
63 81 647
63 82 146
63 83 226
63 84 396
63 85 522
63 86 423
63 87 458
63 88 241
63 89 341
63 90 368
63 91 497
63 92 466
63 93 613
63 94 273
63 95 416
63 96 92
63 97 176
63 98 411
63 99 216
63 100 236
64 1 860
64 2 290
64 3 358
64 4 677
64 5 524
64 6 390
64 7 671
64 8 580
64 9 163
64 10 87
64 11 195
64 12 750
64 13 251
64 14 386
64 15 294
64 16 420
64 17 216
64 18 513
64 19 665
64 20 176
64 21 195
64 22 420
64 23 253
64 24 584
64 25 162
64 26 71
64 27 616
64 28 255
64 29 344
64 30 262
64 31 618
64 32 142
64 33 317
64 34 292
64 35 123
64 36 517
64 37 443
64 38 148
64 39 553
64 40 251
64 41 233
64 42 523
64 43 416
64 44 636
64 45 677
64 46 562
64 47 283
64 48 85
64 49 332
64 50 342
64 51 424
64 52 609
64 53 616
64 54 220
64 55 171
64 56 614
64 57 238
64 58 483
64 59 43
64 60 335
64 61 850
64 62 573
64 63 269
64 65 587
64 66 588
64 67 145
64 68 614
64 69 647
64 70 667
64 71 682
64 72 499
64 73 726
64 74 122
64 75 488
64 76 467
64 77 634
64 78 237
64 79 184
64 80 566
64 81 750
64 82 286
64 83 175
64 84 181
64 85 660
64 86 431
64 87 635
64 88 485
64 89 595
64 90 490
64 91 280
64 92 675
64 93 360
64 94 290
64 95 398
64 96 245
64 97 356
64 98 485
64 99 424
64 100 112
65 1 372
65 2 301
65 3 583
65 4 565
65 5 64
65 6 459
65 7 870
65 8 749
65 9 612
65 10 505
65 11 765
65 12 757
65 13 395
65 14 930
65 15 873
65 16 981
65 17 790
65 18 178
65 19 896
65 20 688
65 21 769
65 22 167
65 23 824
65 24 432
65 25 623
65 26 588
65 27 801
65 28 822
65 29 536
65 30 695
65 31 41
65 32 449
65 33 331
65 34 558
65 35 661
65 36 218
65 37 197
65 38 503
65 39 473
65 40 395
65 41 658
65 42 336
65 43 357
65 44 74
65 45 321
65 46 405
65 47 420
65 48 558
65 49 259
65 50 250
65 51 842
65 52 632
65 53 610
65 54 373
65 55 757
65 56 782
65 57 808
65 58 147
65 59 615
65 60 571
65 61 1018
65 62 312
65 63 406
65 64 587
65 66 495
65 67 560
65 68 744
65 69 763
65 70 510
65 71 946
65 72 873
65 73 709
65 74 706
65 75 452
65 76 847
65 77 350
65 78 386
65 79 764
65 80 101
65 81 988
65 82 305
65 83 426
65 84 758
65 85 848
65 86 824
65 87 52
65 88 497
65 89 513
65 90 139
65 91 661
65 92 110
65 93 941
65 94 678
65 95 820
65 96 497
65 97 241
65 98 218
65 99 191
65 100 486
66 1 863
66 2 425
66 3 289
66 4 987
66 5 466
66 6 199
66 7 1172
66 8 1057
66 9 479
66 10 561
66 11 661
66 12 1147
66 13 360
66 14 964
66 15 759
66 16 986
66 17 685
66 18 320
66 19 1181
66 20 761
66 21 669
66 22 447
66 23 702
66 24 851
66 25 489
66 26 534
66 27 1105
66 28 828
66 29 793
66 30 481
66 31 486
66 32 485
66 33 594
66 34 330
66 35 709
66 36 648
66 37 566
66 38 628
66 39 37
66 40 603
66 41 464
66 42 747
66 43 205
66 44 567
66 45 799
66 46 820
66 47 310
66 48 629
66 49 488
66 50 415
66 51 999
66 52 1001
66 53 990
66 54 515
66 55 711
66 56 1094
66 57 810
66 58 367
66 59 582
66 60 810
66 61 1345
66 62 754
66 63 633
66 64 588
66 65 495
66 67 676
66 68 1073
66 69 1100
66 70 943
66 71 1214
66 72 1064
66 73 1105
66 74 653
66 75 817
66 76 1032
66 77 809
66 78 385
66 79 681
66 80 574
66 81 1274
66 82 493
66 83 447
66 84 751
66 85 1154
66 86 999
66 87 501
66 88 848
66 89 914
66 90 373
66 91 427
66 92 596
66 93 823
66 94 842
66 95 972
66 96 698
66 97 503
66 98 287
66 99 534
66 100 490
67 1 779
67 2 299
67 3 482
67 4 543
67 5 501
67 6 485
67 7 533
67 8 437
67 9 304
67 10 118
67 11 313
67 12 606
67 13 317
67 14 371
67 15 392
67 16 424
67 17 328
67 18 531
67 19 530
67 20 129
67 21 311
67 22 402
67 23 366
67 24 463
67 25 305
67 26 212
67 27 475
67 28 273
67 29 203
67 30 406
67 31 597
67 32 191
67 33 242
67 34 415
67 35 117
67 36 440
67 37 385
67 38 59
67 39 640
67 40 170
67 41 376
67 42 418
67 43 483
67 44 595
67 45 582
67 46 445
67 47 367
67 48 62
67 49 304
67 50 344
67 51 326
67 52 467
67 53 475
67 54 199
67 55 255
67 56 472
67 57 262
67 58 489
67 59 185
67 60 191
67 61 712
67 62 474
67 63 173
67 64 145
67 65 560
67 66 676
67 68 470
67 69 503
67 70 540
67 71 553
67 72 389
67 73 583
67 74 232
67 75 360
67 76 357
67 77 530
67 78 294
67 79 292
67 80 516
67 81 619
67 82 261
67 83 230
67 84 225
67 85 521
67 86 323
67 87 611
67 88 351
67 89 463
67 90 494
67 91 421
67 92 631
67 93 448
67 94 167
67 95 300
67 96 113
67 97 320
67 98 513
67 99 376
67 100 192
68 1 725
68 2 648
68 3 937
68 4 276
68 5 714
68 6 907
68 7 133
68 8 50
68 9 773
68 10 574
68 11 754
68 12 171
68 13 731
68 14 598
68 15 799
68 16 665
68 17 761
68 18 824
68 19 172
68 20 497
68 21 749
68 22 662
68 23 794
68 24 344
68 25 775
68 26 682
68 27 75
68 28 609
68 29 288
68 30 875
68 31 784
68 32 626
68 33 482
68 34 872
68 35 538
68 36 529
68 37 560
68 38 488
68 39 1037
68 40 472
68 41 845
68 42 416
68 43 868
68 44 730
68 45 532
68 46 361
68 47 789
68 48 531
68 49 591
68 50 664
68 51 364
68 52 137
68 53 168
68 54 563
68 55 674
68 56 51
68 57 612
68 58 767
68 59 653
68 60 283
68 61 278
68 62 460
68 63 441
68 64 614
68 65 744
68 66 1073
68 67 470
68 69 33
68 70 327
68 71 231
68 72 311
68 73 180
68 74 677
68 75 293
68 76 314
68 77 464
68 78 702
68 79 725
68 80 651
68 81 253
68 82 580
68 83 655
68 84 618
68 85 110
68 86 327
68 87 788
68 88 248
68 89 263
68 90 767
68 91 890
68 92 746
68 93 832
68 94 353
68 95 367
68 96 393
68 97 584
68 98 830
68 99 581
68 100 643
69 1 729
69 2 676
69 3 968
69 4 274
69 5 735
69 6 937
69 7 129
69 8 78
69 9 806
69 10 606
69 11 786
69 12 146
69 13 760
69 14 626
69 15 831
69 16 693
69 17 793
69 18 847
69 19 173
69 20 529
69 21 781
69 22 686
69 23 826
69 24 354
69 25 807
69 26 714
69 27 86
69 28 640
69 29 318
69 30 908
69 31 802
69 32 657
69 33 508
69 34 903
69 35 570
69 36 546
69 37 582
69 38 519
69 39 1065
69 40 501
69 41 878
69 42 432
69 43 896
69 44 746
69 45 539
69 46 373
69 47 818
69 48 564
69 49 617
69 50 690
69 51 390
69 52 142
69 53 172
69 54 592
69 55 706
69 56 65
69 57 643
69 58 790
69 59 685
69 60 315
69 61 256
69 62 472
69 63 470
69 64 647
69 65 763
69 66 1100
69 67 503
69 68 33
69 70 328
69 71 233
69 72 334
69 73 162
69 74 710
69 75 312
69 76 339
69 77 473
69 78 732
69 79 758
69 80 668
69 81 246
69 82 608
69 83 685
69 84 650
69 85 106
69 86 354
69 87 806
69 88 269
69 89 271
69 90 790
69 91 923
69 92 761
69 93 863
69 94 385
69 95 395
69 96 424
69 97 609
69 98 855
69 99 604
69 100 675
70 1 402
70 2 550
70 3 897
70 4 61
70 5 503
70 6 822
70 7 456
70 8 360
70 9 796
70 10 594
70 11 851
70 12 264
70 13 665
70 14 817
70 15 930
70 16 884
70 17 867
70 18 642
70 19 498
70 20 632
70 21 850
70 22 496
70 23 905
70 24 95
70 25 802
70 26 718
70 27 401
70 28 776
70 29 352
70 30 904
70 31 544
70 32 607
70 33 391
70 34 841
70 35 648
70 36 302
70 37 377
70 38 520
70 39 912
70 40 432
70 41 867
70 42 196
70 43 751
70 44 471
70 45 224
70 46 125
70 47 721
70 48 588
70 49 471
70 50 539
70 51 617
70 52 191
70 53 160
70 54 510
70 55 792
70 56 377
70 57 772
70 58 586
70 59 710
70 60 383
70 61 557
70 62 199
70 63 405
70 64 667
70 65 510
70 66 943
70 67 540
70 68 327
70 69 328
70 71 557
70 72 596
70 73 214
70 74 771
70 75 180
70 76 586
70 77 167
70 78 638
70 79 831
70 80 409
70 81 573
70 82 487
70 83 619
70 84 753
70 85 433
70 86 583
70 87 542
70 88 195
70 89 85
70 90 583
70 91 900
70 92 475
70 93 981
70 94 520
70 95 609
70 96 428
70 97 450
70 98 664
70 99 409
70 100 639
71 1 955
71 2 798
71 3 1033
71 4 505
71 5 908
71 6 1031
71 7 106
71 8 205
71 9 842
71 10 670
71 11 771
71 12 357
71 13 857
71 14 522
71 15 785
71 16 581
71 17 770
71 18 1001
71 19 60
71 20 523
71 21 764
71 22 841
71 23 796
71 24 570
71 25 840
71 26 752
71 27 157
71 28 584
71 29 430
71 30 932
71 31 986
71 32 737
71 33 649
71 34 967
71 35 575
71 36 738
71 37 753
71 38 591
71 39 1178
71 40 618
71 41 909
71 42 631
71 43 1012
71 44 940
71 45 759
71 46 584
71 47 911
71 48 610
71 49 757
71 50 825
71 51 297
71 52 367
71 53 398
71 54 701
71 55 684
71 56 181
71 57 593
71 58 946
71 59 712
71 60 406
71 61 199
71 62 680
71 63 590
71 64 682
71 65 946
71 66 1214
71 67 553
71 68 231
71 69 233
71 70 557
71 72 212
71 73 388
71 74 706
71 75 504
71 76 238
71 77 691
71 78 830
71 79 739
71 80 858
71 81 72
71 82 736
71 83 772
71 84 621
71 85 127
71 86 271
71 87 993
71 88 456
71 89 492
71 90 948
71 91 959
71 92 961
71 93 799
71 94 392
71 95 316
71 96 516
71 97 756
71 98 1000
71 99 769
71 100 743
72 1 965
72 2 670
72 3 856
72 4 559
72 5 825
72 6 873
72 7 262
72 8 262
72 9 655
72 10 505
72 11 565
72 12 479
72 13 705
72 14 314
72 15 574
72 16 376
72 17 563
72 18 892
72 19 227
72 20 329
72 21 559
72 22 742
72 23 588
72 24 574
72 25 652
72 26 568
72 27 252
72 28 373
72 29 339
72 30 737
72 31 913
72 32 580
72 33 548
72 34 790
72 35 384
72 36 688
72 37 677
72 38 438
72 39 1028
72 40 498
72 41 718
72 42 602
72 43 869
72 44 884
72 45 757
72 46 577
72 47 755
72 48 439
72 49 648
72 50 706
72 51 86
72 52 419
72 53 447
72 54 568
72 55 478
72 56 270
72 57 383
72 58 842
72 59 524
72 60 303
72 61 408
72 62 659
72 63 478
72 64 499
72 65 873
72 66 1064
72 67 389
72 68 311
72 69 334
72 70 596
72 71 212
72 73 491
72 74 506
72 75 480
72 76 33
72 77 689
72 78 681
72 79 533
72 80 799
72 81 283
72 82 616
72 83 618
72 84 415
72 85 267
72 86 68
72 87 923
72 88 436
72 89 515
72 90 845
72 91 769
72 92 911
72 93 587
72 94 223
72 95 108
72 96 390
72 97 653
72 98 883
72 99 684
72 100 578
73 1 605
73 2 689
73 3 1014
73 4 154
73 5 694
73 6 961
73 7 282
73 8 229
73 9 876
73 10 669
73 11 887
73 12 50
73 13 791
73 14 769
73 15 945
73 16 836
73 17 898
73 18 823
73 19 329
73 20 638
73 21 883
73 22 667
73 23 933
73 24 277
73 25 879
73 26 788
73 27 248
73 28 764
73 29 382
73 30 982
73 31 745
73 32 705
73 33 518
73 34 952
73 35 671
73 36 493
73 37 551
73 38 585
73 39 1072
73 40 533
73 41 949
73 42 377
73 43 905
73 44 678
73 45 438
73 46 305
73 47 849
73 48 641
73 49 618
73 50 691
73 51 539
73 52 118
73 53 118
73 54 623
73 55 814
73 56 226
73 57 765
73 58 766
73 59 767
73 60 395
73 61 348
73 62 399
73 63 502
73 64 726
73 65 709
73 66 1105
73 67 583
73 68 180
73 69 162
73 70 214
73 71 388
73 72 491
73 74 807
73 75 289
73 76 492
73 77 379
73 78 762
73 79 861
73 80 609
73 81 386
73 82 621
73 83 727
73 84 762
73 85 262
73 86 502
73 87 746
73 88 263
73 89 198
73 90 764
73 91 989
73 92 685
73 93 985
73 94 500
73 95 540
73 96 485
73 97 603
73 98 839
73 99 579
73 100 730
74 1 980
74 2 407
74 3 388
74 4 775
74 5 643
74 6 456
74 7 714
74 8 637
74 9 178
74 10 208
74 11 82
74 12 826
74 13 348
74 14 316
74 15 173
74 16 334
74 17 98
74 18 622
74 19 699
74 20 186
74 21 80
74 22 539
74 23 136
74 24 691
74 25 169
74 26 130
74 27 667
74 28 179
74 29 431
74 30 235
74 31 736
74 32 258
74 33 437
74 34 330
74 35 140
74 36 638
74 37 565
74 38 256
74 39 620
74 40 368
74 41 222
74 42 637
74 43 503
74 44 757
74 45 795
74 46 672
74 47 367
74 48 186
74 49 453
74 50 459
74 51 423
74 52 692
74 53 703
74 54 341
74 55 60
74 56 668
74 57 161
74 58 597
74 59 92
74 60 413
74 61 888
74 62 689
74 63 384
74 64 122
74 65 706
74 66 653
74 67 232
74 68 677
74 69 710
74 70 771
74 71 706
74 72 506
74 73 807
74 75 591
74 76 475
74 77 750
74 78 341
74 79 64
74 80 688
74 81 777
74 82 407
74 83 285
74 84 105
74 85 706
74 86 440
74 87 753
74 88 582
74 89 694
74 90 604
74 91 274
74 92 796
74 93 238
74 94 329
74 95 398
74 96 343
74 97 478
74 98 590
74 99 546
74 100 222
75 1 487
75 2 402
75 3 736
75 4 194
75 5 424
75 6 675
75 7 420
75 8 302
75 9 621
75 10 416
75 11 672
75 12 330
75 13 508
75 14 658
75 15 751
75 16 723
75 17 688
75 18 542
75 19 450
75 20 458
75 21 670
75 22 383
75 23 725
75 24 108
75 25 626
75 26 541
75 27 353
75 28 605
75 29 182
75 30 729
75 31 491
75 32 435
75 33 232
75 34 677
75 35 470
75 36 237
75 37 273
75 38 340
75 39 784
75 40 260
75 41 693
75 42 129
75 43 616
75 44 439
75 45 278
75 46 101
75 47 566
75 48 408
75 49 330
75 50 403
75 51 481
75 52 188
75 53 174
75 54 344
75 55 614
75 56 333
75 57 599
75 58 485
75 59 530
75 60 217
75 61 567
75 62 182
75 63 231
75 64 488
75 65 452
75 66 817
75 67 360
75 68 293
75 69 312
75 70 180
75 71 504
75 72 480
75 73 289
75 74 591
75 76 462
75 77 211
75 78 480
75 79 652
75 80 358
75 81 540
75 82 334
75 83 452
75 84 576
75 85 398
75 86 451
75 87 496
75 88 48
75 89 111
75 90 484
75 91 727
75 92 458
75 93 804
75 94 358
75 95 468
75 96 248
75 97 315
75 98 554
75 99 297
75 100 466
76 1 949
76 2 639
76 3 824
76 4 552
76 5 798
76 6 840
76 7 278
76 8 265
76 9 623
76 10 473
76 11 535
76 12 484
76 13 673
76 14 296
76 15 547
76 16 360
76 17 534
76 18 863
76 19 248
76 20 297
76 21 529
76 22 714
76 23 559
76 24 559
76 25 619
76 26 535
76 27 261
76 28 346
76 29 314
76 30 705
76 31 887
76 32 548
76 33 521
76 34 757
76 35 351
76 36 665
76 37 652
76 38 406
76 39 996
76 40 469
76 41 685
76 42 583
76 43 838
76 44 860
76 45 740
76 46 561
76 47 723
76 48 406
76 49 619
76 50 676
76 51 60
76 52 414
76 53 442
76 54 537
76 55 448
76 56 277
76 57 355
76 58 813
76 59 492
76 60 278
76 61 432
76 62 641
76 63 449
76 64 467
76 65 847
76 66 1032
76 67 357
76 68 314
76 69 339
76 70 586
76 71 238
76 72 33
76 73 492
76 74 475
76 75 462
76 77 673
76 78 649
76 79 503
76 80 775
76 81 309
76 82 586
76 83 586
76 84 385
76 85 281
76 86 36
76 87 898
76 88 420
76 89 504
76 90 817
76 91 736
76 92 888
76 93 563
76 94 191
76 95 79
76 96 361
76 97 625
76 98 853
76 99 658
76 100 545
77 1 277
77 2 451
77 3 803
77 4 227
77 5 352
77 6 711
77 7 596
77 8 487
77 9 738
77 10 551
77 11 827
77 12 429
77 13 572
77 14 860
77 15 918
77 16 924
77 17 847
77 18 496
77 19 634
77 20 644
77 21 827
77 22 367
77 23 885
77 24 122
77 25 746
77 26 672
77 27 535
77 28 794
77 29 384
77 30 843
77 31 381
77 32 543
77 33 323
77 34 754
77 35 646
77 36 163
77 37 253
77 38 494
77 39 780
77 40 384
77 41 804
77 42 113
77 43 628
77 44 306
77 45 69
77 46 112
77 47 623
77 48 565
77 49 369
77 50 427
77 51 692
77 52 331
77 53 303
77 54 440
77 55 783
77 56 512
77 57 786
77 58 443
77 59 675
77 60 422
77 61 715
77 62 65
77 63 367
77 64 634
77 65 350
77 66 809
77 67 530
77 68 464
77 69 473
77 70 167
77 71 691
77 72 689
77 73 379
77 74 750
77 75 211
77 76 673
77 78 548
77 79 813
77 80 250
77 81 716
77 82 398
77 83 545
77 84 755
77 85 573
77 86 662
77 87 378
77 88 254
77 89 202
77 90 439
77 91 829
77 92 308
77 93 977
77 94 562
77 95 678
77 96 423
77 97 344
77 98 524
77 99 286
77 100 580
78 1 715
78 2 100
78 3 259
78 4 668
78 5 324
78 6 206
78 7 793
78 8 682
78 9 227
78 10 184
78 11 389
78 12 798
78 13 29
78 14 621
78 15 498
78 16 656
78 17 414
78 18 281
78 19 799
78 20 393
78 21 393
78 22 228
78 23 446
78 24 544
78 25 238
78 26 214
78 27 728
78 28 492
78 29 416
78 30 315
78 31 410
78 32 106
78 33 249
78 34 207
78 35 347
78 36 396
78 37 304
78 38 244
78 39 349
78 40 232
78 41 276
78 42 453
78 43 190
78 44 448
78 45 569
78 46 516
78 47 88
78 48 254
78 49 180
78 50 142
78 51 619
78 52 650
78 53 645
78 54 141
78 55 399
78 56 718
78 57 475
78 58 260
78 59 251
78 60 430
78 61 969
78 62 484
78 63 264
78 64 237
78 65 386
78 66 385
78 67 294
78 68 702
78 69 732
78 70 638
78 71 830
78 72 681
78 73 762
78 74 341
78 75 480
78 76 649
78 77 548
78 79 393
78 80 397
78 81 892
78 82 153
78 83 67
78 84 417
78 85 776
78 86 616
78 87 429
78 88 499
78 89 588
78 90 268
78 91 289
78 92 488
78 93 568
78 94 459
78 95 593
78 96 317
78 97 207
78 98 249
78 99 274
78 100 126
79 1 1043
79 2 465
79 3 406
79 4 834
79 5 701
79 6 489
79 7 754
79 8 684
79 9 204
79 10 271
79 11 33
79 12 878
79 13 397
79 14 307
79 15 110
79 16 311
79 17 37
79 18 673
79 19 736
79 20 229
79 21 26
79 22 598
79 23 74
79 24 753
79 25 193
79 26 180
79 27 710
79 28 177
79 29 489
79 30 231
79 31 794
79 32 316
79 33 500
79 34 353
79 35 191
79 36 701
79 37 627
79 38 319
79 39 650
79 40 431
79 41 230
79 42 700
79 43 544
79 44 817
79 45 858
79 46 734
79 47 410
79 48 248
79 49 514
79 50 516
79 51 448
79 52 747
79 53 759
79 54 403
79 55 56
79 56 713
79 57 161
79 58 651
79 59 151
79 60 469
79 61 926
79 62 753
79 63 447
79 64 184
79 65 764
79 66 681
79 67 292
79 68 725
79 69 758
79 70 831
79 71 739
79 72 533
79 73 861
79 74 64
79 75 652
79 76 503
79 77 813
79 78 393
79 80 749
79 81 810
79 82 468
79 83 341
79 84 119
79 85 748
79 86 469
79 87 811
79 88 641
79 89 754
79 90 659
79 91 279
79 92 856
79 93 178
79 94 374
79 95 425
79 96 404
79 97 539
79 98 640
79 99 607
79 100 279
80 1 321
80 2 300
80 3 623
80 4 464
80 5 109
80 6 509
80 7 778
80 8 659
80 9 618
80 10 481
80 11 754
80 12 658
80 13 412
80 14 884
80 15 859
80 16 939
80 17 778
80 18 255
80 19 807
80 20 644
80 21 757
80 22 171
80 23 814
80 24 333
80 25 629
80 26 579
80 27 711
80 28 786
80 29 461
80 30 711
80 31 137
80 32 438
80 33 276
80 34 588
80 35 625
80 36 122
80 37 132
80 38 462
80 39 549
80 40 346
80 41 672
80 42 238
80 43 414
80 44 86
80 45 228
80 46 306
80 47 449
80 48 524
80 49 236
80 50 256
80 51 775
80 52 535
80 53 512
80 54 347
80 55 735
80 56 691
80 57 773
80 58 209
80 59 599
80 60 498
80 61 922
80 62 212
80 63 350
80 64 566
80 65 101
80 66 574
80 67 516
80 68 651
80 69 668
80 70 409
80 71 858
80 72 799
80 73 609
80 74 688
80 75 358
80 76 775
80 77 250
80 78 397
80 79 749
80 81 898
80 82 281
80 83 422
80 84 727
80 85 756
80 86 754
80 87 139
80 88 404
80 89 414
80 90 202
80 91 683
80 92 117
80 93 925
80 94 616
80 95 754
80 96 438
80 97 211
80 98 289
80 99 143
80 100 477
81 1 974
81 2 856
81 3 1100
81 4 517
81 5 954
81 6 1095
81 7 121
81 8 240
81 9 911
81 10 735
81 11 842
81 12 348
81 13 919
81 14 590
81 15 856
81 16 648
81 17 841
81 18 1052
81 19 95
81 20 593
81 21 835
81 22 892
81 23 868
81 24 596
81 25 909
81 26 820
81 27 188
81 28 655
81 29 486
81 30 1001
81 31 1029
81 32 801
81 33 701
81 34 1033
81 35 645
81 36 776
81 37 799
81 38 655
81 39 1239
81 40 675
81 41 978
81 42 666
81 43 1072
81 44 979
81 45 784
81 46 613
81 47 974
81 48 677
81 49 811
81 50 880
81 51 367
81 52 387
81 53 417
81 54 760
81 55 755
81 56 208
81 57 664
81 58 997
81 59 781
81 60 465
81 61 134
81 62 712
81 63 647
81 64 750
81 65 988
81 66 1274
81 67 619
81 68 253
81 69 246
81 70 573
81 71 72
81 72 283
81 73 386
81 74 777
81 75 540
81 76 309
81 77 716
81 78 892
81 79 810
81 80 898
81 82 792
81 83 836
81 84 692
81 85 144
81 86 342
81 87 1034
81 88 494
81 89 515
81 90 998
81 91 1028
81 92 997
81 93 869
81 94 460
81 95 387
81 96 577
81 97 808
81 98 1053
81 99 816
81 100 809
82 1 586
82 2 69
82 3 411
82 4 519
82 5 244
82 6 341
82 7 684
82 8 567
82 9 348
82 10 202
82 11 474
82 12 660
82 13 179
82 14 629
82 15 578
82 16 678
82 17 497
82 18 277
82 19 697
82 20 387
82 21 476
82 22 142
82 23 533
82 24 392
82 25 358
82 26 300
82 27 616
82 28 518
82 29 307
82 30 449
82 31 340
82 32 159
82 33 103
82 34 359
82 35 357
82 36 252
82 37 165
82 38 203
82 39 458
82 40 120
82 41 410
82 42 301
82 43 289
82 44 351
82 45 424
82 46 364
82 47 235
82 48 253
82 49 47
82 50 91
82 51 570
82 52 512
82 53 504
82 54 68
82 55 456
82 56 603
82 57 504
82 58 230
82 59 318
82 60 330
82 61 855
82 62 334
82 63 146
82 64 286
82 65 305
82 66 493
82 67 261
82 68 580
82 69 608
82 70 487
82 71 736
82 72 616
82 73 621
82 74 407
82 75 334
82 76 586
82 77 398
82 78 153
82 79 468
82 80 281
82 81 792
82 83 151
82 84 454
82 85 665
82 86 558
82 87 355
82 88 359
82 89 440
82 90 235
82 91 432
82 92 389
82 93 645
82 94 402
82 95 545
82 96 227
82 97 71
82 98 268
82 99 141
82 100 198
83 1 734
83 2 126
83 3 287
83 4 644
83 5 363
83 6 260
83 7 740
83 8 631
83 9 199
83 10 118
83 11 340
83 12 761
83 13 88
83 14 556
83 15 448
83 16 593
83 17 365
83 18 339
83 19 744
83 20 327
83 21 344
83 22 261
83 23 399
83 24 527
83 25 208
83 26 162
83 27 676
83 28 428
83 29 368
83 30 299
83 31 454
83 32 39
83 33 230
83 34 226
83 35 281
83 36 402
83 37 315
83 38 183
83 39 411
83 40 195
83 41 260
83 42 443
83 43 255
83 44 483
83 45 574
83 46 500
83 47 140
83 48 188
83 49 191
83 50 177
83 51 555
83 52 612
83 53 610
83 54 110
83 55 341
83 56 668
83 57 412
83 58 312
83 59 194
83 60 377
83 61 917
83 62 481
83 63 226
83 64 175
83 65 426
83 66 447
83 67 230
83 68 655
83 69 685
83 70 619
83 71 772
83 72 618
83 73 727
83 74 285
83 75 452
83 76 586
83 77 545
83 78 67
83 79 341
83 80 422
83 81 836
83 82 151
83 84 355
83 85 724
83 86 553
83 87 472
83 88 466
83 89 562
83 90 319
83 91 285
83 92 522
83 93 517
83 94 396
83 95 528
83 96 264
83 97 218
83 98 311
83 99 288
83 100 64
84 1 1002
84 2 467
84 3 492
84 4 749
84 5 696
84 6 553
84 7 639
84 8 574
84 9 280
84 10 254
84 11 151
84 12 775
84 13 429
84 14 214
84 15 184
84 16 241
84 17 150
84 18 693
84 19 620
84 20 125
84 21 145
84 22 593
84 23 179
84 24 682
84 25 272
84 26 219
84 27 598
84 28 78
84 29 402
84 30 336
84 31 791
84 32 321
84 33 460
84 34 432
84 35 109
84 36 662
84 37 599
84 38 269
84 39 717
84 40 388
84 41 326
84 42 642
84 43 591
84 44 802
84 45 807
84 46 666
84 47 456
84 48 204
84 49 500
84 50 518
84 51 330
84 52 651
84 53 666
84 54 386
84 55 64
84 56 602
84 57 60
84 58 662
84 59 172
84 60 377
84 61 809
84 62 698
84 63 396
84 64 181
84 65 758
84 66 751
84 67 225
84 68 618
84 69 650
84 70 753
84 71 621
84 72 415
84 73 762
84 74 105
84 75 576
84 76 385
84 77 755
84 78 417
84 79 119
84 80 727
84 81 692
84 82 454
84 83 355
84 85 634
84 86 351
84 87 808
84 88 559
84 89 672
84 90 669
84 91 378
84 92 840
84 93 228
84 94 266
84 95 307
84 96 334
84 97 521
84 98 665
84 99 585
84 100 293
85 1 833
85 2 731
85 3 999
85 4 380
85 5 815
85 6 981
85 7 24
85 8 100
85 9 822
85 10 633
85 11 778
85 12 234
85 13 804
85 14 576
85 15 809
85 16 640
85 17 782
85 18 919
85 19 68
85 20 521
85 21 773
85 22 757
85 23 812
85 24 453
85 25 822
85 26 730
85 27 50
85 28 611
85 29 362
85 30 919
85 31 888
85 32 692
85 33 571
85 34 933
85 35 568
85 36 634
85 37 660
85 38 548
85 39 1119
85 40 552
85 41 892
85 42 523
85 43 950
85 44 836
85 45 641
85 46 470
85 47 861
85 48 581
85 49 681
85 50 752
85 51 338
85 52 245
85 53 275
85 54 640
85 55 694
85 56 66
85 57 617
85 58 863
85 59 696
85 60 348
85 61 194
85 62 568
85 63 522
85 64 660
85 65 848
85 66 1154
85 67 521
85 68 110
85 69 106
85 70 433
85 71 127
85 72 267
85 73 262
85 74 706
85 75 398
85 76 281
85 77 573
85 78 776
85 79 748
85 80 756
85 81 144
85 82 665
85 83 724
85 84 634
85 86 304
85 87 893
85 88 352
85 89 373
85 90 863
85 91 940
85 92 854
85 93 834
85 94 378
85 95 349
85 96 461
85 97 676
85 98 922
85 99 679
85 100 704
86 1 938
86 2 609
86 3 788
86 4 553
86 5 773
86 6 806
86 7 304
86 8 277
86 9 587
86 10 439
86 11 501
86 12 497
86 13 640
86 14 274
86 15 516
86 16 340
86 17 500
86 18 834
86 19 276
86 20 261
86 21 495
86 22 687
86 23 526
86 24 551
86 25 584
86 26 500
86 27 280
86 28 315
86 29 295
86 30 670
86 31 864
86 32 514
86 33 495
86 34 722
86 35 316
86 36 646
86 37 629
86 38 374
86 39 963
86 40 442
86 41 650
86 42 568
86 43 805
86 44 839
86 45 729
86 46 551
86 47 689
86 48 372
86 49 591
86 50 647
86 51 37
86 52 418
86 53 444
86 54 507
86 55 414
86 56 293
86 57 323
86 58 786
86 59 456
86 60 257
86 61 463
86 62 627
86 63 423
86 64 431
86 65 824
86 66 999
86 67 323
86 68 327
86 69 354
86 70 583
86 71 271
86 72 68
86 73 502
86 74 440
86 75 451
86 76 36
86 77 662
86 78 616
86 79 469
86 80 754
86 81 342
86 82 558
86 83 553
86 84 351
86 85 304
86 87 875
86 88 411
86 89 500
86 90 789
86 91 701
86 92 868
86 93 534
86 94 159
86 95 47
86 96 333
86 97 599
86 98 823
86 99 634
86 100 511
87 1 363
87 2 347
87 3 613
87 4 599
87 5 112
87 6 485
87 7 915
87 8 795
87 9 654
87 10 554
87 11 811
87 12 795
87 13 435
87 14 982
87 15 919
87 16 1032
87 17 836
87 18 195
87 19 943
87 20 739
87 21 815
87 22 216
87 23 870
87 24 469
87 25 666
87 26 634
87 27 847
87 28 872
87 29 586
87 30 734
87 31 19
87 32 496
87 33 383
87 34 592
87 35 712
87 36 260
87 37 247
87 38 554
87 39 482
87 40 447
87 41 697
87 42 376
87 43 382
87 44 76
87 45 342
87 46 443
87 47 456
87 48 608
87 49 310
87 50 296
87 51 893
87 52 673
87 53 650
87 54 423
87 55 806
87 56 827
87 57 858
87 58 178
87 59 662
87 60 621
87 61 1060
87 62 347
87 63 458
87 64 635
87 65 52
87 66 501
87 67 611
87 68 788
87 69 806
87 70 542
87 71 993
87 72 923
87 73 746
87 74 753
87 75 496
87 76 898
87 77 378
87 78 429
87 79 811
87 80 139
87 81 1034
87 82 355
87 83 472
87 84 808
87 85 893
87 86 875
87 88 541
87 89 552
87 90 169
87 91 698
87 92 96
87 93 988
87 94 729
87 95 871
87 96 549
87 97 292
87 98 238
87 99 242
87 100 533
88 1 530
88 2 427
88 3 752
88 4 193
88 5 466
88 6 699
88 7 374
88 8 255
88 9 625
88 10 419
88 11 663
88 12 301
88 13 528
88 14 627
88 15 737
88 16 694
88 17 678
88 18 581
88 19 404
88 20 438
88 21 661
88 22 420
88 23 715
88 24 141
88 25 630
88 26 542
88 27 307
88 28 582
88 29 158
88 30 733
88 31 536
88 32 446
88 33 256
88 34 691
88 35 455
88 36 283
88 37 313
88 38 338
88 39 814
88 40 272
88 41 698
88 42 176
88 43 645
88 44 485
88 45 322
88 46 142
88 47 586
88 48 403
88 49 360
88 50 433
88 51 442
88 52 154
88 53 146
88 54 361
88 55 600
88 56 287
88 57 578
88 58 524
88 59 527
88 60 189
88 61 524
88 62 228
88 63 241
88 64 485
88 65 497
88 66 848
88 67 351
88 68 248
88 69 269
88 70 195
88 71 456
88 72 436
88 73 263
88 74 582
88 75 48
88 76 420
88 77 254
88 78 499
88 79 641
88 80 404
88 81 494
88 82 359
88 83 466
88 84 559
88 85 352
88 86 411
88 87 541
88 89 113
88 90 523
88 91 735
88 92 505
88 93 787
88 94 328
88 95 430
88 96 241
88 97 348
88 98 591
88 99 336
88 100 474
89 1 465
89 2 506
89 3 845
89 4 83
89 5 496
89 6 780
89 7 396
89 8 290
89 9 731
89 10 525
89 11 775
89 12 245
89 13 615
89 14 732
89 15 850
89 16 799
89 17 790
89 18 626
89 19 434
89 20 550
89 21 773
89 22 472
89 23 828
89 24 85
89 25 736
89 26 649
89 27 335
89 28 693
89 29 270
89 30 839
89 31 550
89 32 546
89 33 339
89 34 787
89 35 568
89 36 296
89 37 355
89 38 448
89 39 882
89 40 370
89 41 803
89 42 179
89 43 717
89 44 486
89 45 269
89 46 109
89 47 673
89 48 514
89 49 431
89 50 503
89 51 534
89 52 130
89 53 102
89 54 454
89 55 713
89 56 312
89 57 689
89 58 569
89 59 637
89 60 299
89 61 517
89 62 207
89 63 341
89 64 595
89 65 513
89 66 914
89 67 463
89 68 263
89 69 271
89 70 85
89 71 492
89 72 515
89 73 198
89 74 694
89 75 111
89 76 504
89 77 202
89 78 588
89 79 754
89 80 414
89 81 515
89 82 440
89 83 562
89 84 672
89 85 373
89 86 500
89 87 552
89 88 113
89 90 567
89 91 838
89 92 497
89 93 900
89 94 435
89 95 525
89 96 352
89 97 413
89 98 643
89 99 384
89 100 576
90 1 508
90 2 202
90 3 445
90 4 632
90 5 95
90 6 320
90 7 884
90 8 763
90 9 491
90 10 416
90 11 656
90 12 809
90 13 271
90 14 857
90 15 765
90 16 902
90 17 681
90 18 60
90 19 904
90 20 617
90 21 660
90 22 107
90 23 713
90 24 495
90 25 503
90 26 479
90 27 815
90 28 738
90 29 521
90 30 566
90 31 151
90 32 349
90 33 301
90 34 423
90 35 582
90 36 282
90 37 213
90 38 436
90 39 347
90 40 348
90 41 530
90 42 391
90 43 219
90 44 212
90 45 427
90 46 465
90 47 288
90 48 478
90 49 198
90 50 152
90 51 803
90 52 671
90 53 655
90 54 296
90 55 659
90 56 799
90 57 723
90 58 9
90 59 512
90 60 550
90 61 1045
90 62 388
90 63 368
90 64 490
90 65 139
90 66 373
90 67 494
90 68 767
90 69 790
90 70 583
90 71 948
90 72 845
90 73 764
90 74 604
90 75 484
90 76 817
90 77 439
90 78 268
90 79 659
90 80 202
90 81 998
90 82 235
90 83 319
90 84 669
90 85 863
90 86 789
90 87 169
90 88 523
90 89 567
90 91 529
90 92 249
90 93 834
90 94 635
90 95 778
90 96 457
90 97 194
90 98 87
90 99 187
90 100 382
91 1 1003
91 2 388
91 3 139
91 4 920
91 5 602
91 6 258
91 7 951
91 8 858
91 9 118
91 10 320
91 11 252
91 12 1017
91 13 272
91 14 583
91 15 337
91 16 589
91 17 272
91 18 520
91 19 944
91 20 440
91 21 260
91 22 513
91 23 281
91 24 808
91 25 119
91 26 210
91 27 895
91 28 449
91 29 611
91 30 55
91 31 679
91 32 294
91 33 513
91 34 114
91 35 386
91 36 682
91 37 592
91 38 407
91 39 401
91 40 469
91 41 52
91 42 727
91 43 346
91 44 729
91 45 855
91 46 782
91 47 242
91 48 360
91 49 466
91 50 429
91 51 689
91 52 872
91 53 875
91 54 392
91 55 322
91 56 892
91 57 432
91 58 521
91 59 247
91 60 608
91 61 1129
91 62 765
91 63 497
91 64 280
91 65 661
91 66 427
91 67 421
91 68 890
91 69 923
91 70 900
91 71 959
91 72 769
91 73 989
91 74 274
91 75 727
91 76 736
91 77 829
91 78 289
91 79 279
91 80 683
91 81 1028
91 82 432
91 83 285
91 84 378
91 85 940
91 86 701
91 87 698
91 88 735
91 89 838
91 90 529
91 92 768
91 93 399
91 94 568
91 95 663
91 96 506
91 97 494
91 98 478
91 99 562
91 100 262
92 1 267
92 2 397
92 3 693
92 4 534
92 5 166
92 6 568
92 7 876
92 8 759
92 9 714
92 10 590
92 11 859
92 12 735
92 13 499
92 14 1000
92 15 965
92 16 1054
92 17 883
92 18 284
92 19 908
92 20 759
92 21 862
92 22 262
92 23 918
92 24 413
92 25 725
92 26 682
92 27 810
92 28 899
92 29 574
92 30 800
92 31 111
92 32 542
92 33 392
92 34 666
92 35 739
92 36 226
92 37 248
92 38 577
92 39 576
92 40 462
92 41 762
92 42 331
92 43 467
92 44 40
92 45 262
92 46 390
92 47 528
92 48 637
92 49 343
92 50 348
92 51 890
92 52 623
92 53 598
92 54 456
92 55 845
92 56 789
92 57 887
92 58 257
92 59 706
92 60 611
92 61 1012
92 62 290
92 63 466
92 64 675
92 65 110
92 66 596
92 67 631
92 68 746
92 69 761
92 70 475
92 71 961
92 72 911
92 73 685
92 74 796
92 75 458
92 76 888
92 77 308
92 78 488
92 79 856
92 80 117
92 81 997
92 82 389
92 83 522
92 84 840
92 85 854
92 86 868
92 87 96
92 88 505
92 89 497
92 90 249
92 91 768
92 93 1033
92 94 731
92 95 870
92 96 554
92 97 320
92 98 326
92 99 256
92 100 580
93 1 1215
93 2 641
93 3 537
93 4 977
93 5 878
93 6 640
93 7 835
93 8 786
93 9 361
93 10 446
93 11 179
93 12 994
93 13 569
93 14 290
93 15 70
93 16 256
93 17 154
93 18 847
93 19 809
93 20 351
93 21 175
93 22 775
93 23 126
93 24 908
93 25 349
93 26 356
93 27 803
93 28 224
93 29 630
93 30 345
93 31 971
93 32 493
93 33 671
93 34 496
93 35 334
93 36 873
93 37 802
93 38 485
93 39 795
93 40 601
93 41 360
93 42 864
93 43 707
93 44 994
93 45 1026
93 46 892
93 47 576
93 48 414
93 49 691
93 50 693
93 51 504
93 52 876
93 53 892
93 54 579
93 55 196
93 56 811
93 57 221
93 58 827
93 59 328
93 60 604
93 61 995
93 62 919
93 63 613
93 64 360
93 65 941
93 66 823
93 67 448
93 68 832
93 69 863
93 70 981
93 71 799
93 72 587
93 73 985
93 74 238
93 75 804
93 76 563
93 77 977
93 78 568
93 79 178
93 80 925
93 81 869
93 82 645
93 83 517
93 84 228
93 85 834
93 86 534
93 87 988
93 88 787
93 89 900
93 90 834
93 91 399
93 92 1033
93 94 485
93 95 487
93 96 559
93 97 715
93 98 812
93 99 783
93 100 456
94 1 832
94 2 451
94 3 643
94 4 505
94 5 625
94 6 652
94 7 387
94 8 310
94 9 451
94 10 285
94 11 403
94 12 511
94 13 483
94 14 300
94 15 448
94 16 366
94 17 409
94 18 678
94 19 376
94 20 146
94 21 398
94 22 534
94 23 442
94 24 465
94 25 450
94 26 360
94 27 338
94 28 266
94 29 178
94 30 544
94 31 717
94 32 358
94 33 347
94 34 576
94 35 191
94 36 517
94 37 487
94 38 216
94 39 806
94 40 288
94 41 519
94 42 457
94 43 647
94 44 700
94 45 624
94 46 457
94 47 533
94 48 220
94 49 437
94 50 490
94 51 168
94 52 393
94 53 411
94 54 348
94 55 322
94 56 340
94 57 266
94 58 631
94 59 322
94 60 142
94 61 563
94 62 517
94 63 273
94 64 290
94 65 678
94 66 842
94 67 167
94 68 353
94 69 385
94 70 520
94 71 392
94 72 223
94 73 500
94 74 329
94 75 358
94 76 191
94 77 562
94 78 459
94 79 374
94 80 616
94 81 460
94 82 402
94 83 396
94 84 266
94 85 378
94 86 159
94 87 729
94 88 328
94 89 435
94 90 635
94 91 568
94 92 731
94 93 485
94 95 144
94 96 182
94 97 447
94 98 666
94 99 488
94 100 358
95 1 953
95 2 592
95 3 754
95 4 582
95 5 768
95 6 778
95 7 350
95 8 318
95 9 551
95 10 412
95 11 458
95 12 537
95 13 615
95 14 231
95 15 470
95 16 298
95 17 456
95 18 821
95 19 322
95 20 224
95 21 451
95 22 678
95 23 481
95 24 570
95 25 547
95 26 465
95 27 324
95 28 269
95 29 301
95 30 630
95 31 859
95 32 489
95 33 490
95 34 689
95 35 279
95 36 651
95 37 627
95 38 354
95 39 937
95 40 431
95 41 612
95 42 580
95 43 782
95 44 839
95 45 743
95 46 568
95 47 662
95 48 344
95 49 581
95 50 633
95 51 27
95 52 450
95 53 475
95 54 490
95 55 370
95 56 336
95 57 278
95 58 774
95 59 420
95 60 263
95 61 509
95 62 640
95 63 416
95 64 398
95 65 820
95 66 972
95 67 300
95 68 367
95 69 395
95 70 609
95 71 316
95 72 108
95 73 540
95 74 398
95 75 468
95 76 79
95 77 678
95 78 593
95 79 425
95 80 754
95 81 387
95 82 545
95 83 528
95 84 307
95 85 349
95 86 47
95 87 871
95 88 430
95 89 525
95 90 778
95 91 663
95 92 870
95 93 487
95 94 144
95 96 325
95 97 590
95 98 807
95 99 629
95 100 483
96 1 678
96 2 284
96 3 544
96 4 434
96 5 444
96 6 521
96 7 477
96 8 368
96 9 392
96 10 186
96 11 424
96 12 512
96 13 344
96 14 452
96 15 504
96 16 512
96 17 440
96 18 503
96 19 483
96 20 223
96 21 422
96 22 354
96 23 477
96 24 351
96 25 395
96 26 305
96 27 413
96 28 372
96 29 107
96 30 498
96 31 536
96 32 233
96 33 166
96 34 479
96 35 225
96 36 348
96 37 308
96 38 100
96 39 662
96 40 109
96 41 465
96 42 310
96 43 496
96 44 521
96 45 477
96 46 333
96 47 401
96 48 162
96 49 259
96 50 317
96 51 348
96 52 367
96 53 372
96 54 185
96 55 367
96 56 404
96 57 364
96 58 453
96 59 287
96 60 114
96 61 654
96 62 368
96 63 92
96 64 245
96 65 497
96 66 698
96 67 113
96 68 393
96 69 424
96 70 428
96 71 516
96 72 390
96 73 485
96 74 343
96 75 248
96 76 361
96 77 423
96 78 317
96 79 404
96 80 438
96 81 577
96 82 227
96 83 264
96 84 334
96 85 461
96 86 333
96 87 549
96 88 241
96 89 352
96 90 457
96 91 506
96 92 554
96 93 559
96 94 182
96 95 325
96 97 266
96 98 494
96 99 307
96 100 251
97 1 517
97 2 108
97 3 460
97 4 488
97 5 182
97 6 373
97 7 696
97 8 576
97 9 416
97 10 271
97 11 544
97 12 645
97 13 229
97 14 690
97 15 649
97 16 741
97 17 568
97 18 245
97 19 714
97 20 448
97 21 546
97 22 89
97 23 604
97 24 356
97 25 426
97 26 370
97 27 627
97 28 583
97 29 328
97 30 514
97 31 277
97 32 229
97 33 108
97 34 412
97 35 422
97 36 189
97 37 99
97 38 263
97 39 470
97 40 160
97 41 475
97 42 256
97 43 304
97 44 282
97 45 363
97 46 326
97 47 280
97 48 319
97 49 28
97 50 90
97 51 614
97 52 500
97 53 488
97 54 137
97 55 526
97 56 612
97 57 570
97 58 191
97 59 389
97 60 357
97 61 861
97 62 281
97 63 176
97 64 356
97 65 241
97 66 503
97 67 320
97 68 584
97 69 609
97 70 450
97 71 756
97 72 653
97 73 603
97 74 478
97 75 315
97 76 625
97 77 344
97 78 207
97 79 539
97 80 211
97 81 808
97 82 71
97 83 218
97 84 521
97 85 676
97 86 599
97 87 292
97 88 348
97 89 413
97 90 194
97 91 494
97 92 320
97 93 715
97 94 447
97 95 590
97 96 266
97 98 247
97 99 71
97 100 268
98 1 590
98 2 216
98 3 380
98 4 711
98 5 181
98 6 248
98 7 942
98 8 822
98 9 457
98 10 421
98 11 633
98 12 883
98 13 243
98 14 864
98 15 742
98 16 903
98 17 658
98 18 45
98 19 959
98 20 629
98 21 638
98 22 172
98 23 687
98 24 574
98 25 469
98 26 461
98 27 873
98 28 738
98 29 570
98 30 520
98 31 221
98 32 346
98 33 352
98 34 367
98 35 588
98 36 365
98 37 289
98 38 456
98 39 260
98 40 387
98 41 486
98 42 470
98 43 145
98 44 292
98 45 513
98 46 544
98 47 243
98 48 488
98 49 243
98 50 177
98 51 833
98 52 742
98 53 727
98 54 318
98 55 647
98 56 858
98 57 722
98 58 81
98 59 500
98 60 596
98 61 1108
98 62 471
98 63 411
98 64 485
98 65 218
98 66 287
98 67 513
98 68 830
98 69 855
98 70 664
98 71 1000
98 72 883
98 73 839
98 74 590
98 75 554
98 76 853
98 77 524
98 78 249
98 79 640
98 80 289
98 81 1053
98 82 268
98 83 311
98 84 665
98 85 922
98 86 823
98 87 238
98 88 591
98 89 643
98 90 87
98 91 478
98 92 326
98 93 812
98 94 666
98 95 807
98 96 494
98 97 247
98 99 260
98 100 373
99 1 446
99 2 174
99 3 521
99 4 453
99 5 142
99 6 425
99 7 700
99 8 580
99 9 486
99 10 338
99 11 614
99 12 624
99 13 294
99 14 746
99 15 717
99 16 799
99 17 637
99 18 245
99 19 723
99 20 504
99 21 616
99 22 89
99 23 673
99 24 317
99 25 496
99 26 440
99 27 632
99 28 644
99 29 349
99 30 584
99 31 231
99 32 299
99 33 141
99 34 477
99 35 483
99 36 126
99 37 34
99 38 321
99 39 504
99 40 208
99 41 545
99 42 213
99 43 345
99 44 220
99 45 298
99 46 286
99 47 341
99 48 381
99 49 98
99 50 143
99 51 652
99 52 485
99 53 469
99 54 205
99 55 592
99 56 614
99 57 631
99 58 188
99 59 458
99 60 383
99 61 859
99 62 225
99 63 216
99 64 424
99 65 191
99 66 534
99 67 376
99 68 581
99 69 604
99 70 409
99 71 769
99 72 684
99 73 579
99 74 546
99 75 297
99 76 658
99 77 286
99 78 274
99 79 607
99 80 143
99 81 816
99 82 141
99 83 288
99 84 585
99 85 679
99 86 634
99 87 242
99 88 336
99 89 384
99 90 187
99 91 562
99 92 256
99 93 783
99 94 488
99 95 629
99 96 307
99 97 71
99 98 260
99 100 339
100 1 783
100 2 186
100 3 295
100 4 659
100 5 423
100 6 296
100 7 718
100 8 615
100 9 159
100 10 74
100 11 280
100 12 760
100 13 141
100 14 496
100 15 387
100 16 531
100 17 305
100 18 402
100 19 719
100 20 273
100 21 283
100 22 320
100 23 339
100 24 549
100 25 166
100 26 103
100 27 658
100 28 367
100 29 358
100 30 266
100 31 515
100 32 40
100 33 258
100 34 229
100 35 224
100 36 446
100 37 362
100 38 157
100 39 455
100 40 208
100 41 228
100 42 473
100 43 308
100 44 541
100 45 614
100 46 524
100 47 181
100 48 140
100 49 242
100 50 238
100 51 510
100 52 614
100 53 615
100 54 141
100 55 277
100 56 651
100 57 350
100 58 375
100 59 131
100 60 361
100 61 897
100 62 516
100 63 236
100 64 112
100 65 486
100 66 490
100 67 192
100 68 643
100 69 675
100 70 639
100 71 743
100 72 578
100 73 730
100 74 222
100 75 466
100 76 545
100 77 580
100 78 126
100 79 279
100 80 477
100 81 809
100 82 198
100 83 64
100 84 293
100 85 704
100 86 511
100 87 533
100 88 474
100 89 576
100 90 382
100 91 262
100 92 580
100 93 456
100 94 358
100 95 483
100 96 251
100 97 268
100 98 373
100 99 339
