nnodes nedges type capacity
100  4950  graph  1000
nodename posx posy itemvalue itemweight
1 912 816 5 21
2 61 145 5 8
3 816 91 9 20
4 676 341 12 18
5 173 74 2 28
6 492 390 13 5
7 829 977 1 29
8 429 463 12 13
9 693 975 15 8
10 109 177 7 15
11 535 996 11 17
12 503 77 2 16
13 638 618 15 30
14 747 821 9 30
15 776 531 6 15
16 20 40 7 2
17 700 433 12 19
18 537 516 10 21
19 524 565 8 28
20 210 698 15 2
21 640 702 10 27
22 440 821 6 25
23 31 870 3 10
24 284 725 14 17
25 845 393 9 20
26 902 732 8 4
27 742 757 14 1
28 162 732 4 28
29 727 909 15 27
30 554 855 4 27
31 792 926 3 18
32 896 492 14 30
33 360 433 6 30
34 9 884 12 5
35 999 571 4 11
36 934 991 6 13
37 625 375 15 4
38 812 9 15 17
39 245 96 13 28
40 86 442 10 21
41 841 340 10 17
42 527 935 2 8
43 97 689 2 5
44 668 824 12 8
45 598 574 9 15
46 680 390 4 26
47 852 928 9 24
48 235 212 2 29
49 713 244 15 28
50 449 64 4 3
51 167 383 1 1
52 55 792 8 30
53 110 219 4 7
54 153 707 8 16
55 667 239 11 2
56 150 861 7 5
57 579 29 10 23
58 148 676 4 18
59 718 816 4 22
60 853 316 10 12
61 742 885 14 20
62 58 595 15 22
63 165 293 14 8
64 807 878 6 28
65 889 608 13 16
66 943 408 8 28
67 992 350 1 30
68 553 454 4 20
69 570 706 6 18
70 162 237 12 23
71 946 664 11 25
72 98 525 5 20
73 693 599 9 15
74 554 411 7 28
75 415 407 7 23
76 79 510 1 5
77 644 489 12 22
78 457 809 3 17
79 135 616 15 30
80 687 376 7 19
81 225 982 15 29
82 785 569 1 23
83 333 338 13 26
84 23 903 4 25
85 44 537 5 30
86 492 342 2 15
87 553 943 10 6
88 868 246 4 3
89 542 422 6 2
90 9 309 7 27
91 181 440 9 15
92 171 177 8 27
93 282 628 6 2
94 986 417 14 27
95 245 25 2 12
96 145 822 15 8
97 8 930 10 22
98 391 341 15 7
99 620 766 9 3
100 596 17 8 13
endpoint1 endpoint2 weight
1 2 1084
1 3 732
1 4 531
1 5 1048
1 6 599
1 7 182
1 8 599
1 9 271
1 10 1027
1 11 418
1 12 845
1 13 339
1 14 166
1 15 316
1 16 1183
1 17 438
1 18 481
1 19 463
1 20 712
1 21 295
1 22 473
1 23 883
1 24 635
1 25 429
1 26 85
1 27 180
1 28 755
1 29 208
1 30 361
1 31 163
1 32 325
1 33 672
1 34 906
1 35 260
1 36 177
1 37 527
1 38 814
1 39 982
1 40 907
1 41 482
1 42 403
1 43 825
1 44 245
1 45 397
1 46 486
1 47 128
1 48 908
1 49 606
1 50 884
1 51 862
1 52 858
1 53 1000
1 54 767
1 55 627
1 56 764
1 57 855
1 58 777
1 59 194
1 60 504
1 61 184
1 62 883
1 63 912
1 64 122
1 65 210
1 66 410
1 67 473
1 68 510
1 69 360
1 70 948
1 71 156
1 72 865
1 73 309
1 74 541
1 75 644
1 76 888
1 77 423
1 78 456
1 79 803
1 80 495
1 81 707
1 82 278
1 83 751
1 84 894
1 85 912
1 86 634
1 87 381
1 88 572
1 89 541
1 90 1036
1 91 823
1 92 979
1 93 658
1 94 406
1 95 1035
1 96 768
1 97 912
1 98 706
1 99 297
1 100 860
2 3 757
2 4 646
2 5 133
2 6 496
2 7 1133
2 8 487
2 9 1044
2 10 58
2 11 975
2 12 448
2 13 747
2 14 964
2 15 813
2 16 113
2 17 701
2 18 604
2 19 626
2 20 573
2 21 804
2 22 775
2 23 726
2 24 622
2 25 823
2 26 1026
2 27 916
2 28 596
2 29 1014
2 30 865
2 31 1070
2 32 905
2 33 416
2 34 741
2 35 1031
2 36 1216
2 37 610
2 38 764
2 39 191
2 40 299
2 41 805
2 42 918
2 43 546
2 44 911
2 45 688
2 46 666
2 47 1114
2 48 187
2 49 660
2 50 397
2 51 261
2 52 648
2 53 89
2 54 570
2 55 614
2 56 722
2 57 531
2 58 539
2 59 940
2 60 811
2 61 1006
2 62 451
2 63 181
2 64 1046
2 65 949
2 66 921
2 67 954
2 68 581
2 69 758
2 70 137
2 71 1026
2 72 382
2 73 779
2 74 561
2 75 441
2 76 366
2 77 677
2 78 774
2 79 477
2 80 668
2 81 853
2 82 840
2 83 334
2 84 759
2 85 393
2 86 474
2 87 938
2 88 814
2 89 556
2 90 173
2 91 319
2 92 115
2 93 532
2 94 965
2 95 220
2 96 683
2 97 787
2 98 384
2 99 836
2 100 551
3 4 287
3 5 644
3 6 441
3 7 887
3 8 537
3 9 893
3 10 713
3 11 948
3 12 314
3 13 557
3 14 734
3 15 442
3 16 798
3 17 362
3 18 509
3 19 557
3 20 858
3 21 636
3 22 822
3 23 1106
3 24 828
3 25 304
3 26 647
3 27 671
3 28 916
3 29 823
3 30 808
3 31 836
3 32 409
3 33 570
3 34 1132
3 35 514
3 36 908
3 37 343
3 38 83
3 39 572
3 40 811
3 41 251
3 42 893
3 43 936
3 44 748
3 45 530
3 46 329
3 47 838
3 48 594
3 49 185
3 50 368
3 51 712
3 52 1035
3 53 718
3 54 905
3 55 211
3 56 1019
3 57 245
3 58 888
3 59 732
3 60 229
3 61 798
3 62 911
3 63 682
3 64 788
3 65 523
3 66 342
3 67 314
3 68 449
3 69 663
3 70 671
3 71 588
3 72 839
3 73 523
3 74 414
3 75 511
3 76 848
3 77 434
3 78 803
3 79 860
3 80 313
3 81 1070
3 82 480
3 83 543
3 84 1135
3 85 892
3 86 410
3 87 892
3 88 164
3 89 430
3 90 836
3 91 725
3 92 651
3 93 758
3 94 368
3 95 575
3 96 993
3 97 1165
3 98 494
3 99 703
3 100 233
4 5 570
4 6 191
4 7 655
4 8 276
4 9 635
4 10 591
4 11 671
4 12 316
4 13 280
4 14 486
4 15 215
4 16 722
4 17 96
4 18 224
4 19 271
4 20 588
4 21 363
4 22 535
4 23 835
4 24 549
4 25 177
4 26 452
4 27 422
4 28 646
4 29 571
4 30 529
4 31 597
4 32 267
4 33 330
4 34 861
4 35 397
4 36 700
4 37 62
4 38 359
4 39 496
4 40 599
4 41 166
4 42 613
4 43 676
4 44 484
4 45 246
4 46 50
4 47 613
4 48 460
4 49 104
4 50 359
4 51 511
4 52 768
4 53 579
4 54 639
4 55 103
4 56 740
4 57 327
4 58 626
4 59 477
4 60 179
4 61 548
4 62 669
4 63 514
4 64 553
4 65 342
4 66 276
4 67 317
4 68 168
4 69 381
4 70 525
4 71 421
4 72 607
4 73 259
4 74 141
4 75 270
4 76 621
4 77 152
4 78 517
4 79 607
4 80 37
4 81 784
4 82 253
4 83 344
4 84 862
4 85 662
4 86 185
4 87 615
4 88 215
4 89 157
4 90 668
4 91 505
4 92 531
4 93 488
4 94 320
4 95 535
4 96 717
4 97 891
4 98 285
4 99 429
4 100 334
5 6 450
5 7 1117
5 8 466
5 9 1041
5 10 122
5 11 991
5 12 331
5 13 716
5 14 943
5 15 757
5 16 157
5 17 638
5 18 573
5 19 604
5 20 626
5 21 783
5 22 794
5 23 809
5 24 661
5 25 744
5 26 983
5 27 889
5 28 659
5 29 1003
5 30 869
5 31 1054
5 32 836
5 33 405
5 34 827
5 35 964
5 36 1192
5 37 544
5 38 643
5 39 76
5 40 379
5 41 720
5 42 931
5 43 620
5 44 899
5 45 657
5 46 598
5 47 1092
5 48 152
5 49 567
5 50 277
5 51 310
5 52 728
5 53 159
5 54 634
5 55 521
5 56 788
5 57 409
5 58 603
5 59 921
5 60 722
5 61 991
5 62 534
5 63 220
5 64 1024
5 65 894
5 66 840
5 67 865
5 68 538
5 69 747
5 70 164
5 71 973
5 72 458
5 73 739
5 74 509
5 75 412
5 76 447
5 77 628
5 78 788
5 79 544
5 80 597
5 81 910
5 82 788
5 83 309
5 84 843
5 85 481
5 86 417
5 87 949
5 88 716
5 89 508
5 90 287
5 91 367
5 92 104
5 93 565
5 94 883
5 95 88
5 96 749
5 97 872
5 98 345
5 99 824
5 100 427
6 7 677
6 8 97
6 9 619
6 10 439
6 11 608
6 12 314
6 13 271
6 14 501
6 15 318
6 16 588
6 17 213
6 18 134
6 19 178
6 20 418
6 21 346
6 22 435
6 23 666
6 24 395
6 25 354
6 26 534
6 27 445
6 28 476
6 29 570
6 30 470
6 31 615
6 32 417
6 33 139
6 34 691
6 35 539
6 36 747
6 37 134
6 38 498
6 39 384
6 40 410
6 41 353
6 42 547
6 43 496
6 44 469
6 45 213
6 46 188
6 47 648
6 48 313
6 49 265
6 50 329
6 51 326
6 52 594
6 53 419
6 54 465
6 55 232
6 56 583
6 57 372
6 58 448
6 59 483
6 60 369
6 61 555
6 62 480
6 63 342
6 64 581
6 65 453
6 66 452
6 67 502
6 68 89
6 69 326
6 70 364
6 71 531
6 72 417
6 73 290
6 74 66
6 75 79
6 76 431
6 77 182
6 78 421
6 79 423
6 80 196
6 81 650
6 82 344
6 83 168
6 84 696
6 85 472
6 86 48
6 87 557
6 88 403
6 89 60
6 90 490
6 91 315
6 92 386
6 93 318
6 94 495
6 95 441
6 96 555
6 97 726
6 98 113
6 99 398
6 100 388
7 8 652
7 9 137
7 10 1077
7 11 295
7 12 958
7 13 407
7 14 177
7 15 450
7 16 1238
7 17 560
7 18 546
7 19 513
7 20 679
7 21 334
7 22 420
7 23 806
7 24 601
7 25 585
7 26 256
7 27 237
7 28 711
7 29 123
7 30 301
7 31 64
7 32 490
7 33 719
7 34 826
7 35 441
7 36 106
7 37 636
7 38 969
7 39 1057
7 40 916
7 41 638
7 42 305
7 43 787
7 44 223
7 45 465
7 46 606
7 47 55
7 48 969
7 49 743
7 50 989
7 51 890
7 52 796
7 53 1045
7 54 728
7 55 756
7 56 689
7 57 981
7 58 745
7 59 196
7 60 662
7 61 127
7 62 861
7 63 954
7 64 102
7 65 374
7 66 581
7 67 648
7 68 592
7 69 375
7 70 997
7 71 335
7 72 860
7 73 402
7 74 630
7 75 705
7 76 884
7 77 522
7 78 409
7 79 783
7 80 618
7 81 605
7 82 411
7 83 809
7 84 810
7 85 900
7 86 719
7 87 279
7 88 733
7 89 625
7 90 1058
7 91 842
7 92 1036
7 93 649
7 94 582
7 95 1117
7 96 702
7 97 823
7 98 773
7 99 297
7 100 988
8 9 577
8 10 430
8 11 544
8 12 394
8 13 261
8 14 479
8 15 354
8 16 589
8 17 273
8 18 121
8 19 140
8 20 322
8 21 319
8 22 359
8 23 570
8 24 300
8 25 422
8 26 545
8 27 430
8 28 380
8 29 537
8 30 412
8 31 589
8 32 468
8 33 76
8 34 595
8 35 581
8 36 731
8 37 215
8 38 594
8 39 411
8 40 344
8 41 430
8 42 483
8 43 402
8 44 433
8 45 203
8 46 262
8 47 629
8 48 318
8 49 359
8 50 400
8 51 274
8 52 499
8 53 402
8 54 369
8 55 327
8 56 487
8 57 460
8 58 353
8 59 457
8 60 449
8 61 526
8 62 394
8 63 314
8 64 562
8 65 483
8 66 517
8 67 575
8 68 125
8 69 281
8 70 350
8 71 555
8 72 337
8 73 297
8 74 136
8 75 58
8 76 354
8 77 217
8 78 348
8 79 332
8 80 273
8 81 558
8 82 372
8 83 158
8 84 599
8 85 393
8 86 137
8 87 496
8 88 490
8 89 121
8 90 448
8 91 250
8 92 386
8 93 221
8 94 559
8 95 476
8 96 458
8 97 629
8 98 128
8 99 359
8 100 477
9 10 989
9 11 160
9 12 918
9 13 362
9 14 164
9 15 452
9 16 1153
9 17 543
9 18 485
9 19 444
9 20 557
9 21 279
9 22 297
9 23 671
9 24 480
9 25 602
9 26 321
9 27 224
9 28 584
9 29 75
9 30 184
9 31 111
9 32 524
9 33 637
9 34 691
9 35 507
9 36 242
9 37 604
9 38 974
9 39 987
9 40 808
9 41 653
9 42 171
9 43 662
9 44 154
9 45 413
9 46 586
9 47 166
9 48 890
9 49 732
9 50 944
9 51 792
9 52 664
9 53 955
9 54 603
9 55 737
9 56 555
9 57 953
9 58 622
9 59 161
9 60 679
9 61 103
9 62 741
9 63 863
9 64 150
9 65 417
9 66 620
9 67 693
9 68 540
9 69 296
9 70 910
9 71 401
9 72 747
9 73 376
9 74 581
9 75 633
9 76 771
9 77 489
9 78 289
9 79 664
9 80 600
9 81 469
9 82 417
9 83 732
9 84 674
9 85 783
9 86 665
9 87 144
9 88 750
9 89 574
9 90 955
9 91 741
9 92 954
9 93 538
9 94 631
9 95 1051
9 96 569
9 97 687
9 98 703
9 99 222
9 100 963
10 11 924
10 12 407
10 13 689
10 14 907
10 15 756
10 16 164
10 17 645
10 18 546
10 19 569
10 20 531
10 21 747
10 22 725
10 23 698
10 24 576
10 25 768
10 26 968
10 27 859
10 28 558
10 29 958
10 30 811
10 31 1014
10 32 848
10 33 359
10 34 715
10 35 974
10 36 1159
10 37 553
10 38 723
10 39 159
10 40 266
10 41 750
10 42 866
10 43 513
10 44 856
10 45 630
10 46 610
10 47 1057
10 48 131
10 49 608
10 50 359
10 51 215
10 52 618
10 53 43
10 54 532
10 55 562
10 56 686
10 57 493
10 58 501
10 59 883
10 60 757
10 61 950
10 62 422
10 63 129
10 64 990
10 65 892
10 66 866
10 67 900
10 68 524
10 69 702
10 70 81
10 71 969
10 72 349
10 73 721
10 74 503
10 75 383
10 76 335
10 77 620
10 78 722
10 79 440
10 80 612
10 81 814
10 82 782
10 83 276
10 84 732
10 85 366
10 86 418
10 87 886
10 88 763
10 89 498
10 90 166
10 91 273
10 92 62
10 93 484
10 94 910
10 95 204
10 96 647
10 97 760
10 98 327
10 99 780
10 100 513
11 12 920
11 13 392
11 14 275
11 15 524
11 16 1086
11 17 587
11 18 481
11 19 432
11 20 441
11 21 313
11 22 200
11 23 520
11 24 370
11 25 679
11 26 453
11 27 317
11 28 457
11 29 211
11 30 143
11 31 267
11 32 620
11 33 590
11 34 538
11 35 630
11 36 400
11 37 628
11 38 1026
11 39 946
11 40 714
11 41 724
11 42 62
11 43 535
11 44 218
11 45 427
11 46 624
11 47 325
11 48 840
11 49 773
11 50 936
11 51 715
11 52 522
11 53 886
11 54 480
11 55 769
11 56 408
11 57 969
11 58 503
11 59 257
11 60 751
11 61 235
11 62 624
11 63 795
11 64 297
11 65 526
11 66 716
11 67 792
11 68 543
11 69 293
11 70 846
11 71 529
11 72 643
11 73 428
11 74 586
11 75 602
11 76 667
11 77 519
11 78 203
11 79 552
11 80 639
11 81 311
11 82 495
11 83 689
11 84 521
11 85 673
11 86 656
11 87 56
11 88 821
11 89 575
11 90 866
11 91 660
11 92 897
11 93 447
11 94 734
11 95 1014
11 96 428
11 97 532
11 98 671
11 99 246
11 100 981
12 13 558
12 14 783
12 15 530
12 16 485
12 17 407
12 18 441
12 19 489
12 20 687
12 21 640
12 22 747
12 23 923
12 24 685
12 25 466
12 26 767
12 27 721
12 28 739
12 29 862
12 30 780
12 31 897
12 32 572
12 33 384
12 34 947
12 35 701
12 36 1011
12 37 323
12 38 317
12 39 259
12 40 555
12 41 429
12 42 859
12 43 735
12 44 766
12 45 506
12 46 360
12 47 920
12 48 301
12 49 269
12 50 56
12 51 455
12 52 844
12 53 418
12 54 721
12 55 231
12 56 860
12 57 90
12 58 697
12 59 770
12 60 424
12 61 843
12 62 683
12 63 402
12 64 857
12 65 657
12 66 551
12 67 561
12 68 381
12 69 633
12 70 377
12 71 736
12 72 604
12 73 556
12 74 338
12 75 342
12 76 607
12 77 436
12 78 734
12 79 653
12 80 352
12 81 947
12 82 568
12 83 312
12 84 956
12 85 650
12 86 266
12 87 868
12 88 403
12 89 348
12 90 546
12 91 486
12 92 347
12 93 594
12 94 591
12 95 264
12 96 827
12 97 987
12 98 287
12 99 699
12 100 111
13 14 231
13 15 164
13 16 847
13 17 196
13 18 144
13 19 126
13 20 436
13 21 85
13 22 284
13 23 658
13 24 370
13 25 306
13 26 288
13 27 174
13 28 490
13 29 305
13 30 252
13 31 345
13 32 288
13 33 334
13 34 683
13 35 365
13 36 477
13 37 244
13 38 634
13 39 654
13 40 580
13 41 345
13 42 336
13 43 546
13 44 209
13 45 60
13 46 232
13 47 377
13 48 573
13 49 382
13 50 586
13 51 527
13 52 609
13 53 662
13 54 494
13 55 381
13 56 546
13 57 592
13 58 494
13 59 214
13 60 371
13 61 287
13 62 581
13 63 574
13 64 311
13 65 252
13 66 371
13 67 445
13 68 185
13 69 112
13 70 610
13 71 312
13 72 548
13 73 59
13 74 224
13 75 308
13 76 570
13 77 130
13 78 264
13 79 504
13 80 247
13 81 551
13 82 155
13 83 415
13 84 678
13 85 600
13 86 313
13 87 336
13 88 438
13 89 219
13 90 701
13 91 491
13 92 643
13 93 357
13 94 402
13 95 712
13 96 534
13 97 704
13 98 372
13 99 150
13 100 603
14 15 292
14 16 1068
14 17 391
14 18 371
14 19 340
14 20 551
14 21 161
14 22 307
14 23 718
14 24 473
14 25 440
14 26 179
14 27 65
14 28 592
14 29 91
14 30 196
14 31 115
14 32 362
14 33 549
14 34 741
14 35 355
14 36 253
14 37 463
14 38 815
14 39 882
14 40 762
14 41 491
14 42 248
14 43 664
14 44 80
14 45 289
14 46 437
14 47 150
14 48 796
14 49 579
14 50 814
14 51 727
14 52 693
14 53 877
14 54 605
14 55 588
14 56 599
14 57 810
14 58 617
14 59 30
14 60 517
14 61 65
14 62 726
14 63 786
14 64 83
14 65 256
14 66 458
14 67 531
14 68 416
14 69 212
14 70 827
14 71 254
14 72 714
14 73 229
14 74 454
14 75 531
14 76 737
14 77 348
14 78 291
14 79 646
14 80 450
14 81 547
14 82 255
14 83 637
14 84 729
14 85 759
14 86 543
14 87 230
14 88 588
14 89 449
14 90 899
14 91 683
14 92 865
14 93 504
14 94 470
14 95 942
14 96 603
14 97 747
14 98 598
14 99 139
14 100 819
15 16 902
15 17 125
15 18 240
15 19 255
15 20 591
15 21 219
15 22 444
15 23 819
15 24 529
15 25 155
15 26 238
15 27 229
15 28 647
15 29 382
15 30 393
15 31 396
15 32 127
15 33 428
15 34 845
15 35 227
15 36 487
15 37 218
15 38 524
15 39 687
15 40 696
15 41 202
15 42 475
15 43 698
15 44 313
15 45 184
15 46 171
15 47 405
15 48 629
15 49 294
15 50 571
15 51 627
15 52 767
15 53 736
15 54 648
15 55 312
15 56 708
15 57 540
15 58 645
15 59 291
15 60 229
15 61 356
15 62 721
15 63 656
15 64 349
15 65 137
15 66 208
15 67 282
15 68 236
15 69 271
15 70 681
15 71 216
15 72 679
15 73 108
15 74 253
15 75 382
15 76 698
15 77 139
15 78 424
15 79 647
15 80 179
15 81 713
15 82 40
15 83 484
15 84 840
15 85 733
15 86 342
15 87 469
15 88 300
15 89 259
15 90 799
15 91 602
15 92 701
15 93 504
15 94 239
15 95 734
15 96 695
15 97 866
15 98 430
15 99 283
15 100 545
16 17 786
16 18 703
16 19 728
16 20 685
16 21 907
16 22 887
16 23 831
16 24 735
16 25 898
16 26 1122
16 27 1018
16 28 707
16 29 1121
16 30 975
16 31 1176
16 32 986
16 33 520
16 34 845
16 35 1114
16 36 1320
16 37 692
16 38 793
16 39 232
16 40 408
16 41 875
16 42 1029
16 43 654
16 44 1018
16 45 787
16 46 748
16 47 1217
16 48 276
16 49 723
16 50 430
16 51 374
16 52 753
16 53 201
16 54 681
16 55 677
16 56 832
16 57 560
16 58 649
16 59 1044
16 60 878
16 61 1112
16 62 557
16 63 292
16 64 1150
16 65 1039
16 66 994
16 67 1021
16 68 675
16 69 864
16 70 243
16 71 1117
16 72 492
16 73 875
16 74 651
16 75 540
16 76 474
16 77 769
16 78 885
16 79 588
16 80 747
16 81 965
16 82 931
16 83 433
16 84 864
16 85 498
16 86 561
16 87 1049
16 88 873
16 89 647
16 90 270
16 91 432
16 92 204
16 93 644
16 94 1037
16 95 226
16 96 792
16 97 891
16 98 478
16 99 942
16 100 577
17 18 183
17 19 220
17 20 558
17 21 276
17 22 468
17 23 800
17 24 509
17 25 151
17 26 361
17 27 327
17 28 616
17 29 477
17 30 447
17 31 502
17 32 205
17 33 340
17 34 826
17 35 330
17 36 606
17 37 95
17 38 439
17 39 567
17 40 615
17 41 169
17 42 531
17 43 656
17 44 393
17 45 175
17 46 48
17 47 518
17 48 515
17 49 190
17 50 447
17 51 536
17 52 739
17 53 628
17 54 612
17 55 197
17 56 697
17 57 422
17 58 604
17 59 384
17 60 193
17 61 454
17 62 663
17 63 554
17 64 458
17 65 258
17 66 245
17 67 304
17 68 149
17 69 303
17 70 573
17 71 338
17 72 609
17 73 167
17 74 148
17 75 287
17 76 626
17 77 80
17 78 448
17 79 594
17 80 59
17 81 726
17 82 161
17 83 380
17 84 825
17 85 665
17 86 228
17 87 531
17 88 252
17 89 159
17 90 703
17 91 520
17 92 588
17 93 462
17 94 287
17 95 612
17 96 678
17 97 852
17 98 323
17 99 343
17 100 429
18 19 51
18 20 375
18 21 213
18 22 321
18 23 618
18 24 329
18 25 332
18 26 425
18 27 317
18 28 433
18 29 437
18 30 340
18 31 483
18 32 360
18 33 196
18 34 644
18 35 466
18 36 620
18 37 167
18 38 577
18 39 512
18 40 458
18 41 352
18 42 420
18 43 473
18 44 335
18 45 85
18 46 191
18 47 519
18 48 429
18 49 324
18 50 461
18 51 394
18 52 556
18 53 521
18 54 429
18 55 306
18 56 519
18 57 489
18 58 421
18 59 351
18 60 374
18 61 423
18 62 486
18 63 434
18 64 452
18 65 364
18 66 421
18 67 485
18 68 65
18 69 193
18 70 468
18 71 435
18 72 440
18 73 177
18 74 107
18 75 164
18 76 459
18 77 111
18 78 304
18 79 415
18 80 206
18 81 561
18 82 254
18 83 271
18 84 644
18 85 494
18 86 180
18 87 428
18 88 428
18 89 95
18 90 568
18 91 365
18 92 499
18 93 279
18 94 460
18 95 572
18 96 498
18 97 672
18 98 228
18 99 264
18 100 503
19 20 342
19 21 180
19 22 270
19 23 580
19 24 289
19 25 365
19 26 414
19 27 291
19 28 399
19 29 400
19 30 292
19 31 450
19 32 380
19 33 211
19 34 606
19 35 476
19 36 592
19 37 216
19 38 627
19 39 546
19 40 455
19 41 389
19 42 371
19 43 445
19 44 297
19 45 75
19 46 235
19 47 490
19 48 457
19 49 373
19 50 507
19 51 401
19 52 522
19 53 540
19 54 398
19 55 356
19 56 477
19 57 539
19 58 393
19 59 318
19 60 413
19 61 388
19 62 467
19 63 451
19 64 422
19 65 368
19 66 448
19 67 516
19 68 115
19 69 149
19 70 489
19 71 434
19 72 428
19 73 173
19 74 157
19 75 192
19 76 449
19 77 143
19 78 254
19 79 393
19 80 250
19 81 514
19 82 262
19 83 297
19 84 605
19 85 481
19 86 226
19 87 380
19 88 470
19 89 145
19 90 576
19 91 366
19 92 525
19 93 251
19 94 486
19 95 608
19 96 458
19 97 633
19 98 261
19 99 223
19 100 553
20 21 431
20 22 261
20 23 249
20 24 79
20 25 705
20 26 693
20 27 536
20 28 59
20 29 559
20 30 379
20 31 626
20 32 717
20 33 305
20 34 274
20 35 800
20 36 782
20 37 526
20 38 915
20 39 604
20 40 285
20 41 726
20 42 396
20 43 114
20 44 476
20 45 408
20 46 562
20 47 682
20 48 487
20 49 678
20 50 678
20 51 318
20 52 182
20 53 490
20 54 58
20 55 648
20 56 174
20 57 765
20 58 66
20 59 522
20 60 748
20 61 564
20 62 184
20 63 408
20 64 624
20 65 685
20 66 789
20 67 856
20 68 421
20 69 361
20 70 464
20 71 737
20 72 207
20 73 494
20 74 449
20 75 356
20 76 230
20 77 482
20 78 271
20 79 112
20 80 576
20 81 285
20 82 590
20 83 381
20 84 278
20 85 232
20 86 455
20 87 422
20 88 799
20 89 432
20 90 438
20 91 260
20 92 523
20 93 101
20 94 826
20 95 674
20 96 141
20 97 308
20 98 401
20 99 416
20 100 783
21 22 233
21 23 632
21 24 357
21 25 371
21 26 264
21 27 116
21 28 479
21 29 225
21 30 176
21 31 271
21 32 332
21 33 389
21 34 657
21 35 383
21 36 413
21 37 328
21 38 715
21 39 724
21 40 612
21 41 415
21 42 259
21 43 544
21 44 126
21 45 135
21 46 315
21 47 310
21 48 636
21 49 464
21 50 666
21 51 571
21 52 592
21 53 718
21 54 488
21 55 464
21 56 516
21 57 676
21 58 493
21 59 139
21 60 441
21 61 210
21 62 592
21 63 627
21 64 243
21 65 267
21 66 423
21 67 498
21 68 263
21 69 71
21 70 667
21 71 309
21 72 571
21 73 116
21 74 304
21 75 372
21 76 593
21 77 214
21 78 212
21 79 513
21 80 330
21 81 501
21 82 197
21 83 477
21 84 649
21 85 619
21 86 390
21 87 257
21 88 510
21 89 297
21 90 744
21 91 529
21 92 704
21 93 366
21 94 449
21 95 784
21 96 510
21 97 672
21 98 439
21 99 68
21 100 687
22 23 412
22 24 184
22 25 590
22 26 471
22 27 309
22 28 292
22 29 301
22 30 119
22 31 368
22 32 563
22 33 397
22 34 436
22 35 613
22 36 523
22 37 483
22 38 894
22 39 751
22 40 519
22 41 627
22 42 144
22 43 368
22 44 229
22 45 294
22 46 494
22 47 426
22 48 643
22 49 639
22 50 758
22 51 517
22 52 387
22 53 687
22 54 309
22 55 625
22 56 293
22 57 805
22 58 327
22 59 279
22 60 653
22 61 309
22 62 444
22 63 596
22 64 372
22 65 497
22 66 651
22 67 726
22 68 385
22 69 174
22 70 647
22 71 530
22 72 453
22 73 337
22 74 426
22 75 415
22 76 477
22 77 390
22 78 21
22 79 368
22 80 509
22 81 269
22 82 428
22 83 495
22 84 425
22 85 488
22 86 482
22 87 167
22 88 717
22 89 412
22 90 670
22 91 461
22 92 698
22 93 250
22 94 680
22 95 820
22 96 296
22 97 446
22 98 483
22 99 189
22 100 819
23 24 292
23 25 944
23 26 882
23 27 720
23 28 191
23 29 698
23 30 524
23 31 764
23 32 944
23 33 548
23 34 27
23 35 1014
23 36 912
23 37 774
23 38 1163
23 39 804
23 40 432
23 41 968
23 42 501
23 43 193
23 44 639
23 45 640
23 46 808
23 47 824
23 48 689
23 49 926
23 50 908
23 51 506
23 52 82
23 53 656
23 54 204
23 55 896
23 56 120
23 57 1004
23 58 227
23 59 690
23 60 992
23 61 712
23 62 277
23 63 593
23 64 777
23 65 898
23 66 1023
23 67 1093
23 68 668
23 69 564
23 70 647
23 71 938
23 72 352
23 73 716
23 74 696
23 75 602
23 76 364
23 77 722
23 78 431
23 79 275
23 80 822
23 81 225
23 82 812
23 83 612
23 84 34
23 85 334
23 86 701
23 87 528
23 88 1045
23 89 680
23 90 562
23 91 456
23 92 707
23 93 349
23 94 1057
23 95 872
23 96 124
23 97 65
23 98 640
23 99 599
23 100 1024
24 25 652
24 26 619
24 27 460
24 28 123
24 29 480
24 30 300
24 31 547
24 32 655
24 33 302
24 34 318
24 35 732
24 36 703
24 37 489
24 38 890
24 39 631
24 40 346
24 41 678
24 42 322
24 43 191
24 44 397
24 45 349
24 46 519
24 47 604
24 48 516
24 49 645
24 50 682
24 51 362
24 52 239
24 53 536
24 54 133
24 55 619
24 56 191
24 57 756
24 58 145
24 59 444
24 60 701
24 61 486
24 62 261
24 63 449
24 64 545
24 65 617
24 66 732
24 67 802
24 68 382
24 69 287
24 70 504
24 71 665
24 72 274
24 73 428
24 74 415
24 75 344
24 76 298
24 77 431
24 78 193
24 79 185
24 80 534
24 81 264
24 82 525
24 83 391
24 84 316
24 85 305
24 86 436
24 87 347
24 88 756
24 89 398
24 90 499
24 91 304
24 92 560
24 93 98
24 94 767
24 95 702
24 96 170
24 97 344
24 98 399
24 99 339
24 100 774
25 26 344
25 27 379
25 28 763
25 29 530
25 30 547
25 31 536
25 32 112
25 33 487
25 34 970
25 35 236
25 36 605
25 37 221
25 38 386
25 39 670
25 40 761
25 41 54
25 42 629
25 43 805
25 44 466
25 45 307
25 46 166
25 47 536
25 48 637
25 49 200
25 50 515
25 51 679
25 52 886
25 53 756
25 54 760
25 55 236
25 56 838
25 57 451
25 58 753
25 59 442
25 60 78
25 61 503
25 62 813
25 63 688
25 64 487
25 65 220
25 66 100
25 67 154
25 68 299
25 69 417
25 70 701
25 71 290
25 72 759
25 73 257
25 74 292
25 75 431
25 76 775
25 77 223
25 78 569
25 79 745
25 80 159
25 81 856
25 82 186
25 83 515
25 84 968
25 85 814
25 86 357
25 87 623
25 88 149
25 89 305
25 90 841
25 91 666
25 92 708
25 93 611
25 94 144
25 95 704
25 96 821
25 97 995
25 98 457
25 99 436
25 100 451
26 27 162
26 28 740
26 29 249
26 30 370
26 31 224
26 32 241
26 33 620
26 34 906
26 35 188
26 36 261
26 37 452
26 38 729
26 39 915
26 40 866
26 41 397
26 42 427
26 43 807
26 44 252
26 45 343
26 46 408
26 47 203
26 48 846
26 49 524
26 50 808
26 51 814
26 52 850
26 53 944
26 54 750
26 55 547
26 56 763
26 57 774
26 58 757
26 59 203
26 60 419
26 61 222
26 62 856
26 63 858
26 64 175
26 65 125
26 66 327
26 67 393
26 68 447
26 69 334
26 70 891
26 71 81
26 72 831
26 73 248
26 74 474
26 75 586
26 76 853
26 77 355
26 78 452
26 79 776
26 80 416
26 81 722
26 82 201
26 83 693
26 84 896
26 85 880
26 86 566
26 87 408
26 88 488
26 89 476
26 90 989
26 91 778
26 92 918
26 93 629
26 94 327
26 95 966
26 96 763
26 97 916
26 98 644
26 99 285
26 100 778
27 28 581
27 29 153
27 30 213
27 31 177
27 32 307
27 33 501
27 34 744
27 35 318
27 36 303
27 37 400
27 38 752
27 39 828
27 40 728
27 41 429
27 42 280
27 43 649
27 44 100
27 45 233
27 46 373
27 47 204
27 48 745
27 49 514
27 50 753
27 51 686
27 52 688
27 53 830
27 54 592
27 55 524
27 56 602
27 57 747
27 58 600
27 59 64
27 60 455
27 61 128
27 62 703
27 63 741
27 64 138
27 65 210
27 66 403
27 67 478
27 68 358
27 69 180
27 70 779
27 71 225
27 72 685
27 73 166
27 74 394
27 75 479
27 76 708
27 77 286
27 78 290
27 79 624
27 80 385
27 81 564
27 82 193
27 83 586
27 84 734
27 85 732
27 86 485
27 87 266
27 88 527
27 89 391
27 90 860
27 91 645
27 92 814
27 93 478
27 94 419
27 95 885
27 96 601
27 97 755
27 98 545
27 99 123
27 100 755
28 29 593
28 30 411
28 31 660
28 32 773
28 33 359
28 34 216
28 35 853
28 36 815
28 37 585
28 38 973
28 39 642
28 40 300
28 41 785
28 42 418
28 43 78
28 44 515
28 45 464
28 46 621
28 47 718
28 48 526
28 49 737
28 50 728
28 51 350
28 52 123
28 53 516
28 54 27
28 55 706
28 56 130
28 57 818
28 58 58
28 59 563
28 60 807
28 61 600
28 62 173
28 63 440
28 64 662
28 65 738
28 66 846
28 67 914
28 68 480
28 69 409
28 70 495
28 71 787
28 72 217
28 73 548
28 74 507
28 75 412
28 76 238
28 77 540
28 78 305
28 79 120
28 80 635
28 81 258
28 82 644
28 83 430
28 84 221
28 85 228
28 86 511
28 87 445
28 88 858
28 89 491
28 90 450
28 91 293
28 92 556
28 93 159
28 94 883
28 95 712
28 96 92
28 97 251
28 98 454
28 99 460
28 100 837
29 30 182
29 31 68
29 32 450
29 33 602
29 34 719
29 35 434
29 36 223
29 37 544
29 38 905
29 39 946
29 40 794
29 41 581
29 42 202
29 43 668
29 44 104
29 45 359
29 46 522
29 47 127
29 48 854
29 49 666
29 50 890
29 51 769
29 52 683
29 53 926
29 54 609
29 55 673
29 56 579
29 57 893
29 58 625
29 59 94
29 60 607
29 61 29
29 62 740
29 63 834
29 64 86
29 65 342
29 66 546
29 67 619
29 68 488
29 69 257
29 70 878
29 71 329
29 72 737
29 73 312
29 74 528
29 75 592
29 76 761
29 77 429
29 78 288
29 79 661
29 80 535
29 81 508
29 82 345
29 83 694
29 84 705
29 85 778
29 86 614
29 87 178
29 88 678
29 89 521
29 90 936
29 91 720
29 92 920
29 93 527
29 94 557
29 95 1007
29 96 589
29 97 720
29 98 660
29 99 179
29 100 902
30 31 249
30 32 499
30 33 465
30 34 546
30 35 528
30 36 404
30 37 486
30 38 885
30 39 820
30 40 625
30 41 590
30 42 85
30 43 487
30 44 119
30 45 285
30 46 482
30 47 307
30 48 718
30 49 632
30 50 798
30 51 611
30 52 503
30 53 776
30 54 428
30 55 627
30 56 405
30 57 827
30 58 444
30 59 169
30 60 617
30 61 191
30 62 561
30 63 684
30 64 255
30 65 417
30 66 593
30 67 669
30 68 402
30 69 150
30 70 732
30 71 437
30 72 563
30 73 292
30 74 444
30 75 470
30 76 588
30 77 377
30 78 108
30 79 483
30 80 498
30 81 353
30 82 368
30 83 563
30 84 534
30 85 602
30 86 517
30 87 89
30 88 686
30 89 434
30 90 772
30 91 558
30 92 779
30 93 355
30 94 616
30 95 886
30 96 411
30 97 552
30 98 540
30 99 111
30 100 840
31 32 447
31 33 656
31 34 785
31 35 411
31 36 157
31 37 576
31 38 918
31 39 995
31 40 856
31 41 589
31 42 266
31 43 735
31 44 161
31 45 402
31 46 548
31 47 61
31 48 906
31 49 687
31 50 928
31 51 828
31 52 750
31 53 983
31 54 676
31 55 699
31 56 646
31 57 922
31 58 691
31 59 133
31 60 614
31 61 65
31 62 806
31 63 891
31 64 51
31 65 333
31 66 540
31 67 610
31 68 530
31 69 313
31 70 934
31 71 304
31 72 802
31 73 342
31 74 568
31 75 642
31 76 826
31 77 462
31 78 355
31 79 727
31 80 560
31 81 570
31 82 358
31 83 746
31 84 770
31 85 844
31 86 657
31 87 240
31 88 685
31 89 563
31 90 997
31 91 781
31 92 973
31 93 591
31 94 545
31 95 1055
31 96 656
31 97 785
31 98 710
31 99 235
31 100 930
32 33 540
32 34 970
32 35 130
32 36 501
32 37 296
32 38 491
32 39 762
32 40 812
32 41 162
32 42 577
32 43 823
32 44 403
32 45 310
32 46 239
32 47 439
32 48 718
32 49 309
32 50 619
32 51 738
32 52 893
32 53 833
32 54 774
32 55 342
32 56 833
32 57 562
32 58 771
32 59 370
32 60 182
32 61 423
32 62 845
32 63 758
32 64 397
32 65 117
32 66 97
32 67 172
32 68 346
32 69 390
32 70 778
32 71 180
32 72 799
32 73 230
32 74 352
32 75 489
32 76 818
32 77 253
32 78 542
32 79 772
32 80 240
32 81 831
32 82 136
32 83 584
32 84 965
32 85 854
32 86 431
32 87 567
32 88 248
32 89 361
32 90 906
32 91 717
32 92 791
32 93 629
32 94 118
32 95 802
32 96 821
32 97 991
32 98 528
32 99 389
32 100 562
33 34 572
33 35 654
33 36 801
33 37 272
33 38 620
33 39 357
33 40 275
33 41 490
33 42 530
33 43 368
33 44 498
33 45 277
33 46 323
33 47 698
33 48 254
33 49 401
33 50 380
33 51 200
33 52 472
33 53 330
33 54 344
33 55 364
33 56 477
33 57 460
33 58 323
33 59 525
33 60 507
33 61 592
33 62 343
33 63 241
33 64 631
33 65 558
33 66 584
33 67 638
33 68 195
33 69 345
33 70 279
33 71 630
33 72 278
33 73 373
33 74 196
33 75 61
33 76 292
33 77 290
33 78 389
33 79 291
33 80 332
33 81 566
33 82 447
33 83 99
33 84 579
33 85 333
33 86 161
33 87 546
33 88 542
33 89 183
33 90 373
33 91 180
33 92 319
33 93 211
33 94 627
33 95 424
33 96 445
33 97 610
33 98 98
33 99 423
33 100 479
34 35 1039
34 36 932
34 37 800
34 38 1188
34 39 823
34 40 449
34 41 995
34 42 521
34 43 214
34 44 662
34 45 666
34 46 834
34 47 845
34 48 709
34 49 952
34 50 931
34 51 526
34 52 103
34 53 673
34 54 229
34 55 922
34 56 143
34 57 1028
34 58 251
34 59 713
34 60 1018
34 61 734
34 62 294
34 63 612
34 64 799
34 65 923
34 66 1049
34 67 1119
34 68 694
34 69 589
34 70 665
34 71 963
34 72 370
34 73 741
34 74 722
34 75 627
34 76 381
34 77 748
34 78 455
34 79 297
34 80 848
34 81 238
34 82 838
34 83 635
34 84 24
34 85 349
34 86 726
34 87 548
34 88 1071
34 89 706
34 90 575
34 91 477
34 92 726
34 93 375
34 94 1083
34 95 891
34 96 150
34 97 47
34 98 664
34 99 623
34 100 1048
35 36 425
35 37 423
35 38 593
35 39 892
35 40 923
35 41 280
35 42 597
35 43 910
35 44 417
35 45 402
35 46 367
35 47 387
35 48 845
35 49 435
35 50 749
35 51 853
35 52 970
35 53 957
35 54 857
35 55 470
35 56 898
35 57 686
35 58 858
35 59 373
35 60 294
35 61 406
35 62 942
35 63 880
35 64 363
35 65 117
35 66 173
35 67 222
35 68 462
35 69 450
35 70 902
35 71 108
35 72 903
35 73 308
35 74 473
35 75 607
35 76 923
35 77 365
35 78 592
35 79 866
35 80 368
35 81 877
35 82 215
35 83 706
35 84 1031
35 85 956
35 86 557
35 87 581
35 88 351
35 89 481
35 90 1025
35 91 829
35 92 917
35 93 720
35 94 155
35 95 931
35 96 891
35 97 1055
35 98 651
35 99 427
35 100 686
36 37 690
36 38 990
36 39 1130
36 40 1011
36 41 658
36 42 411
36 43 890
36 44 315
36 45 536
36 46 653
36 47 104
36 48 1047
36 49 780
36 50 1047
36 51 979
36 52 902
36 53 1130
36 54 832
36 55 798
36 56 795
36 57 1026
36 58 847
36 59 278
36 60 680
36 61 220
36 62 962
36 63 1039
36 64 170
36 65 386
36 66 584
36 67 644
36 68 659
36 69 463
36 70 1080
36 71 328
36 72 958
36 73 461
36 74 694
36 75 782
36 76 982
36 77 580
36 78 511
36 79 883
36 80 663
36 81 710
36 82 448
36 83 888
36 84 916
36 85 1000
36 86 786
36 87 385
36 88 748
36 89 691
36 90 1150
36 91 934
36 92 1116
36 93 747
36 94 577
36 95 1187
36 96 807
36 97 929
36 98 847
36 99 387
36 100 1031
37 38 412
37 39 472
37 40 544
37 41 219
37 42 569
37 43 615
37 44 452
37 45 201
37 46 58
37 47 598
37 48 423
37 49 158
37 50 358
37 51 459
37 52 707
37 53 539
37 54 578
37 55 143
37 56 680
37 57 350
37 58 565
37 59 451
37 60 236
37 61 524
37 62 609
37 63 468
37 64 535
37 65 353
37 66 320
37 67 368
37 68 107
37 69 336
37 70 484
37 71 432
37 72 548
37 73 235
37 74 80
37 75 213
37 76 563
37 77 116
37 78 466
37 79 547
37 80 63
37 81 727
37 82 252
37 83 295
37 84 801
37 85 604
37 86 138
37 87 573
37 88 276
37 89 96
37 90 620
37 91 449
37 92 496
37 93 427
37 94 364
37 95 517
37 96 656
37 97 830
37 98 237
37 99 392
37 100 360
38 39 574
38 40 846
38 41 333
38 42 969
38 43 987
38 44 828
38 45 605
38 46 404
38 47 920
38 48 612
38 49 256
38 50 368
38 51 746
38 52 1090
38 53 733
38 54 960
38 55 272
38 56 1079
38 57 234
38 58 942
38 59 813
38 60 310
38 61 879
38 62 955
38 63 707
38 64 870
38 65 604
38 66 420
38 67 386
38 68 515
38 69 738
38 70 689
38 71 669
38 72 881
38 73 602
38 74 478
38 75 563
38 76 888
38 77 509
38 78 876
38 79 910
38 80 388
38 81 1137
38 82 561
38 83 582
38 84 1193
38 85 932
38 86 462
38 87 970
38 88 244
38 89 494
38 90 858
38 91 765
38 92 663
38 93 815
38 94 444
38 95 568
38 96 1052
38 97 1223
38 98 537
38 99 781
38 100 217
39 40 381
39 41 645
39 42 886
39 43 612
39 44 842
39 45 595
39 46 526
39 47 1030
39 48 117
39 49 491
39 50 207
39 51 298
39 52 722
39 53 183
39 54 618
39 55 446
39 56 771
39 57 341
39 58 589
39 59 862
39 60 647
39 61 933
39 62 533
39 63 213
39 64 963
39 65 823
39 66 765
39 67 790
39 68 473
39 69 692
39 70 164
39 71 903
39 72 454
39 73 674
39 74 442
39 75 355
39 76 447
39 77 561
39 78 744
39 79 532
39 80 524
39 81 887
39 82 718
39 83 258
39 84 837
39 85 485
39 86 349
39 87 902
39 88 641
39 89 442
39 90 318
39 91 350
39 92 110
39 93 534
39 94 808
39 95 71
39 96 733
39 97 868
39 98 286
39 99 768
39 100 360
40 41 762
40 42 662
40 43 248
40 44 697
40 45 529
40 46 597
40 47 908
40 48 275
40 49 658
40 50 525
40 51 101
40 52 352
40 53 225
40 54 274
40 55 616
40 56 424
40 57 644
40 58 243
40 59 735
40 60 778
40 61 792
40 62 156
40 63 169
40 64 843
40 65 820
40 66 858
40 67 911
40 68 468
40 69 552
40 70 219
40 71 889
40 72 84
40 73 627
40 74 470
40 75 331
40 76 69
40 77 560
40 78 522
40 79 181
40 80 605
40 81 558
40 82 711
40 83 269
40 84 466
40 85 104
40 86 419
40 87 685
40 88 807
40 89 457
40 90 154
40 91 96
40 92 279
40 93 271
40 94 901
40 95 447
40 96 385
40 97 495
40 98 322
40 99 625
40 100 664
41 42 673
41 43 822
41 44 514
41 45 338
41 46 169
41 47 589
41 48 620
41 49 160
41 50 480
41 51 676
41 52 907
41 53 741
41 54 780
41 55 202
41 56 866
41 57 407
41 58 771
41 59 492
41 60 27
41 61 554
41 62 824
41 63 678
41 64 540
41 65 273
41 66 123
41 67 152
41 68 310
41 69 456
41 70 687
41 71 341
41 72 766
41 73 299
41 74 296
41 75 432
41 76 781
41 77 248
41 78 607
41 79 759
41 80 159
41 81 890
41 82 236
41 83 509
41 84 994
41 85 821
41 86 350
41 87 669
41 88 98
41 89 311
41 90 833
41 91 668
41 92 690
41 93 629
41 94 165
41 95 675
41 96 847
41 97 1021
41 98 451
41 99 480
41 100 406
42 43 496
42 44 180
42 45 368
42 46 567
42 47 326
42 48 780
42 49 716
42 50 875
42 51 660
42 52 494
42 53 829
42 54 439
42 55 710
42 56 385
42 57 908
42 58 460
42 59 226
42 60 700
42 61 221
42 62 580
42 63 738
42 64 286
42 65 488
42 66 672
42 67 748
42 68 482
42 69 234
42 70 788
42 71 500
42 72 594
42 73 375
42 74 525
42 75 540
42 76 618
42 77 462
42 78 145
42 79 506
42 80 582
42 81 306
42 82 448
42 83 628
42 84 506
42 85 626
42 86 595
42 87 28
42 88 769
42 89 514
42 90 813
42 91 604
42 92 838
42 93 393
42 94 693
42 95 953
42 96 399
42 97 520
42 98 610
42 99 193
42 100 921
43 44 587
43 45 515
43 46 656
43 47 792
43 48 497
43 49 760
43 50 718
43 51 314
43 52 112
43 53 471
43 54 59
43 55 727
43 56 180
43 57 818
43 58 53
43 59 634
43 60 844
43 61 675
43 62 102
43 63 402
43 64 735
43 65 797
43 66 892
43 67 958
43 68 513
43 69 474
43 70 457
43 71 850
43 72 165
43 73 603
43 74 535
43 75 426
43 76 180
43 77 583
43 78 380
43 79 83
43 80 668
43 81 320
43 82 699
43 83 423
43 84 227
43 85 161
43 86 526
43 87 522
43 88 890
43 89 519
43 90 391
43 91 263
43 92 518
43 93 195
43 94 930
43 95 681
43 96 142
43 97 257
43 98 456
43 99 529
43 100 838
44 45 260
44 46 435
44 47 212
44 48 750
44 49 582
44 50 791
44 51 668
44 52 614
44 53 824
44 54 529
44 55 586
44 56 520
44 57 800
44 58 541
44 59 51
44 60 541
44 61 96
44 62 652
44 63 732
44 64 150
44 65 310
44 66 499
44 67 575
44 68 388
44 69 154
44 70 775
44 71 321
44 72 644
44 73 227
44 74 429
44 75 488
44 76 668
44 77 336
44 78 212
44 79 573
44 80 449
44 81 471
44 82 281
44 83 591
44 84 650
44 85 687
44 86 514
44 87 166
44 88 612
44 89 422
44 90 837
44 91 621
44 92 816
44 93 433
44 94 517
44 95 905
44 96 524
44 97 669
44 98 557
44 99 76
44 100 811
45 46 202
45 47 436
45 48 513
45 49 350
45 50 532
45 51 472
45 52 586
45 53 604
45 54 465
45 55 343
45 56 533
45 57 546
45 58 462
45 59 271
45 60 363
45 61 343
45 62 541
45 63 517
45 64 369
45 65 293
45 66 383
45 67 454
45 68 129
45 69 135
45 70 552
45 71 360
45 72 503
45 73 99
45 74 169
45 75 248
45 76 523
45 77 97
45 78 275
45 79 465
45 80 218
45 81 553
45 82 188
45 83 355
45 84 663
45 85 556
45 86 256
45 87 372
45 88 425
45 89 162
45 90 646
45 91 439
45 92 584
45 93 321
45 94 419
45 95 653
45 96 517
45 97 690
45 98 312
45 99 194
45 100 558
46 47 565
46 48 480
46 49 150
46 50 400
46 51 514
46 52 744
46 53 596
46 54 615
46 55 152
46 56 710
46 57 375
46 58 605
46 59 428
46 60 189
46 61 499
46 62 655
46 63 525
46 64 505
46 65 303
46 66 264
46 67 315
46 68 143
46 69 335
46 70 541
46 71 382
46 72 598
46 73 210
46 74 128
46 75 266
46 76 613
46 77 106
46 78 475
46 79 591
46 80 16
46 81 747
46 82 208
46 83 351
46 84 834
46 85 653
46 86 195
46 87 568
46 88 237
46 89 142
46 90 676
46 91 502
46 92 552
46 93 464
46 94 308
46 95 568
46 96 688
46 97 863
46 98 294
46 99 381
46 100 383
47 48 946
47 49 698
47 50 954
47 51 876
47 52 809
47 53 1027
47 54 734
47 55 714
47 56 706
47 57 940
47 58 748
47 59 175
47 60 613
47 61 119
47 62 862
47 63 936
47 64 68
47 65 323
47 66 528
47 67 595
47 68 561
47 69 359
47 70 977
47 71 281
47 72 855
47 73 366
47 74 597
47 75 681
47 76 879
47 77 486
47 78 413
47 79 782
47 80 577
47 81 630
47 82 366
47 83 786
47 84 830
47 85 898
47 86 688
47 87 300
47 88 683
47 89 594
47 90 1046
47 91 830
47 92 1014
47 93 645
47 94 529
47 95 1089
47 96 715
47 97 845
47 98 747
47 99 283
47 100 947
48 49 480
48 50 261
48 51 185
48 52 608
48 53 126
48 54 502
48 55 433
48 56 655
48 57 390
48 58 473
48 59 774
48 60 627
48 61 843
48 62 422
48 63 108
48 64 878
48 65 765
48 66 735
48 67 770
48 68 400
48 69 597
48 70 78
48 71 843
48 72 342
48 73 600
48 74 376
48 75 266
48 76 337
48 77 494
48 78 637
48 79 417
48 80 481
48 81 771
48 82 656
48 83 160
48 84 723
48 85 377
48 86 289
48 87 798
48 88 634
48 89 372
48 90 246
48 91 235
48 92 73
48 93 419
48 94 779
48 95 188
48 96 617
48 97 754
48 98 203
48 99 675
48 100 411
49 50 320
49 51 564
49 52 857
49 53 604
49 54 727
49 55 47
49 56 836
49 57 254
49 58 712
49 59 573
49 60 158
49 61 642
49 62 744
49 63 551
49 64 641
49 65 405
49 66 283
49 67 299
49 68 265
49 69 484
49 70 552
49 71 481
49 72 677
49 73 356
49 74 231
49 75 340
49 76 688
49 77 255
49 78 621
49 79 688
49 80 135
49 81 885
49 82 333
49 83 392
49 84 955
49 85 731
49 86 242
49 87 718
49 88 156
49 89 247
49 90 707
49 91 567
49 92 547
49 93 578
49 94 324
49 95 517
49 96 811
49 97 984
49 98 337
49 99 531
49 100 256
50 51 426
50 52 828
50 53 373
50 54 708
50 55 280
50 56 852
50 57 135
50 58 683
50 59 799
50 60 477
50 61 872
50 62 660
50 63 365
50 64 890
50 65 700
50 66 602
50 67 614
50 68 404
50 69 654
50 70 336
50 71 780
50 72 580
50 73 589
50 74 363
50 75 345
50 76 580
50 77 468
50 78 746
50 79 636
50 80 393
50 81 945
50 82 607
50 83 298
50 84 941
50 85 623
50 86 282
50 87 886
50 88 457
50 89 370
50 90 504
50 91 462
50 92 301
50 93 589
50 94 643
50 95 208
50 96 817
50 97 972
50 98 284
50 99 723
50 100 155
51 52 425
51 53 174
51 54 325
51 55 521
51 56 479
51 57 544
51 58 294
51 59 701
51 60 690
51 61 764
51 62 239
51 63 91
51 64 810
51 65 757
51 66 777
51 67 826
51 68 393
51 69 517
51 70 147
51 71 829
51 72 158
51 73 569
51 74 389
51 75 250
51 76 155
51 77 489
51 78 516
51 79 236
51 80 521
51 81 602
51 82 646
51 83 172
51 84 540
51 85 198
51 86 328
51 87 681
51 88 715
51 89 378
51 90 175
51 91 59
51 92 207
51 93 271
51 94 820
51 95 367
51 96 440
51 97 570
51 98 228
51 99 594
51 100 564
52 53 576
52 54 130
52 55 825
52 56 118
52 57 926
52 58 149
52 59 664
52 60 930
52 61 694
52 62 198
52 63 511
52 64 757
52 65 855
52 66 968
52 67 1037
52 68 602
52 69 523
52 70 566
52 71 901
52 72 271
52 73 667
52 74 628
52 75 528
52 76 284
52 77 663
52 78 403
52 79 194
52 80 757
52 81 255
52 82 764
52 83 533
52 84 116
52 85 256
52 86 628
52 87 521
52 88 980
52 89 612
52 90 486
52 91 374
52 92 626
52 93 281
52 94 1004
52 95 791
52 96 95
52 97 146
52 98 563
52 99 566
52 100 946
53 54 490
53 55 558
53 56 644
53 57 507
53 58 459
53 59 853
53 60 750
53 61 919
53 62 380
53 63 93
53 64 960
53 65 871
53 66 855
53 67 892
53 68 502
53 69 670
53 70 56
53 71 948
53 72 307
53 73 696
53 74 484
53 75 359
53 76 293
53 77 599
53 78 685
53 79 398
53 80 598
53 81 772
53 82 761
53 83 253
53 84 690
53 85 325
53 86 402
53 87 849
53 88 759
53 89 478
53 90 136
53 91 233
53 92 75
53 93 444
53 94 899
53 95 237
53 96 605
53 97 719
53 98 307
53 99 748
53 100 527
54 55 696
54 56 155
54 57 801
54 58 32
54 59 576
54 60 802
54 61 616
54 62 147
54 63 415
54 64 676
54 65 743
54 66 845
54 67 912
54 68 474
54 69 418
54 70 471
54 71 795
54 72 191
54 73 551
54 74 499
54 75 399
54 76 211
54 77 538
54 78 321
54 79 93
54 80 629
54 81 285
54 82 647
54 83 411
54 84 236
54 85 202
54 86 499
54 87 465
54 88 851
54 89 483
54 90 424
54 91 269
54 92 531
54 93 152
54 94 883
54 95 689
54 96 116
54 97 266
54 98 437
54 99 471
54 100 820
55 56 809
55 57 228
55 58 679
55 59 580
55 60 202
55 61 651
55 62 706
55 63 505
55 64 655
55 65 431
55 66 324
55 67 344
55 68 244
55 69 477
55 70 506
55 71 509
55 72 637
55 73 361
55 74 206
55 75 303
55 76 648
55 77 252
55 78 608
55 79 653
55 80 139
55 81 865
55 82 351
55 83 349
55 84 926
55 85 691
55 86 204
55 87 714
55 88 202
55 89 222
55 90 662
55 91 526
55 92 500
55 93 548
55 94 366
55 95 474
55 96 783
55 97 955
55 98 295
55 99 530
55 100 234
56 57 937
56 58 186
56 59 570
56 60 890
56 61 593
56 62 282
56 63 569
56 64 658
56 65 782
56 66 914
56 67 985
56 68 573
56 69 448
56 70 625
56 71 821
56 72 340
56 73 603
56 74 605
56 75 526
56 76 359
56 77 619
56 78 312
56 79 246
56 80 724
56 81 143
56 82 699
56 83 555
56 84 134
56 85 341
56 86 622
56 87 412
56 88 946
56 89 589
56 90 570
56 91 423
56 92 685
56 93 268
56 94 947
56 95 842
56 96 40
56 97 158
56 98 574
56 99 480
56 100 955
57 58 778
57 59 800
57 60 397
57 61 872
57 62 770
57 63 492
57 64 880
57 65 657
57 66 526
57 67 524
57 68 426
57 69 678
57 70 466
57 71 734
57 72 691
57 73 582
57 74 383
57 75 413
57 76 694
57 77 465
57 78 790
57 79 737
57 80 364
57 81 1017
57 82 578
57 83 395
57 84 1036
57 85 738
57 86 325
57 87 915
57 88 362
57 89 395
57 90 636
57 91 573
57 92 435
57 93 669
57 94 563
57 95 335
57 96 904
57 97 1067
57 98 365
57 99 739
57 100 21
58 59 587
58 60 792
58 61 630
58 62 122
58 63 384
58 64 690
58 65 745
58 66 839
58 67 905
58 68 462
58 69 424
58 70 440
58 71 799
58 72 160
58 73 551
58 74 485
58 75 380
58 76 180
58 77 531
58 78 337
58 79 62
58 80 617
58 81 316
58 82 646
58 83 386
58 84 260
58 85 174
58 86 480
58 87 486
58 88 839
58 89 469
58 90 393
58 91 239
58 92 500
58 93 143
58 94 878
58 95 659
58 96 147
58 97 291
58 98 414
58 99 481
58 100 797
59 60 518
59 61 74
59 62 697
59 63 762
59 64 109
59 65 270
59 66 466
59 67 541
59 68 398
59 69 185
59 70 803
59 71 275
59 72 685
59 73 219
59 74 437
59 75 510
59 76 709
59 77 336
59 78 262
59 79 617
59 80 442
59 81 521
59 82 256
59 83 614
59 84 701
59 85 730
59 86 526
59 87 209
59 88 590
59 89 432
59 90 872
59 91 656
59 92 842
59 93 475
59 94 481
59 95 922
59 96 574
59 97 720
59 98 577
59 99 111
59 100 809
60 61 580
60 62 843
60 63 689
60 64 564
60 65 295
60 66 129
60 67 144
60 68 331
60 69 482
60 70 696
60 71 361
60 72 784
60 73 326
60 74 314
60 75 448
60 76 798
60 77 272
60 78 633
60 79 779
60 80 177
60 81 916
60 82 262
60 83 521
60 84 1017
60 85 839
60 86 362
60 87 696
60 88 72
60 89 329
60 90 845
60 91 684
60 92 697
60 93 651
60 94 168
60 95 675
60 96 871
60 97 1045
60 98 463
60 99 507
60 100 395
61 62 743
61 63 827
61 64 66
61 65 314
61 66 518
61 67 591
61 68 471
61 69 249
61 70 870
61 71 301
61 72 738
61 73 291
61 74 510
61 75 580
61 76 762
61 77 408
61 78 295
61 79 664
61 80 512
61 81 527
61 82 319
61 83 684
61 84 720
61 85 780
61 86 598
61 87 198
61 88 652
61 89 505
61 90 933
61 91 717
61 92 910
61 93 527
61 94 528
61 95 994
61 96 601
61 97 736
61 98 648
61 99 171
61 100 881
62 63 321
62 64 801
62 65 832
62 66 905
62 67 966
62 68 515
62 69 524
62 70 373
62 71 891
62 72 81
62 73 636
62 74 530
62 75 404
62 76 88
62 77 596
62 78 453
62 79 80
62 80 667
62 81 422
62 82 728
62 83 377
62 84 310
62 85 60
62 86 503
62 87 606
62 88 882
62 89 514
62 90 291
62 91 198
62 92 434
62 93 227
62 94 945
62 95 600
62 96 244
62 97 339
62 98 419
62 99 588
62 100 790
63 64 869
63 65 790
63 66 787
63 67 829
63 68 421
63 69 579
63 70 57
63 71 865
63 72 242
63 73 611
63 74 407
63 75 275
63 76 234
63 77 518
63 78 593
63 79 325
63 80 529
63 81 692
63 82 679
63 83 174
63 84 627
63 85 273
63 86 331
63 87 757
63 88 705
63 89 399
63 90 157
63 91 148
63 92 117
63 93 355
63 94 831
63 95 280
63 96 530
63 97 657
63 98 232
63 99 657
63 100 512
64 65 283
64 66 490
64 67 560
64 68 495
64 69 293
64 70 910
64 71 256
64 72 793
64 73 302
64 74 532
64 75 613
64 76 816
64 77 422
64 78 357
64 79 722
64 80 517
64 81 592
64 82 310
64 83 719
64 84 785
64 85 836
64 86 622
64 87 263
64 88 635
64 89 528
64 90 981
64 91 765
64 92 947
64 93 582
64 94 495
64 95 1022
64 96 665
64 97 801
64 98 680
64 99 218
64 100 887
65 66 208
65 67 278
65 68 370
65 69 334
65 70 817
65 71 80
65 72 796
65 73 197
65 74 389
65 75 515
65 76 816
65 77 273
65 78 477
65 79 755
65 80 308
65 81 763
65 82 112
65 83 619
65 84 915
65 85 848
65 86 478
65 87 475
65 88 363
65 89 394
65 90 930
65 91 728
65 92 838
65 93 608
65 94 215
65 95 869
65 96 775
65 97 939
65 98 566
65 99 312
65 100 660
66 67 76
66 68 393
66 69 478
66 70 800
66 71 257
66 72 854
66 73 315
66 74 390
66 75 529
66 76 870
66 77 310
66 78 631
66 79 835
66 80 258
66 81 920
66 82 226
66 83 615
66 84 1045
66 85 909
66 86 456
66 87 663
66 88 179
66 89 402
66 90 940
66 91 763
66 92 806
66 93 697
66 94 44
66 95 797
66 96 899
66 97 1071
66 98 557
66 99 483
66 100 523
67 68 452
67 69 553
67 70 838
67 71 318
67 72 911
67 73 390
67 74 443
67 75 580
67 76 927
67 77 375
67 78 705
67 79 898
67 80 307
67 81 994
67 82 302
67 83 660
67 84 1116
67 85 967
67 86 501
67 87 738
67 88 162
67 89 456
67 90 984
67 91 816
67 92 840
67 93 763
67 94 68
67 95 815
67 96 970
67 97 1143
67 98 602
67 99 559
67 100 518
68 69 253
68 70 448
68 71 446
68 72 461
68 73 202
68 74 44
68 75 146
68 76 478
68 77 98
68 78 368
68 79 449
68 80 156
68 81 622
68 82 259
68 83 249
68 84 695
68 85 516
68 86 128
68 87 489
68 88 378
68 89 34
68 90 563
68 91 373
68 92 472
68 93 323
68 94 435
68 95 529
68 96 550
68 97 724
68 98 198
68 99 320
68 100 440
69 70 622
69 71 379
69 72 506
69 73 164
69 74 296
69 75 337
69 76 529
69 77 230
69 78 153
69 79 445
69 80 351
69 81 442
69 82 255
69 83 438
69 84 582
69 85 553
69 86 373
69 87 238
69 88 549
69 89 286
69 90 688
69 91 472
69 92 663
69 93 299
69 94 507
69 95 755
69 96 441
69 97 605
69 98 407
69 99 79
69 100 690
70 71 893
70 72 296
70 73 643
70 74 429
70 75 305
70 76 286
70 77 544
70 78 644
70 79 380
70 80 544
70 81 748
70 82 706
70 83 199
70 84 681
70 85 323
70 86 347
70 87 808
70 88 707
70 89 423
70 90 170
70 91 204
70 92 61
70 93 409
70 94 844
70 95 228
70 96 586
70 97 710
70 98 252
70 99 700
70 100 487
71 72 860
71 73 262
71 74 467
71 75 590
71 76 881
71 77 350
71 78 511
71 79 813
71 80 388
71 81 789
71 82 187
71 83 695
71 84 954
71 85 911
71 86 557
71 87 482
71 88 426
71 89 471
71 90 1002
71 91 798
71 92 916
71 93 665
71 94 251
71 95 949
71 96 817
71 97 975
71 98 643
71 99 342
71 100 736
72 73 600
72 74 471
72 75 339
72 76 25
72 77 548
72 78 458
72 79 99
72 80 608
72 81 475
72 82 689
72 83 301
72 84 386
72 85 56
72 86 435
72 87 618
72 88 819
72 89 456
72 90 234
72 91 119
72 92 356
72 93 211
72 94 895
72 95 522
72 96 301
72 97 415
72 98 346
72 99 575
72 100 712
73 74 234
73 75 338
73 76 621
73 77 121
73 78 316
73 79 559
73 80 224
73 81 605
73 82 97
73 83 445
73 84 736
73 85 652
73 86 327
73 87 372
73 88 394
73 89 233
73 90 743
73 91 537
73 92 672
73 93 413
73 94 345
73 95 729
73 96 592
73 97 761
73 98 398
73 99 183
73 100 591
74 75 140
74 76 486
74 77 120
74 78 410
74 79 467
74 80 138
74 81 660
74 82 280
74 83 233
74 84 724
74 85 526
74 86 93
74 87 533
74 88 355
74 89 17
74 90 555
74 91 375
74 92 449
74 93 348
74 94 433
74 95 495
74 96 580
74 97 754
74 98 178
74 99 362
74 100 397
75 76 352
75 77 244
75 78 405
75 79 350
75 80 274
75 81 606
75 82 404
75 83 108
75 84 633
75 85 394
75 86 101
75 87 554
75 88 481
75 89 128
75 90 418
75 91 237
75 92 336
75 93 258
75 94 572
75 95 419
75 96 496
75 97 663
75 98 71
75 99 414
75 100 430
76 77 566
76 78 482
76 79 120
76 80 623
76 81 495
76 82 709
76 83 307
76 84 397
76 85 45
76 86 446
76 87 643
76 88 832
76 89 472
76 90 213
76 91 124
76 92 346
76 93 235
76 94 912
76 95 513
76 96 319
76 97 426
76 98 355
76 99 599
76 100 715
77 78 371
77 79 525
77 80 121
77 81 648
77 82 163
77 83 346
77 84 747
77 85 602
77 86 212
77 87 464
77 88 331
77 89 123
77 90 661
77 91 466
77 92 567
77 93 388
77 94 350
77 95 612
77 96 600
77 97 774
77 98 294
77 99 279
77 100 475
78 79 376
78 80 491
78 81 290
78 82 407
78 83 488
78 84 445
78 85 495
78 86 469
78 87 165
78 88 698
78 89 397
78 90 672
78 91 461
78 92 694
78 93 252
78 94 659
78 95 813
78 96 313
78 97 466
78 98 473
78 99 169
78 100 805
79 80 602
79 81 377
79 82 652
79 83 342
79 84 309
79 85 121
79 86 451
79 87 531
79 88 822
79 89 451
79 90 332
79 91 182
79 92 441
79 93 148
79 94 874
79 95 602
79 96 207
79 97 339
79 98 376
79 99 508
79 100 756
80 81 763
80 82 217
80 83 357
80 84 848
80 85 663
80 86 198
80 87 583
80 88 223
80 89 153
80 90 682
80 91 511
80 92 554
80 93 477
80 94 302
80 95 565
80 96 702
80 97 877
80 98 299
80 99 396
80 100 371
81 82 696
81 83 653
81 84 217
81 85 481
81 86 694
81 87 331
81 88 978
81 89 644
81 90 707
81 91 544
81 92 807
81 93 359
81 94 948
81 95 958
81 96 179
81 97 224
81 98 663
81 99 451
81 100 1034
82 83 508
82 84 832
82 85 742
82 86 371
82 87 441
82 88 334
82 89 285
82 90 819
82 91 618
82 92 729
82 93 507
82 94 253
82 95 767
82 96 689
82 97 857
82 98 456
82 99 257
82 100 584
83 84 645
83 85 351
83 86 160
83 87 644
83 88 543
83 89 226
83 90 326
83 91 184
83 92 229
83 93 295
83 94 658
83 95 326
83 96 520
83 97 676
83 98 59
83 99 516
83 100 415
84 85 367
84 86 732
84 87 532
84 88 1071
84 89 708
84 90 595
84 91 490
84 92 741
84 93 378
84 94 1079
84 95 906
84 96 147
84 97 31
84 98 672
84 99 613
84 100 1056
85 86 489
85 87 652
85 88 874
85 89 512
85 90 231
85 91 168
85 92 382
85 93 255
85 94 950
85 95 551
85 96 303
85 97 395
85 98 399
85 99 620
85 100 759
86 87 605
86 88 389
86 89 95
86 90 485
86 91 327
86 92 361
86 93 355
86 94 500
86 95 402
86 96 593
86 97 762
86 98 102
86 99 443
86 100 342
87 88 765
87 89 522
87 90 836
87 91 626
87 92 856
87 93 416
87 94 682
87 95 969
87 96 426
87 97 546
87 98 624
87 99 190
87 100 927
88 89 371
88 90 862
88 91 714
88 92 701
88 93 700
88 94 208
88 95 662
88 96 925
88 97 1099
88 98 487
88 99 577
88 100 356
89 90 545
89 91 362
89 92 445
89 93 332
89 94 445
89 95 496
89 96 564
89 97 738
89 98 172
89 99 353
89 100 409
90 91 217
90 92 209
90 93 420
90 94 983
90 95 370
90 96 531
90 97 622
90 98 384
90 99 764
90 100 656
91 92 264
91 93 214
91 94 806
91 95 420
91 96 384
91 97 520
91 98 233
91 99 547
91 100 593
92 93 465
92 94 850
92 95 170
92 96 646
92 97 771
92 98 275
92 99 741
92 100 455
93 94 735
93 95 605
93 96 238
93 97 408
93 98 308
93 99 366
93 100 687
94 95 839
94 96 934
94 97 1105
94 98 600
94 99 506
94 100 559
95 96 804
95 97 936
95 98 349
95 99 831
95 100 352
96 97 175
96 98 541
96 99 479
96 100 923
97 98 703
97 99 634
97 100 1086
98 99 483
98 100 384
99 100 750
