nnodes nedges type capacity P s t
100  4950  graph  1000 100 1 100 
nodename posx posy itemvalue itemweight
1 276 565 0 0
2 536 389 59 86
3 917 596 12 48
4 18 494 166 32
5 85 279 169 241
6 626 838 122 211
7 49 6 176 243
8 955 929 163 66
9 416 475 166 94
10 306 466 170 239
11 786 26 199 193
12 595 231 18 83
13 603 825 105 123
14 343 966 241 148
15 493 929 220 222
16 679 121 84 244
17 494 215 45 142
18 862 763 181 57
19 164 880 189 96
20 257 601 190 210
21 160 883 189 61
22 440 561 170 114
23 889 395 155 184
24 491 658 31 70
25 222 149 28 201
26 124 360 160 226
27 527 72 143 177
28 591 130 160 99
29 249 934 152 3
30 96 94 247 121
31 215 776 224 80
32 215 709 114 19
33 343 77 73 45
34 472 507 177 11
35 310 82 242 116
36 109 822 72 32
37 317 549 28 242
38 383 207 146 183
39 296 226 175 176
40 217 518 2 202
41 375 341 228 162
42 878 902 30 121
43 765 821 190 189
44 33 15 219 91
45 755 481 43 67
46 109 970 64 17
47 257 677 248 177
48 31 601 137 70
49 106 855 73 165
50 460 416 81 167
51 937 569 132 152
52 238 607 50 159
53 470 974 245 195
54 166 766 91 170
55 200 383 223 195
56 636 576 223 200
57 76 514 208 104
58 830 842 172 147
59 335 863 145 141
60 209 442 90 187
61 345 670 59 153
62 764 954 203 57
63 347 147 79 191
64 907 454 126 4
65 3 368 105 58
66 870 292 22 236
67 289 461 62 71
68 899 112 247 56
69 435 65 118 87
70 878 987 77 90
71 800 515 31 152
72 563 877 39 90
73 381 394 5 211
74 71 717 237 149
75 609 280 203 76
76 511 306 86 113
77 950 276 228 140
78 261 650 169 158
79 423 168 183 147
80 104 778 13 37
81 888 326 204 34
82 71 530 125 15
83 139 322 207 121
84 642 926 173 74
85 740 872 59 249
86 914 540 163 192
87 739 477 2 53
88 417 121 31 7
89 223 488 115 17
90 190 833 155 169
91 120 701 194 92
92 139 71 32 23
93 329 752 232 200
94 73 105 181 16
95 921 177 96 193
96 883 161 52 152
97 855 306 79 28
98 691 995 166 35
99 981 333 250 190
100 921 721 0 0
endpoint1 endpoint2 weight
1 2 314
1 3 642
1 4 268
1 5 344
1 6 444
1 7 604
1 8 771
1 9 167
1 10 104
1 11 743
1 12 462
1 13 418
1 14 407
1 15 424
1 16 600
1 17 413
1 18 619
1 19 335
1 20 41
1 21 339
1 22 165
1 23 637
1 24 235
1 25 420
1 26 256
1 27 554
1 28 538
1 29 370
1 30 505
1 31 220
1 32 157
1 33 493
1 34 205
1 35 485
1 36 307
1 37 45
1 38 374
1 39 340
1 40 76
1 41 245
1 42 690
1 43 552
1 44 602
1 45 487
1 46 439
1 47 114
1 48 248
1 49 337
1 50 237
1 51 662
1 52 57
1 53 453
1 54 230
1 55 198
1 56 361
1 57 207
1 58 620
1 59 304
1 60 141
1 61 126
1 62 625
1 63 424
1 64 641
1 65 337
1 66 654
1 67 105
1 68 771
1 69 525
1 70 736
1 71 527
1 72 424
1 73 201
1 74 256
1 75 439
1 76 350
1 77 734
1 78 87
1 79 424
1 80 274
1 81 658
1 82 208
1 83 279
1 84 515
1 85 557
1 86 639
1 87 472
1 88 466
1 89 94
1 90 282
1 91 207
1 92 513
1 93 195
1 94 503
1 95 753
1 96 730
1 97 635
1 98 598
1 99 743
1 100 664
2 1 314
2 3 434
2 4 529
2 5 465
2 6 458
2 7 620
2 8 684
2 9 148
2 10 243
2 11 441
2 12 169
2 13 442
2 14 609
2 15 542
2 16 304
2 17 179
2 18 497
2 19 617
2 20 351
2 21 621
2 22 197
2 23 354
2 24 273
2 25 396
2 26 414
2 27 318
2 28 265
2 29 616
2 30 530
2 31 503
2 32 454
2 33 367
2 34 135
2 35 382
2 36 609
2 37 272
2 38 238
2 39 291
2 40 345
2 41 169
2 42 617
2 43 489
2 44 627
2 45 238
2 46 722
2 47 401
2 48 548
2 49 635
2 50 81
2 51 440
2 52 370
2 53 589
2 54 529
2 55 337
2 56 213
2 57 477
2 58 541
2 59 515
2 60 332
2 61 340
2 62 610
2 63 308
2 64 377
2 65 534
2 66 348
2 67 258
2 68 457
2 69 340
2 70 689
2 71 293
2 72 489
2 73 156
2 74 570
2 75 132
2 76 87
2 77 430
2 78 380
2 79 249
2 80 582
2 81 358
2 82 486
2 83 403
2 84 548
2 85 525
2 86 408
2 87 222
2 88 294
2 89 329
2 90 563
2 91 520
2 92 509
2 93 418
2 94 544
2 95 440
2 96 416
2 97 330
2 98 626
2 99 449
2 100 509
3 1 642
3 2 434
3 4 905
3 5 891
3 6 379
3 7 1050
3 8 336
3 9 516
3 10 625
3 11 585
3 12 487
3 13 389
3 14 683
3 15 540
3 16 532
3 17 570
3 18 176
3 19 805
3 20 661
3 21 810
3 22 479
3 23 203
3 24 431
3 25 827
3 26 828
3 27 654
3 28 569
3 29 749
3 30 963
3 31 725
3 32 712
3 33 774
3 34 454
3 35 796
3 36 840
3 37 602
3 38 661
3 39 723
3 40 705
3 41 599
3 42 309
3 43 272
3 44 1058
3 45 199
3 46 891
3 47 665
3 48 887
3 49 852
3 50 492
3 51 34
3 52 680
3 53 586
3 54 771
3 55 748
3 56 282
3 57 845
3 58 261
3 59 641
3 60 725
3 61 577
3 62 390
3 63 726
3 64 143
3 65 943
3 66 308
3 67 643
3 68 485
3 69 718
3 70 393
3 71 143
3 72 452
3 73 573
3 74 855
3 75 442
3 76 499
3 77 322
3 78 659
3 79 654
3 80 834
3 81 272
3 82 849
3 83 825
3 84 430
3 85 328
3 86 57
3 87 215
3 88 690
3 89 703
3 90 765
3 91 804
3 92 939
3 93 609
3 94 977
3 95 420
3 96 437
3 97 297
3 98 459
3 99 271
3 100 126
4 1 268
4 2 529
4 3 905
4 5 226
4 6 699
4 7 489
4 8 1034
4 9 399
4 10 290
4 11 900
4 12 635
4 13 673
4 14 574
4 15 645
4 16 759
4 17 552
4 18 886
4 19 413
4 20 262
4 21 415
4 22 428
4 23 877
4 24 501
4 25 401
4 26 171
4 27 662
4 28 679
4 29 497
4 30 408
4 31 344
4 32 292
4 33 529
4 34 455
4 35 505
4 36 341
4 37 305
4 38 465
4 39 387
4 40 201
4 41 389
4 42 952
4 43 816
4 44 480
4 45 738
4 46 485
4 47 302
4 48 108
4 49 372
4 50 449
4 51 923
4 52 248
4 53 660
4 54 310
4 55 214
4 56 624
4 57 62
4 58 884
4 59 487
4 60 198
4 61 372
4 62 877
4 63 479
4 64 890
4 65 127
4 66 876
4 67 274
4 68 961
4 69 599
4 70 992
4 71 783
4 72 667
4 73 377
4 74 230
4 75 629
4 76 528
4 77 958
4 78 289
4 79 520
4 80 297
4 81 887
4 82 65
4 83 211
4 84 759
4 85 815
4 86 898
4 87 722
4 88 547
4 89 206
4 90 381
4 91 231
4 92 440
4 93 405
4 94 393
4 95 958
4 96 927
4 97 858
4 98 840
4 99 977
4 100 932
5 1 344
5 2 465
5 3 891
5 4 226
5 6 778
5 7 276
5 8 1087
5 9 385
5 10 290
5 11 746
5 12 513
5 13 753
5 14 734
5 15 768
5 16 615
5 17 414
5 18 916
5 19 607
5 20 366
5 21 609
5 22 454
5 23 813
5 24 556
5 25 189
5 26 90
5 27 489
5 28 528
5 29 676
5 30 186
5 31 514
5 32 450
5 33 328
5 34 450
5 35 300
5 36 544
5 37 356
5 38 307
5 39 218
5 40 274
5 41 297
5 42 1009
5 43 870
5 44 270
5 45 700
5 46 692
5 47 434
5 48 327
5 49 577
5 50 400
5 51 901
5 52 362
5 53 795
5 54 494
5 55 156
5 56 626
5 57 236
5 58 934
5 59 636
5 60 205
5 61 470
5 62 958
5 63 294
5 64 841
5 65 122
5 66 786
5 67 274
5 68 831
5 69 411
5 70 1064
5 71 753
5 72 766
5 73 318
5 74 439
5 75 525
5 76 427
5 77 866
5 78 411
5 79 356
5 80 500
5 81 805
5 82 252
5 83 70
5 84 854
5 85 884
5 86 870
5 87 684
5 88 368
5 89 251
5 90 564
5 91 424
5 92 215
5 93 533
5 94 175
5 95 843
5 96 807
5 97 771
5 98 939
5 99 898
5 100 946
6 1 444
6 2 458
6 3 379
6 4 699
6 5 778
6 7 1013
6 8 342
6 9 420
6 10 491
6 11 828
6 12 608
6 13 27
6 14 311
6 15 162
6 16 719
6 17 637
6 18 248
6 19 464
6 20 439
6 21 469
6 22 334
6 23 516
6 24 225
6 25 799
6 26 694
6 27 773
6 28 709
6 29 390
6 30 914
6 31 416
6 32 431
6 33 812
6 34 366
6 35 820
6 36 518
6 37 424
6 38 677
6 39 696
6 40 520
6 41 557
6 42 260
6 43 141
6 44 1015
6 45 380
6 46 534
6 47 403
6 48 641
6 49 521
6 50 454
6 51 412
6 52 452
6 53 207
6 54 466
6 55 624
6 56 263
6 57 639
6 58 205
6 59 293
6 60 576
6 61 328
6 62 181
6 63 746
6 64 476
6 65 781
6 66 599
6 67 506
6 68 776
6 69 797
6 70 293
6 71 367
6 72 75
6 73 508
6 74 569
6 75 559
6 76 545
6 77 649
6 78 411
6 79 701
6 80 526
6 81 576
6 82 635
6 83 710
6 84 90
6 85 119
6 86 415
6 87 379
6 88 747
6 89 534
6 90 437
6 91 525
6 92 909
6 93 310
6 94 919
6 95 724
6 96 725
6 97 580
6 98 170
6 99 618
6 100 318
7 1 604
7 2 620
7 3 1050
7 4 489
7 5 276
7 6 1013
7 8 1294
7 9 596
7 10 527
7 11 738
7 12 591
7 13 989
7 14 1005
7 15 1025
7 16 641
7 17 492
7 18 1111
7 19 882
7 20 631
7 21 884
7 22 679
7 23 926
7 24 788
7 25 225
7 26 362
7 27 483
7 28 557
7 29 950
7 30 100
7 31 788
7 32 723
7 33 303
7 34 656
7 35 272
7 36 819
7 37 606
7 38 390
7 39 331
7 40 539
7 41 468
7 42 1221
7 43 1085
7 44 19
7 45 851
7 46 966
7 47 703
7 48 596
7 49 851
7 50 581
7 51 1052
7 52 631
7 53 1056
7 54 769
7 55 407
7 56 819
7 57 509
7 58 1145
7 59 904
7 60 465
7 61 727
7 62 1188
7 63 330
7 64 968
7 65 365
7 66 870
7 67 515
7 68 857
7 69 391
7 70 1285
7 71 908
7 72 1012
7 73 511
7 74 712
7 75 624
7 76 551
7 77 941
7 78 678
7 79 408
7 80 774
7 81 898
7 82 525
7 83 329
7 84 1095
7 85 1108
7 86 1017
7 87 836
7 88 386
7 89 513
7 90 839
7 91 699
7 92 112
7 93 797
7 94 102
7 95 889
7 96 849
7 97 861
7 98 1180
7 99 988
7 100 1128
8 1 771
8 2 684
8 3 336
8 4 1034
8 5 1087
8 6 342
8 7 1294
8 9 705
8 10 798
8 11 919
8 12 786
8 13 368
8 14 614
8 15 462
8 16 854
8 17 850
8 18 191
8 19 793
8 20 772
8 21 797
8 22 633
8 23 539
8 24 538
8 25 1071
8 26 1008
8 27 958
8 28 879
8 29 707
8 30 1198
8 31 756
8 32 773
8 33 1050
8 34 642
8 35 1065
8 36 853
8 37 743
8 38 922
8 39 964
8 40 845
8 41 826
8 42 82
8 43 219
8 44 1299
8 45 491
8 46 847
8 47 743
8 48 981
8 49 853
8 50 713
8 51 361
8 52 786
8 53 488
8 54 806
8 55 932
8 56 476
8 57 973
8 58 153
8 59 624
8 60 891
8 61 663
8 62 193
8 63 991
8 64 478
8 65 1105
8 66 643
8 67 814
8 68 819
8 69 1009
8 70 97
8 71 443
8 72 396
8 73 785
8 74 910
8 75 736
8 76 766
8 77 654
8 78 748
8 79 929
8 80 865
8 81 607
8 82 970
8 83 1018
8 84 314
8 85 223
8 86 392
8 87 501
8 88 971
8 89 855
8 90 771
8 91 866
8 92 1185
8 93 651
8 94 1208
8 95 753
8 96 772
8 97 631
8 98 273
8 99 597
8 100 211
9 1 167
9 2 148
9 3 516
9 4 399
9 5 385
9 6 420
9 7 596
9 8 705
9 10 111
9 11 582
9 12 303
9 13 397
9 14 497
9 15 461
9 16 442
9 17 272
9 18 531
9 19 477
9 20 203
9 21 482
9 22 90
9 23 480
9 24 198
9 25 380
9 26 314
9 27 419
9 28 387
9 29 489
9 30 498
9 31 362
9 32 309
9 33 405
9 34 65
9 35 408
9 36 464
9 37 124
9 38 271
9 39 277
9 40 204
9 41 141
9 42 630
9 43 492
9 44 599
9 45 340
9 46 583
9 47 258
9 48 406
9 49 491
9 50 74
9 51 530
9 52 222
9 53 502
9 54 384
9 55 235
9 56 243
9 57 343
9 58 554
9 59 397
9 60 210
9 61 208
9 62 593
9 63 336
9 64 492
9 65 427
9 66 490
9 67 128
9 68 605
9 69 411
9 70 690
9 71 387
9 72 429
9 73 89
9 74 422
9 75 275
9 76 194
9 77 570
9 78 234
9 79 308
9 80 435
9 81 495
9 82 350
9 83 317
9 84 505
9 85 513
9 86 503
9 87 324
9 88 355
9 89 194
9 90 424
9 91 373
9 92 490
9 93 291
9 94 505
9 95 587
9 96 563
9 97 471
9 98 589
9 99 583
9 100 562
10 1 104
10 2 243
10 3 625
10 4 290
10 5 290
10 6 491
10 7 527
10 8 798
10 9 111
10 11 652
10 12 373
10 13 466
10 14 502
10 15 500
10 16 509
10 17 314
10 18 631
10 19 438
10 20 144
10 21 442
10 22 165
10 23 588
10 24 267
10 25 328
10 26 211
10 27 452
10 28 441
10 29 472
10 30 428
10 31 324
10 32 260
10 33 391
10 34 171
10 35 385
10 36 407
10 37 84
10 38 271
10 39 241
10 40 104
10 41 143
10 42 720
10 43 581
10 44 528
10 45 450
10 46 542
10 47 217
10 48 307
10 49 438
10 50 162
10 51 640
10 52 157
10 53 534
10 54 332
10 55 135
10 56 348
10 57 235
10 58 645
10 59 399
10 60 100
10 61 208
10 62 670
10 63 322
10 64 602
10 65 319
10 66 591
10 67 18
10 68 691
10 69 422
10 70 774
10 71 497
10 72 485
10 73 104
10 74 344
10 75 356
10 76 261
10 77 672
10 78 190
10 79 321
10 80 372
10 81 599
10 82 244
10 83 221
10 84 570
10 85 595
10 86 613
10 87 434
10 88 363
10 89 86
10 90 385
10 91 300
10 92 429
10 93 287
10 94 430
10 95 680
10 96 653
10 97 572
10 98 655
10 99 688
10 100 666
11 1 743
11 2 441
11 3 585
11 4 900
11 5 746
11 6 828
11 7 738
11 8 919
11 9 582
11 10 652
11 12 281
11 13 820
11 14 1040
11 15 950
11 16 144
11 17 348
11 18 741
11 19 1057
11 20 782
11 21 1062
11 22 638
11 23 384
11 24 698
11 25 578
11 26 742
11 27 264
11 28 221
11 29 1055
11 30 694
11 31 943
11 32 891
11 33 446
11 34 575
11 35 480
11 36 1045
11 37 703
11 38 442
11 39 530
11 40 753
11 41 518
11 42 881
11 43 796
11 44 754
11 45 457
11 46 1162
11 47 839
11 48 950
11 49 1073
11 50 509
11 51 564
11 52 799
11 53 1000
11 54 966
11 55 687
11 56 571
11 57 862
11 58 818
11 59 951
11 60 712
11 61 781
11 62 929
11 63 456
11 64 445
11 65 855
11 66 279
11 67 661
11 68 143
11 69 354
11 70 966
11 71 490
11 72 880
11 73 548
11 74 995
11 75 310
11 76 393
11 77 299
11 78 816
11 79 390
11 80 1016
11 81 317
11 82 875
11 83 712
11 84 912
11 85 848
11 86 530
11 87 454
11 88 382
11 89 729
11 90 1004
11 91 949
11 92 649
11 93 858
11 94 718
11 95 203
11 96 167
11 97 289
11 98 974
11 99 364
11 100 708
12 1 462
12 2 169
12 3 487
12 4 635
12 5 513
12 6 608
12 7 591
12 8 786
12 9 303
12 10 373
12 11 281
12 13 595
12 14 777
12 15 706
12 16 139
12 17 103
12 18 596
12 19 780
12 20 502
12 21 784
12 22 365
12 23 337
12 24 440
12 25 382
12 26 489
12 27 173
12 28 102
12 29 784
12 30 518
12 31 665
12 32 611
12 33 296
12 34 303
12 35 322
12 36 766
12 37 423
12 38 214
12 39 300
12 40 475
12 41 246
12 42 729
12 43 615
12 44 603
12 45 297
12 46 885
12 47 560
12 48 675
12 49 793
12 50 230
12 51 481
12 52 519
12 53 754
12 54 686
12 55 424
12 56 348
12 57 592
12 58 655
12 59 684
12 60 440
12 61 506
12 62 743
12 63 262
12 64 384
12 65 608
12 66 282
12 67 383
12 68 327
12 69 231
12 70 808
12 71 351
12 72 647
12 73 270
12 74 715
12 75 51
12 76 113
12 77 358
12 78 536
12 79 184
12 80 736
12 81 309
12 82 604
12 83 465
12 84 697
12 85 658
12 86 445
12 87 286
12 88 210
12 89 453
12 90 726
12 91 669
12 92 484
12 93 585
12 94 537
12 95 331
12 96 297
12 97 271
12 98 771
12 99 400
12 100 589
13 1 418
13 2 442
13 3 389
13 4 673
13 5 753
13 6 27
13 7 989
13 8 368
13 9 397
13 10 466
13 11 820
13 12 595
13 14 296
13 15 152
13 16 709
13 17 620
13 18 267
13 19 443
13 20 413
13 21 447
13 22 311
13 23 517
13 24 202
13 25 776
13 26 668
13 27 757
13 28 696
13 29 371
13 30 890
13 31 392
13 32 405
13 33 792
13 34 344
13 35 799
13 36 495
13 37 398
13 38 656
13 39 674
13 40 494
13 41 536
13 42 286
13 43 163
13 44 991
13 45 377
13 46 515
13 47 377
13 48 615
13 49 498
13 50 434
13 51 421
13 52 426
13 53 200
13 54 441
13 55 599
13 56 252
13 57 612
13 58 228
13 59 271
13 60 550
13 61 301
13 62 207
13 63 725
13 64 480
13 65 755
13 66 597
13 67 481
13 68 773
13 69 779
13 70 320
13 71 368
13 72 66
13 73 485
13 74 543
13 75 546
13 76 528
13 77 650
13 78 385
13 79 682
13 80 502
13 81 575
13 82 609
13 83 685
13 84 109
13 85 145
13 86 422
13 87 374
13 88 729
13 89 508
13 90 414
13 91 499
13 92 886
13 93 284
13 94 895
13 95 722
13 96 721
13 97 577
13 98 192
13 99 621
13 100 335
14 1 407
14 2 609
14 3 683
14 4 574
14 5 734
14 6 311
14 7 1005
14 8 614
14 9 497
14 10 502
14 11 1040
14 12 777
14 13 296
14 15 155
14 16 910
14 17 767
14 18 558
14 19 199
14 20 375
14 21 201
14 22 417
14 23 791
14 24 342
14 25 826
14 26 645
14 27 913
14 28 873
14 29 100
14 30 907
14 31 230
14 32 288
14 33 889
14 34 477
14 35 885
14 36 275
14 37 418
14 38 761
14 39 742
14 40 466
14 41 626
14 42 539
14 43 447
14 44 1001
14 45 637
14 46 235
14 47 302
14 48 481
14 49 262
14 50 563
14 51 715
14 52 375
14 53 128
14 54 268
14 55 601
14 56 488
14 57 525
14 58 503
14 59 104
14 60 541
14 61 297
14 62 422
14 63 820
14 64 762
14 65 688
14 66 856
14 67 508
14 68 1020
14 69 906
14 70 536
14 71 643
14 72 238
14 73 574
14 74 369
14 75 736
14 76 682
14 77 919
14 78 327
14 79 802
14 80 305
14 81 841
14 82 514
14 83 676
14 84 302
14 85 408
14 86 713
14 87 630
14 88 849
14 89 493
14 90 203
14 91 347
14 92 918
14 93 215
14 94 903
14 95 979
14 96 970
14 97 836
14 98 350
14 99 899
14 100 628
15 1 424
15 2 542
15 3 540
15 4 645
15 5 768
15 6 162
15 7 1025
15 8 462
15 9 461
15 10 500
15 11 950
15 12 706
15 13 152
15 14 155
15 16 830
15 17 715
15 18 405
15 19 333
15 20 405
15 21 337
15 22 372
15 23 665
15 24 272
15 25 826
15 26 679
15 27 858
15 28 805
15 29 245
15 30 925
15 31 318
15 32 355
15 33 866
15 34 423
15 35 867
15 36 399
15 37 419
15 38 731
15 39 731
15 40 496
15 41 600
15 42 386
15 43 293
15 44 1024
15 45 519
15 46 387
15 47 346
15 48 567
15 49 395
15 50 515
15 51 572
15 52 411
15 53 51
15 54 366
15 55 620
15 56 381
15 57 589
15 58 349
15 59 172
15 60 564
15 61 299
15 62 273
15 63 796
15 64 631
15 65 745
15 66 741
15 67 511
15 68 913
15 69 866
15 70 390
15 71 516
15 72 88
15 73 547
15 74 473
15 75 660
15 76 624
15 77 798
15 78 363
15 79 765
15 80 418
15 81 721
15 82 581
15 83 703
15 84 150
15 85 254
15 86 574
15 87 515
15 88 812
15 89 518
15 90 318
15 91 438
15 92 929
15 93 242
15 94 925
15 95 866
15 96 862
15 97 721
15 98 209
15 99 771
15 100 476
16 1 600
16 2 304
16 3 532
16 4 759
16 5 615
16 6 719
16 7 641
16 8 854
16 9 442
16 10 509
16 11 144
16 12 139
16 13 709
16 14 910
16 15 830
16 17 208
16 18 668
16 19 918
16 20 640
16 21 922
16 22 501
16 23 346
16 24 569
16 25 458
16 26 605
16 27 160
16 28 89
16 29 920
16 30 584
16 31 803
16 32 750
16 33 339
16 34 439
16 35 372
16 36 904
16 37 561
16 38 309
16 39 398
16 40 610
16 41 376
16 42 806
16 43 706
16 44 655
16 45 368
16 46 1023
16 47 699
16 48 807
16 49 932
16 50 368
16 51 517
16 52 657
16 53 879
16 54 825
16 55 546
16 56 458
16 57 720
16 58 737
16 59 818
16 60 570
16 61 643
16 62 838
16 63 334
16 64 404
16 65 720
16 66 257
16 67 518
16 68 221
16 69 251
16 70 889
16 71 413
16 72 765
16 73 405
16 74 852
16 75 174
16 76 250
16 77 313
16 78 675
16 79 261
16 80 874
16 81 293
16 82 733
16 83 577
16 84 806
16 85 754
16 86 481
16 87 362
16 88 262
16 89 586
16 90 864
16 91 806
16 92 543
16 93 722
16 94 607
16 95 249
16 96 208
16 97 256
16 98 875
16 99 369
16 100 647
17 1 413
17 2 179
17 3 570
17 4 552
17 5 414
17 6 637
17 7 492
17 8 850
17 9 272
17 10 314
17 11 348
17 12 103
17 13 620
17 14 767
17 15 715
17 16 208
17 18 661
17 19 743
17 20 453
17 21 747
17 22 351
17 23 435
17 24 444
17 25 280
17 26 398
17 27 147
17 28 129
17 29 760
17 30 416
17 31 627
17 32 568
17 33 205
17 34 293
17 35 228
17 36 719
17 37 379
17 38 112
17 39 199
17 40 411
17 41 174
17 42 788
17 43 664
17 44 503
17 45 373
17 46 848
17 47 520
17 48 603
17 49 749
17 50 204
17 51 568
17 52 469
17 53 760
17 54 642
17 55 339
17 56 388
17 57 514
17 58 712
17 59 668
17 60 365
17 61 479
17 62 787
17 63 162
17 64 478
17 65 515
17 66 384
17 67 321
17 68 418
17 69 162
17 70 863
17 71 429
17 72 666
17 73 212
17 74 657
17 75 133
17 76 93
17 77 461
17 78 494
17 79 86
17 80 685
17 81 410
17 82 528
17 83 371
17 84 727
17 85 702
17 86 532
17 87 359
17 88 122
17 89 385
17 90 689
17 91 614
17 92 384
17 93 562
17 94 436
17 95 429
17 96 393
17 97 373
17 98 805
17 99 502
17 100 663
18 1 619
18 2 497
18 3 176
18 4 886
18 5 916
18 6 248
18 7 1111
18 8 191
18 9 531
18 10 631
18 11 741
18 12 596
18 13 267
18 14 558
18 15 405
18 16 668
18 17 661
18 19 708
18 20 627
18 21 713
18 22 468
18 23 369
18 24 386
18 25 887
18 26 841
18 27 768
18 28 689
18 29 637
18 30 1018
18 31 648
18 32 650
18 33 861
18 34 467
18 35 877
18 36 756
18 37 586
18 38 734
18 39 781
18 40 690
18 41 645
18 42 140
18 43 114
18 44 1117
18 45 302
18 46 781
18 47 612
18 48 847
18 49 762
18 50 532
18 51 208
18 52 644
18 53 446
18 54 697
18 55 764
18 56 294
18 57 825
18 58 86
18 59 537
18 60 728
18 61 526
18 62 215
18 63 803
18 64 313
18 65 946
18 66 472
18 67 648
18 68 653
18 69 819
18 70 225
18 71 256
18 72 320
18 73 607
18 74 793
18 75 546
18 76 577
18 77 495
18 78 612
18 79 740
18 80 759
18 81 438
18 82 825
18 83 847
18 84 274
18 85 164
18 86 229
18 87 312
18 88 782
18 89 696
18 90 676
18 91 745
18 92 1001
18 93 534
18 94 1028
18 95 589
18 96 603
18 97 458
18 98 289
18 99 447
18 100 73
19 1 335
19 2 617
19 3 805
19 4 413
19 5 607
19 6 464
19 7 882
19 8 793
19 9 477
19 10 438
19 11 1057
19 12 780
19 13 443
19 14 199
19 15 333
19 16 918
19 17 743
19 18 708
19 20 295
19 21 5
19 22 422
19 23 873
19 24 396
19 25 734
19 26 522
19 27 886
19 28 864
19 29 101
19 30 789
19 31 116
19 32 179
19 33 823
19 34 484
19 35 812
19 36 80
19 37 365
19 38 708
19 39 668
19 40 366
19 41 579
19 42 715
19 43 604
19 44 875
19 45 714
19 46 106
19 47 224
19 48 310
19 49 64
19 50 551
19 51 834
19 52 283
19 53 321
19 54 115
19 55 499
19 56 562
19 57 377
19 58 668
19 59 172
19 60 441
19 61 278
19 62 605
19 63 756
19 64 857
19 65 537
19 66 919
19 67 438
19 68 1064
19 69 859
19 70 722
19 71 734
19 72 400
19 73 533
19 74 188
19 75 748
19 76 671
19 77 992
19 78 250
19 79 758
19 80 119
19 81 912
19 82 363
19 83 559
19 84 481
19 85 577
19 86 824
19 87 703
19 88 801
19 89 397
19 90 54
19 91 185
19 92 810
19 93 209
19 94 781
19 95 1034
19 96 1017
19 97 899
19 98 540
19 99 984
19 100 774
20 1 41
20 2 351
20 3 661
20 4 262
20 5 366
20 6 439
20 7 631
20 8 772
20 9 203
20 10 144
20 11 782
20 12 502
20 13 413
20 14 375
20 15 405
20 16 640
20 17 453
20 18 627
20 19 295
20 21 299
20 22 188
20 23 665
20 24 241
20 25 454
20 26 276
20 27 594
20 28 578
20 29 334
20 30 532
20 31 180
20 32 116
20 33 532
20 34 235
20 35 522
20 36 266
20 37 80
20 38 414
20 39 378
20 40 93
20 41 286
20 42 691
20 43 554
20 44 628
20 45 513
20 46 398
20 47 76
20 48 226
20 49 296
20 50 275
20 51 681
20 52 20
20 53 430
20 54 189
20 55 226
20 56 380
20 57 201
20 58 622
20 59 274
20 60 167
20 61 112
20 62 618
20 63 463
20 64 667
20 65 345
20 66 687
20 67 144
20 68 808
20 69 565
20 70 732
20 71 550
20 72 413
20 73 242
20 74 220
20 75 477
20 76 390
20 77 766
20 78 50
20 79 464
20 80 234
20 81 689
20 82 200
20 83 303
20 84 504
20 85 554
20 86 660
20 87 498
20 88 506
20 89 119
20 90 242
20 91 170
20 92 543
20 93 168
20 94 530
20 95 788
20 96 766
20 97 667
20 98 587
20 99 773
20 100 675
21 1 339
21 2 621
21 3 810
21 4 415
21 5 609
21 6 469
21 7 884
21 8 797
21 9 482
21 10 442
21 11 1062
21 12 784
21 13 447
21 14 201
21 15 337
21 16 922
21 17 747
21 18 713
21 19 5
21 20 299
21 22 427
21 23 878
21 24 401
21 25 737
21 26 525
21 27 891
21 28 868
21 29 103
21 30 792
21 31 121
21 32 183
21 33 827
21 34 489
21 35 815
21 36 80
21 37 370
21 38 712
21 39 671
21 40 370
21 41 584
21 42 719
21 43 609
21 44 878
21 45 719
21 46 101
21 47 228
21 48 311
21 49 61
21 50 556
21 51 839
21 52 287
21 53 324
21 54 118
21 55 502
21 56 567
21 57 379
21 58 672
21 59 177
21 60 444
21 61 283
21 62 609
21 63 760
21 64 862
21 65 539
21 66 924
21 67 442
21 68 1068
21 69 863
21 70 726
21 71 739
21 72 404
21 73 537
21 74 189
21 75 752
21 76 676
21 77 997
21 78 254
21 79 762
21 80 119
21 81 917
21 82 365
21 83 562
21 84 484
21 85 581
21 86 829
21 87 708
21 88 805
21 89 400
21 90 59
21 91 187
21 92 813
21 93 214
21 94 783
21 95 1039
21 96 1022
21 97 904
21 98 543
21 99 989
21 100 779
22 1 165
22 2 197
22 3 479
22 4 428
22 5 454
22 6 334
22 7 679
22 8 633
22 9 90
22 10 165
22 11 638
22 12 365
22 13 311
22 14 417
22 15 372
22 16 501
22 17 351
22 18 468
22 19 422
22 20 188
22 21 427
22 23 479
22 24 110
22 25 467
22 26 375
22 27 497
22 28 457
22 29 420
22 30 581
22 31 312
22 32 270
22 33 494
22 34 63
22 35 497
22 36 422
22 37 124
22 38 359
22 39 365
22 40 228
22 41 230
22 42 556
22 43 417
22 44 682
22 45 325
22 46 527
22 47 217
22 48 411
22 49 445
22 50 147
22 51 498
22 52 208
22 53 415
22 54 343
22 55 299
22 56 197
22 57 368
22 58 481
22 59 320
22 60 260
22 61 145
22 62 510
22 63 425
22 64 480
22 65 478
22 66 508
22 67 182
22 68 643
22 69 497
22 70 611
22 71 363
22 72 340
22 73 178
22 74 401
22 75 328
22 76 265
22 77 585
22 78 200
22 79 394
22 80 400
22 81 506
22 82 371
22 83 385
22 84 418
22 85 433
22 86 475
22 87 311
22 88 441
22 89 229
22 90 370
22 91 350
22 92 576
22 93 221
22 94 586
22 95 616
22 96 597
22 97 488
22 98 502
22 99 588
22 100 507
23 1 637
23 2 354
23 3 203
23 4 877
23 5 813
23 6 516
23 7 926
23 8 539
23 9 480
23 10 588
23 11 384
23 12 337
23 13 517
23 14 791
23 15 665
23 16 346
23 17 435
23 18 369
23 19 873
23 20 665
23 21 878
23 22 479
23 24 478
23 25 711
23 26 766
23 27 486
23 28 399
23 29 837
23 30 849
23 31 775
23 32 744
23 33 632
23 34 432
23 35 659
23 36 890
23 37 593
23 38 540
23 39 617
23 40 684
23 41 517
23 42 508
23 43 444
23 44 937
23 45 160
23 46 970
23 47 693
23 48 883
23 49 909
23 50 430
23 51 181
23 52 685
23 53 715
23 54 813
23 55 690
23 56 312
23 57 822
23 58 451
23 59 726
23 60 682
23 61 610
23 62 573
23 63 597
23 64 62
23 65 887
23 66 105
23 67 604
23 68 284
23 69 562
23 70 593
23 71 150
23 72 582
23 73 509
23 74 880
23 75 303
23 76 389
23 77 134
23 78 678
23 79 519
23 80 874
23 81 70
23 82 830
23 83 754
23 84 586
23 85 500
23 86 148
23 87 171
23 88 546
23 89 673
23 90 825
23 91 828
23 92 817
23 93 665
23 94 866
23 95 221
23 96 235
23 97 96
23 98 632
23 99 111
23 100 328
24 1 235
24 2 273
24 3 431
24 4 501
24 5 556
24 6 225
24 7 788
24 8 538
24 9 198
24 10 267
24 11 698
24 12 440
24 13 202
24 14 342
24 15 272
24 16 569
24 17 444
24 18 386
24 19 396
24 20 241
24 21 401
24 22 110
24 23 478
24 25 576
24 26 473
24 27 588
24 28 538
24 29 368
24 30 689
24 31 301
24 32 281
24 33 600
24 34 153
24 35 604
24 36 416
24 37 206
24 38 464
24 39 474
24 40 308
24 41 338
24 42 458
24 43 319
24 44 790
24 45 318
24 46 494
24 47 235
24 48 464
24 49 433
24 50 244
24 51 455
24 52 259
24 53 317
24 54 343
24 55 401
24 56 167
24 57 440
24 58 386
24 59 258
24 60 356
24 61 147
24 62 403
24 63 531
24 64 464
24 65 568
24 66 527
24 67 283
24 68 682
24 69 596
24 70 508
24 71 341
24 72 231
24 73 286
24 74 425
24 75 396
24 76 353
24 77 598
24 78 231
24 79 495
24 80 406
24 81 518
24 82 440
24 83 487
24 84 308
24 85 329
24 86 440
24 87 308
24 88 543
24 89 318
24 90 349
24 91 374
24 92 685
24 93 188
24 94 694
24 95 646
24 96 633
24 97 507
24 98 392
24 99 588
24 100 435
25 1 420
25 2 396
25 3 827
25 4 401
25 5 189
25 6 799
25 7 225
25 8 1071
25 9 380
25 10 328
25 11 578
25 12 382
25 13 776
25 14 826
25 15 826
25 16 458
25 17 280
25 18 887
25 19 734
25 20 454
25 21 737
25 22 467
25 23 711
25 24 576
25 26 233
25 27 315
25 28 370
25 29 786
25 30 138
25 31 628
25 32 561
25 33 141
25 34 437
25 35 111
25 36 683
25 37 412
25 38 172
25 39 107
25 40 370
25 41 246
25 42 999
25 43 864
25 44 232
25 45 628
25 46 829
25 47 530
25 48 491
25 49 716
25 50 358
25 51 830
25 52 459
25 53 862
25 54 620
25 55 236
25 56 595
25 57 394
25 58 922
25 59 723
25 60 294
25 61 536
25 62 971
25 63 126
25 64 750
25 65 310
25 66 664
25 67 320
25 68 679
25 69 229
25 70 1065
25 71 685
25 72 804
25 73 293
25 74 588
25 75 409
25 76 329
25 77 739
25 78 503
25 79 202
25 80 640
25 81 690
25 82 410
25 83 192
25 84 884
25 85 890
25 86 795
25 87 613
25 88 197
25 89 340
25 90 685
25 91 562
25 92 114
25 93 613
25 94 156
25 95 700
25 96 662
25 97 653
25 98 968
25 99 781
25 100 904
26 1 256
26 2 414
26 3 828
26 4 171
26 5 90
26 6 694
26 7 362
26 8 1008
26 9 314
26 10 211
26 11 742
26 12 489
26 13 668
26 14 645
26 15 679
26 16 605
26 17 398
26 18 841
26 19 522
26 20 276
26 21 525
26 22 375
26 23 766
26 24 473
26 25 233
26 27 496
26 28 521
26 29 588
26 30 268
26 31 426
26 32 361
26 33 358
26 34 378
26 35 335
26 36 463
26 37 271
26 38 301
26 39 219
26 40 184
26 41 252
26 42 929
26 43 790
26 44 357
26 45 643
26 46 611
26 47 344
26 48 259
26 49 496
26 50 341
26 51 840
26 52 273
26 53 705
26 54 409
26 55 80
26 56 556
26 57 162
26 58 855
26 59 546
26 60 119
26 61 381
26 62 874
26 63 309
26 64 789
26 65 122
26 66 750
26 67 194
26 68 814
26 69 429
26 70 981
26 71 694
26 72 679
26 73 260
26 74 361
26 75 492
26 76 391
26 77 831
26 78 321
26 79 356
26 80 419
26 81 765
26 82 179
26 83 41
26 84 768
26 85 801
26 86 811
26 87 627
26 88 379
26 89 162
26 90 478
26 91 342
26 92 290
26 93 443
26 94 261
26 95 818
26 96 785
26 97 733
26 98 852
26 99 858
26 100 875
27 1 554
27 2 318
27 3 654
27 4 662
27 5 489
27 6 773
27 7 483
27 8 958
27 9 419
27 10 452
27 11 264
27 12 173
27 13 757
27 14 913
27 15 858
27 16 160
27 17 147
27 18 768
27 19 886
27 20 594
27 21 891
27 22 497
27 23 486
27 24 588
27 25 315
27 26 496
27 28 87
27 29 906
27 30 432
27 31 771
27 32 710
27 33 185
27 34 439
27 35 218
27 36 859
27 37 522
27 38 198
27 39 278
27 40 544
27 41 309
27 42 902
27 43 786
27 44 498
27 45 469
27 46 991
27 47 663
27 48 726
27 49 890
27 50 351
27 51 645
27 52 609
27 53 904
27 54 783
27 55 452
27 56 516
27 57 632
27 58 828
27 59 814
27 60 488
27 61 626
27 62 914
27 63 195
27 64 539
27 65 602
27 66 408
27 67 457
27 68 375
27 69 93
27 70 981
27 71 521
27 72 806
27 73 354
27 74 790
27 75 224
27 76 235
27 77 470
27 78 637
27 79 142
27 80 824
27 81 442
27 82 647
27 83 462
27 84 862
27 85 828
27 86 608
27 87 458
27 88 121
27 89 516
27 90 833
27 91 750
27 92 389
27 93 709
27 94 456
27 95 408
27 96 367
27 97 403
27 98 938
27 99 524
27 100 760
28 1 538
28 2 265
28 3 569
28 4 679
28 5 528
28 6 709
28 7 557
28 8 879
28 9 387
28 10 441
28 11 221
28 12 102
28 13 696
28 14 873
28 15 805
28 16 89
28 17 129
28 18 689
28 19 864
28 20 578
28 21 868
28 22 457
28 23 399
28 24 538
28 25 370
28 26 521
28 27 87
28 29 874
28 30 497
28 31 748
28 32 691
28 33 254
28 34 396
28 35 286
28 36 844
28 37 501
28 38 222
28 39 311
28 40 539
28 41 302
28 42 824
28 43 713
28 44 570
28 45 388
28 46 969
28 47 641
28 48 732
28 49 873
28 50 315
28 51 559
28 52 594
28 53 853
28 54 765
28 55 466
28 56 449
28 57 643
28 58 752
28 59 777
28 60 494
28 61 594
28 62 842
28 63 245
28 64 453
28 65 635
28 66 323
28 67 449
28 68 309
28 69 169
28 70 904
28 71 439
28 72 748
28 73 338
28 74 785
28 75 152
28 76 194
28 77 388
28 78 616
28 79 173
28 80 811
28 81 356
28 82 657
28 83 492
28 84 798
28 85 757
28 86 522
28 87 378
28 88 175
28 89 514
28 90 810
28 91 741
28 92 456
28 93 675
28 94 519
28 95 334
28 96 294
28 97 318
28 98 871
28 99 440
28 100 677
29 1 370
29 2 616
29 3 749
29 4 497
29 5 676
29 6 390
29 7 950
29 8 707
29 9 489
29 10 472
29 11 1055
29 12 784
29 13 371
29 14 100
29 15 245
29 16 920
29 17 760
29 18 637
29 19 101
29 20 334
29 21 103
29 22 420
29 23 837
29 24 368
29 25 786
29 26 588
29 27 906
29 28 874
29 30 854
29 31 162
29 32 228
29 33 863
29 34 482
29 35 855
29 36 180
29 37 391
29 38 740
29 39 710
29 40 418
29 41 607
29 42 630
29 43 529
29 44 945
29 45 680
29 46 145
29 47 258
29 48 399
29 49 164
29 50 560
29 51 779
29 52 328
29 53 225
29 54 188
29 55 554
29 56 528
29 57 455
29 58 589
29 59 112
29 60 494
29 61 281
29 62 516
29 63 794
29 64 815
29 65 618
29 66 894
29 67 475
29 68 1048
29 69 889
29 70 632
29 71 693
29 72 320
29 73 556
29 74 281
29 75 747
29 76 681
29 77 962
29 78 285
29 79 786
29 80 213
29 81 883
29 82 442
29 83 622
29 84 394
29 85 495
29 86 773
29 87 671
29 88 831
29 89 447
29 90 117
29 91 267
29 92 870
29 93 199
29 94 848
29 95 1013
29 96 1000
29 97 873
29 98 447
29 99 948
29 100 705
30 1 505
30 2 530
30 3 963
30 4 408
30 5 186
30 6 914
30 7 100
30 8 1198
30 9 498
30 10 428
30 11 694
30 12 518
30 13 890
30 14 907
30 15 925
30 16 584
30 17 416
30 18 1018
30 19 789
30 20 532
30 21 792
30 22 581
30 23 849
30 24 689
30 25 138
30 26 268
30 27 432
30 28 497
30 29 854
30 31 693
30 32 627
30 33 248
30 34 559
30 35 215
30 36 729
30 37 506
30 38 309
30 39 240
30 40 441
30 41 373
30 42 1125
30 43 988
30 44 102
30 45 765
30 46 877
30 47 605
30 48 512
30 49 762
30 50 486
30 51 966
30 52 533
30 53 957
30 54 676
30 55 308
30 56 724
30 57 421
30 58 1048
30 59 806
30 60 366
30 61 628
30 62 1089
30 63 257
30 64 888
30 65 290
30 66 799
30 67 415
30 68 804
30 69 341
30 70 1188
30 71 821
30 72 912
30 73 414
30 74 624
30 75 546
30 76 467
30 77 874
30 78 580
30 79 336
30 80 685
30 81 826
30 82 437
30 83 233
30 84 996
30 85 1010
30 86 932
30 87 749
30 88 323
30 89 414
30 90 745
30 91 608
30 92 49
30 93 699
30 94 26
30 95 830
30 96 790
30 97 789
30 98 1080
30 99 917
30 100 1037
31 1 220
31 2 503
31 3 725
31 4 344
31 5 514
31 6 416
31 7 788
31 8 756
31 9 362
31 10 324
31 11 943
31 12 665
31 13 392
31 14 230
31 15 318
31 16 803
31 17 627
31 18 648
31 19 116
31 20 180
31 21 121
31 22 312
31 23 775
31 24 301
31 25 628
31 26 426
31 27 771
31 28 748
31 29 162
31 30 693
31 32 67
31 33 711
31 34 373
31 35 701
31 36 116
31 37 249
31 38 594
31 39 556
31 40 259
31 41 464
31 42 675
31 43 552
31 44 783
31 45 616
31 46 222
31 47 108
31 48 254
31 49 135
31 50 436
31 51 752
31 52 171
31 53 323
31 54 51
31 55 394
31 56 467
31 57 297
31 58 619
31 59 149
31 60 335
31 61 168
31 62 578
31 63 643
31 64 764
31 65 460
31 66 815
31 67 324
31 68 954
31 69 745
31 70 696
31 71 641
31 72 363
31 73 417
31 74 156
31 75 634
31 76 556
31 77 889
31 78 135
31 79 643
31 80 112
31 81 810
31 82 286
31 83 461
31 84 453
31 85 534
31 86 738
31 87 604
31 88 686
31 89 289
31 90 63
31 91 122
31 92 710
31 93 117
31 94 686
31 95 926
31 96 908
31 97 795
31 98 524
31 99 885
31 100 709
32 1 157
32 2 454
32 3 712
32 4 292
32 5 450
32 6 431
32 7 723
32 8 773
32 9 309
32 10 260
32 11 891
32 12 611
32 13 405
32 14 288
32 15 355
32 16 750
32 17 568
32 18 650
32 19 179
32 20 116
32 21 183
32 22 270
32 23 744
32 24 281
32 25 561
32 26 361
32 27 710
32 28 691
32 29 228
32 30 627
32 31 67
32 33 645
32 34 327
32 35 635
32 36 155
32 37 190
32 38 530
32 39 490
32 40 192
32 41 402
32 42 691
32 43 562
32 44 718
32 45 587
32 46 282
32 47 53
32 48 214
32 49 183
32 50 382
32 51 736
32 52 105
32 53 368
32 54 76
32 55 327
32 56 442
32 57 240
32 58 630
32 59 196
32 60 268
32 61 136
32 62 602
32 63 578
32 64 738
32 65 402
32 66 777
32 67 259
32 68 908
32 69 681
32 70 719
32 71 617
32 72 387
32 73 357
32 74 145
32 75 583
32 76 501
32 77 854
32 78 75
32 79 580
32 80 131
32 81 775
32 82 230
32 83 395
32 84 479
32 85 550
32 86 720
32 87 574
32 88 622
32 89 222
32 90 127
32 91 96
32 92 643
32 93 122
32 94 621
32 95 885
32 96 865
32 97 757
32 98 556
32 99 854
32 100 707
33 1 493
33 2 367
33 3 774
33 4 529
33 5 328
33 6 812
33 7 303
33 8 1050
33 9 405
33 10 391
33 11 446
33 12 296
33 13 792
33 14 889
33 15 866
33 16 339
33 17 205
33 18 861
33 19 823
33 20 532
33 21 827
33 22 494
33 23 632
33 24 600
33 25 141
33 26 358
33 27 185
33 28 254
33 29 863
33 30 248
33 31 711
33 32 645
33 34 449
33 35 34
33 36 781
33 37 473
33 38 137
33 39 157
33 40 459
33 41 266
33 42 984
33 43 856
33 44 317
33 45 578
33 46 924
33 47 607
33 48 610
33 49 814
33 50 359
33 51 772
33 52 541
33 53 906
33 54 712
33 55 338
33 56 579
33 57 513
33 58 907
33 59 787
33 60 389
33 61 594
33 62 973
33 63 71
33 64 679
33 65 448
33 66 570
33 67 388
33 68 558
33 69 93
33 70 1056
33 71 634
33 72 830
33 73 320
33 74 696
33 75 335
33 76 285
33 77 639
33 78 579
33 79 122
33 80 741
33 81 600
33 82 529
33 83 319
33 84 901
33 85 889
33 86 736
33 87 563
33 88 87
33 89 429
33 90 772
33 91 663
33 92 205
33 93 676
33 94 272
33 95 587
33 96 547
33 97 561
33 98 982
33 99 688
33 100 866
34 1 205
34 2 135
34 3 454
34 4 455
34 5 450
34 6 366
34 7 656
34 8 642
34 9 65
34 10 171
34 11 575
34 12 303
34 13 344
34 14 477
34 15 423
34 16 439
34 17 293
34 18 467
34 19 484
34 20 235
34 21 489
34 22 63
34 23 432
34 24 153
34 25 437
34 26 378
34 27 439
34 28 396
34 29 482
34 30 559
34 31 373
34 32 327
34 33 449
34 35 455
34 36 481
34 37 161
34 38 313
34 39 332
34 40 256
34 41 193
34 42 567
34 43 430
34 44 660
34 45 285
34 46 589
34 47 275
34 48 451
34 49 506
34 50 92
34 51 470
34 52 255
34 53 468
34 54 401
34 55 299
34 56 178
34 57 397
34 58 491
34 59 382
34 60 271
34 61 207
34 62 534
34 63 382
34 64 439
34 65 490
34 66 453
34 67 189
34 68 582
34 69 444
34 70 629
34 71 329
34 72 382
34 73 146
34 74 453
34 75 266
34 76 205
34 77 531
34 78 255
34 79 343
34 80 458
34 81 454
34 82 402
34 83 381
34 84 453
34 85 453
34 86 444
34 87 269
34 88 390
34 89 250
34 90 432
34 91 402
34 92 549
34 93 284
34 94 567
34 95 558
34 96 538
34 97 433
34 98 535
34 99 538
34 100 498
35 1 485
35 2 382
35 3 796
35 4 505
35 5 300
35 6 820
35 7 272
35 8 1065
35 9 408
35 10 385
35 11 480
35 12 322
35 13 799
35 14 885
35 15 867
35 16 372
35 17 228
35 18 877
35 19 812
35 20 522
35 21 815
35 22 497
35 23 659
35 24 604
35 25 111
35 26 335
35 27 218
35 28 286
35 29 855
35 30 215
35 31 701
35 32 635
35 33 34
35 34 455
35 36 767
35 37 468
35 38 145
35 39 145
35 40 446
35 41 268
35 42 998
35 43 868
35 44 285
35 45 598
35 46 911
35 47 598
35 48 590
35 49 800
35 50 367
35 51 794
35 52 530
35 53 907
35 54 699
35 55 321
35 56 592
35 57 492
35 58 921
35 59 782
35 60 374
35 61 590
35 62 984
35 63 75
35 64 704
35 65 420
35 66 599
35 67 380
35 68 590
35 69 127
35 70 1069
35 71 654
35 72 835
35 73 320
35 74 679
35 75 359
35 76 301
35 77 669
35 78 571
35 79 143
35 80 726
35 81 628
35 82 508
35 83 295
35 84 907
35 85 900
35 86 759
35 87 584
35 88 114
35 89 416
35 90 761
35 91 648
35 92 172
35 93 671
35 94 239
35 95 619
35 96 579
35 97 590
35 98 990
35 99 717
35 100 885
36 1 307
36 2 609
36 3 840
36 4 341
36 5 544
36 6 518
36 7 819
36 8 853
36 9 464
36 10 407
36 11 1045
36 12 766
36 13 495
36 14 275
36 15 399
36 16 904
36 17 719
36 18 756
36 19 80
36 20 266
36 21 80
36 22 422
36 23 890
36 24 416
36 25 683
36 26 463
36 27 859
36 28 844
36 29 180
36 30 729
36 31 116
36 32 155
36 33 781
36 34 481
36 35 767
36 37 344
36 38 674
36 39 625
36 40 323
36 41 550
36 42 774
36 43 657
36 44 811
36 45 731
36 46 148
36 47 208
36 48 235
36 49 34
36 50 537
36 51 866
36 52 251
36 53 392
36 54 80
36 55 449
36 56 582
36 57 310
36 58 722
36 59 230
36 60 393
36 61 281
36 62 669
36 63 716
36 64 879
36 65 467
36 66 928
36 67 404
36 68 1063
36 69 825
36 70 787
36 71 757
36 72 458
36 73 508
36 74 112
36 75 738
36 76 655
36 77 1003
36 78 230
36 79 726
36 80 45
36 81 924
36 82 295
36 83 501
36 84 544
36 85 633
36 86 853
36 87 719
36 88 766
36 89 353
36 90 82
36 91 122
36 92 752
36 93 231
36 94 718
36 95 1037
36 96 1018
36 97 908
36 98 608
36 99 1000
36 100 819
37 1 45
37 2 272
37 3 602
37 4 305
37 5 356
37 6 424
37 7 606
37 8 743
37 9 124
37 10 84
37 11 703
37 12 423
37 13 398
37 14 418
37 15 419
37 16 561
37 17 379
37 18 586
37 19 365
37 20 80
37 21 370
37 22 124
37 23 593
37 24 206
37 25 412
37 26 271
37 27 522
37 28 501
37 29 391
37 30 506
37 31 249
37 32 190
37 33 473
37 34 161
37 35 468
37 36 344
37 38 349
37 39 324
37 40 105
37 41 216
37 42 663
37 43 525
37 44 605
37 45 444
37 46 470
37 47 142
37 48 291
37 49 372
37 50 196
37 51 621
37 52 99
37 53 452
37 54 265
37 55 204
37 56 321
37 57 244
37 58 591
37 59 315
37 60 153
37 61 125
37 62 604
37 63 404
37 64 598
37 65 363
37 66 610
37 67 93
37 68 728
37 69 499
37 70 712
37 71 485
37 72 410
37 73 168
37 74 298
37 75 398
37 76 311
37 77 690
37 78 116
37 79 396
37 80 313
37 81 614
37 82 247
37 83 289
37 84 498
37 85 533
37 86 598
37 87 429
37 88 440
37 89 113
37 90 312
37 91 249
37 92 511
37 93 204
37 94 507
37 95 710
37 96 687
37 97 591
37 98 583
37 99 699
37 100 629
38 1 374
38 2 238
38 3 661
38 4 465
38 5 307
38 6 677
38 7 390
38 8 922
38 9 271
38 10 271
38 11 442
38 12 214
38 13 656
38 14 761
38 15 731
38 16 309
38 17 112
38 18 734
38 19 708
38 20 414
38 21 712
38 22 359
38 23 540
38 24 464
38 25 172
38 26 301
38 27 198
38 28 222
38 29 740
38 30 309
38 31 594
38 32 530
38 33 137
38 34 313
38 35 145
38 36 674
38 37 349
38 39 90
38 40 353
38 41 135
38 42 854
38 43 724
38 44 400
38 45 463
38 46 811
38 47 487
38 48 529
38 49 705
38 50 223
38 51 662
38 52 426
38 53 772
38 54 600
38 55 254
38 56 448
38 57 435
38 58 777
38 59 658
38 60 293
38 61 465
38 62 839
38 63 70
38 64 580
38 65 413
38 66 495
38 67 271
38 68 525
38 69 152
38 70 924
38 71 519
38 72 694
38 73 188
38 74 598
38 75 238
38 76 162
38 77 572
38 78 460
38 79 56
38 80 636
38 81 519
38 82 450
38 83 270
38 84 765
38 85 755
38 86 627
38 87 447
38 88 93
38 89 324
38 90 656
38 91 560
38 92 280
38 93 548
38 94 327
38 95 539
38 96 503
38 97 483
38 98 847
38 99 612
38 100 745
39 1 340
39 2 291
39 3 723
39 4 387
39 5 218
39 6 696
39 7 331
39 8 964
39 9 277
39 10 241
39 11 530
39 12 300
39 13 674
39 14 742
39 15 731
39 16 398
39 17 199
39 18 781
39 19 668
39 20 378
39 21 671
39 22 365
39 23 617
39 24 474
39 25 107
39 26 219
39 27 278
39 28 311
39 29 710
39 30 240
39 31 556
39 32 490
39 33 157
39 34 332
39 35 145
39 36 625
39 37 324
39 38 90
39 40 303
39 41 140
39 42 893
39 43 758
39 44 338
39 45 526
39 46 768
39 47 453
39 48 460
39 49 658
39 50 251
39 51 728
39 52 386
39 53 768
39 54 556
39 55 185
39 56 488
39 57 363
39 58 816
39 59 639
39 60 233
39 61 447
39 62 866
39 63 95
39 64 653
39 65 326
39 66 578
39 67 236
39 68 614
39 69 213
39 70 959
39 71 581
39 72 704
39 73 189
39 74 541
39 75 318
39 76 230
39 77 656
39 78 426
39 79 140
39 80 585
39 81 601
39 82 379
39 83 185
39 84 781
39 85 784
39 86 694
39 87 510
39 88 161
39 89 272
39 90 617
39 91 507
39 92 221
39 93 528
39 94 254
39 95 627
39 96 591
39 97 565
39 98 865
39 99 694
39 100 798
40 1 76
40 2 345
40 3 705
40 4 201
40 5 274
40 6 520
40 7 539
40 8 845
40 9 204
40 10 104
40 11 753
40 12 475
40 13 494
40 14 466
40 15 496
40 16 610
40 17 411
40 18 690
40 19 366
40 20 93
40 21 370
40 22 228
40 23 684
40 24 308
40 25 370
40 26 184
40 27 544
40 28 539
40 29 418
40 30 441
40 31 259
40 32 192
40 33 459
40 34 256
40 35 446
40 36 323
40 37 105
40 38 353
40 39 303
40 41 238
40 42 765
40 43 627
40 44 536
40 45 540
40 46 465
40 47 164
40 48 204
40 49 355
40 50 264
40 51 722
40 52 92
40 53 522
40 54 254
40 55 137
40 56 423
40 57 142
40 58 694
40 59 365
40 60 77
40 61 199
40 62 700
40 63 394
40 64 693
40 65 262
40 66 692
40 67 92
40 68 794
40 69 503
40 70 811
40 71 584
40 72 499
40 73 206
40 74 247
40 75 459
40 76 363
40 77 772
40 78 140
40 79 407
40 80 284
40 81 698
40 82 147
40 83 211
40 84 590
40 85 632
40 86 698
40 87 524
40 88 445
40 89 31
40 90 317
40 91 208
40 92 454
40 93 260
40 94 438
40 95 783
40 96 756
40 97 673
40 98 673
40 99 787
40 100 733
41 1 245
41 2 169
41 3 599
41 4 389
41 5 297
41 6 557
41 7 468
41 8 826
41 9 141
41 10 143
41 11 518
41 12 246
41 13 536
41 14 626
41 15 600
41 16 376
41 17 174
41 18 645
41 19 579
41 20 286
41 21 584
41 22 230
41 23 517
41 24 338
41 25 246
41 26 252
41 27 309
41 28 302
41 29 607
41 30 373
41 31 464
41 32 402
41 33 266
41 34 193
41 35 268
41 36 550
41 37 216
41 38 135
41 39 140
41 40 238
41 42 754
41 43 619
41 44 473
41 45 405
41 46 683
41 47 357
41 48 432
41 49 581
41 50 114
41 51 607
41 52 300
41 53 641
41 54 474
41 55 180
41 56 352
41 57 346
41 58 677
41 59 524
41 60 195
41 61 331
41 62 727
41 63 197
41 64 544
41 65 373
41 66 498
41 67 148
41 68 572
41 69 283
41 70 819
41 71 460
41 72 569
41 73 54
41 74 484
41 75 242
41 76 141
41 77 579
41 78 330
41 79 180
41 80 515
41 81 514
41 82 358
41 83 237
41 84 644
41 85 645
41 86 575
41 87 389
41 88 224
41 89 212
41 90 526
41 91 442
41 92 359
41 93 414
41 94 384
41 95 571
41 96 539
41 97 482
41 98 727
41 99 607
41 100 666
42 1 690
42 2 617
42 3 309
42 4 952
42 5 1009
42 6 260
42 7 1221
42 8 82
42 9 630
42 10 720
42 11 881
42 12 729
42 13 286
42 14 539
42 15 386
42 16 806
42 17 788
42 18 140
42 19 715
42 20 691
42 21 719
42 22 556
42 23 508
42 24 458
42 25 999
42 26 929
42 27 902
42 28 824
42 29 630
42 30 1125
42 31 675
42 32 691
42 33 984
42 34 567
42 35 998
42 36 774
42 37 663
42 38 854
42 39 893
42 40 765
42 41 754
42 43 140
42 44 1226
42 45 439
42 46 773
42 47 661
42 48 899
42 49 774
42 50 642
42 51 339
42 52 705
42 53 415
42 54 725
42 55 854
42 56 407
42 57 891
42 58 77
42 59 545
42 60 812
42 61 582
42 62 126
42 63 924
42 64 449
42 65 1026
42 66 611
42 67 736
42 68 791
42 69 948
42 70 85
42 71 395
42 72 316
42 73 711
42 74 828
42 75 678
42 76 700
42 77 631
42 78 667
42 79 864
42 80 784
42 81 577
42 82 889
42 83 940
42 84 238
42 85 142
42 86 364
42 87 448
42 88 907
42 89 775
42 90 692
42 91 785
42 92 1113
42 93 570
42 94 1133
42 95 727
42 96 742
42 97 597
42 98 209
42 99 579
42 100 187
43 1 552
43 2 489
43 3 272
43 4 816
43 5 870
43 6 141
43 7 1085
43 8 219
43 9 492
43 10 581
43 11 796
43 12 615
43 13 163
43 14 447
43 15 293
43 16 706
43 17 664
43 18 114
43 19 604
43 20 554
43 21 609
43 22 417
43 23 444
43 24 319
43 25 864
43 26 790
43 27 786
43 28 713
43 29 529
43 30 988
43 31 552
43 32 562
43 33 856
43 34 430
43 35 868
43 36 657
43 37 525
43 38 724
43 39 758
43 40 627
43 41 619
43 42 140
43 44 1089
43 45 341
43 46 673
43 47 529
43 48 767
43 49 660
43 50 508
43 51 306
43 52 569
43 53 333
43 54 602
43 55 715
43 56 277
43 57 755
43 58 69
43 59 433
43 60 673
43 61 447
43 62 134
43 63 794
43 64 394
43 65 887
43 66 540
43 67 597
43 68 722
43 69 825
43 70 201
43 71 308
43 72 210
43 73 575
43 74 702
43 75 564
43 76 575
43 77 576
43 78 533
43 79 738
43 80 663
43 81 511
43 82 753
43 83 801
43 84 162
43 85 57
43 86 319
43 87 345
43 88 782
43 89 637
43 90 576
43 91 657
43 92 977
43 93 442
43 94 996
43 95 663
43 96 671
43 97 523
43 98 190
43 99 534
43 100 186
44 1 602
44 2 627
44 3 1058
44 4 480
44 5 270
44 6 1015
44 7 19
44 8 1299
44 9 599
44 10 528
44 11 754
44 12 603
44 13 991
44 14 1001
44 15 1024
44 16 655
44 17 503
44 18 1117
44 19 875
44 20 628
44 21 878
44 22 682
44 23 937
44 24 790
44 25 232
44 26 357
44 27 498
44 28 570
44 29 945
44 30 102
44 31 783
44 32 718
44 33 317
44 34 660
44 35 285
44 36 811
44 37 605
44 38 400
44 39 338
44 40 536
44 41 473
44 42 1226
44 43 1089
44 45 860
44 46 959
44 47 699
44 48 587
44 49 844
44 50 586
44 51 1061
44 52 627
44 53 1054
44 54 763
44 55 405
44 56 824
44 57 501
44 58 1149
44 59 901
44 60 462
44 61 726
44 62 1190
44 63 341
44 64 979
44 65 355
44 66 882
44 67 515
44 68 872
44 69 406
44 70 1288
44 71 916
44 72 1012
44 73 515
44 74 704
44 75 635
44 76 560
44 77 954
44 78 675
44 79 419
44 80 767
44 81 910
44 82 517
44 83 325
44 84 1096
44 85 1111
44 86 1026
44 87 844
44 88 399
44 89 510
44 90 833
44 91 692
44 92 120
44 93 795
44 94 99
44 95 903
44 96 863
44 97 872
44 98 1181
44 99 1000
44 100 1135
45 1 487
45 2 238
45 3 199
45 4 738
45 5 700
45 6 380
45 7 851
45 8 491
45 9 340
45 10 450
45 11 457
45 12 297
45 13 377
45 14 637
45 15 519
45 16 368
45 17 373
45 18 302
45 19 714
45 20 513
45 21 719
45 22 325
45 23 160
45 24 318
45 25 628
45 26 643
45 27 469
45 28 388
45 29 680
45 30 765
45 31 616
45 32 587
45 33 578
45 34 285
45 35 598
45 36 731
45 37 444
45 38 463
45 39 526
45 40 540
45 41 405
45 42 439
45 43 341
45 44 860
45 46 811
45 47 536
45 48 734
45 49 750
45 50 303
45 51 203
45 52 533
45 53 570
45 54 655
45 55 564
45 56 153
45 57 680
45 58 369
45 59 568
45 60 548
45 61 452
45 62 474
45 63 528
45 64 155
45 65 761
45 66 222
45 67 467
45 68 397
45 69 525
45 70 521
45 71 57
45 72 441
45 73 384
45 74 724
45 75 249
45 76 301
45 77 283
45 78 523
45 79 457
45 80 716
45 81 205
45 82 686
45 83 637
45 84 460
45 85 392
45 86 170
45 87 17
45 88 494
45 89 533
45 90 666
45 91 673
45 92 740
45 93 505
45 94 779
45 95 347
45 96 345
45 97 202
45 98 518
45 99 271
45 100 292
46 1 439
46 2 722
46 3 891
46 4 485
46 5 692
46 6 534
46 7 966
46 8 847
46 9 583
46 10 542
46 11 1162
46 12 885
46 13 515
46 14 235
46 15 387
46 16 1023
46 17 848
46 18 781
46 19 106
46 20 398
46 21 101
46 22 527
46 23 970
46 24 494
46 25 829
46 26 611
46 27 991
46 28 969
46 29 145
46 30 877
46 31 222
46 32 282
46 33 924
46 34 589
46 35 911
46 36 148
46 37 470
46 38 811
46 39 768
46 40 465
46 41 683
46 42 773
46 43 673
46 44 959
46 45 811
46 47 329
46 48 378
46 49 116
46 50 656
46 51 920
46 52 386
46 53 362
46 54 212
46 55 595
46 56 659
46 57 458
46 58 733
46 59 251
46 60 538
46 61 382
46 62 656
46 63 857
46 64 951
46 65 612
46 66 1020
46 67 540
46 68 1167
46 69 962
46 70 770
46 71 828
46 72 464
46 73 637
46 74 256
46 75 853
46 76 777
46 77 1091
46 78 355
46 79 862
46 80 193
46 81 1011
46 82 442
46 83 649
46 84 535
46 85 639
46 86 913
46 87 800
46 88 904
46 89 496
46 90 160
46 91 270
46 92 900
46 93 310
46 94 866
46 95 1135
46 96 1120
46 97 999
46 98 583
46 99 1080
46 100 850
47 1 114
47 2 401
47 3 665
47 4 302
47 5 434
47 6 403
47 7 703
47 8 743
47 9 258
47 10 217
47 11 839
47 12 560
47 13 377
47 14 302
47 15 346
47 16 699
47 17 520
47 18 612
47 19 224
47 20 76
47 21 228
47 22 217
47 23 693
47 24 235
47 25 530
47 26 344
47 27 663
47 28 641
47 29 258
47 30 605
47 31 108
47 32 53
47 33 607
47 34 275
47 35 598
47 36 208
47 37 142
47 38 487
47 39 453
47 40 164
47 41 357
47 42 661
47 43 529
47 44 699
47 45 536
47 46 329
47 48 239
47 49 234
47 50 331
47 51 689
47 52 73
47 53 366
47 54 128
47 55 300
47 56 393
47 57 244
47 58 597
47 59 202
47 60 240
47 61 89
47 62 578
47 63 538
47 64 688
47 65 400
47 66 724
47 67 219
47 68 856
47 69 638
47 70 695
47 71 567
47 72 366
47 73 309
47 74 191
47 75 531
47 76 450
47 77 801
47 78 28
47 79 536
47 80 184
47 81 723
47 82 238
47 83 375
47 84 459
47 85 521
47 86 672
47 87 522
47 88 579
47 89 193
47 90 170
47 91 140
47 92 618
47 93 104
47 94 601
47 95 832
47 96 812
47 97 704
47 98 539
47 99 802
47 100 666
48 1 248
48 2 548
48 3 887
48 4 108
48 5 327
48 6 641
48 7 596
48 8 981
48 9 406
48 10 307
48 11 950
48 12 675
48 13 615
48 14 481
48 15 567
48 16 807
48 17 603
48 18 847
48 19 310
48 20 226
48 21 311
48 22 411
48 23 883
48 24 464
48 25 491
48 26 259
48 27 726
48 28 732
48 29 399
48 30 512
48 31 254
48 32 214
48 33 610
48 34 451
48 35 590
48 36 235
48 37 291
48 38 529
48 39 460
48 40 204
48 41 432
48 42 899
48 43 767
48 44 587
48 45 734
48 46 378
48 47 239
48 49 265
48 50 468
48 51 907
48 52 208
48 53 577
48 54 214
48 55 276
48 56 606
48 57 98
48 58 835
48 59 402
48 60 239
48 61 322
48 62 814
48 63 554
48 64 889
48 65 235
48 66 895
48 67 294
48 68 997
48 69 672
48 70 931
48 71 774
48 72 600
48 73 407
48 74 123
48 75 662
48 76 564
48 77 975
48 78 236
48 79 585
48 80 192
48 81 901
48 82 82
48 83 300
48 84 693
48 85 760
48 86 886
48 87 719
48 88 616
48 89 223
48 90 282
48 91 134
48 92 541
48 93 335
48 94 498
48 95 986
48 96 959
48 97 876
48 98 769
48 99 988
48 100 899
49 1 337
49 2 635
49 3 852
49 4 372
49 5 577
49 6 521
49 7 851
49 8 853
49 9 491
49 10 438
49 11 1073
49 12 793
49 13 498
49 14 262
49 15 395
49 16 932
49 17 749
49 18 762
49 19 64
49 20 296
49 21 61
49 22 445
49 23 909
49 24 433
49 25 716
49 26 496
49 27 890
49 28 873
49 29 164
49 30 762
49 31 135
49 32 183
49 33 814
49 34 506
49 35 800
49 36 34
49 37 372
49 38 705
49 39 658
49 40 355
49 41 581
49 42 774
49 43 660
49 44 844
49 45 750
49 46 116
49 47 234
49 48 265
49 50 564
49 51 879
49 52 281
49 53 383
49 54 108
49 55 482
49 56 599
49 57 343
49 58 725
49 59 230
49 60 426
49 61 303
49 62 666
49 63 748
49 64 896
49 65 498
49 66 950
49 67 435
49 68 1087
49 69 856
49 70 784
49 71 773
49 72 458
49 73 537
49 74 143
49 75 764
49 76 683
49 77 1024
49 78 258
49 79 757
49 80 78
49 81 945
49 82 327
49 83 535
49 84 541
49 85 635
49 86 868
49 87 738
49 88 798
49 89 386
49 90 87
49 91 155
49 92 785
49 93 246
49 94 751
49 95 1061
49 96 1042
49 97 929
49 98 602
49 99 1019
49 100 826
50 1 237
50 2 81
50 3 492
50 4 449
50 5 400
50 6 454
50 7 581
50 8 713
50 9 74
50 10 162
50 11 509
50 12 230
50 13 434
50 14 563
50 15 515
50 16 368
50 17 204
50 18 532
50 19 551
50 20 275
50 21 556
50 22 147
50 23 430
50 24 244
50 25 358
50 26 341
50 27 351
50 28 315
50 29 560
50 30 486
50 31 436
50 32 382
50 33 359
50 34 92
50 35 367
50 36 537
50 37 196
50 38 223
50 39 251
50 40 264
50 41 114
50 42 642
50 43 508
50 44 586
50 45 303
50 46 656
50 47 331
50 48 468
50 49 564
50 51 501
50 52 293
50 53 559
50 54 458
50 55 263
50 56 238
50 57 397
50 58 565
50 59 465
50 60 253
50 61 279
50 62 618
50 63 292
50 64 449
50 65 460
50 66 429
50 67 177
50 68 534
50 69 352
50 70 708
50 71 355
50 72 473
50 73 83
50 74 492
50 75 202
50 76 122
50 77 510
50 78 308
50 79 251
50 80 508
50 81 438
50 82 406
50 83 335
50 84 542
50 85 536
50 86 471
50 87 286
50 88 299
50 89 248
50 90 497
50 91 444
50 92 472
50 93 361
50 94 497
50 95 520
50 96 494
50 97 411
50 98 624
50 99 528
50 100 553
51 1 662
51 2 440
51 3 34
51 4 923
51 5 901
51 6 412
51 7 1052
51 8 361
51 9 530
51 10 640
51 11 564
51 12 481
51 13 421
51 14 715
51 15 572
51 16 517
51 17 568
51 18 208
51 19 834
51 20 681
51 21 839
51 22 498
51 23 181
51 24 455
51 25 830
51 26 840
51 27 645
51 28 559
51 29 779
51 30 966
51 31 752
51 32 736
51 33 772
51 34 470
51 35 794
51 36 866
51 37 621
51 38 662
51 39 728
51 40 722
51 41 607
51 42 339
51 43 306
51 44 1061
51 45 203
51 46 920
51 47 689
51 48 907
51 49 879
51 50 501
51 52 701
51 53 619
51 54 796
51 55 761
51 56 302
51 57 863
51 58 294
51 59 670
51 60 739
51 61 601
51 62 423
51 63 726
51 64 119
51 65 956
51 66 285
51 67 657
51 68 459
51 69 712
51 70 423
51 71 148
51 72 485
51 73 583
51 74 879
51 75 438
51 76 501
51 77 294
51 78 681
51 79 652
51 80 859
51 81 248
51 82 867
51 83 836
51 84 464
51 85 362
51 86 38
51 87 219
51 88 687
51 89 719
51 90 793
51 91 828
51 92 941
51 93 635
51 94 981
51 95 393
51 96 412
51 97 276
51 98 492
51 99 241
51 100 153
52 1 57
52 2 370
52 3 680
52 4 248
52 5 362
52 6 452
52 7 631
52 8 786
52 9 222
52 10 157
52 11 799
52 12 519
52 13 426
52 14 375
52 15 411
52 16 657
52 17 469
52 18 644
52 19 283
52 20 20
52 21 287
52 22 208
52 23 685
52 24 259
52 25 459
52 26 273
52 27 609
52 28 594
52 29 328
52 30 533
52 31 171
52 32 105
52 33 541
52 34 255
52 35 530
52 36 251
52 37 99
52 38 426
52 39 386
52 40 92
52 41 300
52 42 705
52 43 569
52 44 627
52 45 533
52 46 386
52 47 73
52 48 208
52 49 281
52 50 293
52 51 701
52 53 435
52 54 175
52 55 228
52 56 400
52 57 187
52 58 637
52 59 274
52 60 168
52 61 125
52 62 631
52 63 473
52 64 687
52 65 336
52 66 707
52 67 155
52 68 826
52 69 577
52 70 745
52 71 570
52 72 423
52 73 257
52 74 200
52 75 495
52 76 407
52 77 786
52 78 49
52 79 477
52 80 218
52 81 709
52 82 184
52 83 302
52 84 515
52 85 568
52 86 680
52 87 518
52 88 518
52 89 120
52 90 232
52 91 151
52 92 546
52 93 172
52 94 529
52 95 808
52 96 785
52 97 687
52 98 597
52 99 792
52 100 693
53 1 453
53 2 589
53 3 586
53 4 660
53 5 795
53 6 207
53 7 1056
53 8 488
53 9 502
53 10 534
53 11 1000
53 12 754
53 13 200
53 14 128
53 15 51
53 16 879
53 17 760
53 18 446
53 19 321
53 20 430
53 21 324
53 22 415
53 23 715
53 24 317
53 25 862
53 26 705
53 27 904
53 28 853
53 29 225
53 30 957
53 31 323
53 32 368
53 33 906
53 34 468
53 35 907
53 36 392
53 37 452
53 38 772
53 39 768
53 40 522
53 41 641
53 42 415
53 43 333
53 44 1054
53 45 570
53 46 362
53 47 366
53 48 577
53 49 383
53 50 559
53 51 619
53 52 435
53 54 369
53 55 650
53 56 432
53 57 606
53 58 384
53 59 175
53 60 593
53 61 329
53 62 295
53 63 837
53 64 680
53 65 766
53 66 791
53 67 544
53 68 963
53 69 910
53 70 409
53 71 566
53 72 135
53 73 587
53 74 475
53 75 708
53 76 670
53 77 848
53 78 386
53 79 808
53 80 416
53 81 772
53 82 597
53 83 732
53 84 179
53 85 289
53 86 621
53 87 566
53 88 855
53 89 546
53 90 314
53 91 444
53 92 962
53 93 263
53 94 956
53 95 916
53 96 912
53 97 772
53 98 222
53 99 820
53 100 518
54 1 230
54 2 529
54 3 771
54 4 310
54 5 494
54 6 466
54 7 769
54 8 806
54 9 384
54 10 332
54 11 966
54 12 686
54 13 441
54 14 268
54 15 366
54 16 825
54 17 642
54 18 697
54 19 115
54 20 189
54 21 118
54 22 343
54 23 813
54 24 343
54 25 620
54 26 409
54 27 783
54 28 765
54 29 188
54 30 676
54 31 51
54 32 76
54 33 712
54 34 401
54 35 699
54 36 80
54 37 265
54 38 600
54 39 556
54 40 254
54 41 474
54 42 725
54 43 602
54 44 763
54 45 655
54 46 212
54 47 128
54 48 214
54 49 108
54 50 458
54 51 796
54 52 175
54 53 369
54 55 385
54 56 507
54 57 268
54 58 669
54 59 195
54 60 327
54 61 204
54 62 627
54 63 645
54 64 805
54 65 431
54 66 849
54 67 329
54 68 983
54 69 751
54 70 746
54 71 682
54 72 413
54 73 430
54 74 107
54 75 658
54 76 575
54 77 925
54 78 150
54 79 651
54 80 64
54 81 846
54 82 255
54 83 445
54 84 503
54 85 584
54 86 782
54 87 642
54 88 693
54 89 284
54 90 72
54 91 80
54 92 696
54 93 164
54 94 668
54 95 958
54 96 939
54 97 829
54 98 573
54 99 923
54 100 757
55 1 198
55 2 337
55 3 748
55 4 214
55 5 156
55 6 624
55 7 407
55 8 932
55 9 235
55 10 135
55 11 687
55 12 424
55 13 599
55 14 601
55 15 620
55 16 546
55 17 339
55 18 764
55 19 499
55 20 226
55 21 502
55 22 299
55 23 690
55 24 401
55 25 236
55 26 80
55 27 452
55 28 466
55 29 554
55 30 308
55 31 394
55 32 327
55 33 338
55 34 299
55 35 321
55 36 449
55 37 204
55 38 254
55 39 185
55 40 137
55 41 180
55 42 854
55 43 715
55 44 405
55 45 564
55 46 595
55 47 300
55 48 276
55 49 482
55 50 263
55 51 761
55 52 228
55 53 650
55 54 385
55 56 477
55 57 181
55 58 780
55 59 499
55 60 60
55 61 322
55 62 803
55 63 279
55 64 711
55 65 198
55 66 677
55 67 119
55 68 750
55 69 396
55 70 909
55 71 615
55 72 614
55 73 182
55 74 359
55 75 422
55 76 321
55 77 758
55 78 274
55 79 310
55 80 407
55 81 691
55 82 196
55 83 87
55 84 701
55 85 729
55 86 732
55 87 548
55 88 341
55 89 108
55 90 451
55 91 328
55 92 318
55 93 391
55 94 306
55 95 750
55 96 719
55 97 660
55 98 785
55 99 783
55 100 797
56 1 361
56 2 213
56 3 282
56 4 624
56 5 626
56 6 263
56 7 819
56 8 476
56 9 243
56 10 348
56 11 571
56 12 348
56 13 252
56 14 488
56 15 381
56 16 458
56 17 388
56 18 294
56 19 562
56 20 380
56 21 567
56 22 197
56 23 312
56 24 167
56 25 595
56 26 556
56 27 516
56 28 449
56 29 528
56 30 724
56 31 467
56 32 442
56 33 579
56 34 178
56 35 592
56 36 582
56 37 321
56 38 448
56 39 488
56 40 423
56 41 352
56 42 407
56 43 277
56 44 824
56 45 153
56 46 659
56 47 393
56 48 606
56 49 599
56 50 238
56 51 302
56 52 400
56 53 432
56 54 507
56 55 477
56 57 564
56 58 330
56 59 416
56 60 448
56 61 306
56 62 400
56 63 518
56 64 298
56 65 667
56 66 368
56 67 366
56 68 534
56 69 550
56 70 477
56 71 175
56 72 310
56 73 314
56 74 583
56 75 298
56 76 298
56 77 435
56 78 383
56 79 461
56 80 570
56 81 355
56 82 567
56 83 559
56 84 351
56 85 314
56 86 281
56 87 143
56 88 505
56 89 423
56 90 515
56 91 531
56 92 709
56 93 354
56 94 735
56 95 491
56 96 483
56 97 348
56 98 423
56 99 422
56 100 320
57 1 207
57 2 477
57 3 845
57 4 62
57 5 236
57 6 639
57 7 509
57 8 973
57 9 343
57 10 235
57 11 862
57 12 592
57 13 612
57 14 525
57 15 589
57 16 720
57 17 514
57 18 825
57 19 377
57 20 201
57 21 379
57 22 368
57 23 822
57 24 440
57 25 394
57 26 162
57 27 632
57 28 643
57 29 455
57 30 421
57 31 297
57 32 240
57 33 513
57 34 397
57 35 492
57 36 310
57 37 244
57 38 435
57 39 363
57 40 142
57 41 346
57 42 891
57 43 755
57 44 501
57 45 680
57 46 458
57 47 244
57 48 98
57 49 343
57 50 397
57 51 863
57 52 187
57 53 606
57 54 268
57 55 181
57 56 564
57 58 823
57 59 435
57 60 152
57 61 311
57 62 817
57 63 457
57 64 834
57 65 164
57 66 825
57 67 220
57 68 916
57 69 575
57 70 932
57 71 725
57 72 608
57 73 328
57 74 204
57 75 583
57 76 483
57 77 906
57 78 230
57 79 491
57 80 266
57 81 834
57 82 17
57 83 203
57 84 701
57 85 755
57 86 839
57 87 665
57 88 521
57 89 150
57 90 339
57 91 193
57 92 448
57 93 348
57 94 410
57 95 910
57 96 881
57 97 807
57 98 781
57 99 923
57 100 870
58 1 620
58 2 541
58 3 261
58 4 884
58 5 934
58 6 205
58 7 1145
58 8 153
58 9 554
58 10 645
58 11 818
58 12 655
58 13 228
58 14 503
58 15 349
58 16 737
58 17 712
58 18 86
58 19 668
58 20 622
58 21 672
58 22 481
58 23 451
58 24 386
58 25 922
58 26 855
58 27 828
58 28 752
58 29 589
58 30 1048
58 31 619
58 32 630
58 33 907
58 34 491
58 35 921
58 36 722
58 37 591
58 38 777
58 39 816
58 40 694
58 41 677
58 42 77
58 43 69
58 44 1149
58 45 369
58 46 733
58 47 597
58 48 835
58 49 725
58 50 565
58 51 294
58 52 637
58 53 384
58 54 669
58 55 780
58 56 330
58 57 823
58 59 496
58 60 739
58 61 515
58 62 130
58 63 847
58 64 396
58 65 954
58 66 552
58 67 662
58 68 734
58 69 872
58 70 153
58 71 329
58 72 270
58 73 635
58 74 770
58 75 604
58 76 624
58 77 579
58 78 601
58 79 788
58 80 729
58 81 520
58 82 821
58 83 865
58 84 206
58 85 95
58 86 314
58 87 377
58 88 831
58 89 703
58 90 641
58 91 724
58 92 1036
58 93 510
58 94 1057
58 95 672
58 96 684
58 97 537
58 98 207
58 99 531
58 100 152
59 1 304
59 2 515
59 3 641
59 4 487
59 5 636
59 6 293
59 7 904
59 8 624
59 9 397
59 10 399
59 11 951
59 12 684
59 13 271
59 14 104
59 15 172
59 16 818
59 17 668
59 18 537
59 19 172
59 20 274
59 21 177
59 22 320
59 23 726
59 24 258
59 25 723
59 26 546
59 27 814
59 28 777
59 29 112
59 30 806
59 31 149
59 32 196
59 33 787
59 34 382
59 35 782
59 36 230
59 37 315
59 38 658
59 39 639
59 40 365
59 41 524
59 42 545
59 43 433
59 44 901
59 45 568
59 46 251
59 47 202
59 48 402
59 49 230
59 50 465
59 51 670
59 52 274
59 53 175
59 54 195
59 55 499
59 56 416
59 57 435
59 58 496
59 60 440
59 61 194
59 62 439
59 63 717
59 64 704
59 65 597
59 66 783
59 67 405
59 68 940
59 69 805
59 70 557
59 71 581
59 72 229
59 73 472
59 74 302
59 75 645
59 76 585
59 77 851
59 78 226
59 79 701
59 80 247
59 81 771
59 82 425
59 83 576
59 84 314
59 85 406
59 86 664
59 87 559
59 88 747
59 89 392
59 90 149
59 91 270
59 92 816
59 93 112
59 94 803
59 95 903
59 96 891
59 97 763
59 98 380
59 99 836
59 100 603
60 1 141
60 2 332
60 3 725
60 4 198
60 5 205
60 6 576
60 7 465
60 8 891
60 9 210
60 10 100
60 11 712
60 12 440
60 13 550
60 14 541
60 15 564
60 16 570
60 17 365
60 18 728
60 19 441
60 20 167
60 21 444
60 22 260
60 23 682
60 24 356
60 25 294
60 26 119
60 27 488
60 28 494
60 29 494
60 30 366
60 31 335
60 32 268
60 33 389
60 34 271
60 35 374
60 36 393
60 37 153
60 38 293
60 39 233
60 40 77
60 41 195
60 42 812
60 43 673
60 44 462
60 45 548
60 46 538
60 47 240
60 48 239
60 49 426
60 50 253
60 51 739
60 52 168
60 53 593
60 54 327
60 55 60
60 56 448
60 57 152
60 58 739
60 59 440
60 61 266
60 62 756
60 63 326
60 64 699
60 65 219
60 66 678
60 67 83
60 68 765
60 69 440
60 70 863
60 71 596
60 72 561
60 73 179
60 74 308
60 75 432
60 76 332
60 77 760
60 78 215
60 79 348
60 80 353
60 81 689
60 82 164
60 83 139
60 84 650
60 85 684
60 86 712
60 87 532
60 88 383
60 89 49
60 90 392
60 91 274
60 92 378
60 93 333
60 94 364
60 95 760
60 96 731
60 97 661
60 98 734
60 99 780
60 100 765
61 1 126
61 2 340
61 3 577
61 4 372
61 5 470
61 6 328
61 7 727
61 8 663
61 9 208
61 10 208
61 11 781
61 12 506
61 13 301
61 14 297
61 15 299
61 16 643
61 17 479
61 18 526
61 19 278
61 20 112
61 21 283
61 22 145
61 23 610
61 24 147
61 25 536
61 26 381
61 27 626
61 28 594
61 29 281
61 30 628
61 31 168
61 32 136
61 33 594
61 34 207
61 35 590
61 36 281
61 37 125
61 38 465
61 39 447
61 40 199
61 41 331
61 42 582
61 43 447
61 44 726
61 45 452
61 46 382
61 47 89
61 48 322
61 49 303
61 50 279
61 51 601
61 52 125
61 53 329
61 54 204
61 55 322
61 56 306
61 57 311
61 58 515
61 59 194
61 60 266
61 62 507
61 63 524
61 64 603
61 65 457
61 66 647
61 67 217
61 68 787
61 69 612
61 70 621
61 71 481
61 72 301
61 73 279
61 74 279
61 75 471
61 76 401
61 77 722
61 78 87
61 79 509
61 80 265
61 81 643
61 82 308
61 83 405
61 84 393
61 85 444
61 86 584
61 87 439
61 88 554
61 89 220
61 90 225
61 91 228
61 92 634
61 93 84
61 94 628
61 95 759
61 96 741
61 97 627
61 98 475
61 99 720
61 100 579
62 1 625
62 2 610
62 3 390
62 4 877
62 5 958
62 6 181
62 7 1188
62 8 193
62 9 593
62 10 670
62 11 929
62 12 743
62 13 207
62 14 422
62 15 273
62 16 838
62 17 787
62 18 215
62 19 605
62 20 618
62 21 609
62 22 510
62 23 573
62 24 403
62 25 971
62 26 874
62 27 914
62 28 842
62 29 516
62 30 1089
62 31 578
62 32 602
62 33 973
62 34 534
62 35 984
62 36 669
62 37 604
62 38 839
62 39 866
62 40 700
62 41 727
62 42 126
62 43 134
62 44 1190
62 45 474
62 46 656
62 47 578
62 48 814
62 49 666
62 50 618
62 51 423
62 52 631
62 53 295
62 54 627
62 55 803
62 56 400
62 57 817
62 58 130
62 59 439
62 60 756
62 61 507
62 63 909
62 64 521
62 65 961
62 66 671
62 67 685
62 68 853
62 69 948
62 70 119
62 71 441
62 72 216
62 73 679
62 74 733
62 75 692
62 76 696
62 77 704
62 78 588
62 79 857
62 80 684
62 81 641
62 82 813
62 83 889
62 84 126
62 85 86
62 86 441
62 87 478
62 88 903
62 89 715
62 90 587
62 91 692
62 92 1082
62 93 480
62 94 1095
62 95 793
62 96 802
62 97 655
62 98 84
62 99 658
62 100 281
63 1 424
63 2 308
63 3 726
63 4 479
63 5 294
63 6 746
63 7 330
63 8 991
63 9 336
63 10 322
63 11 456
63 12 262
63 13 725
63 14 820
63 15 796
63 16 334
63 17 162
63 18 803
63 19 756
63 20 463
63 21 760
63 22 425
63 23 597
63 24 531
63 25 126
63 26 309
63 27 195
63 28 245
63 29 794
63 30 257
63 31 643
63 32 578
63 33 71
63 34 382
63 35 75
63 36 716
63 37 404
63 38 70
63 39 95
63 40 394
63 41 197
63 42 924
63 43 794
63 44 341
63 45 528
63 46 857
63 47 538
63 48 554
63 49 748
63 50 292
63 51 726
63 52 473
63 53 837
63 54 645
63 55 279
63 56 518
63 57 457
63 58 847
63 59 717
63 60 326
63 61 524
63 62 909
63 64 639
63 65 409
63 66 543
63 67 320
63 68 554
63 69 121
63 70 994
63 71 584
63 72 762
63 73 250
63 74 634
63 75 294
63 76 229
63 77 617
63 78 511
63 79 79
63 80 677
63 81 570
63 82 473
63 83 272
63 84 833
63 85 825
63 86 690
63 87 513
63 88 75
63 89 363
63 90 704
63 91 599
63 92 222
63 93 606
63 94 278
63 95 575
63 96 537
63 97 533
63 98 916
63 99 661
63 100 812
64 1 641
64 2 377
64 3 143
64 4 890
64 5 841
64 6 476
64 7 968
64 8 478
64 9 492
64 10 602
64 11 445
64 12 384
64 13 480
64 14 762
64 15 631
64 16 404
64 17 478
64 18 313
64 19 857
64 20 667
64 21 862
64 22 480
64 23 62
64 24 464
64 25 750
64 26 789
64 27 539
64 28 453
64 29 815
64 30 888
64 31 764
64 32 738
64 33 679
64 34 439
64 35 704
64 36 879
64 37 598
64 38 580
64 39 653
64 40 693
64 41 544
64 42 449
64 43 394
64 44 979
64 45 155
64 46 951
64 47 688
64 48 889
64 49 896
64 50 449
64 51 119
64 52 687
64 53 680
64 54 805
64 55 711
64 56 298
64 57 834
64 58 396
64 59 704
64 60 699
64 61 603
64 62 521
64 63 639
64 65 909
64 66 167
64 67 619
64 68 343
64 69 612
64 70 534
64 71 124
64 72 546
64 73 530
64 74 877
64 75 346
64 76 423
64 77 184
64 78 676
64 79 563
64 80 866
64 81 130
64 82 840
64 83 780
64 84 542
64 85 451
64 86 87
64 87 170
64 88 593
64 89 685
64 90 812
64 91 825
64 92 859
64 93 651
64 94 905
64 95 278
64 96 294
64 97 157
64 98 583
64 99 142
64 100 268
65 1 337
65 2 534
65 3 943
65 4 127
65 5 122
65 6 781
65 7 365
65 8 1105
65 9 427
65 10 319
65 11 855
65 12 608
65 13 755
65 14 688
65 15 745
65 16 720
65 17 515
65 18 946
65 19 537
65 20 345
65 21 539
65 22 478
65 23 887
65 24 568
65 25 310
65 26 122
65 27 602
65 28 635
65 29 618
65 30 290
65 31 460
65 32 402
65 33 448
65 34 490
65 35 420
65 36 467
65 37 363
65 38 413
65 39 326
65 40 262
65 41 373
65 42 1026
65 43 887
65 44 355
65 45 761
65 46 612
65 47 400
65 48 235
65 49 498
65 50 460
65 51 956
65 52 336
65 53 766
65 54 431
65 55 198
65 56 667
65 57 164
65 58 954
65 59 597
65 60 219
65 61 457
65 62 961
65 63 409
65 64 909
65 66 871
65 67 301
65 68 932
65 69 528
65 70 1072
65 71 811
65 72 757
65 73 379
65 74 356
65 75 613
65 76 512
65 77 952
65 78 383
65 79 466
65 80 423
65 81 886
65 82 176
65 83 144
65 84 849
65 85 893
65 86 928
65 87 745
65 88 483
65 89 251
65 90 502
65 91 353
65 92 327
65 93 504
65 94 273
65 95 938
65 96 905
65 97 855
65 98 931
65 99 979
65 100 984
66 1 654
66 2 348
66 3 308
66 4 876
66 5 786
66 6 599
66 7 870
66 8 643
66 9 490
66 10 591
66 11 279
66 12 282
66 13 597
66 14 856
66 15 741
66 16 257
66 17 384
66 18 472
66 19 919
66 20 687
66 21 924
66 22 508
66 23 105
66 24 527
66 25 664
66 26 750
66 27 408
66 28 323
66 29 894
66 30 799
66 31 815
66 32 777
66 33 570
66 34 453
66 35 599
66 36 928
66 37 610
66 38 495
66 39 578
66 40 692
66 41 498
66 42 611
66 43 540
66 44 882
66 45 222
66 46 1020
66 47 724
66 48 895
66 49 950
66 50 429
66 51 285
66 52 707
66 53 791
66 54 849
66 55 677
66 56 368
66 57 825
66 58 552
66 59 783
66 60 678
66 61 647
66 62 671
66 63 543
66 64 167
66 65 871
66 67 606
66 68 183
66 69 491
66 70 696
66 71 234
66 72 661
66 73 500
66 74 906
66 75 262
66 76 360
66 77 82
66 78 707
66 79 464
66 80 908
66 81 39
66 82 834
66 83 732
66 84 674
66 85 595
66 86 252
66 87 227
66 88 485
66 89 677
66 90 869
66 91 855
66 92 764
66 93 711
66 94 819
66 95 126
66 96 132
66 97 21
66 98 726
66 99 119
66 100 433
67 1 105
67 2 258
67 3 643
67 4 274
67 5 274
67 6 506
67 7 515
67 8 814
67 9 128
67 10 18
67 11 661
67 12 383
67 13 481
67 14 508
67 15 511
67 16 518
67 17 321
67 18 648
67 19 438
67 20 144
67 21 442
67 22 182
67 23 604
67 24 283
67 25 320
67 26 194
67 27 457
67 28 449
67 29 475
67 30 415
67 31 324
67 32 259
67 33 388
67 34 189
67 35 380
67 36 404
67 37 93
67 38 271
67 39 236
67 40 92
67 41 148
67 42 736
67 43 597
67 44 515
67 45 467
67 46 540
67 47 219
67 48 294
67 49 435
67 50 177
67 51 657
67 52 155
67 53 544
67 54 329
67 55 119
67 56 366
67 57 220
67 58 662
67 59 405
67 60 83
67 61 217
67 62 685
67 63 320
67 64 619
67 65 301
67 66 606
67 68 703
67 69 423
67 70 790
67 71 514
67 72 499
67 73 114
67 74 337
67 75 368
67 76 271
67 77 687
67 78 192
67 79 323
67 80 368
67 81 615
67 82 229
67 83 205
67 84 584
67 85 611
67 86 630
67 87 451
67 88 364
67 89 72
67 90 385
67 91 294
67 92 418
67 93 294
67 94 417
67 95 693
67 96 666
67 97 587
67 98 669
67 99 704
67 100 684
68 1 771
68 2 457
68 3 485
68 4 961
68 5 831
68 6 776
68 7 857
68 8 819
68 9 605
68 10 691
68 11 143
68 12 327
68 13 773
68 14 1020
68 15 913
68 16 221
68 17 418
68 18 653
68 19 1064
68 20 808
68 21 1068
68 22 643
68 23 284
68 24 682
68 25 679
68 26 814
68 27 375
68 28 309
68 29 1048
68 30 804
68 31 954
68 32 908
68 33 558
68 34 582
68 35 590
68 36 1063
68 37 728
68 38 525
68 39 614
68 40 794
68 41 572
68 42 791
68 43 722
68 44 872
68 45 397
68 46 1167
68 47 856
68 48 997
68 49 1087
68 50 534
68 51 459
68 52 826
68 53 963
68 54 983
68 55 750
68 56 534
68 57 916
68 58 734
68 59 940
68 60 765
68 61 787
68 62 853
68 63 554
68 64 343
68 65 932
68 66 183
68 67 703
68 69 467
68 70 876
68 71 415
68 72 836
68 73 590
68 74 1026
68 75 336
68 76 434
68 77 172
68 78 835
68 79 480
68 80 1038
68 81 215
68 82 928
68 83 789
68 84 854
68 85 777
68 86 429
68 87 399
68 88 483
68 89 774
68 90 1012
68 91 977
68 92 762
68 93 858
68 94 827
68 95 69
68 96 52
68 97 199
68 98 908
68 99 236
68 100 610
69 1 525
69 2 340
69 3 718
69 4 599
69 5 411
69 6 797
69 7 391
69 8 1009
69 9 411
69 10 422
69 11 354
69 12 231
69 13 779
69 14 906
69 15 866
69 16 251
69 17 162
69 18 819
69 19 859
69 20 565
69 21 863
69 22 497
69 23 562
69 24 596
69 25 229
69 26 429
69 27 93
69 28 169
69 29 889
69 30 341
69 31 745
69 32 681
69 33 93
69 34 444
69 35 127
69 36 825
69 37 499
69 38 152
69 39 213
69 40 503
69 41 283
69 42 948
69 43 825
69 44 406
69 45 525
69 46 962
69 47 638
69 48 672
69 49 856
69 50 352
69 51 712
69 52 577
69 53 910
69 54 751
69 55 396
69 56 550
69 57 575
69 58 872
69 59 805
69 60 440
69 61 612
69 62 948
69 63 121
69 64 612
69 65 528
69 66 491
69 67 423
69 68 467
69 70 1023
69 71 580
69 72 823
69 73 334
69 74 747
69 75 277
69 76 253
69 77 557
69 78 611
69 79 104
69 80 787
69 81 523
69 82 591
69 83 393
69 84 886
69 85 863
69 86 675
69 87 513
69 88 59
69 89 474
69 90 807
69 91 710
69 92 297
69 93 696
69 94 365
69 95 499
69 96 459
69 97 485
69 98 965
69 99 609
69 100 817
70 1 736
70 2 689
70 3 393
70 4 992
70 5 1064
70 6 293
70 7 1285
70 8 97
70 9 690
70 10 774
70 11 966
70 12 808
70 13 320
70 14 536
70 15 390
70 16 889
70 17 863
70 18 225
70 19 722
70 20 732
70 21 726
70 22 611
70 23 593
70 24 508
70 25 1065
70 26 981
70 27 981
70 28 904
70 29 632
70 30 1188
70 31 696
70 32 719
70 33 1056
70 34 629
70 35 1069
70 36 787
70 37 712
70 38 924
70 39 959
70 40 811
70 41 819
70 42 85
70 43 201
70 44 1288
70 45 521
70 46 770
70 47 695
70 48 931
70 49 784
70 50 708
70 51 423
70 52 745
70 53 409
70 54 746
70 55 909
70 56 477
70 57 932
70 58 153
70 59 557
70 60 863
70 61 621
70 62 119
70 63 994
70 64 534
70 65 1072
70 66 696
70 67 790
70 68 876
70 69 1023
70 71 479
70 72 334
70 73 774
70 74 851
70 75 757
70 76 774
70 77 715
70 78 704
70 79 937
70 80 802
70 81 662
70 82 928
70 83 995
70 84 244
70 85 180
70 86 449
70 87 529
70 88 982
70 89 824
70 90 706
70 91 811
70 92 1177
70 93 598
70 94 1195
70 95 812
70 96 827
70 97 682
70 98 188
70 99 663
70 100 270
71 1 527
71 2 293
71 3 143
71 4 783
71 5 753
71 6 367
71 7 908
71 8 443
71 9 387
71 10 497
71 11 490
71 12 351
71 13 368
71 14 643
71 15 516
71 16 413
71 17 429
71 18 256
71 19 734
71 20 550
71 21 739
71 22 363
71 23 150
71 24 341
71 25 685
71 26 694
71 27 521
71 28 439
71 29 693
71 30 821
71 31 641
71 32 617
71 33 634
71 34 329
71 35 654
71 36 757
71 37 485
71 38 519
71 39 581
71 40 584
71 41 460
71 42 395
71 43 308
71 44 916
71 45 57
71 46 828
71 47 567
71 48 774
71 49 773
71 50 355
71 51 148
71 52 570
71 53 566
71 54 682
71 55 615
71 56 175
71 57 725
71 58 329
71 59 581
71 60 596
71 61 481
71 62 441
71 63 584
71 64 124
71 65 811
71 66 234
71 67 514
71 68 415
71 69 580
71 70 479
71 72 433
71 73 437
71 74 757
71 75 303
71 76 357
71 77 283
71 78 556
71 79 513
71 80 745
71 81 209
71 82 730
71 83 689
71 84 441
71 85 363
71 86 117
71 87 72
71 88 550
71 89 578
71 90 688
71 91 705
71 92 797
71 93 528
71 94 835
71 95 360
71 96 364
71 97 217
71 98 493
71 99 257
71 100 239
72 1 424
72 2 489
72 3 452
72 4 667
72 5 766
72 6 75
72 7 1012
72 8 396
72 9 429
72 10 485
72 11 880
72 12 647
72 13 66
72 14 238
72 15 88
72 16 765
72 17 666
72 18 320
72 19 400
72 20 413
72 21 404
72 22 340
72 23 582
72 24 231
72 25 804
72 26 679
72 27 806
72 28 748
72 29 320
72 30 912
72 31 363
72 32 387
72 33 830
72 34 382
72 35 835
72 36 458
72 37 410
72 38 694
72 39 704
72 40 499
72 41 569
72 42 316
72 43 210
72 44 1012
72 45 441
72 46 464
72 47 366
72 48 600
72 49 458
72 50 473
72 51 485
72 52 423
72 53 135
72 54 413
72 55 614
72 56 310
72 57 608
72 58 270
72 59 229
72 60 561
72 61 301
72 62 216
72 63 762
72 64 546
72 65 757
72 66 661
72 67 499
72 68 836
72 69 823
72 70 334
72 71 433
72 73 517
72 74 518
72 75 599
72 76 574
72 77 715
72 78 378
72 79 723
72 80 470
72 81 640
72 82 603
72 83 699
72 84 93
72 85 178
72 86 487
72 87 438
72 88 770
72 89 517
72 90 376
72 91 477
72 92 911
72 93 266
72 94 915
72 95 787
72 96 785
72 97 642
72 98 175
72 99 687
72 100 391
73 1 201
73 2 156
73 3 573
73 4 377
73 5 318
73 6 508
73 7 511
73 8 785
73 9 89
73 10 104
73 11 548
73 12 270
73 13 485
73 14 574
73 15 547
73 16 405
73 17 212
73 18 607
73 19 533
73 20 242
73 21 537
73 22 178
73 23 509
73 24 286
73 25 293
73 26 260
73 27 354
73 28 338
73 29 556
73 30 414
73 31 417
73 32 357
73 33 320
73 34 146
73 35 320
73 36 508
73 37 168
73 38 188
73 39 189
73 40 206
73 41 54
73 42 711
73 43 575
73 44 515
73 45 384
73 46 637
73 47 309
73 48 407
73 49 537
73 50 83
73 51 583
73 52 257
73 53 587
73 54 430
73 55 182
73 56 314
73 57 328
73 58 635
73 59 472
73 60 179
73 61 279
73 62 679
73 63 250
73 64 530
73 65 379
73 66 500
73 67 114
73 68 590
73 69 334
73 70 774
73 71 437
73 72 517
73 74 448
73 75 255
73 76 157
73 77 582
73 78 283
73 79 230
73 80 474
73 81 512
73 82 339
73 83 253
73 84 593
73 85 598
73 86 553
73 87 368
73 88 276
73 89 184
73 90 479
73 91 403
73 92 404
73 93 362
73 94 423
73 95 582
73 96 554
73 97 483
73 98 677
73 99 604
73 100 632
74 1 256
74 2 570
74 3 855
74 4 230
74 5 439
74 6 569
74 7 712
74 8 910
74 9 422
74 10 344
74 11 995
74 12 715
74 13 543
74 14 369
74 15 473
74 16 852
74 17 657
74 18 793
74 19 188
74 20 220
74 21 189
74 22 401
74 23 880
74 24 425
74 25 588
74 26 361
74 27 790
74 28 785
74 29 281
74 30 624
74 31 156
74 32 145
74 33 696
74 34 453
74 35 679
74 36 112
74 37 298
74 38 598
74 39 541
74 40 247
74 41 484
74 42 828
74 43 702
74 44 704
74 45 724
74 46 256
74 47 191
74 48 123
74 49 143
74 50 492
74 51 879
74 52 200
74 53 475
74 54 107
74 55 359
74 56 583
74 57 204
74 58 770
74 59 302
74 60 308
74 61 279
74 62 733
74 63 634
74 64 877
74 65 356
74 66 906
74 67 337
74 68 1026
74 69 747
74 70 851
74 71 757
74 72 518
74 73 448
74 75 694
74 76 603
74 77 984
74 78 202
74 79 653
74 80 70
74 81 906
74 82 187
74 83 401
74 84 609
74 85 687
74 86 862
74 87 710
74 88 690
74 89 275
74 90 167
74 91 52
74 92 650
74 93 261
74 94 613
74 95 1008
74 96 985
74 97 886
74 98 680
74 99 988
74 100 851
75 1 439
75 2 132
75 3 442
75 4 629
75 5 525
75 6 559
75 7 624
75 8 736
75 9 275
75 10 356
75 11 310
75 12 51
75 13 546
75 14 736
75 15 660
75 16 174
75 17 133
75 18 546
75 19 748
75 20 477
75 21 752
75 22 328
75 23 303
75 24 396
75 25 409
75 26 492
75 27 224
75 28 152
75 29 747
75 30 546
75 31 634
75 32 583
75 33 335
75 34 266
75 35 359
75 36 738
75 37 398
75 38 238
75 39 318
75 40 459
75 41 242
75 42 678
75 43 564
75 44 635
75 45 249
75 46 853
75 47 531
75 48 662
75 49 764
75 50 202
75 51 438
75 52 495
75 53 708
75 54 658
75 55 422
75 56 298
75 57 583
75 58 604
75 59 645
75 60 432
75 61 471
75 62 692
75 63 294
75 64 346
75 65 613
75 66 262
75 67 368
75 68 336
75 69 277
75 70 757
75 71 303
75 72 599
75 73 255
75 74 694
75 76 102
75 77 342
75 78 508
75 79 218
75 80 710
75 81 283
75 82 594
75 83 472
75 84 647
75 85 607
75 86 401
75 87 237
75 88 250
75 89 439
75 90 694
75 91 646
75 92 515
75 93 549
75 94 564
75 95 329
75 96 299
75 97 248
75 98 720
75 99 376
75 100 541
76 1 350
76 2 87
76 3 499
76 4 528
76 5 427
76 6 545
76 7 551
76 8 766
76 9 194
76 10 261
76 11 393
76 12 113
76 13 528
76 14 682
76 15 624
76 16 250
76 17 93
76 18 577
76 19 671
76 20 390
76 21 676
76 22 265
76 23 389
76 24 353
76 25 329
76 26 391
76 27 235
76 28 194
76 29 681
76 30 467
76 31 556
76 32 501
76 33 285
76 34 205
76 35 301
76 36 655
76 37 311
76 38 162
76 39 230
76 40 363
76 41 141
76 42 700
76 43 575
76 44 560
76 45 301
76 46 777
76 47 450
76 48 564
76 49 683
76 50 122
76 51 501
76 52 407
76 53 670
76 54 575
76 55 321
76 56 298
76 57 483
76 58 624
76 59 585
76 60 332
76 61 401
76 62 696
76 63 229
76 64 423
76 65 512
76 66 360
76 67 271
76 68 434
76 69 253
76 70 774
76 71 357
76 72 574
76 73 157
76 74 603
76 75 102
76 77 441
76 78 426
76 79 164
76 80 624
76 81 378
76 82 494
76 83 373
76 84 634
76 85 611
76 86 467
76 87 285
76 88 208
76 89 341
76 90 618
76 91 556
76 92 441
76 93 482
76 94 482
76 95 430
76 96 400
76 97 344
76 98 713
76 99 471
76 100 584
77 1 734
77 2 430
77 3 322
77 4 958
77 5 866
77 6 649
77 7 941
77 8 654
77 9 570
77 10 672
77 11 299
77 12 358
77 13 650
77 14 919
77 15 798
77 16 313
77 17 461
77 18 495
77 19 992
77 20 766
77 21 997
77 22 585
77 23 134
77 24 598
77 25 739
77 26 831
77 27 470
77 28 388
77 29 962
77 30 874
77 31 889
77 32 854
77 33 639
77 34 531
77 35 669
77 36 1003
77 37 690
77 38 572
77 39 656
77 40 772
77 41 579
77 42 631
77 43 576
77 44 954
77 45 283
77 46 1091
77 47 801
77 48 975
77 49 1024
77 50 510
77 51 294
77 52 786
77 53 848
77 54 925
77 55 758
77 56 435
77 57 906
77 58 579
77 59 851
77 60 760
77 61 722
77 62 704
77 63 617
77 64 184
77 65 952
77 66 82
77 67 687
77 68 172
77 69 557
77 70 715
77 71 283
77 72 715
77 73 582
77 74 984
77 75 342
77 76 441
77 78 784
77 79 538
77 80 984
77 81 80
77 82 915
77 83 813
77 84 720
77 85 632
77 86 267
77 87 292
77 88 556
77 89 758
77 90 943
77 91 933
77 92 837
77 93 783
77 94 894
77 95 104
77 96 134
77 97 100
77 98 765
77 99 65
77 100 446
78 1 87
78 2 380
78 3 659
78 4 289
78 5 411
78 6 411
78 7 678
78 8 748
78 9 234
78 10 190
78 11 816
78 12 536
78 13 385
78 14 327
78 15 363
78 16 675
78 17 494
78 18 612
78 19 250
78 20 50
78 21 254
78 22 200
78 23 678
78 24 231
78 25 503
78 26 321
78 27 637
78 28 616
78 29 285
78 30 580
78 31 135
78 32 75
78 33 579
78 34 255
78 35 571
78 36 230
78 37 116
78 38 460
78 39 426
78 40 140
78 41 330
78 42 667
78 43 533
78 44 675
78 45 523
78 46 355
78 47 28
78 48 236
78 49 258
78 50 308
78 51 681
78 52 49
78 53 386
78 54 150
78 55 274
78 56 383
78 57 230
78 58 601
78 59 226
78 60 215
78 61 87
78 62 588
78 63 511
78 64 676
78 65 383
78 66 707
78 67 192
78 68 835
78 69 611
78 70 704
78 71 556
78 72 378
78 73 283
78 74 202
78 75 508
78 76 426
78 77 784
78 79 509
78 80 203
78 81 706
78 82 225
78 83 350
78 84 471
78 85 528
78 86 663
78 87 509
78 88 552
78 89 167
78 90 197
78 91 150
78 92 592
78 93 123
78 94 577
78 95 812
78 96 792
78 97 687
78 98 552
78 99 787
78 100 664
79 1 424
79 2 249
79 3 654
79 4 520
79 5 356
79 6 701
79 7 408
79 8 929
79 9 308
79 10 321
79 11 390
79 12 184
79 13 682
79 14 802
79 15 765
79 16 261
79 17 86
79 18 740
79 19 758
79 20 464
79 21 762
79 22 394
79 23 519
79 24 495
79 25 202
79 26 356
79 27 142
79 28 173
79 29 786
79 30 336
79 31 643
79 32 580
79 33 122
79 34 343
79 35 143
79 36 726
79 37 396
79 38 56
79 39 140
79 40 407
79 41 180
79 42 864
79 43 738
79 44 419
79 45 457
79 46 862
79 47 536
79 48 585
79 49 757
79 50 251
79 51 652
79 52 477
79 53 808
79 54 651
79 55 310
79 56 461
79 57 491
79 58 788
79 59 701
79 60 348
79 61 509
79 62 857
79 63 79
79 64 563
79 65 466
79 66 464
79 67 323
79 68 480
79 69 104
79 70 937
79 71 513
79 72 723
79 73 230
79 74 653
79 75 218
79 76 164
79 77 538
79 78 509
79 80 689
79 81 492
79 82 505
79 83 324
79 84 790
79 85 773
79 86 617
79 87 442
79 88 48
79 89 378
79 90 705
79 91 614
79 92 301
79 93 592
79 94 356
79 95 499
79 96 461
79 97 454
79 98 870
79 99 582
79 100 745
80 1 274
80 2 582
80 3 834
80 4 297
80 5 500
80 6 526
80 7 774
80 8 865
80 9 435
80 10 372
80 11 1016
80 12 736
80 13 502
80 14 305
80 15 418
80 16 874
80 17 685
80 18 759
80 19 119
80 20 234
80 21 119
80 22 400
80 23 874
80 24 406
80 25 640
80 26 419
80 27 824
80 28 811
80 29 213
80 30 685
80 31 112
80 32 131
80 33 741
80 34 458
80 35 726
80 36 45
80 37 313
80 38 636
80 39 585
80 40 284
80 41 515
80 42 784
80 43 663
80 44 767
80 45 716
80 46 193
80 47 184
80 48 192
80 49 78
80 50 508
80 51 859
80 52 218
80 53 416
80 54 64
80 55 407
80 56 570
80 57 266
80 58 729
80 59 247
80 60 353
80 61 265
80 62 684
80 63 677
80 64 866
80 65 423
80 66 908
80 67 368
80 68 1038
80 69 787
80 70 802
80 71 745
80 72 470
80 73 474
80 74 70
80 75 710
80 76 624
80 77 984
80 78 203
80 79 689
80 81 905
80 82 251
80 83 458
80 84 558
80 85 643
80 86 845
80 87 703
80 88 728
80 89 314
80 90 103
80 91 79
80 92 708
80 93 227
80 94 674
80 95 1015
80 96 994
80 97 888
80 98 626
80 99 984
80 100 819
81 1 658
81 2 358
81 3 272
81 4 887
81 5 805
81 6 576
81 7 898
81 8 607
81 9 495
81 10 599
81 11 317
81 12 309
81 13 575
81 14 841
81 15 721
81 16 293
81 17 410
81 18 438
81 19 912
81 20 689
81 21 917
81 22 506
81 23 70
81 24 518
81 25 690
81 26 765
81 27 442
81 28 356
81 29 883
81 30 826
81 31 810
81 32 775
81 33 600
81 34 454
81 35 628
81 36 924
81 37 614
81 38 519
81 39 601
81 40 698
81 41 514
81 42 577
81 43 511
81 44 910
81 45 205
81 46 1011
81 47 723
81 48 901
81 49 945
81 50 438
81 51 248
81 52 709
81 53 772
81 54 846
81 55 691
81 56 355
81 57 834
81 58 520
81 59 771
81 60 689
81 61 643
81 62 641
81 63 570
81 64 130
81 65 886
81 66 39
81 67 615
81 68 215
81 69 523
81 70 662
81 71 209
81 72 640
81 73 512
81 74 906
81 75 283
81 76 378
81 77 80
81 78 706
81 79 492
81 80 905
81 82 843
81 83 750
81 84 649
81 85 566
81 86 216
81 87 213
81 88 514
81 89 685
81 90 863
81 91 855
81 92 792
81 93 703
81 94 845
81 95 153
81 96 166
81 97 39
81 98 698
81 99 94
81 100 397
82 1 208
82 2 486
82 3 849
82 4 65
82 5 252
82 6 635
82 7 525
82 8 970
82 9 350
82 10 244
82 11 875
82 12 604
82 13 609
82 14 514
82 15 581
82 16 733
82 17 528
82 18 825
82 19 363
82 20 200
82 21 365
82 22 371
82 23 830
82 24 440
82 25 410
82 26 179
82 27 647
82 28 657
82 29 442
82 30 437
82 31 286
82 32 230
82 33 529
82 34 402
82 35 508
82 36 295
82 37 247
82 38 450
82 39 379
82 40 147
82 41 358
82 42 889
82 43 753
82 44 517
82 45 686
82 46 442
82 47 238
82 48 82
82 49 327
82 50 406
82 51 867
82 52 184
82 53 597
82 54 255
82 55 196
82 56 567
82 57 17
82 58 821
82 59 425
82 60 164
82 61 308
82 62 813
82 63 473
82 64 840
82 65 176
82 66 834
82 67 229
82 68 928
82 69 591
82 70 928
82 71 730
82 72 603
82 73 339
82 74 187
82 75 594
82 76 494
82 77 915
82 78 225
82 79 505
82 80 251
82 81 843
82 83 219
82 84 695
82 85 752
82 86 844
82 87 671
82 88 536
82 89 158
82 90 326
82 91 178
82 92 465
82 93 341
82 94 426
82 95 921
82 96 892
82 97 816
82 98 775
82 99 932
82 100 872
83 1 279
83 2 403
83 3 825
83 4 211
83 5 70
83 6 710
83 7 329
83 8 1018
83 9 317
83 10 221
83 11 712
83 12 465
83 13 685
83 14 676
83 15 703
83 16 577
83 17 371
83 18 847
83 19 559
83 20 303
83 21 562
83 22 385
83 23 754
83 24 487
83 25 192
83 26 41
83 27 462
83 28 492
83 29 622
83 30 233
83 31 461
83 32 395
83 33 319
83 34 381
83 35 295
83 36 501
83 37 289
83 38 270
83 39 185
83 40 211
83 41 237
83 42 940
83 43 801
83 44 325
83 45 637
83 46 649
83 47 375
83 48 300
83 49 535
83 50 335
83 51 836
83 52 302
83 53 732
83 54 445
83 55 87
83 56 559
83 57 203
83 58 865
83 59 576
83 60 139
83 61 405
83 62 889
83 63 272
83 64 780
83 65 144
83 66 732
83 67 205
83 68 789
83 69 393
83 70 995
83 71 689
83 72 699
83 73 253
83 74 401
83 75 472
83 76 373
83 77 813
83 78 350
83 79 324
83 80 458
83 81 750
83 82 219
83 84 787
83 85 815
83 86 806
83 87 620
83 88 344
83 89 187
83 90 514
83 91 380
83 92 251
83 93 471
83 94 227
83 95 796
83 96 762
83 97 717
83 98 871
83 99 843
83 100 878
84 1 515
84 2 548
84 3 430
84 4 759
84 5 854
84 6 90
84 7 1095
84 8 314
84 9 505
84 10 570
84 11 912
84 12 697
84 13 109
84 14 302
84 15 150
84 16 806
84 17 727
84 18 274
84 19 481
84 20 504
84 21 484
84 22 418
84 23 586
84 24 308
84 25 884
84 26 768
84 27 862
84 28 798
84 29 394
84 30 996
84 31 453
84 32 479
84 33 901
84 34 453
84 35 907
84 36 544
84 37 498
84 38 765
84 39 781
84 40 590
84 41 644
84 42 238
84 43 162
84 44 1096
84 45 460
84 46 535
84 47 459
84 48 693
84 49 541
84 50 542
84 51 464
84 52 515
84 53 179
84 54 503
84 55 701
84 56 351
84 57 701
84 58 206
84 59 314
84 60 650
84 61 393
84 62 126
84 63 833
84 64 542
84 65 849
84 66 674
84 67 584
84 68 854
84 69 886
84 70 244
84 71 441
84 72 93
84 73 593
84 74 609
84 75 647
84 76 634
84 77 720
84 78 471
84 79 790
84 80 558
84 81 649
84 82 695
84 83 787
84 85 112
84 86 473
84 87 460
84 88 836
84 89 607
84 90 462
84 91 569
84 92 992
84 93 359
84 94 999
84 95 800
84 96 803
84 97 656
84 98 85
84 99 684
84 100 347
85 1 557
85 2 525
85 3 328
85 4 815
85 5 884
85 6 119
85 7 1108
85 8 223
85 9 513
85 10 595
85 11 848
85 12 658
85 13 145
85 14 408
85 15 254
85 16 754
85 17 702
85 18 164
85 19 577
85 20 554
85 21 581
85 22 433
85 23 500
85 24 329
85 25 890
85 26 801
85 27 828
85 28 757
85 29 495
85 30 1010
85 31 534
85 32 550
85 33 889
85 34 453
85 35 900
85 36 633
85 37 533
85 38 755
85 39 784
85 40 632
85 41 645
85 42 142
85 43 57
85 44 1111
85 45 392
85 46 639
85 47 521
85 48 760
85 49 635
85 50 536
85 51 362
85 52 568
85 53 289
85 54 584
85 55 729
85 56 314
85 57 755
85 58 95
85 59 406
85 60 684
85 61 444
85 62 86
85 63 825
85 64 451
85 65 893
85 66 595
85 67 611
85 68 777
85 69 863
85 70 180
85 71 363
85 72 178
85 73 598
85 74 687
85 75 607
85 76 611
85 77 632
85 78 528
85 79 773
85 80 643
85 81 566
85 82 752
85 83 815
85 84 112
85 86 375
85 87 396
85 88 818
85 89 645
85 90 552
85 91 644
85 92 1002
85 93 429
85 94 1017
85 95 719
85 96 726
85 97 578
85 98 133
85 99 591
85 100 236
86 1 639
86 2 408
86 3 57
86 4 898
86 5 870
86 6 415
86 7 1017
86 8 392
86 9 503
86 10 613
86 11 530
86 12 445
86 13 422
86 14 713
86 15 574
86 16 481
86 17 532
86 18 229
86 19 824
86 20 660
86 21 829
86 22 475
86 23 148
86 24 440
86 25 795
86 26 811
86 27 608
86 28 522
86 29 773
86 30 932
86 31 738
86 32 720
86 33 736
86 34 444
86 35 759
86 36 853
86 37 598
86 38 627
86 39 694
86 40 698
86 41 575
86 42 364
86 43 319
86 44 1026
86 45 170
86 46 913
86 47 672
86 48 886
86 49 868
86 50 471
86 51 38
86 52 680
86 53 621
86 54 782
86 55 732
86 56 281
86 57 839
86 58 314
86 59 664
86 60 712
86 61 584
86 62 441
86 63 690
86 64 87
86 65 928
86 66 252
86 67 630
86 68 429
86 69 675
86 70 449
86 71 117
86 72 487
86 73 553
86 74 862
86 75 401
86 76 467
86 77 267
86 78 663
86 79 617
86 80 845
86 81 216
86 82 844
86 83 806
86 84 473
86 85 375
86 87 186
86 88 651
86 89 693
86 90 782
86 91 811
86 92 906
86 93 623
86 94 947
86 95 364
86 96 381
86 97 242
86 98 507
86 99 218
86 100 182
87 1 472
87 2 222
87 3 215
87 4 722
87 5 684
87 6 379
87 7 836
87 8 501
87 9 324
87 10 434
87 11 454
87 12 286
87 13 374
87 14 630
87 15 515
87 16 362
87 17 359
87 18 312
87 19 703
87 20 498
87 21 708
87 22 311
87 23 171
87 24 308
87 25 613
87 26 627
87 27 458
87 28 378
87 29 671
87 30 749
87 31 604
87 32 574
87 33 563
87 34 269
87 35 584
87 36 719
87 37 429
87 38 447
87 39 510
87 40 524
87 41 389
87 42 448
87 43 345
87 44 844
87 45 17
87 46 800
87 47 522
87 48 719
87 49 738
87 50 286
87 51 219
87 52 518
87 53 566
87 54 642
87 55 548
87 56 143
87 57 665
87 58 377
87 59 559
87 60 532
87 61 439
87 62 478
87 63 513
87 64 170
87 65 745
87 66 227
87 67 451
87 68 399
87 69 513
87 70 529
87 71 72
87 72 438
87 73 368
87 74 710
87 75 237
87 76 285
87 77 292
87 78 509
87 79 442
87 80 703
87 81 213
87 82 671
87 83 620
87 84 460
87 85 396
87 86 186
87 88 481
87 89 517
87 90 655
87 91 659
87 92 725
87 93 494
87 94 763
87 95 351
87 96 348
87 97 207
87 98 521
87 99 282
87 100 305
88 1 466
88 2 294
88 3 690
88 4 547
88 5 368
88 6 747
88 7 386
88 8 971
88 9 355
88 10 363
88 11 382
88 12 210
88 13 729
88 14 849
88 15 812
88 16 262
88 17 122
88 18 782
88 19 801
88 20 506
88 21 805
88 22 441
88 23 546
88 24 543
88 25 197
88 26 379
88 27 121
88 28 175
88 29 831
88 30 323
88 31 686
88 32 622
88 33 87
88 34 390
88 35 114
88 36 766
88 37 440
88 38 93
88 39 161
88 40 445
88 41 224
88 42 907
88 43 782
88 44 399
88 45 494
88 46 904
88 47 579
88 48 616
88 49 798
88 50 299
88 51 687
88 52 518
88 53 855
88 54 693
88 55 341
88 56 505
88 57 521
88 58 831
88 59 747
88 60 383
88 61 554
88 62 903
88 63 75
88 64 593
88 65 483
88 66 485
88 67 364
88 68 483
88 69 59
88 70 982
88 71 550
88 72 770
88 73 276
88 74 690
88 75 250
88 76 208
88 77 556
88 78 552
88 79 48
88 80 728
88 81 514
88 82 536
88 83 344
88 84 836
88 85 818
88 86 651
88 87 481
88 89 416
88 90 748
88 91 652
88 92 283
88 93 638
88 94 345
88 95 508
88 96 468
88 97 476
88 98 916
88 99 603
88 100 784
89 1 94
89 2 329
89 3 703
89 4 206
89 5 251
89 6 534
89 7 513
89 8 855
89 9 194
89 10 86
89 11 729
89 12 453
89 13 508
89 14 493
89 15 518
89 16 586
89 17 385
89 18 696
89 19 397
89 20 119
89 21 400
89 22 229
89 23 673
89 24 318
89 25 340
89 26 162
89 27 516
89 28 514
89 29 447
89 30 414
89 31 289
89 32 222
89 33 429
89 34 250
89 35 416
89 36 353
89 37 113
89 38 324
89 39 272
89 40 31
89 41 212
89 42 775
89 43 637
89 44 510
89 45 533
89 46 496
89 47 193
89 48 223
89 49 386
89 50 248
89 51 719
89 52 120
89 53 546
89 54 284
89 55 108
89 56 423
89 57 150
89 58 703
89 59 392
89 60 49
89 61 220
89 62 715
89 63 363
89 64 685
89 65 251
89 66 677
89 67 72
89 68 774
89 69 474
89 70 824
89 71 578
89 72 517
89 73 184
89 74 275
89 75 439
89 76 341
89 77 758
89 78 167
89 79 378
89 80 314
89 81 685
89 82 158
89 83 187
89 84 607
89 85 645
89 86 693
89 87 517
89 88 416
89 90 347
89 91 237
89 92 426
89 93 285
89 94 412
89 95 765
89 96 737
89 97 658
89 98 690
89 99 774
89 100 736
90 1 282
90 2 563
90 3 765
90 4 381
90 5 564
90 6 437
90 7 839
90 8 771
90 9 424
90 10 385
90 11 1004
90 12 726
90 13 414
90 14 203
90 15 318
90 16 864
90 17 689
90 18 676
90 19 54
90 20 242
90 21 59
90 22 370
90 23 825
90 24 349
90 25 685
90 26 478
90 27 833
90 28 810
90 29 117
90 30 745
90 31 63
90 32 127
90 33 772
90 34 432
90 35 761
90 36 82
90 37 312
90 38 656
90 39 617
90 40 317
90 41 526
90 42 692
90 43 576
90 44 833
90 45 666
90 46 160
90 47 170
90 48 282
90 49 87
90 50 497
90 51 793
90 52 232
90 53 314
90 54 72
90 55 451
90 56 515
90 57 339
90 58 641
90 59 149
90 60 392
90 61 225
90 62 587
90 63 704
90 64 812
90 65 502
90 66 869
90 67 385
90 68 1012
90 69 807
90 70 706
90 71 688
90 72 376
90 73 479
90 74 167
90 75 694
90 76 618
90 77 943
90 78 197
90 79 705
90 80 103
90 81 863
90 82 326
90 83 514
90 84 462
90 85 552
90 86 782
90 87 655
90 88 748
90 89 347
90 91 150
90 92 764
90 93 161
90 94 738
90 95 983
90 96 966
90 97 849
90 98 527
90 99 936
90 100 740
91 1 207
91 2 520
91 3 804
91 4 231
91 5 424
91 6 525
91 7 699
91 8 866
91 9 373
91 10 300
91 11 949
91 12 669
91 13 499
91 14 347
91 15 438
91 16 806
91 17 614
91 18 745
91 19 185
91 20 170
91 21 187
91 22 350
91 23 828
91 24 374
91 25 562
91 26 342
91 27 750
91 28 741
91 29 267
91 30 608
91 31 122
91 32 96
91 33 663
91 34 402
91 35 648
91 36 122
91 37 249
91 38 560
91 39 507
91 40 208
91 41 442
91 42 785
91 43 657
91 44 692
91 45 673
91 46 270
91 47 140
91 48 134
91 49 155
91 50 444
91 51 828
91 52 151
91 53 444
91 54 80
91 55 328
91 56 531
91 57 193
91 58 724
91 59 270
91 60 274
91 61 228
91 62 692
91 63 599
91 64 825
91 65 353
91 66 855
91 67 294
91 68 977
91 69 710
91 70 811
91 71 705
91 72 477
91 73 403
91 74 52
91 75 646
91 76 556
91 77 933
91 78 150
91 79 614
91 80 79
91 81 855
91 82 178
91 83 380
91 84 569
91 85 644
91 86 811
91 87 659
91 88 652
91 89 237
91 90 150
91 92 631
91 93 216
91 94 598
91 95 958
91 96 935
91 97 835
91 98 643
91 99 937
91 100 802
92 1 513
92 2 509
92 3 939
92 4 440
92 5 215
92 6 909
92 7 112
92 8 1185
92 9 490
92 10 429
92 11 649
92 12 484
92 13 886
92 14 918
92 15 929
92 16 543
92 17 384
92 18 1001
92 19 810
92 20 543
92 21 813
92 22 576
92 23 817
92 24 685
92 25 114
92 26 290
92 27 389
92 28 456
92 29 870
92 30 49
92 31 710
92 32 643
92 33 205
92 34 549
92 35 172
92 36 752
92 37 511
92 38 280
92 39 221
92 40 454
92 41 359
92 42 1113
92 43 977
92 44 120
92 45 740
92 46 900
92 47 618
92 48 541
92 49 785
92 50 472
92 51 941
92 52 546
92 53 962
92 54 696
92 55 318
92 56 709
92 57 448
92 58 1036
92 59 816
92 60 378
92 61 634
92 62 1082
92 63 222
92 64 859
92 65 327
92 66 764
92 67 418
92 68 762
92 69 297
92 70 1177
92 71 797
92 72 911
92 73 404
92 74 650
92 75 515
92 76 441
92 77 837
92 78 592
92 79 301
92 80 708
92 81 792
92 82 465
92 83 251
92 84 992
92 85 1002
92 86 906
92 87 725
92 88 283
92 89 426
92 90 764
92 91 631
92 93 708
92 94 75
92 95 790
92 96 750
92 97 754
92 98 1077
92 99 882
92 100 1017
93 1 195
93 2 418
93 3 609
93 4 405
93 5 533
93 6 310
93 7 797
93 8 651
93 9 291
93 10 287
93 11 858
93 12 585
93 13 284
93 14 215
93 15 242
93 16 722
93 17 562
93 18 534
93 19 209
93 20 168
93 21 214
93 22 221
93 23 665
93 24 188
93 25 613
93 26 443
93 27 709
93 28 675
93 29 199
93 30 699
93 31 117
93 32 122
93 33 676
93 34 284
93 35 671
93 36 231
93 37 204
93 38 548
93 39 528
93 40 260
93 41 414
93 42 570
93 43 442
93 44 795
93 45 505
93 46 310
93 47 104
93 48 335
93 49 246
93 50 361
93 51 635
93 52 172
93 53 263
93 54 164
93 55 391
93 56 354
93 57 348
93 58 510
93 59 112
93 60 333
93 61 84
93 62 480
93 63 606
93 64 651
93 65 504
93 66 711
93 67 294
93 68 858
93 69 696
93 70 598
93 71 528
93 72 266
93 73 362
93 74 261
93 75 549
93 76 482
93 77 783
93 78 123
93 79 592
93 80 227
93 81 703
93 82 341
93 83 471
93 84 359
93 85 429
93 86 623
93 87 494
93 88 638
93 89 285
93 90 161
93 91 216
93 92 708
93 94 696
93 95 826
93 96 811
93 97 690
93 98 436
93 99 776
93 100 593
94 1 503
94 2 544
94 3 977
94 4 393
94 5 175
94 6 919
94 7 102
94 8 1208
94 9 505
94 10 430
94 11 718
94 12 537
94 13 895
94 14 903
94 15 925
94 16 607
94 17 436
94 18 1028
94 19 781
94 20 530
94 21 783
94 22 586
94 23 866
94 24 694
94 25 156
94 26 261
94 27 456
94 28 519
94 29 848
94 30 26
94 31 686
94 32 621
94 33 272
94 34 567
94 35 239
94 36 718
94 37 507
94 38 327
94 39 254
94 40 438
94 41 384
94 42 1133
94 43 996
94 44 99
94 45 779
94 46 866
94 47 601
94 48 498
94 49 751
94 50 497
94 51 981
94 52 529
94 53 956
94 54 668
94 55 306
94 56 735
94 57 410
94 58 1057
94 59 803
94 60 364
94 61 628
94 62 1095
94 63 278
94 64 905
94 65 273
94 66 819
94 67 417
94 68 827
94 69 365
94 70 1195
94 71 835
94 72 915
94 73 423
94 74 613
94 75 564
94 76 482
94 77 894
94 78 577
94 79 356
94 80 674
94 81 845
94 82 426
94 83 227
94 84 999
94 85 1017
94 86 947
94 87 763
94 88 345
94 89 412
94 90 738
94 91 598
94 92 75
94 93 696
94 95 852
94 96 812
94 97 808
94 98 1084
94 99 937
94 100 1049
95 1 753
95 2 440
95 3 420
95 4 958
95 5 843
95 6 724
95 7 889
95 8 753
95 9 587
95 10 680
95 11 203
95 12 331
95 13 722
95 14 979
95 15 866
95 16 249
95 17 429
95 18 589
95 19 1034
95 20 788
95 21 1039
95 22 616
95 23 221
95 24 646
95 25 700
95 26 818
95 27 408
95 28 334
95 29 1013
95 30 830
95 31 926
95 32 885
95 33 587
95 34 558
95 35 619
95 36 1037
95 37 710
95 38 539
95 39 627
95 40 783
95 41 571
95 42 727
95 43 663
95 44 903
95 45 347
95 46 1135
95 47 832
95 48 986
95 49 1061
95 50 520
95 51 393
95 52 808
95 53 916
95 54 958
95 55 750
95 56 491
95 57 910
95 58 672
95 59 903
95 60 760
95 61 759
95 62 793
95 63 575
95 64 278
95 65 938
95 66 126
95 67 693
95 68 69
95 69 499
95 70 812
95 71 360
95 72 787
95 73 582
95 74 1008
95 75 329
95 76 430
95 77 104
95 78 812
95 79 499
95 80 1015
95 81 153
95 82 921
95 83 796
95 84 800
95 85 719
95 86 364
95 87 351
95 88 508
95 89 765
95 90 983
95 91 958
95 92 790
95 93 826
95 94 852
95 96 42
95 97 145
95 98 850
95 99 168
95 100 544
96 1 730
96 2 416
96 3 437
96 4 927
96 5 807
96 6 725
96 7 849
96 8 772
96 9 563
96 10 653
96 11 167
96 12 297
96 13 721
96 14 970
96 15 862
96 16 208
96 17 393
96 18 603
96 19 1017
96 20 766
96 21 1022
96 22 597
96 23 235
96 24 633
96 25 662
96 26 785
96 27 367
96 28 294
96 29 1000
96 30 790
96 31 908
96 32 865
96 33 547
96 34 538
96 35 579
96 36 1018
96 37 687
96 38 503
96 39 591
96 40 756
96 41 539
96 42 742
96 43 671
96 44 863
96 45 345
96 46 1120
96 47 812
96 48 959
96 49 1042
96 50 494
96 51 412
96 52 785
96 53 912
96 54 939
96 55 719
96 56 483
96 57 881
96 58 684
96 59 891
96 60 731
96 61 741
96 62 802
96 63 537
96 64 294
96 65 905
96 66 132
96 67 666
96 68 52
96 69 459
96 70 827
96 71 364
96 72 785
96 73 554
96 74 985
96 75 299
96 76 400
96 77 134
96 78 792
96 79 461
96 80 994
96 81 166
96 82 892
96 83 762
96 84 803
96 85 726
96 86 381
96 87 348
96 88 468
96 89 737
96 90 966
96 91 935
96 92 750
96 93 811
96 94 812
96 95 42
96 97 148
96 98 856
96 99 198
96 100 562
97 1 635
97 2 330
97 3 297
97 4 858
97 5 771
97 6 580
97 7 861
97 8 631
97 9 471
97 10 572
97 11 289
97 12 271
97 13 577
97 14 836
97 15 721
97 16 256
97 17 373
97 18 458
97 19 899
97 20 667
97 21 904
97 22 488
97 23 96
97 24 507
97 25 653
97 26 733
97 27 403
97 28 318
97 29 873
97 30 789
97 31 795
97 32 757
97 33 561
97 34 433
97 35 590
97 36 908
97 37 591
97 38 483
97 39 565
97 40 673
97 41 482
97 42 597
97 43 523
97 44 872
97 45 202
97 46 999
97 47 704
97 48 876
97 49 929
97 50 411
97 51 276
97 52 687
97 53 772
97 54 829
97 55 660
97 56 348
97 57 807
97 58 537
97 59 763
97 60 661
97 61 627
97 62 655
97 63 533
97 64 157
97 65 855
97 66 21
97 67 587
97 68 199
97 69 485
97 70 682
97 71 217
97 72 642
97 73 483
97 74 886
97 75 248
97 76 344
97 77 100
97 78 687
97 79 454
97 80 888
97 81 39
97 82 816
97 83 717
97 84 656
97 85 578
97 86 242
97 87 207
97 88 476
97 89 658
97 90 849
97 91 835
97 92 754
97 93 690
97 94 808
97 95 145
97 96 148
97 98 709
97 99 129
97 100 421
98 1 598
98 2 626
98 3 459
98 4 840
98 5 939
98 6 170
98 7 1180
98 8 273
98 9 589
98 10 655
98 11 974
98 12 771
98 13 192
98 14 350
98 15 209
98 16 875
98 17 805
98 18 289
98 19 540
98 20 587
98 21 543
98 22 502
98 23 632
98 24 392
98 25 968
98 26 852
98 27 938
98 28 871
98 29 447
98 30 1080
98 31 524
98 32 556
98 33 982
98 34 535
98 35 990
98 36 608
98 37 583
98 38 847
98 39 865
98 40 673
98 41 727
98 42 209
98 43 190
98 44 1181
98 45 518
98 46 583
98 47 539
98 48 769
98 49 602
98 50 624
98 51 492
98 52 597
98 53 222
98 54 573
98 55 785
98 56 423
98 57 781
98 58 207
98 59 380
98 60 734
98 61 475
98 62 84
98 63 916
98 64 583
98 65 931
98 66 726
98 67 669
98 68 908
98 69 965
98 70 188
98 71 493
98 72 175
98 73 677
98 74 680
98 75 720
98 76 713
98 77 765
98 78 552
98 79 870
98 80 626
98 81 698
98 82 775
98 83 871
98 84 85
98 85 133
98 86 507
98 87 521
98 88 916
98 89 690
98 90 527
98 91 643
98 92 1077
98 93 436
98 94 1084
98 95 850
98 96 856
98 97 709
98 99 723
98 100 358
99 1 743
99 2 449
99 3 271
99 4 977
99 5 898
99 6 618
99 7 988
99 8 597
99 9 583
99 10 688
99 11 364
99 12 400
99 13 621
99 14 899
99 15 771
99 16 369
99 17 502
99 18 447
99 19 984
99 20 773
99 21 989
99 22 588
99 23 111
99 24 588
99 25 781
99 26 858
99 27 524
99 28 440
99 29 948
99 30 917
99 31 885
99 32 854
99 33 688
99 34 538
99 35 717
99 36 1000
99 37 699
99 38 612
99 39 694
99 40 787
99 41 607
99 42 579
99 43 534
99 44 1000
99 45 271
99 46 1080
99 47 802
99 48 988
99 49 1019
99 50 528
99 51 241
99 52 792
99 53 820
99 54 923
99 55 783
99 56 422
99 57 923
99 58 531
99 59 836
99 60 780
99 61 720
99 62 658
99 63 661
99 64 142
99 65 979
99 66 119
99 67 704
99 68 236
99 69 609
99 70 663
99 71 257
99 72 687
99 73 604
99 74 988
99 75 376
99 76 471
99 77 65
99 78 787
99 79 582
99 80 984
99 81 94
99 82 932
99 83 843
99 84 684
99 85 591
99 86 218
99 87 282
99 88 603
99 89 774
99 90 936
99 91 937
99 92 882
99 93 776
99 94 937
99 95 168
99 96 198
99 97 129
99 98 723
99 100 393
100 1 664
100 2 509
100 3 126
100 4 932
100 5 946
100 6 318
100 7 1128
100 8 211
100 9 562
100 10 666
100 11 708
100 12 589
100 13 335
100 14 628
100 15 476
100 16 647
100 17 663
100 18 73
100 19 774
100 20 675
100 21 779
100 22 507
100 23 328
100 24 435
100 25 904
100 26 875
100 27 760
100 28 677
100 29 705
100 30 1037
100 31 709
100 32 707
100 33 866
100 34 498
100 35 885
100 36 819
100 37 629
100 38 745
100 39 798
100 40 733
100 41 666
100 42 187
100 43 186
100 44 1135
100 45 292
100 46 850
100 47 666
100 48 899
100 49 826
100 50 553
100 51 153
100 52 693
100 53 518
100 54 757
100 55 797
100 56 320
100 57 870
100 58 152
100 59 603
100 60 765
100 61 579
100 62 281
100 63 812
100 64 268
100 65 984
100 66 433
100 67 684
100 68 610
100 69 817
100 70 270
100 71 239
100 72 391
100 73 632
100 74 851
100 75 541
100 76 584
100 77 446
100 78 664
100 79 745
100 80 819
100 81 397
100 82 872
100 83 878
100 84 347
100 85 236
100 86 182
100 87 305
100 88 784
100 89 736
100 90 740
100 91 802
100 92 1017
100 93 593
100 94 1049
100 95 544
100 96 562
100 97 421
100 98 358
100 99 393
