nnodes nedges type capacity P s t
100  4950  graph  1000 100 1 100 
nodename posx posy itemvalue itemweight
1 537 14 0 0
2 417 162 316 60
3 815 180 436 1
4 96 666 146 82
5 718 318 133 38
6 873 237 278 20
7 756 476 318 77
8 545 366 350 57
9 802 127 241 59
10 491 38 407 49
11 664 465 455 68
12 81 943 388 5
13 110 882 338 41
14 260 966 447 91
15 468 770 123 45
16 796 358 1 58
17 136 565 104 69
18 520 303 69 91
19 745 616 69 67
20 970 463 372 53
21 286 195 404 1
22 52 42 72 21
23 671 598 30 21
24 760 473 177 70
25 725 251 31 36
26 863 742 370 85
27 717 944 155 9
28 37 179 41 93
29 179 297 450 39
30 497 999 435 72
31 419 645 184 36
32 357 908 81 87
33 211 229 456 49
34 211 956 29 24
35 845 533 215 100
36 772 483 76 71
37 728 824 252 99
38 525 399 43 33
39 774 285 271 20
40 224 500 403 53
41 889 87 7 72
42 594 958 137 61
43 384 983 233 29
44 137 563 5 82
45 280 986 368 40
46 562 52 105 3
47 632 920 227 85
48 960 843 41 82
49 149 171 333 69
50 151 347 57 100
51 57 923 320 84
52 182 785 370 71
53 100 708 334 12
54 185 874 204 4
55 345 761 483 58
56 726 586 256 41
57 849 320 81 44
58 544 585 2 13
59 303 33 124 58
60 148 936 346 91
61 20 710 149 50
62 340 652 245 27
63 982 300 486 85
64 847 484 260 71
65 823 998 353 16
66 831 880 70 72
67 922 13 151 91
68 666 374 95 84
69 73 203 54 50
70 248 771 87 89
71 964 975 459 94
72 709 165 229 39
73 647 254 437 82
74 102 303 204 13
75 287 250 292 49
76 591 307 255 40
77 313 931 499 100
78 311 295 167 84
79 583 158 284 26
80 779 406 154 89
81 157 962 94 75
82 639 431 12 44
83 328 305 217 6
84 157 753 228 71
85 860 405 107 66
86 524 176 11 65
87 732 234 360 91
88 694 732 456 48
89 840 796 173 59
90 35 127 60 16
91 399 978 59 15
92 787 712 255 9
93 909 450 166 73
94 7 844 393 49
95 961 139 51 98
96 250 470 289 96
97 101 889 325 1
98 901 429 239 41
99 546 58 258 18
100 535 758 0 0
endpoint1 endpoint2 weight
1 2 191
1 3 324
1 4 788
1 5 354
1 6 404
1 7 512
1 8 353
1 9 289
1 10 52
1 11 469
1 12 1035
1 13 968
1 14 992
1 15 760
1 16 431
1 17 682
1 18 290
1 19 637
1 20 624
1 21 310
1 22 486
1 23 600
1 24 511
1 25 303
1 26 798
1 27 948
1 28 527
1 29 457
1 30 986
1 31 642
1 32 912
1 33 391
1 34 997
1 35 604
1 36 525
1 37 833
1 38 386
1 39 361
1 40 579
1 41 360
1 42 946
1 43 982
1 44 680
1 45 1006
1 46 46
1 47 911
1 48 931
1 49 419
1 50 510
1 51 1028
1 52 849
1 53 821
1 54 930
1 55 772
1 56 603
1 57 438
1 58 572
1 59 235
1 60 1001
1 61 868
1 62 668
1 63 529
1 64 564
1 65 1025
1 66 915
1 67 386
1 68 383
1 69 502
1 70 811
1 71 1052
1 72 229
1 73 265
1 74 523
1 75 344
1 76 298
1 77 944
1 78 361
1 79 152
1 80 461
1 81 1022
1 82 430
1 83 359
1 84 831
1 85 508
1 86 163
1 87 294
1 88 735
1 89 839
1 90 515
1 91 974
1 92 742
1 93 574
1 94 985
1 95 443
1 96 539
1 97 978
1 98 553
1 99 45
1 100 745
2 1 191
2 3 399
2 4 598
2 5 340
2 6 463
2 7 463
2 8 241
2 9 387
2 10 145
2 11 391
2 12 851
2 13 783
2 14 820
2 15 611
2 16 427
2 17 492
2 18 175
2 19 561
2 20 630
2 21 136
2 22 385
2 23 505
2 24 464
2 25 321
2 26 732
2 27 838
2 28 381
2 29 274
2 30 841
2 31 484
2 32 749
2 33 217
2 34 821
2 35 567
2 36 479
2 37 732
2 38 261
2 39 378
2 40 390
2 41 478
2 42 816
2 43 822
2 44 490
2 45 836
2 46 183
2 47 788
2 48 871
2 49 269
2 50 325
2 51 842
2 52 666
2 53 632
2 54 749
2 55 604
2 56 525
2 57 460
2 58 442
2 59 173
2 60 820
2 61 677
2 62 497
2 63 582
2 64 538
2 65 930
2 66 829
2 67 527
2 68 328
2 69 347
2 70 633
2 71 980
2 72 293
2 73 248
2 74 346
2 75 157
2 76 227
2 77 777
2 78 171
2 79 167
2 80 437
2 81 842
2 82 349
2 83 169
2 84 646
2 85 506
2 86 108
2 87 324
2 88 634
2 89 763
2 90 384
2 91 817
2 92 663
2 93 571
2 94 796
2 95 545
2 96 351
2 97 793
2 98 553
2 99 166
2 100 608
3 1 324
3 2 399
3 4 868
3 5 169
3 6 82
3 7 302
3 8 328
3 9 55
3 10 354
3 11 323
3 12 1059
3 13 995
3 14 963
3 15 685
3 16 180
3 17 781
3 18 320
3 19 442
3 20 323
3 21 530
3 22 776
3 23 443
3 24 299
3 25 115
3 26 565
3 27 771
3 28 779
3 29 647
3 30 879
3 31 611
3 32 861
3 33 606
3 34 984
3 35 355
3 36 307
3 37 650
3 38 364
3 39 113
3 40 673
3 41 119
3 42 809
3 43 912
3 44 779
3 45 968
3 46 284
3 47 763
3 48 679
3 49 667
3 50 685
3 51 1062
3 52 876
3 53 889
3 54 938
3 55 748
3 56 416
3 57 145
3 58 488
3 59 533
3 60 1009
3 61 956
3 62 670
3 63 206
3 64 306
3 65 819
3 66 701
3 67 199
3 68 245
3 69 743
3 70 820
3 71 809
3 72 108
3 73 184
3 74 724
3 75 533
3 76 258
3 77 904
3 78 517
3 79 234
3 80 229
3 81 1023
3 82 307
3 83 503
3 84 873
3 85 230
3 86 292
3 87 100
3 88 566
3 89 617
3 90 782
3 91 900
3 92 533
3 93 286
3 94 1046
3 95 152
3 96 636
3 97 1007
3 98 264
3 99 296
3 100 643
4 1 788
4 2 598
4 3 868
4 5 713
4 6 888
4 7 687
4 8 541
4 9 889
4 10 742
4 11 603
4 12 278
4 13 217
4 14 342
4 15 387
4 16 765
4 17 109
4 18 559
4 19 651
4 20 898
4 21 508
4 22 626
4 23 580
4 24 692
4 25 754
4 26 771
4 27 681
4 28 491
4 29 379
4 30 522
4 31 324
4 32 356
4 33 452
4 34 312
4 35 761
4 36 701
4 37 652
4 38 506
4 39 778
4 40 210
4 41 982
4 42 578
4 43 429
4 44 111
4 45 370
4 46 771
4 47 594
4 48 882
4 49 498
4 50 324
4 51 260
4 52 147
4 53 43
4 54 227
4 55 267
4 56 636
4 57 829
4 58 456
4 59 666
4 60 275
4 61 88
4 62 245
4 63 959
4 64 773
4 65 800
4 66 766
4 67 1053
4 68 641
4 69 464
4 70 185
4 71 922
4 72 792
4 73 689
4 74 364
4 75 458
4 76 612
4 77 343
4 78 429
4 79 704
4 80 731
4 81 303
4 82 592
4 83 430
4 84 107
4 85 808
4 86 651
4 87 769
4 88 602
4 89 756
4 90 543
4 91 435
4 92 693
4 93 842
4 94 200
4 95 1013
4 96 250
4 97 224
4 98 840
4 99 757
4 100 449
5 1 354
5 2 340
5 3 169
5 4 713
5 6 175
5 7 163
5 8 180
5 9 209
5 10 361
5 11 157
5 12 893
5 13 830
5 14 794
5 15 517
5 16 88
5 17 633
5 18 199
5 19 300
5 20 291
5 21 450
5 22 721
5 23 284
5 24 161
5 25 68
5 26 449
5 27 627
5 28 696
5 29 540
5 30 716
5 31 444
5 32 692
5 33 515
5 34 815
5 35 250
5 36 174
5 37 507
5 38 210
5 39 65
5 40 527
5 41 288
5 42 652
5 43 745
5 44 631
5 45 799
5 46 309
5 47 609
5 48 579
5 49 588
5 50 568
5 51 897
5 52 711
5 53 731
5 54 771
5 55 580
5 56 269
5 57 132
5 58 319
5 59 504
5 60 841
5 61 801
5 62 505
5 63 265
5 64 211
5 65 689
5 66 574
5 67 367
5 68 77
5 69 656
5 70 653
5 71 702
5 72 154
5 73 96
5 74 617
5 75 437
5 76 128
5 77 735
5 78 408
5 79 210
5 80 108
5 81 855
5 82 138
5 83 391
5 84 710
5 85 167
5 86 241
5 87 86
5 88 415
5 89 494
5 90 710
5 91 734
5 92 400
5 93 233
5 94 885
5 95 302
5 96 493
5 97 841
5 98 215
5 99 312
5 100 477
6 1 404
6 2 463
6 3 82
6 4 888
6 5 175
6 7 267
6 8 353
6 9 131
6 10 431
6 11 310
6 12 1061
6 13 1000
6 14 953
6 15 670
6 16 144
6 17 807
6 18 360
6 19 401
6 20 246
6 21 589
6 22 844
6 23 414
6 24 262
6 25 149
6 26 506
6 27 725
6 28 839
6 29 697
6 30 850
6 31 611
6 32 847
6 33 663
6 34 978
6 35 298
6 36 266
6 37 605
6 38 384
6 39 111
6 40 701
6 41 151
6 42 774
6 43 892
6 44 805
6 45 956
6 46 362
6 47 725
6 48 613
6 49 728
6 50 731
6 51 1067
6 52 882
6 53 906
6 54 938
6 55 744
6 56 379
6 57 87
6 58 479
6 59 606
6 60 1008
6 61 976
6 62 676
6 63 126
6 64 249
6 65 763
6 66 645
6 67 230
6 68 249
6 69 801
6 70 823
6 71 744
6 72 180
6 73 227
6 74 774
6 75 587
6 76 291
6 77 892
6 78 565
6 79 301
6 80 194
6 81 1019
6 82 304
6 83 550
6 84 883
6 85 169
6 86 355
6 87 142
6 88 527
6 89 560
6 90 846
6 91 880
6 92 483
6 93 217
6 94 1058
6 95 132
6 96 666
6 97 1011
6 98 195
6 99 373
6 100 622
7 1 512
7 2 463
7 3 302
7 4 687
7 5 163
7 6 267
7 8 238
7 9 353
7 10 512
7 11 93
7 12 821
7 13 763
7 14 698
7 15 412
7 16 125
7 17 627
7 18 293
7 19 141
7 20 215
7 21 548
7 22 828
7 23 149
7 24 5
7 25 228
7 26 287
7 27 470
7 28 778
7 29 605
7 30 584
7 31 378
7 32 589
7 33 599
7 34 727
7 35 106
7 36 18
7 37 350
7 38 244
7 39 192
7 40 533
7 41 412
7 42 509
7 43 629
7 44 626
7 45 698
7 46 467
7 47 461
7 48 420
7 49 680
7 50 619
7 51 830
7 52 652
7 53 696
7 54 697
7 55 501
7 56 115
7 57 182
7 58 239
7 59 634
7 60 763
7 61 773
7 62 452
7 63 287
7 64 92
7 65 527
7 66 411
7 67 492
7 68 137
7 69 736
7 70 588
7 71 541
7 72 315
7 73 248
7 74 677
7 75 521
7 76 237
7 77 636
7 78 481
7 79 363
7 80 74
7 81 772
7 82 126
7 83 461
7 84 660
7 85 126
7 86 380
7 87 244
7 88 264
7 89 331
7 90 802
7 91 616
7 92 239
7 93 156
7 94 835
7 95 395
7 96 507
7 97 775
7 98 153
7 99 468
7 100 359
8 1 353
8 2 241
8 3 328
8 4 541
8 5 180
8 6 353
8 7 238
8 9 351
8 10 333
8 11 155
8 12 741
8 13 675
8 14 665
8 15 412
8 16 252
8 17 455
8 18 68
8 19 321
8 20 436
8 21 311
8 22 590
8 23 265
8 24 241
8 25 214
8 26 493
8 27 604
8 28 542
8 29 373
8 30 635
8 31 307
8 32 574
8 33 362
8 34 678
8 35 344
8 36 256
8 37 494
8 38 39
8 39 243
8 40 348
8 41 443
8 42 595
8 43 638
8 44 454
8 45 675
8 46 315
8 47 561
8 48 633
8 49 442
8 50 395
8 51 741
8 52 555
8 53 562
8 54 623
8 55 443
8 56 285
8 57 308
8 58 220
8 59 412
8 60 695
8 61 628
8 62 352
8 63 442
8 64 325
8 65 691
8 66 589
8 67 517
8 68 122
8 69 500
8 70 503
8 71 740
8 72 260
8 73 152
8 74 448
8 75 283
8 76 75
8 77 611
8 78 245
8 79 212
8 80 238
8 81 712
8 82 115
8 83 226
8 84 549
8 85 318
8 86 192
8 87 229
8 88 396
8 89 522
8 90 564
8 91 630
8 92 423
8 93 374
8 94 720
8 95 474
8 96 313
8 97 687
8 98 362
8 99 309
8 100 393
9 1 289
9 2 387
9 3 55
9 4 889
9 5 209
9 6 131
9 7 353
9 8 351
9 10 324
9 11 366
9 12 1089
9 13 1025
9 14 999
9 15 725
9 16 232
9 17 798
9 18 333
9 19 493
9 20 376
9 21 521
9 22 755
9 23 489
9 24 349
9 25 146
9 26 619
9 27 822
9 28 767
9 29 646
9 30 924
9 31 645
9 32 899
9 33 600
9 34 1019
9 35 409
9 36 358
9 37 701
9 38 389
9 39 161
9 40 688
9 41 96
9 42 857
9 43 953
9 44 796
9 45 1006
9 46 252
9 47 812
9 48 734
9 49 655
9 50 688
9 51 1091
9 52 905
9 53 912
9 54 969
9 55 782
9 56 466
9 57 199
9 58 526
9 59 508
9 60 1041
9 61 976
9 62 700
9 63 250
9 64 360
9 65 872
9 66 754
9 67 166
9 68 282
9 69 733
9 70 850
9 71 864
9 72 101
9 73 201
9 74 722
9 75 530
9 76 278
9 77 942
9 78 519
9 79 222
9 80 280
9 81 1056
9 82 345
9 83 507
9 84 899
9 85 284
9 86 283
9 87 128
9 88 615
9 89 671
9 90 767
9 91 942
9 92 586
9 93 341
9 94 1071
9 95 160
9 96 650
9 97 1036
9 98 318
9 99 266
9 100 686
10 1 52
10 2 145
10 3 354
10 4 742
10 5 361
10 6 431
10 7 512
10 8 333
10 9 324
10 11 461
10 12 994
10 13 927
10 14 957
10 15 733
10 16 443
10 17 636
10 18 267
10 19 632
10 20 641
10 21 259
10 22 440
10 23 589
10 24 512
10 25 317
10 26 797
10 27 934
10 28 476
10 29 406
10 30 962
10 31 612
10 32 881
10 33 339
10 34 960
10 35 609
10 36 527
10 37 821
10 38 363
10 39 376
10 40 534
10 41 402
10 42 926
10 43 952
10 44 634
10 45 972
10 46 73
10 47 894
10 48 932
10 49 367
10 50 460
10 51 986
10 52 809
10 53 776
10 54 891
10 55 738
10 56 597
10 57 456
10 58 550
10 59 189
10 60 962
10 61 821
10 62 633
10 63 557
10 64 571
10 65 1016
10 66 909
10 67 432
10 68 379
10 69 450
10 70 773
10 71 1050
10 72 253
10 73 267
10 74 471
10 75 295
10 76 287
10 77 911
10 78 314
10 79 152
10 80 468
10 81 983
10 82 420
10 83 313
10 84 790
10 85 521
10 86 142
10 87 311
10 88 724
10 89 835
10 90 465
10 91 945
10 92 737
10 93 587
10 94 941
10 95 481
10 96 495
10 97 937
10 98 567
10 99 59
10 100 722
11 1 469
11 2 391
11 3 323
11 4 603
11 5 157
11 6 310
11 7 93
11 8 155
11 9 366
11 10 461
11 12 754
11 13 694
11 14 644
11 15 363
11 16 170
11 17 538
11 18 217
11 19 172
11 20 307
11 21 465
11 22 744
11 23 134
11 24 97
11 25 223
11 26 342
11 27 482
11 28 690
11 29 514
11 30 560
11 31 305
11 32 539
11 33 511
11 34 669
11 35 194
11 36 110
11 37 365
11 38 154
11 39 211
11 40 442
11 41 440
11 42 498
11 43 589
11 44 537
11 45 648
11 46 426
11 47 457
11 48 481
11 49 594
11 50 527
11 51 761
11 52 579
11 53 615
11 54 630
11 55 436
11 56 136
11 57 236
11 58 170
11 59 563
11 60 699
11 61 690
11 62 375
11 63 359
11 64 184
11 65 557
11 66 448
11 67 521
11 68 92
11 69 647
11 70 517
11 71 592
11 72 304
11 73 212
11 74 585
11 75 434
11 76 175
11 77 584
11 78 392
11 79 318
11 80 130
11 81 710
11 82 43
11 83 373
11 84 584
11 85 205
11 86 322
11 87 241
11 88 269
11 89 375
11 90 715
11 91 578
11 92 276
11 93 246
11 94 759
11 95 442
11 96 415
11 97 705
11 98 240
11 99 424
11 100 321
12 1 1035
12 2 851
12 3 1059
12 4 278
12 5 893
12 6 1061
12 7 821
12 8 741
12 9 1089
12 10 994
12 11 754
12 13 68
12 14 181
12 15 424
12 16 924
12 17 382
12 18 777
12 19 741
12 20 1011
12 21 776
12 22 902
12 23 684
12 24 826
12 25 946
12 26 808
12 27 637
12 28 766
12 29 654
12 30 420
12 31 451
12 32 279
12 33 726
12 34 131
12 35 868
12 36 831
12 37 658
12 38 703
12 39 956
12 40 466
12 41 1178
12 42 514
12 43 306
12 44 385
12 45 204
12 46 1013
12 47 552
12 48 885
12 49 775
12 50 601
12 51 32
12 52 188
12 53 236
12 54 125
12 55 321
12 56 738
12 57 989
12 58 586
12 59 937
12 60 68
12 61 241
12 62 390
12 63 1107
12 64 893
12 65 745
12 66 753
12 67 1254
12 68 817
12 69 741
12 70 240
12 71 884
12 72 1000
12 73 892
12 74 641
12 75 723
12 76 816
12 77 233
12 78 688
12 79 932
12 80 881
12 81 79
12 82 758
12 83 685
12 84 205
12 85 947
12 86 886
12 87 963
12 88 649
12 89 774
12 90 818
12 91 320
12 92 743
12 93 964
12 94 124
12 95 1192
12 96 503
12 97 58
12 98 968
12 99 1000
12 100 491
13 1 968
13 2 783
13 3 995
13 4 217
13 5 830
13 6 1000
13 7 763
13 8 675
13 9 1025
13 10 927
13 11 694
13 12 68
13 14 172
13 15 376
13 16 864
13 17 319
13 18 710
13 19 689
13 20 957
13 21 710
13 22 842
13 23 629
13 24 768
13 25 882
13 26 766
13 27 611
13 28 707
13 29 590
13 30 405
13 31 390
13 32 249
13 33 661
13 34 126
13 35 814
13 36 773
13 37 621
13 38 637
13 39 893
13 40 399
13 41 1114
13 42 490
13 43 293
13 44 321
13 45 200
13 46 946
13 47 524
13 48 851
13 49 713
13 50 537
13 51 68
13 52 121
13 53 175
13 54 76
13 55 265
13 56 684
13 57 929
13 58 526
13 59 871
13 60 67
13 61 195
13 62 326
13 63 1049
13 64 838
13 65 723
13 66 722
13 67 1190
13 68 754
13 69 681
13 70 178
13 71 860
13 72 935
13 73 827
13 74 580
13 75 657
13 76 750
13 77 209
13 78 621
13 79 865
13 80 822
13 81 93
13 82 696
13 83 617
13 84 138
13 85 889
13 86 819
13 87 899
13 88 603
13 89 736
13 90 759
13 91 305
13 92 699
13 93 909
13 94 110
13 95 1130
13 96 436
13 97 12
13 98 912
13 99 933
13 100 443
14 1 992
14 2 820
14 3 963
14 4 342
14 5 794
14 6 953
14 7 698
14 8 665
14 9 999
14 10 957
14 11 644
14 12 181
14 13 172
14 15 286
14 16 811
14 17 420
14 18 713
14 19 599
14 20 871
14 21 772
14 22 948
14 23 552
14 24 703
14 25 853
14 26 644
14 27 458
14 28 818
14 29 674
14 30 240
14 31 359
14 32 114
14 33 739
14 34 51
14 35 728
14 36 704
14 37 490
14 38 626
14 39 854
14 40 468
14 41 1081
14 42 335
14 43 126
14 44 422
14 45 29
14 46 963
14 47 375
14 48 711
14 49 803
14 50 629
14 51 208
14 52 198
14 53 304
14 54 119
14 55 222
14 56 602
14 57 875
14 58 476
14 59 934
14 60 116
14 61 351
14 62 325
14 63 983
14 64 760
14 65 564
14 66 578
14 67 1161
14 68 718
14 69 786
14 70 196
14 71 705
14 72 919
14 73 811
14 74 682
14 75 717
14 76 738
14 77 64
14 78 673
14 79 871
14 80 764
14 81 104
14 82 656
14 83 665
14 84 237
14 85 822
14 86 833
14 87 871
14 88 494
14 89 605
14 90 869
14 91 140
14 92 586
14 93 830
14 94 281
14 95 1085
14 96 497
14 97 177
14 98 837
14 99 952
14 100 345
15 1 760
15 2 611
15 3 685
15 4 387
15 5 517
15 6 670
15 7 412
15 8 412
15 9 725
15 10 733
15 11 363
15 12 424
15 13 376
15 14 286
15 16 527
15 17 391
15 18 470
15 19 317
15 20 589
15 21 604
15 22 839
15 23 267
15 24 417
15 25 580
15 26 396
15 27 304
15 28 732
15 29 555
15 30 231
15 31 135
15 32 178
15 33 599
15 34 318
15 35 446
15 36 419
15 37 266
15 38 376
15 39 574
15 40 364
15 41 803
15 42 227
15 43 229
15 44 391
15 45 287
15 46 725
15 47 223
15 48 498
15 49 679
15 50 529
15 51 439
15 52 287
15 53 374
15 54 302
15 55 124
15 56 317
15 57 590
15 58 201
15 59 756
15 60 361
15 61 452
15 62 175
15 63 697
15 64 475
15 65 422
15 66 380
15 67 883
15 68 443
15 69 692
15 70 221
15 71 537
15 72 652
15 73 547
15 74 594
15 75 551
15 76 480
15 77 224
15 78 501
15 79 623
15 80 479
15 81 366
15 82 380
15 83 486
15 84 312
15 85 536
15 86 597
15 87 598
15 88 230
15 89 373
15 90 776
15 91 220
15 92 325
15 93 545
15 94 467
15 95 801
15 96 371
15 97 386
15 98 552
15 99 717
15 100 69
16 1 431
16 2 427
16 3 180
16 4 765
16 5 88
16 6 144
16 7 125
16 8 252
16 9 232
16 10 443
16 11 170
16 12 924
16 13 864
16 14 811
16 15 527
16 17 692
16 18 282
16 19 263
16 20 204
16 21 536
16 22 809
16 23 271
16 24 121
16 25 129
16 26 390
16 27 592
16 28 780
16 29 621
16 30 708
16 31 474
16 32 704
16 33 600
16 34 837
16 35 182
16 36 128
16 37 471
16 38 275
16 39 77
16 40 590
16 41 287
16 42 634
16 43 749
16 44 691
16 45 813
16 46 386
16 47 586
16 48 512
16 49 674
16 50 646
16 51 931
16 52 748
16 53 780
16 54 800
16 55 605
16 56 239
16 57 66
16 58 340
16 59 591
16 60 869
16 61 853
16 62 543
16 63 195
16 64 136
16 65 641
16 66 524
16 67 368
16 68 131
16 69 740
16 70 687
16 71 640
16 72 212
16 73 182
16 74 697
16 75 521
16 76 212
16 77 750
16 78 490
16 79 293
16 80 51
16 81 880
16 82 174
16 83 471
16 84 752
16 85 80
16 86 328
16 87 140
16 88 388
16 89 441
16 90 796
16 91 737
16 92 355
16 93 146
16 94 927
16 95 275
16 96 558
16 97 875
16 98 127
16 99 391
16 100 478
17 1 682
17 2 492
17 3 781
17 4 109
17 5 633
17 6 807
17 7 627
17 8 455
17 9 798
17 10 636
17 11 538
17 12 382
17 13 319
17 14 420
17 15 391
17 16 692
17 18 465
17 19 612
17 20 841
17 21 400
17 22 530
17 23 537
17 24 631
17 25 668
17 26 749
17 27 694
17 28 399
17 29 272
17 30 565
17 31 295
17 32 409
17 33 345
17 34 399
17 35 710
17 36 642
17 37 647
17 38 423
17 39 697
17 40 110
17 41 892
17 42 604
17 43 487
17 44 3
17 45 445
17 46 667
17 47 610
17 48 870
17 49 395
17 50 219
17 51 367
17 52 225
17 53 148
17 54 313
17 55 287
17 56 591
17 57 754
17 58 409
17 59 558
17 60 372
17 61 186
17 62 222
17 63 887
17 64 716
17 65 813
17 66 764
17 67 961
17 68 564
17 69 368
17 70 235
17 71 924
17 72 699
17 73 599
17 74 265
17 75 350
17 76 524
17 77 407
17 78 322
17 79 605
17 80 663
17 81 398
17 82 521
17 83 324
17 84 190
17 85 742
17 86 550
17 87 682
17 88 583
17 89 741
17 90 450
17 91 490
17 92 668
17 93 782
17 94 308
17 95 929
17 96 149
17 97 326
17 98 777
17 99 653
17 100 444
18 1 290
18 2 175
18 3 320
18 4 559
18 5 199
18 6 360
18 7 293
18 8 68
18 9 333
18 10 267
18 11 217
18 12 777
18 13 710
18 14 713
18 15 470
18 16 282
18 17 465
18 19 386
18 20 478
18 21 258
18 22 536
18 23 332
18 24 295
18 25 212
18 26 558
18 27 671
18 28 499
18 29 342
18 30 697
18 31 357
18 32 627
18 33 318
18 34 723
18 35 399
18 36 310
18 37 561
18 38 97
18 39 255
18 40 356
18 41 428
18 42 660
18 43 694
18 44 463
18 45 724
18 46 255
18 47 628
18 48 697
18 49 394
18 50 372
18 51 774
18 52 589
18 53 584
18 54 663
18 55 491
18 56 351
18 57 330
18 58 284
18 59 347
18 60 735
18 61 645
18 62 393
18 63 463
18 64 374
18 65 759
18 66 656
18 67 496
18 68 163
18 69 459
18 70 542
18 71 806
18 72 235
18 73 137
18 74 418
18 75 239
18 76 72
18 77 662
18 78 210
18 79 159
18 80 279
18 81 753
18 82 175
18 83 193
18 84 579
18 85 355
18 86 128
18 87 223
18 88 463
18 89 588
18 90 516
18 91 686
18 92 489
18 93 416
18 94 746
18 95 471
18 96 318
18 97 721
18 98 402
18 99 247
18 100 456
19 1 637
19 2 561
19 3 442
19 4 651
19 5 300
19 6 401
19 7 141
19 8 321
19 9 493
19 10 632
19 11 172
19 12 741
19 13 689
19 14 599
19 15 317
19 16 263
19 17 612
19 18 386
19 20 273
19 21 623
19 22 900
19 23 77
19 24 144
19 25 366
19 26 173
19 27 330
19 28 833
19 29 650
19 30 457
19 31 328
19 32 486
19 33 660
19 34 634
19 35 130
19 36 136
19 37 209
19 38 310
19 39 333
19 40 534
19 41 549
19 42 374
19 43 515
19 44 611
19 45 595
19 46 593
19 47 325
19 48 313
19 49 744
19 50 653
19 51 754
19 52 588
19 53 652
19 54 617
19 55 426
19 56 36
19 57 314
19 58 204
19 59 732
19 60 678
19 61 732
19 62 407
19 63 395
19 64 167
19 65 390
19 66 278
19 67 629
19 68 255
19 69 789
19 70 521
19 71 421
19 72 453
19 73 376
19 74 716
19 75 587
19 76 346
19 77 535
19 78 540
19 79 486
19 80 213
19 81 683
19 82 214
19 83 521
19 84 604
19 85 241
19 86 493
19 87 383
19 88 127
19 89 204
19 90 863
19 91 501
19 92 105
19 93 234
19 94 773
19 95 524
19 96 517
19 97 700
19 98 244
19 99 593
19 100 254
20 1 624
20 2 630
20 3 323
20 4 898
20 5 291
20 6 246
20 7 215
20 8 436
20 9 376
20 10 641
20 11 307
20 12 1011
20 13 957
20 14 871
20 15 589
20 16 204
20 17 841
20 18 478
20 19 273
20 21 735
20 22 1010
20 23 329
20 24 211
20 25 324
20 26 299
20 27 544
20 28 976
20 29 809
20 30 715
20 31 581
20 32 758
20 33 795
20 34 906
20 35 144
20 36 200
20 37 435
20 38 450
20 39 265
20 40 747
20 41 385
20 42 622
20 43 784
20 44 839
20 45 866
20 46 580
20 47 569
20 48 381
20 49 872
20 50 828
20 51 1023
20 52 852
20 53 904
20 54 887
20 55 693
20 56 274
20 57 188
20 58 444
20 59 794
20 60 949
20 61 982
20 62 658
20 63 164
20 64 125
20 65 555
20 66 440
20 67 453
20 68 317
20 69 934
20 70 785
20 71 513
20 72 397
20 73 385
20 74 883
20 75 716
20 76 410
20 77 807
20 78 681
20 79 493
20 80 200
20 81 954
20 82 333
20 83 662
20 84 864
20 85 125
20 86 531
20 87 331
20 88 386
20 89 358
20 90 994
20 91 769
20 92 310
20 93 63
20 94 1036
20 95 325
20 96 721
20 97 968
20 98 77
20 99 587
20 100 526
21 1 310
21 2 136
21 3 530
21 4 508
21 5 450
21 6 589
21 7 548
21 8 311
21 9 521
21 10 259
21 11 465
21 12 776
21 13 710
21 14 772
21 15 604
21 16 536
21 17 400
21 18 258
21 19 623
21 20 735
21 22 280
21 23 558
21 24 550
21 25 443
21 26 796
21 27 865
21 28 250
21 29 148
21 30 832
21 31 470
21 32 717
21 33 83
21 34 765
21 35 654
21 36 565
21 37 769
21 38 315
21 39 497
21 40 312
21 41 613
21 42 823
21 43 795
21 44 398
21 45 792
21 46 311
21 47 804
21 48 935
21 49 140
21 50 204
21 51 764
21 52 600
21 53 546
21 54 687
21 55 570
21 56 589
21 57 577
21 58 468
21 59 163
21 60 754
21 61 580
21 62 461
21 63 704
21 64 632
21 65 967
21 66 876
21 67 662
21 68 421
21 69 214
21 70 578
21 71 1034
21 72 425
21 73 366
21 74 214
21 75 56
21 76 325
21 77 737
21 78 104
21 79 300
21 80 537
21 81 778
21 82 425
21 83 118
21 84 573
21 85 612
21 86 239
21 87 448
21 88 675
21 89 818
21 90 261
21 91 792
21 92 720
21 93 674
21 94 707
21 95 678
21 96 278
21 97 719
21 98 659
21 99 294
21 100 616
22 1 486
22 2 385
22 3 776
22 4 626
22 5 721
22 6 844
22 7 828
22 8 590
22 9 755
22 10 440
22 11 744
22 12 902
22 13 842
22 14 948
22 15 839
22 16 809
22 17 530
22 18 536
22 19 900
22 20 1010
22 21 280
22 23 833
22 24 829
22 25 705
22 26 1072
22 27 1121
22 28 138
22 29 285
22 30 1056
22 31 706
22 32 919
22 33 246
22 34 928
22 35 933
22 36 845
22 37 1034
22 38 593
22 39 762
22 40 490
22 41 839
22 42 1065
22 43 998
22 44 528
22 45 972
22 46 511
22 47 1053
22 48 1211
22 49 162
22 50 321
22 51 882
22 52 755
22 53 668
22 54 843
22 55 777
22 56 867
22 57 845
22 58 733
22 59 252
22 60 900
22 61 669
22 62 675
22 63 966
22 64 910
22 65 1229
22 66 1145
22 67 871
22 68 699
22 69 163
22 70 755
22 71 1305
22 72 669
22 73 632
22 74 266
22 75 314
22 76 601
22 77 927
22 78 363
22 79 544
22 80 814
22 81 926
22 82 705
22 83 382
22 84 719
22 85 886
22 86 491
22 87 707
22 88 943
22 89 1091
22 90 87
22 91 999
22 92 995
22 93 950
22 94 804
22 95 915
22 96 472
22 97 849
22 98 934
22 99 495
22 100 864
23 1 600
23 2 505
23 3 443
23 4 580
23 5 284
23 6 414
23 7 149
23 8 265
23 9 489
23 10 589
23 11 134
23 12 684
23 13 629
23 14 552
23 15 267
23 16 271
23 17 537
23 18 332
23 19 77
23 20 329
23 21 558
23 22 833
23 24 154
23 25 352
23 26 240
23 27 350
23 28 760
23 29 577
23 30 438
23 31 257
23 32 442
23 33 590
23 34 583
23 35 186
23 36 154
23 37 234
23 38 247
23 39 330
23 40 458
23 41 556
23 42 369
23 43 481
23 44 536
23 45 551
23 46 557
23 47 325
23 48 379
23 49 675
23 50 578
23 51 695
23 52 524
23 53 582
23 54 559
23 55 365
23 56 57
23 57 331
23 58 128
23 59 675
23 60 623
23 61 661
23 62 336
23 63 431
23 64 210
23 65 428
23 66 325
23 67 637
23 68 225
23 69 717
23 70 458
23 71 478
23 72 435
23 73 345
23 74 641
23 75 519
23 76 302
23 77 489
23 78 471
23 79 449
23 80 221
23 81 630
23 82 171
23 83 452
23 84 537
23 85 271
23 86 447
23 87 370
23 88 136
23 89 261
23 90 792
23 91 468
23 92 163
23 93 281
23 94 709
23 95 543
23 96 441
23 97 640
23 98 286
23 99 555
23 100 210
24 1 511
24 2 464
24 3 299
24 4 692
24 5 161
24 6 262
24 7 5
24 8 241
24 9 349
24 10 512
24 11 97
24 12 826
24 13 768
24 14 703
24 15 417
24 16 121
24 17 631
24 18 295
24 19 144
24 20 211
24 21 550
24 22 829
24 23 154
24 25 225
24 26 289
24 27 473
24 28 781
24 29 608
24 30 589
24 31 382
24 32 593
24 33 601
24 34 732
24 35 105
24 36 16
24 37 353
24 38 247
24 39 189
24 40 537
24 41 407
24 42 513
24 43 634
24 44 630
24 45 703
24 46 466
24 47 465
24 48 421
24 49 682
24 50 622
24 51 835
24 52 657
24 53 701
24 54 702
24 55 506
24 56 119
24 57 178
24 58 244
24 59 635
24 60 768
24 61 778
24 62 457
24 63 282
24 64 88
24 65 529
24 66 414
24 67 488
24 68 137
24 69 739
24 70 593
24 71 542
24 72 313
24 73 247
24 74 680
24 75 523
24 76 237
24 77 640
24 78 483
24 79 362
24 80 70
24 81 777
24 82 129
24 83 464
24 84 665
24 85 121
24 86 380
24 87 241
24 88 268
24 89 333
24 90 804
24 91 621
24 92 241
24 93 151
24 94 840
24 95 390
24 96 511
24 97 780
24 98 148
24 99 467
24 100 364
25 1 303
25 2 321
25 3 115
25 4 754
25 5 68
25 6 149
25 7 228
25 8 214
25 9 146
25 10 317
25 11 223
25 12 946
25 13 882
25 14 853
25 15 580
25 16 129
25 17 668
25 18 212
25 19 366
25 20 324
25 21 443
25 22 705
25 23 352
25 24 225
25 26 511
25 27 694
25 28 692
25 29 548
25 30 782
25 31 499
25 32 754
25 33 515
25 34 873
25 35 307
25 36 237
25 37 574
25 38 249
25 39 60
25 40 560
25 41 232
25 42 720
25 43 808
25 44 666
25 45 860
25 46 258
25 47 676
25 48 637
25 49 582
25 50 582
25 51 948
25 52 762
25 53 775
25 54 825
25 55 637
25 56 336
25 57 142
25 58 380
25 59 475
25 60 896
25 61 842
25 62 556
25 63 262
25 64 264
25 65 754
25 66 638
25 67 309
25 68 137
25 69 654
25 70 706
25 71 763
25 72 88
25 73 79
25 74 626
25 75 439
25 76 146
25 77 796
25 78 417
25 79 170
25 80 165
25 81 911
25 82 200
25 83 401
25 84 759
25 85 205
25 86 215
25 87 19
25 88 482
25 89 558
25 90 702
25 91 797
25 92 466
25 93 272
25 94 932
25 95 262
25 96 524
25 97 893
25 98 251
25 99 264
25 100 542
26 1 798
26 2 732
26 3 565
26 4 771
26 5 449
26 6 506
26 7 287
26 8 493
26 9 619
26 10 797
26 11 342
26 12 808
26 13 766
26 14 644
26 15 396
26 16 390
26 17 749
26 18 558
26 19 173
26 20 299
26 21 796
26 22 1072
26 23 240
26 24 289
26 25 511
26 27 250
26 28 1000
26 29 817
26 30 448
26 31 455
26 32 533
26 33 830
26 34 687
26 35 210
26 36 275
26 37 158
26 38 482
26 39 466
26 40 684
26 41 656
26 42 345
26 43 537
26 44 748
26 45 633
26 46 753
26 47 292
26 48 141
26 49 915
26 50 815
26 51 827
26 52 683
26 53 764
26 54 691
26 55 519
26 56 208
26 57 423
26 58 356
26 59 904
26 60 741
26 61 844
26 62 531
26 63 458
26 64 259
26 65 260
26 66 142
26 67 732
26 68 418
26 69 957
26 70 616
26 71 254
26 72 598
26 73 534
26 74 879
26 75 758
26 76 514
26 77 582
26 78 711
26 79 648
26 80 347
26 81 740
26 82 384
26 83 691
26 84 707
26 85 338
26 86 660
26 87 525
26 88 170
26 89 59
26 90 1032
26 91 521
26 92 82
26 93 296
26 94 863
26 95 611
26 96 671
26 97 777
26 98 316
26 99 754
26 100 329
27 1 948
27 2 838
27 3 771
27 4 681
27 5 627
27 6 725
27 7 470
27 8 604
27 9 822
27 10 934
27 11 482
27 12 637
27 13 611
27 14 458
27 15 304
27 16 592
27 17 694
27 18 671
27 19 330
27 20 544
27 21 865
27 22 1121
27 23 350
27 24 473
27 25 694
27 26 250
27 28 1024
27 29 842
27 30 227
27 31 423
27 32 362
27 33 876
27 34 507
27 35 431
27 36 465
27 37 121
27 38 578
27 39 662
27 40 664
27 41 875
27 42 124
27 43 336
27 44 694
27 45 440
27 46 906
27 47 89
27 48 264
27 49 960
27 50 823
27 51 661
27 52 559
27 53 661
27 54 537
27 55 415
27 56 359
27 57 638
27 58 399
27 59 1001
27 60 570
27 61 736
27 62 477
27 63 697
27 64 479
27 65 119
27 66 131
27 67 954
27 68 573
27 69 982
27 70 500
27 71 249
27 72 780
27 73 694
27 74 889
27 75 817
27 76 650
27 77 405
27 78 766
27 79 798
27 80 542
27 81 561
27 82 519
27 83 749
27 84 592
27 85 558
27 86 792
27 87 711
27 88 214
27 89 193
27 90 1065
27 91 320
27 92 243
27 93 530
27 94 718
27 95 842
27 96 666
27 97 619
27 98 547
27 99 903
27 100 261
28 1 527
28 2 381
28 3 779
28 4 491
28 5 696
28 6 839
28 7 778
28 8 542
28 9 767
28 10 476
28 11 690
28 12 766
28 13 707
28 14 818
28 15 732
28 16 780
28 17 399
28 18 499
28 19 833
28 20 976
28 21 250
28 22 138
28 23 760
28 24 781
28 25 692
28 26 1000
28 27 1024
28 29 185
28 30 941
28 31 603
28 32 797
28 33 182
28 34 797
28 35 883
28 36 796
28 37 946
28 38 536
28 39 745
28 40 372
28 41 857
28 42 958
28 43 876
28 44 397
28 45 843
28 46 541
28 47 951
28 48 1138
28 49 113
28 50 204
28 51 745
28 52 624
28 53 533
28 54 711
28 55 659
28 56 801
28 57 825
28 58 650
28 59 304
28 60 766
28 61 532
28 62 562
28 63 953
28 64 866
28 65 1136
28 66 1060
28 67 901
28 68 659
28 69 44
28 70 629
28 71 1222
28 72 673
28 73 615
28 74 141
28 75 260
28 76 569
28 77 802
28 78 298
28 79 547
28 80 776
28 81 793
28 82 653
28 83 318
28 84 587
28 85 854
28 86 488
28 87 698
28 88 859
28 89 1013
28 90 53
28 91 878
28 92 921
28 93 914
28 94 666
28 95 925
28 96 361
28 97 713
28 98 900
28 99 524
28 100 764
29 1 457
29 2 274
29 3 647
29 4 379
29 5 540
29 6 697
29 7 605
29 8 373
29 9 646
29 10 406
29 11 514
29 12 654
29 13 590
29 14 674
29 15 555
29 16 621
29 17 272
29 18 342
29 19 650
29 20 809
29 21 148
29 22 285
29 23 577
29 24 608
29 25 548
29 26 817
29 27 842
29 28 185
29 30 771
29 31 423
29 32 637
29 33 76
29 34 660
29 35 707
29 36 622
29 37 762
29 38 361
29 39 596
29 40 208
29 41 741
29 42 781
29 43 716
29 44 270
29 45 697
29 46 455
29 47 771
29 48 953
29 49 130
29 50 58
29 51 638
29 52 489
29 53 419
29 54 578
29 55 493
29 56 619
29 57 671
29 58 465
29 59 292
29 60 640
29 61 443
29 62 390
29 63 804
29 64 694
29 65 952
29 66 875
29 67 796
29 68 494
29 69 142
29 70 479
29 71 1038
29 72 547
29 73 470
29 74 78
29 75 118
29 76 413
29 77 649
29 78 133
29 79 428
29 80 610
29 81 666
29 82 480
29 83 150
29 84 457
29 85 690
29 86 366
29 87 557
29 88 675
29 89 829
29 90 223
29 91 716
29 92 737
29 93 746
29 94 574
29 95 798
29 96 188
29 97 598
29 98 734
29 99 438
29 100 583
30 1 986
30 2 841
30 3 879
30 4 522
30 5 716
30 6 850
30 7 584
30 8 635
30 9 924
30 10 962
30 11 560
30 12 420
30 13 405
30 14 240
30 15 231
30 16 708
30 17 565
30 18 697
30 19 457
30 20 715
30 21 832
30 22 1056
30 23 438
30 24 589
30 25 782
30 26 448
30 27 227
30 28 941
30 29 771
30 31 363
30 32 167
30 33 822
30 34 290
30 35 582
30 36 585
30 37 290
30 38 601
30 39 766
30 40 569
30 41 993
30 42 106
30 43 115
30 44 566
30 45 218
30 46 950
30 47 157
30 48 489
30 49 899
30 50 739
30 51 447
30 52 381
30 53 493
30 54 337
30 55 283
30 56 473
30 57 765
30 58 417
30 59 986
30 60 355
30 61 558
30 62 381
30 63 851
30 64 623
30 65 327
30 66 355
30 67 1074
30 68 648
30 69 902
30 70 338
30 71 468
30 72 861
30 73 760
30 74 801
30 75 778
30 76 699
30 77 197
30 78 729
30 79 846
30 80 657
30 81 343
30 82 586
30 83 715
30 84 420
30 85 697
30 86 824
30 87 801
30 88 332
30 89 399
30 90 987
30 91 101
30 92 409
30 93 687
30 94 514
30 95 978
30 96 584
30 97 411
30 98 699
30 99 943
30 100 244
31 1 642
31 2 484
31 3 611
31 4 324
31 5 444
31 6 611
31 7 378
31 8 307
31 9 645
31 10 612
31 11 305
31 12 451
31 13 390
31 14 359
31 15 135
31 16 474
31 17 295
31 18 357
31 19 328
31 20 581
31 21 470
31 22 706
31 23 257
31 24 382
31 25 499
31 26 455
31 27 423
31 28 603
31 29 423
31 30 363
31 32 271
31 33 466
31 34 375
31 35 441
31 36 389
31 37 358
31 38 268
31 39 506
31 40 244
31 41 730
31 42 359
31 43 340
31 44 294
31 45 369
31 46 610
31 47 348
31 48 577
31 49 546
31 50 401
31 51 457
31 52 276
31 53 326
31 54 328
31 55 138
31 56 313
31 57 540
31 58 139
31 59 623
31 60 398
31 61 405
31 62 80
31 63 661
31 64 458
31 65 537
31 66 475
31 67 808
31 68 367
31 69 562
31 70 213
31 71 638
31 72 561
31 73 453
31 74 467
31 75 417
31 76 380
31 77 306
31 78 367
31 79 514
31 80 433
31 81 412
31 82 307
31 83 352
31 84 284
31 85 503
31 86 481
31 87 517
31 88 289
31 89 448
31 90 645
31 91 334
31 92 375
31 93 528
31 94 458
31 95 742
31 96 244
31 97 401
31 98 529
31 99 601
31 100 162
32 1 912
32 2 749
32 3 861
32 4 356
32 5 692
32 6 847
32 7 589
32 8 574
32 9 899
32 10 881
32 11 539
32 12 279
32 13 249
32 14 114
32 15 178
32 16 704
32 17 409
32 18 627
32 19 486
32 20 758
32 21 717
32 22 919
32 23 442
32 24 593
32 25 754
32 26 533
32 27 362
32 28 797
32 29 637
32 30 167
32 31 271
32 33 695
32 34 154
32 35 616
32 36 595
32 37 381
32 38 537
32 39 750
32 40 430
32 41 979
32 42 243
32 43 80
32 44 410
32 45 110
32 46 881
32 47 276
32 48 607
32 49 766
32 50 598
32 51 301
32 52 214
32 53 326
32 54 176
32 55 148
32 56 490
32 57 767
32 58 374
32 59 877
32 60 211
32 61 391
32 62 257
32 63 872
32 64 648
32 65 475
32 66 475
32 67 1059
32 68 617
32 69 761
32 70 176
32 71 611
32 72 823
32 73 716
32 74 657
32 75 662
32 76 645
32 77 50
32 78 615
32 79 784
32 80 656
32 81 208
32 82 555
32 83 604
32 84 254
32 85 712
32 86 751
32 87 772
32 88 381
32 89 496
32 90 845
32 91 82
32 92 473
32 93 718
32 94 356
32 95 978
32 96 451
32 97 257
32 98 725
32 99 871
32 100 233
33 1 391
33 2 217
33 3 606
33 4 452
33 5 515
33 6 663
33 7 599
33 8 362
33 9 600
33 10 339
33 11 511
33 12 726
33 13 661
33 14 739
33 15 599
33 16 600
33 17 345
33 18 318
33 19 660
33 20 795
33 21 83
33 22 246
33 23 590
33 24 601
33 25 515
33 26 830
33 27 876
33 28 182
33 29 76
33 30 822
33 31 466
33 32 695
33 34 727
33 35 704
33 36 616
33 37 789
33 38 358
33 39 566
33 40 272
33 41 693
33 42 824
33 43 774
33 44 343
33 45 761
33 46 394
33 47 810
33 48 969
33 49 85
33 50 133
33 51 711
33 52 557
33 53 492
33 54 646
33 55 549
33 56 627
33 57 645
33 58 488
33 59 217
33 60 710
33 61 518
33 62 443
33 63 775
33 64 686
33 65 983
33 66 899
33 67 744
33 68 478
33 69 141
33 70 544
33 71 1060
33 72 503
33 73 437
33 74 132
33 75 79
33 76 388
33 77 710
33 78 120
33 79 379
33 80 595
33 81 735
33 82 474
33 83 140
33 84 527
33 85 673
33 86 318
33 87 522
33 88 698
33 89 847
33 90 204
33 91 773
33 92 752
33 93 733
33 94 648
33 95 756
33 96 245
33 97 670
33 98 719
33 99 377
33 100 621
34 1 997
34 2 821
34 3 984
34 4 312
34 5 815
34 6 978
34 7 727
34 8 678
34 9 1019
34 10 960
34 11 669
34 12 131
34 13 126
34 14 51
34 15 318
34 16 837
34 17 399
34 18 723
34 19 634
34 20 906
34 21 765
34 22 928
34 23 583
34 24 732
34 25 873
34 26 687
34 27 507
34 28 797
34 29 660
34 30 290
34 31 375
34 32 154
34 33 727
34 35 763
34 36 734
34 37 534
34 38 640
34 39 876
34 40 457
34 41 1103
34 42 384
34 43 176
34 44 400
34 45 76
34 46 970
34 47 423
34 48 758
34 49 788
34 50 612
34 51 158
34 52 174
34 53 272
34 54 87
34 55 237
34 56 635
34 57 901
34 58 499
34 59 928
34 60 67
34 61 312
34 62 331
34 63 1013
34 64 793
34 65 614
34 66 625
34 67 1182
34 68 739
34 69 766
34 70 189
34 71 754
34 72 935
34 73 827
34 74 663
34 75 711
34 76 753
34 77 106
34 78 669
34 79 881
34 80 791
34 81 55
34 82 678
34 83 662
34 84 211
34 85 852
34 86 841
34 87 891
34 88 533
34 89 650
34 90 848
34 91 190
34 92 626
34 93 863
34 94 233
34 95 1110
34 96 488
34 97 129
34 98 869
34 99 959
34 100 380
35 1 604
35 2 567
35 3 355
35 4 761
35 5 250
35 6 298
35 7 106
35 8 344
35 9 409
35 10 609
35 11 194
35 12 868
35 13 814
35 14 728
35 15 446
35 16 182
35 17 710
35 18 399
35 19 130
35 20 144
35 21 654
35 22 933
35 23 186
35 24 105
35 25 307
35 26 210
35 27 431
35 28 883
35 29 707
35 30 582
35 31 441
35 32 616
35 33 704
35 34 763
35 36 89
35 37 314
35 38 347
35 39 258
35 40 622
35 41 449
35 42 494
35 43 645
35 44 709
35 45 725
35 46 559
35 47 442
35 48 331
35 49 785
35 50 719
35 51 880
35 52 710
35 53 766
35 54 743
35 55 550
35 56 131
35 57 214
35 58 306
35 59 738
35 60 806
35 61 844
35 62 519
35 63 271
35 64 50
35 65 466
35 66 348
35 67 526
35 68 240
35 69 840
35 70 643
35 71 458
35 72 393
35 73 343
35 74 778
35 75 626
35 76 340
35 77 665
35 78 585
35 79 458
35 80 144
35 81 811
35 82 230
35 83 566
35 84 723
35 85 129
35 86 481
35 87 320
35 88 250
35 89 264
35 90 907
35 91 631
35 92 189
35 93 105
35 94 894
35 95 411
35 96 599
35 97 825
35 98 119
35 99 562
35 100 384
36 1 525
36 2 479
36 3 307
36 4 701
36 5 174
36 6 266
36 7 18
36 8 256
36 9 358
36 10 527
36 11 110
36 12 831
36 13 773
36 14 704
36 15 419
36 16 128
36 17 642
36 18 310
36 19 136
36 20 200
36 21 565
36 22 845
36 23 154
36 24 16
36 25 237
36 26 275
36 27 465
36 28 796
36 29 622
36 30 585
36 31 389
36 32 595
36 33 616
36 34 734
36 35 89
36 37 344
36 38 261
36 39 199
36 40 549
36 41 413
36 42 508
36 43 633
36 44 641
36 45 704
36 46 480
36 47 459
36 48 407
36 49 697
36 50 636
36 51 840
36 52 663
36 53 709
36 54 706
36 55 510
36 56 113
36 57 181
36 58 250
36 59 650
36 60 772
36 61 786
36 62 464
36 63 279
36 64 76
36 65 518
36 66 402
36 67 494
36 68 153
36 69 753
36 70 598
36 71 529
36 72 325
36 73 261
36 74 694
36 75 539
36 76 253
36 77 642
36 78 498
36 79 376
36 80 78
36 81 780
36 82 143
36 83 479
36 84 672
36 85 118
36 86 395
36 87 253
36 88 261
36 89 321
36 90 819
36 91 620
36 92 230
36 93 141
36 94 846
36 95 393
36 96 523
36 97 785
36 98 140
36 99 482
36 100 364
37 1 833
37 2 732
37 3 650
37 4 652
37 5 507
37 6 605
37 7 350
37 8 494
37 9 701
37 10 821
37 11 365
37 12 658
37 13 621
37 14 490
37 15 266
37 16 471
37 17 647
37 18 561
37 19 209
37 20 435
37 21 769
37 22 1034
37 23 234
37 24 353
37 25 574
37 26 158
37 27 121
37 28 946
37 29 762
37 30 290
37 31 358
37 32 381
37 33 789
37 34 534
37 35 314
37 36 344
37 38 471
37 39 541
37 40 600
37 41 755
37 42 190
37 43 379
37 44 647
37 45 477
37 46 790
37 47 136
37 48 233
37 49 873
37 50 749
37 51 679
37 52 548
37 53 639
37 54 546
37 55 389
37 56 239
37 57 519
37 58 302
37 59 898
37 60 591
37 61 718
37 62 425
37 63 583
37 64 361
37 65 199
37 66 118
37 67 834
37 68 455
37 69 903
37 70 483
37 71 281
37 72 660
37 73 576
37 74 815
37 75 724
37 76 535
37 77 429
37 78 674
37 79 682
37 80 422
37 81 588
37 82 403
37 83 656
37 84 576
37 85 440
37 86 680
37 87 591
37 88 99
37 89 116
37 90 983
37 91 364
37 92 127
37 93 416
37 94 722
37 95 724
37 96 595
37 97 631
37 98 432
37 99 788
37 100 204
38 1 386
38 2 261
38 3 364
38 4 506
38 5 210
38 6 384
38 7 244
38 8 39
38 9 389
38 10 363
38 11 154
38 12 703
38 13 637
38 14 626
38 15 376
38 16 275
38 17 423
38 18 97
38 19 310
38 20 450
38 21 315
38 22 593
38 23 247
38 24 247
38 25 249
38 26 482
38 27 578
38 28 536
38 29 361
38 30 601
38 31 268
38 32 537
38 33 358
38 34 640
38 35 347
38 36 261
38 37 471
38 39 274
38 40 318
38 41 480
38 42 564
38 43 601
38 44 422
38 45 637
38 46 349
38 47 532
38 48 622
38 49 440
38 50 378
38 51 703
38 52 517
38 53 526
38 54 585
38 55 405
38 56 275
38 57 334
38 58 187
38 59 429
38 60 657
38 61 594
38 62 314
38 63 468
38 64 334
38 65 670
38 66 571
38 67 554
38 68 144
38 69 493
38 70 464
38 71 725
38 72 298
38 73 190
38 74 434
38 75 281
38 76 114
38 77 573
38 78 238
38 79 248
38 80 255
38 81 673
38 82 119
38 83 219
38 84 511
38 85 336
38 86 224
38 87 265
38 88 374
38 89 507
38 90 561
38 91 593
38 92 409
38 93 388
38 94 683
38 95 508
38 96 285
38 97 648
38 98 378
38 99 342
38 100 360
39 1 361
39 2 378
39 3 113
39 4 778
39 5 65
39 6 111
39 7 192
39 8 243
39 9 161
39 10 376
39 11 211
39 12 956
39 13 893
39 14 854
39 15 574
39 16 77
39 17 697
39 18 255
39 19 333
39 20 265
39 21 497
39 22 762
39 23 330
39 24 189
39 25 60
39 26 466
39 27 662
39 28 745
39 29 596
39 30 766
39 31 506
39 32 750
39 33 566
39 34 876
39 35 258
39 36 199
39 37 541
39 38 274
39 40 591
39 41 229
39 42 697
39 43 800
39 44 696
39 45 858
39 46 316
39 47 651
39 48 589
39 49 636
39 50 627
39 51 960
39 52 775
39 53 796
39 54 833
39 55 641
39 56 305
39 57 83
39 58 379
39 59 535
39 60 904
39 61 866
39 62 569
39 63 209
39 64 212
39 65 715
39 66 598
39 67 310
39 68 140
39 69 706
39 70 717
39 71 716
39 72 137
39 73 131
39 74 673
39 75 489
39 76 185
39 77 794
39 78 464
39 79 230
39 80 122
39 81 916
39 82 199
39 83 447
39 84 775
39 85 148
39 86 273
39 87 67
39 88 455
39 89 516
39 90 756
39 91 788
39 92 428
39 93 214
39 94 950
39 95 238
39 96 556
39 97 905
39 98 193
39 99 322
39 100 530
40 1 579
40 2 390
40 3 673
40 4 210
40 5 527
40 6 701
40 7 533
40 8 348
40 9 688
40 10 534
40 11 442
40 12 466
40 13 399
40 14 468
40 15 364
40 16 590
40 17 110
40 18 356
40 19 534
40 20 747
40 21 312
40 22 490
40 23 458
40 24 537
40 25 560
40 26 684
40 27 664
40 28 372
40 29 208
40 30 569
40 31 244
40 32 430
40 33 272
40 34 457
40 35 622
40 36 549
40 37 600
40 38 318
40 39 591
40 41 783
40 42 589
40 43 509
40 44 108
40 45 490
40 46 562
40 47 586
40 48 813
40 49 338
40 50 170
40 51 455
40 52 289
40 53 243
40 54 377
40 55 288
40 56 510
40 57 651
40 58 332
40 59 474
40 60 443
40 61 293
40 62 192
40 63 784
40 64 624
40 65 779
40 66 717
40 67 852
40 68 460
40 69 334
40 70 273
40 71 880
40 72 590
40 73 490
40 74 232
40 75 258
40 76 415
40 77 441
40 78 223
40 79 496
40 80 563
40 81 467
40 82 421
40 83 221
40 84 262
40 85 644
40 86 442
40 87 574
40 88 525
40 89 684
40 90 419
40 91 510
40 92 602
40 93 687
40 94 407
40 95 821
40 96 40
40 97 408
40 98 681
40 99 547
40 100 405
41 1 360
41 2 478
41 3 119
41 4 982
41 5 288
41 6 151
41 7 412
41 8 443
41 9 96
41 10 402
41 11 440
41 12 1178
41 13 1114
41 14 1081
41 15 803
41 16 287
41 17 892
41 18 428
41 19 549
41 20 385
41 21 613
41 22 839
41 23 556
41 24 407
41 25 232
41 26 656
41 27 875
41 28 857
41 29 741
41 30 993
41 31 730
41 32 979
41 33 693
41 34 1103
41 35 449
41 36 413
41 37 755
41 38 480
41 39 229
41 40 783
41 42 920
41 43 1029
41 44 890
41 45 1086
41 46 329
41 47 872
41 48 760
41 49 745
41 50 783
41 51 1180
41 52 994
41 53 1005
41 54 1056
41 55 867
41 56 525
41 57 237
41 58 606
41 59 589
41 60 1127
41 61 1070
41 62 788
41 63 233
41 64 400
41 65 914
41 66 796
41 67 82
41 68 364
41 69 825
41 70 938
41 71 892
41 72 197
41 73 295
41 74 817
41 75 624
41 76 371
41 77 1022
41 78 615
41 79 315
41 80 338
41 81 1141
41 82 426
41 83 602
41 84 990
41 85 320
41 86 376
41 87 216
41 88 674
41 89 711
41 90 855
41 91 1017
41 92 634
41 93 364
41 94 1163
41 95 89
41 96 745
41 97 1125
41 98 343
41 99 345
41 100 759
42 1 946
42 2 816
42 3 809
42 4 578
42 5 652
42 6 774
42 7 509
42 8 595
42 9 857
42 10 926
42 11 498
42 12 514
42 13 490
42 14 335
42 15 227
42 16 634
42 17 604
42 18 660
42 19 374
42 20 622
42 21 823
42 22 1065
42 23 369
42 24 513
42 25 720
42 26 345
42 27 124
42 28 958
42 29 781
42 30 106
42 31 359
42 32 243
42 33 824
42 34 384
42 35 494
42 36 508
42 37 190
42 38 564
42 39 697
42 40 589
42 41 920
42 43 212
42 44 605
42 45 316
42 46 907
42 47 54
42 48 384
42 49 905
42 50 755
42 51 539
42 52 447
42 53 554
42 54 418
42 55 318
42 56 395
42 57 688
42 58 377
42 59 970
42 60 447
42 61 626
42 62 398
42 63 764
42 64 538
42 65 233
42 66 250
42 67 1001
42 68 589
42 69 918
42 70 394
42 71 371
42 72 802
42 73 706
42 74 820
42 75 772
42 76 652
42 77 283
42 78 721
42 79 801
42 80 583
42 81 438
42 82 529
42 83 706
42 84 483
42 85 614
42 86 786
42 87 738
42 88 248
42 89 295
42 90 1002
42 91 197
42 92 313
42 93 598
42 94 598
42 95 898
42 96 598
42 97 498
42 98 612
42 99 902
42 100 209
43 1 982
43 2 822
43 3 912
43 4 429
43 5 745
43 6 892
43 7 629
43 8 638
43 9 953
43 10 952
43 11 589
43 12 306
43 13 293
43 14 126
43 15 229
43 16 749
43 17 487
43 18 694
43 19 515
43 20 784
43 21 795
43 22 998
43 23 481
43 24 634
43 25 808
43 26 537
43 27 336
43 28 876
43 29 716
43 30 115
43 31 340
43 32 80
43 33 774
43 34 176
43 35 645
43 36 633
43 37 379
43 38 601
43 39 800
43 40 509
43 41 1029
43 42 212
43 44 488
43 45 105
43 46 948
43 47 256
43 48 593
43 49 846
43 50 678
43 51 333
43 52 283
43 53 396
43 54 227
43 55 226
43 56 524
43 57 810
43 58 429
43 59 954
43 60 241
43 61 455
43 62 334
43 63 908
43 64 681
43 65 440
43 66 459
43 67 1110
43 68 672
43 69 840
43 70 252
43 71 581
43 72 881
43 73 775
43 74 737
43 75 740
43 76 707
43 77 89
43 78 692
43 79 849
43 80 700
43 81 228
43 82 609
43 83 681
43 84 324
43 85 749
43 86 820
43 87 826
43 88 399
43 89 493
43 90 925
43 91 16
43 92 486
43 93 749
43 94 402
43 95 1023
43 96 531
43 97 299
43 98 758
43 99 940
43 100 271
44 1 680
44 2 490
44 3 779
44 4 111
44 5 631
44 6 805
44 7 626
44 8 454
44 9 796
44 10 634
44 11 537
44 12 385
44 13 321
44 14 422
44 15 391
44 16 691
44 17 3
44 18 463
44 19 611
44 20 839
44 21 398
44 22 528
44 23 536
44 24 630
44 25 666
44 26 748
44 27 694
44 28 397
44 29 270
44 30 566
44 31 294
44 32 410
44 33 343
44 34 400
44 35 709
44 36 641
44 37 647
44 38 422
44 39 696
44 40 108
44 41 890
44 42 605
44 43 488
44 45 447
44 46 665
44 47 611
44 48 870
44 49 393
44 50 217
44 51 369
44 52 227
44 53 150
44 54 315
44 55 288
44 56 590
44 57 753
44 58 408
44 59 556
44 60 374
44 61 188
44 62 222
44 63 885
44 64 715
44 65 813
44 66 763
44 67 959
44 68 562
44 69 366
44 70 236
44 71 924
44 72 697
44 73 597
44 74 263
44 75 348
44 76 522
44 77 408
44 78 320
44 79 603
44 80 661
44 81 400
44 82 520
44 83 322
44 84 192
44 85 741
44 86 548
44 87 680
44 88 583
44 89 741
44 90 448
44 91 491
44 92 667
44 93 781
44 94 310
44 95 927
44 96 147
44 97 328
44 98 776
44 99 650
44 100 444
45 1 1006
45 2 836
45 3 968
45 4 370
45 5 799
45 6 956
45 7 698
45 8 675
45 9 1006
45 10 972
45 11 648
45 12 204
45 13 200
45 14 29
45 15 287
45 16 813
45 17 445
45 18 724
45 19 595
45 20 866
45 21 792
45 22 972
45 23 551
45 24 703
45 25 860
45 26 633
45 27 440
45 28 843
45 29 697
45 30 218
45 31 369
45 32 110
45 33 761
45 34 76
45 35 725
45 36 704
45 37 477
45 38 637
45 39 858
45 40 490
45 41 1086
45 42 316
45 43 105
45 44 447
45 46 976
45 47 359
45 48 695
45 49 826
45 50 652
45 51 232
45 52 224
45 53 332
45 54 147
45 55 235
45 56 600
45 57 876
45 58 481
45 59 954
45 60 142
45 61 380
45 62 340
45 63 982
45 64 758
45 65 544
45 66 562
45 67 1166
45 68 724
45 69 810
45 70 218
45 71 685
45 72 927
45 73 819
45 74 706
45 75 737
45 76 747
45 77 65
45 78 692
45 79 882
45 80 766
45 81 126
45 82 661
45 83 683
45 84 264
45 85 821
45 86 846
45 87 878
45 88 486
45 89 592
45 90 894
45 91 120
45 92 577
45 93 827
45 94 308
45 95 1087
45 96 517
45 97 204
45 98 835
45 99 966
45 100 343
46 1 46
46 2 183
46 3 284
46 4 771
46 5 309
46 6 362
46 7 467
46 8 315
46 9 252
46 10 73
46 11 426
46 12 1013
46 13 946
46 14 963
46 15 725
46 16 386
46 17 667
46 18 255
46 19 593
46 20 580
46 21 311
46 22 511
46 23 557
46 24 466
46 25 258
46 26 753
46 27 906
46 28 541
46 29 455
46 30 950
46 31 610
46 32 881
46 33 394
46 34 970
46 35 559
46 36 480
46 37 790
46 38 349
46 39 316
46 40 562
46 41 329
46 42 907
46 43 948
46 44 665
46 45 976
46 47 871
46 48 886
46 49 430
46 50 506
46 51 1007
46 52 826
46 53 803
46 54 905
46 55 742
46 56 559
46 57 393
46 58 534
46 59 260
46 60 977
46 61 853
46 62 640
46 63 488
46 64 518
46 65 982
46 66 871
46 67 363
46 68 339
46 69 512
46 70 785
46 71 1007
46 72 186
46 73 220
46 74 525
46 75 339
46 76 257
46 77 914
46 78 350
46 79 109
46 80 416
46 81 997
46 82 387
46 83 345
46 84 810
46 85 462
46 86 130
46 87 250
46 88 693
46 89 795
46 90 533
46 91 941
46 92 698
46 93 529
46 94 968
46 95 409
46 96 522
46 97 956
46 98 508
46 99 18
46 100 707
47 1 911
47 2 788
47 3 763
47 4 594
47 5 609
47 6 725
47 7 461
47 8 561
47 9 812
47 10 894
47 11 457
47 12 552
47 13 524
47 14 375
47 15 223
47 16 586
47 17 610
47 18 628
47 19 325
47 20 569
47 21 804
47 22 1053
47 23 325
47 24 465
47 25 676
47 26 292
47 27 89
47 28 951
47 29 771
47 30 157
47 31 348
47 32 276
47 33 810
47 34 423
47 35 442
47 36 459
47 37 136
47 38 532
47 39 651
47 40 586
47 41 872
47 42 54
47 43 256
47 44 611
47 45 359
47 46 871
47 48 337
47 49 892
47 50 749
47 51 576
47 52 470
47 53 573
47 54 450
47 55 329
47 56 347
47 57 639
47 58 347
47 59 947
47 60 485
47 61 648
47 62 397
47 63 712
47 64 487
47 65 207
47 66 203
47 67 953
47 68 548
47 69 910
47 70 412
47 71 337
47 72 759
47 73 667
47 74 814
47 75 754
47 76 615
47 77 320
47 78 703
47 79 764
47 80 535
47 81 477
47 82 490
47 83 687
47 84 504
47 85 564
47 86 752
47 87 694
47 88 198
47 89 243
47 90 993
47 91 241
47 92 260
47 93 546
47 94 630
47 95 848
47 96 591
47 97 532
47 98 560
47 99 867
47 100 189
48 1 931
48 2 871
48 3 679
48 4 882
48 5 579
48 6 613
48 7 420
48 8 633
48 9 734
48 10 932
48 11 481
48 12 885
48 13 851
48 14 711
48 15 498
48 16 512
48 17 870
48 18 697
48 19 313
48 20 381
48 21 935
48 22 1211
48 23 379
48 24 421
48 25 637
48 26 141
48 27 264
48 28 1138
48 29 953
48 30 489
48 31 577
48 32 607
48 33 969
48 34 758
48 35 331
48 36 407
48 37 233
48 38 622
48 39 589
48 40 813
48 41 760
48 42 384
48 43 593
48 44 870
48 45 695
48 46 886
48 47 337
48 49 1054
48 50 949
48 51 907
48 52 781
48 53 871
48 54 776
48 55 621
48 56 348
48 57 535
48 58 490
48 59 1043
48 60 818
48 61 950
48 62 649
48 63 544
48 64 377
48 65 207
48 66 135
48 67 831
48 68 554
48 69 1094
48 70 716
48 71 133
48 72 723
48 73 668
48 74 1014
48 75 897
48 76 651
48 77 653
48 78 850
48 79 782
48 80 474
48 81 812
48 82 523
48 83 830
48 84 809
48 85 450
48 86 797
48 87 651
48 88 289
48 89 129
48 90 1170
48 91 578
48 92 218
48 93 397
48 94 954
48 95 705
48 96 803
48 97 861
48 98 419
48 99 888
48 100 434
49 1 419
49 2 269
49 3 667
49 4 498
49 5 588
49 6 728
49 7 680
49 8 442
49 9 655
49 10 367
49 11 594
49 12 775
49 13 713
49 14 803
49 15 679
49 16 674
49 17 395
49 18 394
49 19 744
49 20 872
49 21 140
49 22 162
49 23 675
49 24 682
49 25 582
49 26 915
49 27 960
49 28 113
49 29 130
49 30 899
49 31 546
49 32 766
49 33 85
49 34 788
49 35 785
49 36 697
49 37 873
49 38 440
49 39 636
49 40 338
49 41 745
49 42 905
49 43 846
49 44 393
49 45 826
49 46 430
49 47 892
49 48 1054
49 50 177
49 51 758
49 52 615
49 53 540
49 54 704
49 55 622
49 56 711
49 57 716
49 58 573
49 59 207
49 60 766
49 61 555
49 62 518
49 63 843
49 64 765
49 65 1067
49 66 984
49 67 789
49 68 556
49 69 83
49 70 609
49 71 1145
49 72 561
49 73 505
49 74 141
49 75 160
49 76 463
49 77 778
49 78 205
49 79 435
49 80 673
49 81 792
49 82 555
49 83 224
49 84 583
49 85 749
49 86 376
49 87 587
49 88 783
49 89 932
49 90 123
49 91 845
49 92 837
49 93 810
49 94 688
49 95 813
49 96 316
49 97 720
49 98 796
49 99 413
49 100 703
50 1 510
50 2 325
50 3 685
50 4 324
50 5 568
50 6 731
50 7 619
50 8 395
50 9 688
50 10 460
50 11 527
50 12 601
50 13 537
50 14 629
50 15 529
50 16 646
50 17 219
50 18 372
50 19 653
50 20 828
50 21 204
50 22 321
50 23 578
50 24 622
50 25 582
50 26 815
50 27 823
50 28 204
50 29 58
50 30 739
50 31 401
50 32 598
50 33 133
50 34 612
50 35 719
50 36 636
50 37 749
50 38 378
50 39 627
50 40 170
50 41 783
50 42 755
50 43 678
50 44 217
50 45 652
50 46 506
50 47 749
50 48 949
50 49 177
50 51 584
50 52 440
50 53 365
50 54 529
50 55 458
50 56 623
50 57 699
50 58 460
50 59 349
50 60 590
50 61 386
50 62 359
50 63 833
50 64 710
50 65 936
50 66 864
50 67 841
50 68 516
50 69 164
50 70 435
50 71 1028
50 72 587
50 73 505
50 74 66
50 75 168
50 76 442
50 77 607
50 78 169
50 79 472
50 80 631
50 81 616
50 82 496
50 83 182
50 84 407
50 85 712
50 86 411
50 87 592
50 88 666
50 89 823
50 90 249
50 91 678
50 92 734
50 93 765
50 94 518
50 95 837
50 96 158
50 97 545
50 98 755
50 99 490
50 100 563
51 1 1028
51 2 842
51 3 1062
51 4 260
51 5 897
51 6 1067
51 7 830
51 8 741
51 9 1091
51 10 986
51 11 761
51 12 32
51 13 68
51 14 208
51 15 439
51 16 931
51 17 367
51 18 774
51 19 754
51 20 1023
51 21 764
51 22 882
51 23 695
51 24 835
51 25 948
51 26 827
51 27 661
51 28 745
51 29 638
51 30 447
51 31 457
51 32 301
51 33 711
51 34 158
51 35 880
51 36 840
51 37 679
51 38 703
51 39 960
51 40 455
51 41 1180
51 42 539
51 43 333
51 44 369
51 45 232
51 46 1007
51 47 576
51 48 907
51 49 758
51 50 584
51 52 187
51 53 220
51 54 138
51 55 331
51 56 750
51 57 996
51 58 593
51 59 924
51 60 92
51 61 217
51 62 392
51 63 1116
51 64 904
51 65 770
51 66 776
51 67 1256
51 68 820
51 69 721
51 70 245
51 71 909
51 72 1000
51 73 892
51 74 622
51 75 712
51 76 816
51 77 257
51 78 678
51 79 929
51 80 889
51 81 108
51 82 763
51 83 675
51 84 198
51 85 956
51 86 881
51 87 965
51 88 666
51 89 794
51 90 797
51 91 347
51 92 760
51 93 975
51 94 94
51 95 1197
51 96 493
51 97 56
51 98 978
51 99 994
51 100 506
52 1 849
52 2 666
52 3 876
52 4 147
52 5 711
52 6 882
52 7 652
52 8 555
52 9 905
52 10 809
52 11 579
52 12 188
52 13 121
52 14 198
52 15 287
52 16 748
52 17 225
52 18 589
52 19 588
52 20 852
52 21 600
52 22 755
52 23 524
52 24 657
52 25 762
52 26 683
52 27 559
52 28 624
52 29 489
52 30 381
52 31 276
52 32 214
52 33 557
52 34 174
52 35 710
52 36 663
52 37 548
52 38 517
52 39 775
52 40 289
52 41 994
52 42 447
52 43 283
52 44 227
52 45 224
52 46 826
52 47 470
52 48 781
52 49 615
52 50 440
52 51 187
52 53 113
52 54 90
52 55 165
52 56 580
52 57 814
52 58 414
52 59 762
52 60 155
52 61 179
52 62 207
52 63 936
52 64 730
52 65 676
52 66 656
52 67 1070
52 68 635
52 69 593
52 70 68
52 71 805
52 72 814
52 73 706
52 74 489
52 75 546
52 76 630
52 77 197
52 78 507
52 79 745
52 80 708
52 81 179
52 82 579
52 83 502
52 84 41
52 85 778
52 86 699
52 87 779
52 88 515
52 89 659
52 90 675
52 91 291
52 92 610
52 93 801
52 94 185
52 95 1013
52 96 323
52 97 132
52 98 803
52 99 814
52 100 355
53 1 821
53 2 632
53 3 889
53 4 43
53 5 731
53 6 906
53 7 696
53 8 562
53 9 912
53 10 776
53 11 615
53 12 236
53 13 175
53 14 304
53 15 374
53 16 780
53 17 148
53 18 584
53 19 652
53 20 904
53 21 546
53 22 668
53 23 582
53 24 701
53 25 775
53 26 764
53 27 661
53 28 533
53 29 419
53 30 493
53 31 326
53 32 326
53 33 492
53 34 272
53 35 766
53 36 709
53 37 639
53 38 526
53 39 796
53 40 243
53 41 1005
53 42 554
53 43 396
53 44 150
53 45 332
53 46 803
53 47 573
53 48 871
53 49 540
53 50 365
53 51 220
53 52 113
53 54 187
53 55 251
53 56 638
53 57 844
53 58 461
53 59 705
53 60 233
53 61 81
53 62 247
53 63 972
53 64 780
53 65 779
53 66 751
53 67 1077
53 68 658
53 69 506
53 70 161
53 71 905
53 72 816
53 73 711
53 74 406
53 75 495
53 76 634
53 77 309
53 78 464
53 79 732
53 80 744
53 81 261
53 82 607
53 83 464
53 84 73
53 85 819
53 86 681
53 87 790
53 88 595
53 89 746
53 90 585
53 91 403
53 92 688
53 93 850
53 94 165
53 95 1033
53 96 282
53 97 182
53 98 849
53 99 789
53 100 438
54 1 930
54 2 749
54 3 938
54 4 227
54 5 771
54 6 938
54 7 697
54 8 623
54 9 969
54 10 891
54 11 630
54 12 125
54 13 76
54 14 119
54 15 302
54 16 800
54 17 313
54 18 663
54 19 617
54 20 887
54 21 687
54 22 843
54 23 559
54 24 702
54 25 825
54 26 691
54 27 537
54 28 711
54 29 578
54 30 337
54 31 328
54 32 176
54 33 646
54 34 87
54 35 743
54 36 706
54 37 546
54 38 585
54 39 833
54 40 377
54 41 1056
54 42 418
54 43 227
54 44 315
54 45 147
54 46 905
54 47 450
54 48 776
54 49 704
54 50 529
54 51 138
54 52 90
54 53 187
54 55 196
54 56 613
54 57 865
54 58 461
54 59 850
54 60 73
54 61 233
54 62 271
54 63 983
54 64 769
54 65 650
54 66 647
54 67 1134
54 68 694
54 69 681
54 70 121
54 71 786
54 72 882
54 73 774
54 74 578
54 75 633
54 76 698
54 77 141
54 78 593
54 79 820
54 80 757
54 81 93
54 82 635
54 83 587
54 84 125
54 85 822
54 86 776
54 87 842
54 88 529
54 89 660
54 90 762
54 91 238
54 92 624
54 93 840
54 94 181
54 95 1069
54 96 410
54 97 86
54 98 844
54 99 893
54 100 369
55 1 772
55 2 604
55 3 748
55 4 267
55 5 580
55 6 744
55 7 501
55 8 443
55 9 782
55 10 738
55 11 436
55 12 321
55 13 265
55 14 222
55 15 124
55 16 605
55 17 287
55 18 491
55 19 426
55 20 693
55 21 570
55 22 777
55 23 365
55 24 506
55 25 637
55 26 519
55 27 415
55 28 659
55 29 493
55 30 283
55 31 138
55 32 148
55 33 549
55 34 237
55 35 550
55 36 510
55 37 389
55 38 405
55 39 641
55 40 288
55 41 867
55 42 318
55 43 226
55 44 288
55 45 235
55 46 742
55 47 329
55 48 621
55 49 622
55 50 458
55 51 331
55 52 165
55 53 251
55 54 196
55 56 420
55 57 670
55 58 266
55 59 730
55 60 264
55 61 329
55 62 110
55 63 787
55 64 574
55 65 534
55 66 501
55 67 945
55 68 503
55 69 621
55 70 98
55 71 655
55 72 699
55 73 591
55 74 519
55 75 515
55 76 517
55 77 173
55 78 468
55 79 649
55 80 561
55 81 276
55 82 442
55 83 457
55 84 189
55 85 627
55 86 612
55 87 654
55 88 351
55 89 497
55 90 706
55 91 224
55 92 445
55 93 645
55 94 349
55 95 876
55 96 307
55 97 276
55 98 648
55 99 732
55 100 191
56 1 603
56 2 525
56 3 416
56 4 636
56 5 269
56 6 379
56 7 115
56 8 285
56 9 466
56 10 597
56 11 136
56 12 738
56 13 684
56 14 602
56 15 317
56 16 239
56 17 591
56 18 351
56 19 36
56 20 274
56 21 589
56 22 867
56 23 57
56 24 119
56 25 336
56 26 208
56 27 359
56 28 801
56 29 619
56 30 473
56 31 313
56 32 490
56 33 627
56 34 635
56 35 131
56 36 113
56 37 239
56 38 275
56 39 305
56 40 510
56 41 525
56 42 395
56 43 524
56 44 590
56 45 600
56 46 559
56 47 347
56 48 348
56 49 711
56 50 623
56 51 750
56 52 580
56 53 638
56 54 613
56 55 420
56 57 294
56 58 183
56 59 697
56 60 676
56 61 717
56 62 392
56 63 384
56 64 159
56 65 424
56 66 313
56 67 606
56 68 221
56 69 758
56 70 513
56 71 457
56 72 422
56 73 342
56 74 686
56 75 553
56 76 310
56 77 539
56 78 507
56 79 452
56 80 188
56 81 683
56 82 178
56 83 488
56 84 594
56 85 226
56 86 458
56 87 353
56 88 150
56 89 239
56 90 830
56 91 511
56 92 140
56 93 229
56 94 764
56 95 506
56 96 490
56 97 695
56 98 236
56 99 558
56 100 258
57 1 438
57 2 460
57 3 145
57 4 829
57 5 132
57 6 87
57 7 182
57 8 308
57 9 199
57 10 456
57 11 236
57 12 989
57 13 929
57 14 875
57 15 590
57 16 66
57 17 754
57 18 330
57 19 314
57 20 188
57 21 577
57 22 845
57 23 331
57 24 178
57 25 142
57 26 423
57 27 638
57 28 825
57 29 671
57 30 765
57 31 540
57 32 767
57 33 645
57 34 901
57 35 214
57 36 181
57 37 519
57 38 334
57 39 83
57 40 651
57 41 237
57 42 688
57 43 810
57 44 753
57 45 876
57 46 393
57 47 639
57 48 535
57 49 716
57 50 699
57 51 996
57 52 814
57 53 844
57 54 865
57 55 670
57 56 294
57 58 405
57 59 617
57 60 934
57 61 917
57 62 608
57 63 135
57 64 165
57 65 679
57 66 561
57 67 316
57 68 191
57 69 785
57 70 752
57 71 666
57 72 209
57 73 213
57 74 748
57 75 567
57 76 259
57 77 813
57 78 539
57 79 312
57 80 111
57 81 944
57 82 238
57 83 522
57 84 817
57 85 86
57 86 356
57 87 146
57 88 441
57 89 477
57 90 837
57 91 798
57 92 397
57 93 144
57 94 992
57 95 213
57 96 618
57 97 940
57 98 121
57 99 401
57 100 539
58 1 572
58 2 442
58 3 488
58 4 456
58 5 319
58 6 479
58 7 239
58 8 220
58 9 526
58 10 550
58 11 170
58 12 586
58 13 526
58 14 476
58 15 201
58 16 340
58 17 409
58 18 284
58 19 204
58 20 444
58 21 468
58 22 733
58 23 128
58 24 244
58 25 380
58 26 356
58 27 399
58 28 650
58 29 465
58 30 417
58 31 139
58 32 374
58 33 488
58 34 499
58 35 306
58 36 250
58 37 302
58 38 187
58 39 379
58 40 332
58 41 606
58 42 377
58 43 429
58 44 408
58 45 481
58 46 534
58 47 347
58 48 490
58 49 573
58 50 460
58 51 593
58 52 414
58 53 461
58 54 461
58 55 266
58 56 183
58 57 405
58 59 603
58 60 530
58 61 539
58 62 215
58 63 523
58 64 320
58 65 499
58 66 412
58 67 686
58 68 244
58 69 607
58 70 350
58 71 574
58 72 452
58 73 347
58 74 525
58 75 423
58 76 282
58 77 417
58 78 373
58 79 429
58 80 296
58 81 541
58 82 181
58 83 354
58 84 422
58 85 364
58 86 410
58 87 399
58 88 211
58 89 364
58 90 685
58 91 419
58 92 275
58 93 390
58 94 597
58 95 611
58 96 316
58 97 538
58 98 390
58 99 528
58 100 174
59 1 235
59 2 173
59 3 533
59 4 666
59 5 504
59 6 606
59 7 634
59 8 412
59 9 508
59 10 189
59 11 563
59 12 937
59 13 871
59 14 934
59 15 756
59 16 591
59 17 558
59 18 347
59 19 732
59 20 794
59 21 163
59 22 252
59 23 675
59 24 635
59 25 475
59 26 904
59 27 1001
59 28 304
59 29 292
59 30 986
59 31 623
59 32 877
59 33 217
59 34 928
59 35 738
59 36 650
59 37 898
59 38 429
59 39 535
59 40 474
59 41 589
59 42 970
59 43 954
59 44 556
59 45 954
59 46 260
59 47 947
59 48 1043
59 49 207
59 50 349
59 51 924
59 52 762
59 53 705
59 54 850
59 55 730
59 56 697
59 57 617
59 58 603
59 60 917
59 61 734
59 62 621
59 63 730
59 64 707
59 65 1097
59 66 999
59 67 620
59 68 499
59 69 287
59 70 741
59 71 1151
59 72 427
59 73 409
59 74 337
59 75 218
59 76 398
59 77 899
59 78 263
59 79 307
59 80 605
59 81 941
59 82 521
59 83 274
59 84 735
59 85 670
59 86 264
59 87 474
59 88 801
59 89 934
59 90 285
59 91 950
59 92 834
59 93 736
59 94 864
59 95 667
59 96 441
59 97 880
59 98 718
59 99 245
59 100 762
60 1 1001
60 2 820
60 3 1009
60 4 275
60 5 841
60 6 1008
60 7 763
60 8 695
60 9 1041
60 10 962
60 11 699
60 12 68
60 13 67
60 14 116
60 15 361
60 16 869
60 17 372
60 18 735
60 19 678
60 20 949
60 21 754
60 22 900
60 23 623
60 24 768
60 25 896
60 26 741
60 27 570
60 28 766
60 29 640
60 30 355
60 31 398
60 32 211
60 33 710
60 34 67
60 35 806
60 36 772
60 37 591
60 38 657
60 39 904
60 40 443
60 41 1127
60 42 447
60 43 241
60 44 374
60 45 142
60 46 977
60 47 485
60 48 818
60 49 766
60 50 590
60 51 92
60 52 155
60 53 233
60 54 73
60 55 264
60 56 676
60 57 934
60 58 530
60 59 917
60 61 260
60 62 343
60 63 1049
60 64 833
60 65 678
60 66 686
60 67 1205
60 68 765
60 69 737
60 70 193
60 71 817
60 72 954
60 73 846
60 74 635
60 75 700
60 76 770
60 77 166
60 78 662
60 79 892
60 80 825
60 81 28
60 82 705
60 83 657
60 84 184
60 85 889
60 86 848
60 87 914
60 88 583
60 89 707
60 90 817
60 91 255
60 92 678
60 93 903
60 94 169
60 95 1139
60 96 478
60 97 67
60 98 908
60 99 964
60 100 426
61 1 868
61 2 677
61 3 956
61 4 88
61 5 801
61 6 976
61 7 773
61 8 628
61 9 976
61 10 821
61 11 690
61 12 241
61 13 195
61 14 351
61 15 452
61 16 853
61 17 186
61 18 645
61 19 732
61 20 982
61 21 580
61 22 669
61 23 661
61 24 778
61 25 842
61 26 844
61 27 736
61 28 532
61 29 443
61 30 558
61 31 405
61 32 391
61 33 518
61 34 312
61 35 844
61 36 786
61 37 718
61 38 594
61 39 866
61 40 293
61 41 1070
61 42 626
61 43 455
61 44 188
61 45 380
61 46 853
61 47 648
61 48 950
61 49 555
61 50 386
61 51 217
61 52 179
61 53 81
61 54 233
61 55 329
61 56 717
61 57 917
61 58 539
61 59 734
61 60 260
61 62 326
61 63 1046
61 64 858
61 65 854
61 66 829
61 67 1140
61 68 729
61 69 510
61 70 237
61 71 981
61 72 879
61 73 776
61 74 416
61 75 532
61 76 699
61 77 368
61 78 507
61 79 789
61 80 818
61 81 287
61 82 679
61 83 509
61 84 144
61 85 894
61 86 735
61 87 857
61 88 675
61 89 825
61 90 584
61 91 465
61 92 768
61 93 927
61 94 135
61 95 1101
61 96 333
61 97 197
61 98 925
61 99 838
61 100 518
62 1 668
62 2 497
62 3 670
62 4 245
62 5 505
62 6 676
62 7 452
62 8 352
62 9 700
62 10 633
62 11 375
62 12 390
62 13 326
62 14 325
62 15 175
62 16 543
62 17 222
62 18 393
62 19 407
62 20 658
62 21 461
62 22 675
62 23 336
62 24 457
62 25 556
62 26 531
62 27 477
62 28 562
62 29 390
62 30 381
62 31 80
62 32 257
62 33 443
62 34 331
62 35 519
62 36 464
62 37 425
62 38 314
62 39 569
62 40 192
62 41 788
62 42 398
62 43 334
62 44 222
62 45 340
62 46 640
62 47 397
62 48 649
62 49 518
62 50 359
62 51 392
62 52 207
62 53 247
62 54 271
62 55 110
62 56 392
62 57 608
62 58 215
62 59 621
62 60 343
62 61 326
62 63 733
62 64 535
62 65 595
62 66 542
62 67 865
62 68 429
62 69 523
62 70 151
62 71 703
62 72 612
62 73 503
62 74 423
62 75 406
62 76 427
62 77 281
62 78 359
62 79 551
62 80 504
62 81 360
62 82 372
62 83 348
62 84 210
62 85 576
62 86 511
62 87 574
62 88 363
62 89 521
62 90 608
62 91 332
62 92 452
62 93 604
62 94 385
62 95 806
62 96 204
62 97 337
62 98 604
62 99 629
62 100 222
63 1 529
63 2 582
63 3 206
63 4 959
63 5 265
63 6 126
63 7 287
63 8 442
63 9 250
63 10 557
63 11 359
63 12 1107
63 13 1049
63 14 983
63 15 697
63 16 195
63 17 887
63 18 463
63 19 395
63 20 164
63 21 704
63 22 966
63 23 431
63 24 282
63 25 262
63 26 458
63 27 697
63 28 953
63 29 804
63 30 851
63 31 661
63 32 872
63 33 775
63 34 1013
63 35 271
63 36 279
63 37 583
63 38 468
63 39 209
63 40 784
63 41 233
63 42 764
63 43 908
63 44 885
63 45 982
63 46 488
63 47 712
63 48 544
63 49 843
63 50 833
63 51 1116
63 52 936
63 53 972
63 54 983
63 55 787
63 56 384
63 57 135
63 58 523
63 59 730
63 60 1049
63 61 1046
63 62 733
63 64 229
63 65 716
63 66 600
63 67 294
63 68 325
63 69 915
63 70 873
63 71 676
63 72 305
63 73 339
63 74 881
63 75 697
63 76 392
63 77 920
63 78 672
63 79 424
63 80 230
63 81 1058
63 82 368
63 83 655
63 84 942
63 85 161
63 86 475
63 87 259
63 88 520
63 89 516
63 90 963
63 91 895
63 92 456
63 93 167
63 94 1117
63 95 163
63 96 752
63 97 1060
63 98 153
63 99 499
63 100 640
64 1 564
64 2 538
64 3 306
64 4 773
64 5 211
64 6 249
64 7 92
64 8 325
64 9 360
64 10 571
64 11 184
64 12 893
64 13 838
64 14 760
64 15 475
64 16 136
64 17 716
64 18 374
64 19 167
64 20 125
64 21 632
64 22 910
64 23 210
64 24 88
64 25 264
64 26 259
64 27 479
64 28 866
64 29 694
64 30 623
64 31 458
64 32 648
64 33 686
64 34 793
64 35 50
64 36 76
64 37 361
64 38 334
64 39 212
64 40 624
64 41 400
64 42 538
64 43 681
64 44 715
64 45 758
64 46 518
64 47 487
64 48 377
64 49 765
64 50 710
64 51 904
64 52 730
64 53 780
64 54 769
64 55 574
64 56 159
64 57 165
64 58 320
64 59 707
64 60 833
64 61 858
64 62 535
64 63 229
64 65 515
64 66 397
64 67 477
64 68 212
64 69 824
64 70 665
64 71 505
64 72 348
64 73 305
64 74 767
64 75 607
64 76 312
64 77 697
64 78 569
64 79 420
64 80 104
64 81 840
64 82 215
64 83 550
64 84 741
64 85 81
64 86 447
64 87 276
64 88 292
64 89 313
64 90 888
64 91 667
64 92 236
64 93 71
64 94 914
64 95 364
64 96 598
64 97 849
64 98 78
64 99 522
64 100 416
65 1 1025
65 2 930
65 3 819
65 4 800
65 5 689
65 6 763
65 7 527
65 8 691
65 9 872
65 10 1016
65 11 557
65 12 745
65 13 723
65 14 564
65 15 422
65 16 641
65 17 813
65 18 759
65 19 390
65 20 555
65 21 967
65 22 1229
65 23 428
65 24 529
65 25 754
65 26 260
65 27 119
65 28 1136
65 29 952
65 30 327
65 31 537
65 32 475
65 33 983
65 34 614
65 35 466
65 36 518
65 37 199
65 38 670
65 39 715
65 40 779
65 41 914
65 42 233
65 43 440
65 44 813
65 45 544
65 46 982
65 47 207
65 48 207
65 49 1067
65 50 936
65 51 770
65 52 676
65 53 779
65 54 650
65 55 534
65 56 424
65 57 679
65 58 499
65 59 1097
65 60 678
65 61 854
65 62 595
65 63 716
65 64 515
65 66 119
65 67 990
65 68 644
65 69 1093
65 70 619
65 71 143
65 72 841
65 73 765
65 74 1002
65 75 921
65 76 729
65 77 515
65 78 870
65 79 874
65 80 594
65 81 667
65 82 597
65 83 852
65 84 710
65 85 595
65 86 875
65 87 770
65 88 296
65 89 203
65 90 1175
65 91 425
65 92 289
65 93 555
65 94 831
65 95 871
65 96 780
65 97 731
65 98 575
65 99 980
65 100 375
66 1 915
66 2 829
66 3 701
66 4 766
66 5 574
66 6 645
66 7 411
66 8 589
66 9 754
66 10 909
66 11 448
66 12 753
66 13 722
66 14 578
66 15 380
66 16 524
66 17 764
66 18 656
66 19 278
66 20 440
66 21 876
66 22 1145
66 23 325
66 24 414
66 25 638
66 26 142
66 27 131
66 28 1060
66 29 875
66 30 355
66 31 475
66 32 475
66 33 899
66 34 625
66 35 348
66 36 402
66 37 118
66 38 571
66 39 598
66 40 717
66 41 796
66 42 250
66 43 459
66 44 763
66 45 562
66 46 871
66 47 203
66 48 135
66 49 984
66 50 864
66 51 776
66 52 656
66 53 751
66 54 647
66 55 501
66 56 313
66 57 561
66 58 412
66 59 999
66 60 686
66 61 829
66 62 542
66 63 600
66 64 397
66 65 119
66 67 872
66 68 533
66 69 1017
66 70 594
66 71 164
66 72 726
66 73 653
66 74 930
66 75 833
66 76 622
66 77 521
66 78 783
66 79 764
66 80 477
66 81 679
66 82 489
66 83 764
66 84 686
66 85 476
66 86 769
66 87 654
66 88 202
66 89 85
66 90 1096
66 91 443
66 92 174
66 93 438
66 94 825
66 95 753
66 96 712
66 97 731
66 98 457
66 99 871
66 100 321
67 1 386
67 2 527
67 3 199
67 4 1053
67 5 367
67 6 230
67 7 492
67 8 517
67 9 166
67 10 432
67 11 521
67 12 1254
67 13 1190
67 14 1161
67 15 883
67 16 368
67 17 961
67 18 496
67 19 629
67 20 453
67 21 662
67 22 871
67 23 637
67 24 488
67 25 309
67 26 732
67 27 954
67 28 901
67 29 796
67 30 1074
67 31 808
67 32 1059
67 33 744
67 34 1182
67 35 526
67 36 494
67 37 834
67 38 554
67 39 310
67 40 852
67 41 82
67 42 1001
67 43 1110
67 44 959
67 45 1166
67 46 363
67 47 953
67 48 831
67 49 789
67 50 841
67 51 1256
67 52 1070
67 53 1077
67 54 1134
67 55 945
67 56 606
67 57 316
67 58 686
67 59 620
67 60 1205
67 61 1140
67 62 865
67 63 294
67 64 477
67 65 990
67 66 872
67 68 443
67 69 871
67 70 1015
67 71 963
67 72 262
67 73 366
67 74 870
67 75 678
67 76 443
67 77 1102
67 78 673
67 79 369
67 80 419
67 81 1219
67 82 505
67 83 662
67 84 1065
67 85 397
67 86 431
67 87 292
67 88 755
67 89 788
67 90 895
67 91 1098
67 92 712
67 93 438
67 94 1237
67 95 132
67 96 813
67 97 1201
67 98 417
67 99 379
67 100 840
68 1 383
68 2 328
68 3 245
68 4 641
68 5 77
68 6 249
68 7 137
68 8 122
68 9 282
68 10 379
68 11 92
68 12 817
68 13 754
68 14 718
68 15 443
68 16 131
68 17 564
68 18 163
68 19 255
68 20 317
68 21 421
68 22 699
68 23 225
68 24 137
68 25 137
68 26 418
68 27 573
68 28 659
68 29 494
68 30 648
68 31 367
68 32 617
68 33 478
68 34 739
68 35 240
68 36 153
68 37 455
68 38 144
68 39 140
68 40 460
68 41 364
68 42 589
68 43 672
68 44 562
68 45 724
68 46 339
68 47 548
68 48 554
68 49 556
68 50 516
68 51 820
68 52 635
68 53 658
68 54 694
68 55 503
68 56 221
68 57 191
68 58 244
68 59 499
68 60 765
68 61 729
68 62 429
68 63 325
68 64 212
68 65 644
68 66 533
68 67 443
68 69 618
68 70 577
68 71 671
68 72 214
68 73 122
68 74 569
68 75 399
68 76 101
68 77 660
68 78 364
68 79 232
68 80 118
68 81 778
68 82 64
68 83 345
68 84 635
68 85 197
68 86 244
68 87 155
68 88 360
68 89 457
68 90 678
68 91 661
68 92 360
68 93 255
68 94 810
68 95 378
68 96 427
68 97 765
68 98 242
68 99 339
68 100 406
69 1 502
69 2 347
69 3 743
69 4 464
69 5 656
69 6 801
69 7 736
69 8 500
69 9 733
69 10 450
69 11 647
69 12 741
69 13 681
69 14 786
69 15 692
69 16 740
69 17 368
69 18 459
69 19 789
69 20 934
69 21 214
69 22 163
69 23 717
69 24 739
69 25 654
69 26 957
69 27 982
69 28 44
69 29 142
69 30 902
69 31 562
69 32 761
69 33 141
69 34 766
69 35 840
69 36 753
69 37 903
69 38 493
69 39 706
69 40 334
69 41 825
69 42 918
69 43 840
69 44 366
69 45 810
69 46 512
69 47 910
69 48 1094
69 49 83
69 50 164
69 51 721
69 52 593
69 53 506
69 54 681
69 55 621
69 56 758
69 57 785
69 58 607
69 59 287
69 60 737
69 61 510
69 62 523
69 63 915
69 64 824
69 65 1093
69 66 1017
69 67 871
69 68 618
69 70 595
69 71 1179
69 72 638
69 73 577
69 74 105
69 75 220
69 76 529
69 77 767
69 78 256
69 79 512
69 80 735
69 81 764
69 82 611
69 83 275
69 84 557
69 85 813
69 86 452
69 87 660
69 88 816
69 89 970
69 90 85
69 91 841
69 92 877
69 93 872
69 94 645
69 95 891
69 96 321
69 97 687
69 98 859
69 99 495
69 100 723
70 1 811
70 2 633
70 3 820
70 4 185
70 5 653
70 6 823
70 7 588
70 8 503
70 9 850
70 10 773
70 11 517
70 12 240
70 13 178
70 14 196
70 15 221
70 16 687
70 17 235
70 18 542
70 19 521
70 20 785
70 21 578
70 22 755
70 23 458
70 24 593
70 25 706
70 26 616
70 27 500
70 28 629
70 29 479
70 30 338
70 31 213
70 32 176
70 33 544
70 34 189
70 35 643
70 36 598
70 37 483
70 38 464
70 39 717
70 40 273
70 41 938
70 42 394
70 43 252
70 44 236
70 45 218
70 46 785
70 47 412
70 48 716
70 49 609
70 50 435
70 51 245
70 52 68
70 53 161
70 54 121
70 55 98
70 56 513
70 57 752
70 58 350
70 59 741
70 60 193
70 61 237
70 62 151
70 63 873
70 64 665
70 65 619
70 66 594
70 67 1015
70 68 577
70 69 595
70 71 745
70 72 762
70 73 654
70 74 491
70 75 523
70 76 578
70 77 173
70 78 481
70 79 699
70 80 645
70 81 212
70 82 519
70 83 473
70 84 93
70 85 714
70 86 656
70 87 723
70 88 448
70 89 593
70 90 679
70 91 257
70 92 543
70 93 735
70 94 252
70 95 953
70 96 302
70 97 189
70 98 738
70 99 773
70 100 288
71 1 1052
71 2 980
71 3 809
71 4 922
71 5 702
71 6 744
71 7 541
71 8 740
71 9 864
71 10 1050
71 11 592
71 12 884
71 13 860
71 14 705
71 15 537
71 16 640
71 17 924
71 18 806
71 19 421
71 20 513
71 21 1034
71 22 1305
71 23 478
71 24 542
71 25 763
71 26 254
71 27 249
71 28 1222
71 29 1038
71 30 468
71 31 638
71 32 611
71 33 1060
71 34 754
71 35 458
71 36 529
71 37 281
71 38 725
71 39 716
71 40 880
71 41 892
71 42 371
71 43 581
71 44 924
71 45 685
71 46 1007
71 47 337
71 48 133
71 49 1145
71 50 1028
71 51 909
71 52 805
71 53 905
71 54 786
71 55 655
71 56 457
71 57 666
71 58 574
71 59 1151
71 60 817
71 61 981
71 62 703
71 63 676
71 64 505
71 65 143
71 66 164
71 67 963
71 68 671
71 69 1179
71 70 745
71 72 850
71 73 788
71 74 1093
71 75 992
71 76 766
71 77 653
71 78 943
71 79 902
71 80 599
71 81 808
71 82 634
71 83 924
71 84 837
71 85 580
71 86 913
71 87 777
71 88 364
71 89 218
71 90 1258
71 91 566
71 92 318
71 93 528
71 94 966
71 95 837
71 96 875
71 97 868
71 98 550
71 99 1008
71 100 481
72 1 229
72 2 293
72 3 108
72 4 792
72 5 154
72 6 180
72 7 315
72 8 260
72 9 101
72 10 253
72 11 304
72 12 1000
72 13 935
72 14 919
72 15 652
72 16 212
72 17 699
72 18 235
72 19 453
72 20 397
72 21 425
72 22 669
72 23 435
72 24 313
72 25 88
72 26 598
72 27 780
72 28 673
72 29 547
72 30 861
72 31 561
72 32 823
72 33 503
72 34 935
72 35 393
72 36 325
72 37 660
72 38 298
72 39 137
72 40 590
72 41 197
72 42 802
72 43 881
72 44 697
72 45 927
72 46 186
72 47 759
72 48 723
72 49 561
72 50 587
72 51 1000
72 52 814
72 53 816
72 54 882
72 55 699
72 56 422
72 57 209
72 58 452
72 59 427
72 60 954
72 61 879
72 62 612
72 63 305
72 64 348
72 65 841
72 66 726
72 67 262
72 68 214
72 69 638
72 70 762
72 71 850
72 73 109
72 74 623
72 75 431
72 76 185
72 77 863
72 78 419
72 79 127
72 80 251
72 81 970
72 82 276
72 83 406
72 84 807
72 85 284
72 86 186
72 87 73
72 88 568
72 89 645
72 90 676
72 91 871
72 92 553
72 93 349
72 94 977
72 95 254
72 96 552
72 97 946
72 98 327
72 99 195
72 100 619
73 1 265
73 2 248
73 3 184
73 4 689
73 5 96
73 6 227
73 7 248
73 8 152
73 9 201
73 10 267
73 11 212
73 12 892
73 13 827
73 14 811
73 15 547
73 16 182
73 17 599
73 18 137
73 19 376
73 20 385
73 21 366
73 22 632
73 23 345
73 24 247
73 25 79
73 26 534
73 27 694
73 28 615
73 29 470
73 30 760
73 31 453
73 32 716
73 33 437
73 34 827
73 35 343
73 36 261
73 37 576
73 38 190
73 39 131
73 40 490
73 41 295
73 42 706
73 43 775
73 44 597
73 45 819
73 46 220
73 47 667
73 48 668
73 49 505
73 50 505
73 51 892
73 52 706
73 53 711
73 54 774
73 55 591
73 56 342
73 57 213
73 58 347
73 59 409
73 60 846
73 61 776
73 62 503
73 63 339
73 64 305
73 65 765
73 66 653
73 67 366
73 68 122
73 69 577
73 70 654
73 71 788
73 72 109
73 74 548
73 75 361
73 76 78
73 77 755
73 78 339
73 79 116
73 80 202
73 81 862
73 82 178
73 83 324
73 84 700
73 85 262
73 86 146
73 87 88
73 88 481
73 89 576
73 90 626
73 91 766
73 92 479
73 93 328
73 94 871
73 95 335
73 96 452
73 97 838
73 98 309
73 99 221
73 100 517
74 1 523
74 2 346
74 3 724
74 4 364
74 5 617
74 6 774
74 7 677
74 8 448
74 9 722
74 10 471
74 11 585
74 12 641
74 13 580
74 14 682
74 15 594
74 16 697
74 17 265
74 18 418
74 19 716
74 20 883
74 21 214
74 22 266
74 23 641
74 24 680
74 25 626
74 26 879
74 27 889
74 28 141
74 29 78
74 30 801
74 31 467
74 32 657
74 33 132
74 34 663
74 35 778
74 36 694
74 37 815
74 38 434
74 39 673
74 40 232
74 41 817
74 42 820
74 43 737
74 44 263
74 45 706
74 46 525
74 47 814
74 48 1014
74 49 141
74 50 66
74 51 622
74 52 489
74 53 406
74 54 578
74 55 519
74 56 686
74 57 748
74 58 525
74 59 337
74 60 635
74 61 416
74 62 423
74 63 881
74 64 767
74 65 1002
74 66 930
74 67 870
74 68 569
74 69 105
74 70 491
74 71 1093
74 72 623
74 73 548
74 75 193
74 76 490
74 77 663
74 78 210
74 79 503
74 80 685
74 81 662
74 82 553
74 83 227
74 84 454
74 85 765
74 86 441
74 87 634
74 88 732
74 89 888
74 90 189
74 91 738
74 92 798
74 93 821
74 94 550
74 95 875
74 96 224
74 97 587
74 98 809
74 99 508
74 100 629
75 1 344
75 2 157
75 3 533
75 4 458
75 5 437
75 6 587
75 7 521
75 8 283
75 9 530
75 10 295
75 11 434
75 12 723
75 13 657
75 14 717
75 15 551
75 16 521
75 17 350
75 18 239
75 19 587
75 20 716
75 21 56
75 22 314
75 23 519
75 24 523
75 25 439
75 26 758
75 27 817
75 28 260
75 29 118
75 30 778
75 31 417
75 32 662
75 33 79
75 34 711
75 35 626
75 36 539
75 37 724
75 38 281
75 39 489
75 40 258
75 41 624
75 42 772
75 43 740
75 44 348
75 45 737
75 46 339
75 47 754
75 48 897
75 49 160
75 50 168
75 51 712
75 52 546
75 53 495
75 54 633
75 55 515
75 56 553
75 57 567
75 58 423
75 59 218
75 60 700
75 61 532
75 62 406
75 63 697
75 64 607
75 65 921
75 66 833
75 67 678
75 68 399
75 69 220
75 70 523
75 71 992
75 72 431
75 73 361
75 74 193
75 76 310
75 77 682
75 78 51
75 79 310
75 80 517
75 81 724
75 82 396
75 83 69
75 84 520
75 85 594
75 86 249
75 87 446
75 88 631
75 89 778
75 90 281
75 91 737
75 92 681
75 93 654
75 94 657
75 95 684
75 96 224
75 97 666
75 98 640
75 99 323
75 100 566
76 1 298
76 2 227
76 3 258
76 4 612
76 5 128
76 6 291
76 7 237
76 8 75
76 9 278
76 10 287
76 11 175
76 12 816
76 13 750
76 14 738
76 15 480
76 16 212
76 17 524
76 18 72
76 19 346
76 20 410
76 21 325
76 22 601
76 23 302
76 24 237
76 25 146
76 26 514
76 27 650
76 28 569
76 29 413
76 30 699
76 31 380
76 32 645
76 33 388
76 34 753
76 35 340
76 36 253
76 37 535
76 38 114
76 39 185
76 40 415
76 41 371
76 42 652
76 43 707
76 44 522
76 45 747
76 46 257
76 47 615
76 48 651
76 49 463
76 50 442
76 51 816
76 52 630
76 53 634
76 54 698
76 55 517
76 56 310
76 57 259
76 58 282
76 59 398
76 60 770
76 61 699
76 62 427
76 63 392
76 64 312
76 65 729
76 66 622
76 67 443
76 68 101
76 69 529
76 70 578
76 71 766
76 72 185
76 73 78
76 74 490
76 75 310
76 77 684
76 78 281
76 79 150
76 80 213
76 81 786
76 82 133
76 83 264
76 84 623
76 85 287
76 86 148
76 87 159
76 88 438
76 89 549
76 90 585
76 91 698
76 92 450
76 93 349
76 94 794
76 95 407
76 96 378
76 97 761
76 98 334
76 99 254
76 100 455
77 1 944
77 2 777
77 3 904
77 4 343
77 5 735
77 6 892
77 7 636
77 8 611
77 9 942
77 10 911
77 11 584
77 12 233
77 13 209
77 14 64
77 15 224
77 16 750
77 17 407
77 18 662
77 19 535
77 20 807
77 21 737
77 22 927
77 23 489
77 24 640
77 25 796
77 26 582
77 27 405
77 28 802
77 29 649
77 30 197
77 31 306
77 32 50
77 33 710
77 34 106
77 35 665
77 36 642
77 37 429
77 38 573
77 39 794
77 40 441
77 41 1022
77 42 283
77 43 89
77 44 408
77 45 65
77 46 914
77 47 320
77 48 653
77 49 778
77 50 607
77 51 257
77 52 197
77 53 309
77 54 141
77 55 173
77 56 539
77 57 813
77 58 417
77 59 899
77 60 166
77 61 368
77 62 281
77 63 920
77 64 697
77 65 515
77 66 521
77 67 1102
77 68 660
77 69 767
77 70 173
77 71 653
77 72 863
77 73 755
77 74 663
77 75 682
77 76 684
77 78 637
77 79 819
77 80 702
77 81 160
77 82 597
77 83 627
77 84 237
77 85 759
77 86 784
77 87 814
77 88 430
77 89 545
77 90 851
77 91 99
77 92 523
77 93 766
77 94 319
77 95 1024
77 96 466
77 97 217
77 98 774
77 99 904
77 100 282
78 1 361
78 2 171
78 3 517
78 4 429
78 5 408
78 6 565
78 7 481
78 8 245
78 9 519
78 10 314
78 11 392
78 12 688
78 13 621
78 14 673
78 15 501
78 16 490
78 17 322
78 18 210
78 19 540
78 20 681
78 21 104
78 22 363
78 23 471
78 24 483
78 25 417
78 26 711
78 27 766
78 28 298
78 29 133
78 30 729
78 31 367
78 32 615
78 33 120
78 34 669
78 35 585
78 36 498
78 37 674
78 38 238
78 39 464
78 40 223
78 41 615
78 42 721
78 43 692
78 44 320
78 45 692
78 46 350
78 47 703
78 48 850
78 49 205
78 50 169
78 51 678
78 52 507
78 53 464
78 54 593
78 55 468
78 56 507
78 57 539
78 58 373
78 59 263
78 60 662
78 61 507
78 62 359
78 63 672
78 64 569
78 65 870
78 66 783
78 67 673
78 68 364
78 69 256
78 70 481
78 71 943
78 72 419
78 73 339
78 74 210
78 75 51
78 76 281
78 77 637
78 79 305
78 80 481
78 81 685
78 82 356
78 83 20
78 84 484
78 85 560
78 86 244
78 87 426
78 88 582
78 89 729
78 90 324
78 91 689
78 92 633
78 93 618
78 94 628
78 95 669
78 96 186
78 97 631
78 98 606
78 99 334
78 100 515
79 1 152
79 2 167
79 3 234
79 4 704
79 5 210
79 6 301
79 7 363
79 8 212
79 9 222
79 10 152
79 11 318
79 12 932
79 13 865
79 14 871
79 15 623
79 16 293
79 17 605
79 18 159
79 19 486
79 20 493
79 21 300
79 22 544
79 23 449
79 24 362
79 25 170
79 26 648
79 27 798
79 28 547
79 29 428
79 30 846
79 31 514
79 32 784
79 33 379
79 34 881
79 35 458
79 36 376
79 37 682
79 38 248
79 39 230
79 40 496
79 41 315
79 42 801
79 43 849
79 44 603
79 45 882
79 46 109
79 47 764
79 48 782
79 49 435
79 50 472
79 51 929
79 52 745
79 53 732
79 54 820
79 55 649
79 56 452
79 57 312
79 58 429
79 59 307
79 60 892
79 61 789
79 62 551
79 63 424
79 64 420
79 65 874
79 66 764
79 67 369
79 68 232
79 69 512
79 70 699
79 71 902
79 72 127
79 73 116
79 74 503
79 75 310
79 76 150
79 77 819
79 78 305
79 80 317
79 81 910
79 82 279
79 83 295
79 84 732
79 85 372
79 86 62
79 87 168
79 88 585
79 89 688
79 90 549
79 91 841
79 92 591
79 93 438
79 94 896
79 95 379
79 96 457
79 97 876
79 98 418
79 99 107
79 100 602
80 1 461
80 2 437
80 3 229
80 4 731
80 5 108
80 6 194
80 7 74
80 8 238
80 9 280
80 10 468
80 11 130
80 12 881
80 13 822
80 14 764
80 15 479
80 16 51
80 17 663
80 18 279
80 19 213
80 20 200
80 21 537
80 22 814
80 23 221
80 24 70
80 25 165
80 26 347
80 27 542
80 28 776
80 29 610
80 30 657
80 31 433
80 32 656
80 33 595
80 34 791
80 35 144
80 36 78
80 37 422
80 38 255
80 39 122
80 40 563
80 41 338
80 42 583
80 43 700
80 44 661
80 45 766
80 46 416
80 47 535
80 48 474
80 49 673
80 50 631
80 51 889
80 52 708
80 53 744
80 54 757
80 55 561
80 56 188
80 57 111
80 58 296
80 59 605
80 60 825
80 61 818
80 62 504
80 63 230
80 64 104
80 65 594
80 66 477
80 67 419
80 68 118
80 69 735
80 70 645
80 71 599
80 72 251
80 73 202
80 74 685
80 75 517
80 76 213
80 77 702
80 78 481
80 79 317
80 81 835
80 82 143
80 83 463
80 84 713
80 85 82
80 86 344
80 87 179
80 88 337
80 89 395
80 90 795
80 91 687
80 92 307
80 93 138
80 94 888
80 95 324
80 96 533
80 97 833
80 98 125
80 99 419
80 100 429
81 1 1022
81 2 842
81 3 1023
81 4 303
81 5 855
81 6 1019
81 7 772
81 8 712
81 9 1056
81 10 983
81 11 710
81 12 79
81 13 93
81 14 104
81 15 366
81 16 880
81 17 398
81 18 753
81 19 683
81 20 954
81 21 778
81 22 926
81 23 630
81 24 777
81 25 911
81 26 740
81 27 561
81 28 793
81 29 666
81 30 343
81 31 412
81 32 208
81 33 735
81 34 55
81 35 811
81 36 780
81 37 588
81 38 673
81 39 916
81 40 467
81 41 1141
81 42 438
81 43 228
81 44 400
81 45 126
81 46 997
81 47 477
81 48 812
81 49 792
81 50 616
81 51 108
81 52 179
81 53 261
81 54 93
81 55 276
81 56 683
81 57 944
81 58 541
81 59 941
81 60 28
81 61 287
81 62 360
81 63 1058
81 64 840
81 65 667
81 66 679
81 67 1219
81 68 778
81 69 764
81 70 212
81 71 808
81 72 970
81 73 862
81 74 662
81 75 724
81 76 786
81 77 160
81 78 685
81 79 910
81 80 835
81 82 718
81 83 679
81 84 209
81 85 897
81 86 868
81 87 928
81 88 585
81 89 703
81 90 844
81 91 243
81 92 678
81 93 910
81 94 191
81 95 1151
81 96 501
81 97 93
81 98 916
81 99 985
81 100 430
82 1 430
82 2 349
82 3 307
82 4 592
82 5 138
82 6 304
82 7 126
82 8 115
82 9 345
82 10 420
82 11 43
82 12 758
82 13 696
82 14 656
82 15 380
82 16 174
82 17 521
82 18 175
82 19 214
82 20 333
82 21 425
82 22 705
82 23 171
82 24 129
82 25 200
82 26 384
82 27 519
82 28 653
82 29 480
82 30 586
82 31 307
82 32 555
82 33 474
82 34 678
82 35 230
82 36 143
82 37 403
82 38 119
82 39 199
82 40 421
82 41 426
82 42 529
82 43 609
82 44 520
82 45 661
82 46 387
82 47 490
82 48 523
82 49 555
82 50 496
82 51 763
82 52 579
82 53 607
82 54 635
82 55 442
82 56 178
82 57 238
82 58 181
82 59 521
82 60 705
82 61 679
82 62 372
82 63 368
82 64 215
82 65 597
82 66 489
82 67 505
82 68 64
82 69 611
82 70 519
82 71 634
82 72 276
82 73 178
82 74 553
82 75 396
82 76 133
82 77 597
82 78 356
82 79 279
82 80 143
82 81 718
82 83 336
82 84 580
82 85 223
82 86 280
82 87 218
82 88 306
82 89 417
82 90 677
82 91 598
82 92 318
82 93 271
82 94 755
82 95 435
82 96 391
82 97 707
82 98 263
82 99 385
82 100 344
83 1 359
83 2 169
83 3 503
83 4 430
83 5 391
83 6 550
83 7 461
83 8 226
83 9 507
83 10 313
83 11 373
83 12 685
83 13 617
83 14 665
83 15 486
83 16 471
83 17 324
83 18 193
83 19 521
83 20 662
83 21 118
83 22 382
83 23 452
83 24 464
83 25 401
83 26 691
83 27 749
83 28 318
83 29 150
83 30 715
83 31 352
83 32 604
83 33 140
83 34 662
83 35 566
83 36 479
83 37 656
83 38 219
83 39 447
83 40 221
83 41 602
83 42 706
83 43 681
83 44 322
83 45 683
83 46 345
83 47 687
83 48 830
83 49 224
83 50 182
83 51 675
83 52 502
83 53 464
83 54 587
83 55 457
83 56 488
83 57 522
83 58 354
83 59 274
83 60 657
83 61 509
83 62 348
83 63 655
83 64 550
83 65 852
83 66 764
83 67 662
83 68 345
83 69 275
83 70 473
83 71 924
83 72 406
83 73 324
83 74 227
83 75 69
83 76 264
83 77 627
83 78 20
83 79 295
83 80 463
83 81 679
83 82 336
83 84 480
83 85 542
83 86 235
83 87 411
83 88 563
83 89 710
83 90 343
83 91 677
83 92 614
83 93 599
83 94 628
83 95 655
83 96 183
83 97 627
83 98 587
83 99 330
83 100 499
84 1 831
84 2 646
84 3 873
84 4 107
84 5 710
84 6 883
84 7 660
84 8 549
84 9 899
84 10 790
84 11 584
84 12 205
84 13 138
84 14 237
84 15 312
84 16 752
84 17 190
84 18 579
84 19 604
84 20 864
84 21 573
84 22 719
84 23 537
84 24 665
84 25 759
84 26 707
84 27 592
84 28 587
84 29 457
84 30 420
84 31 284
84 32 254
84 33 527
84 34 211
84 35 723
84 36 672
84 37 576
84 38 511
84 39 775
84 40 262
84 41 990
84 42 483
84 43 324
84 44 192
84 45 264
84 46 810
84 47 504
84 48 809
84 49 583
84 50 407
84 51 198
84 52 41
84 53 73
84 54 125
84 55 189
84 56 594
84 57 817
84 58 422
84 59 735
84 60 184
84 61 144
84 62 210
84 63 942
84 64 741
84 65 710
84 66 686
84 67 1065
84 68 635
84 69 557
84 70 93
84 71 837
84 72 807
84 73 700
84 74 454
84 75 520
84 76 623
84 77 237
84 78 484
84 79 732
84 80 713
84 81 209
84 82 580
84 83 480
84 85 785
84 86 684
84 87 775
84 88 538
84 89 685
84 90 638
84 91 331
84 92 632
84 93 811
84 94 176
84 95 1012
84 96 298
84 97 148
84 98 812
84 99 797
84 100 379
85 1 508
85 2 506
85 3 230
85 4 808
85 5 167
85 6 169
85 7 126
85 8 318
85 9 284
85 10 521
85 11 205
85 12 947
85 13 889
85 14 822
85 15 536
85 16 80
85 17 742
85 18 355
85 19 241
85 20 125
85 21 612
85 22 886
85 23 271
85 24 121
85 25 205
85 26 338
85 27 558
85 28 854
85 29 690
85 30 697
85 31 503
85 32 712
85 33 673
85 34 852
85 35 129
85 36 118
85 37 440
85 38 336
85 39 148
85 40 644
85 41 320
85 42 614
85 43 749
85 44 741
85 45 821
85 46 462
85 47 564
85 48 450
85 49 749
85 50 712
85 51 956
85 52 778
85 53 819
85 54 822
85 55 627
85 56 226
85 57 86
85 58 364
85 59 670
85 60 889
85 61 894
85 62 576
85 63 161
85 64 81
85 65 595
85 66 476
85 67 397
85 68 197
85 69 813
85 70 714
85 71 580
85 72 284
85 73 262
85 74 765
85 75 594
85 76 287
85 77 759
85 78 560
85 79 372
85 80 82
85 81 897
85 82 223
85 83 542
85 84 785
85 86 407
85 87 214
85 88 367
85 89 392
85 90 871
85 91 736
85 92 316
85 93 67
85 94 960
85 95 285
85 96 614
85 97 901
85 98 48
85 99 468
85 100 480
86 1 163
86 2 108
86 3 292
86 4 651
86 5 241
86 6 355
86 7 380
86 8 192
86 9 283
86 10 142
86 11 322
86 12 886
86 13 819
86 14 833
86 15 597
86 16 328
86 17 550
86 18 128
86 19 493
86 20 531
86 21 239
86 22 491
86 23 447
86 24 380
86 25 215
86 26 660
86 27 792
86 28 488
86 29 366
86 30 824
86 31 481
86 32 751
86 33 318
86 34 841
86 35 481
86 36 395
86 37 680
86 38 224
86 39 273
86 40 442
86 41 376
86 42 786
86 43 820
86 44 548
86 45 846
86 46 130
86 47 752
86 48 797
86 49 376
86 50 411
86 51 881
86 52 699
86 53 681
86 54 776
86 55 612
86 56 458
86 57 356
86 58 410
86 59 264
86 60 848
86 61 735
86 62 511
86 63 475
86 64 447
86 65 875
86 66 769
86 67 431
86 68 244
86 69 452
86 70 656
86 71 913
86 72 186
86 73 146
86 74 441
86 75 249
86 76 148
86 77 784
86 78 244
86 79 62
86 80 344
86 81 868
86 82 280
86 83 235
86 84 684
86 85 407
86 87 216
86 88 582
86 89 696
86 90 492
86 91 812
86 92 598
86 93 473
86 94 845
86 95 439
86 96 402
86 97 830
86 98 455
86 99 121
86 100 583
87 1 294
87 2 324
87 3 100
87 4 769
87 5 86
87 6 142
87 7 244
87 8 229
87 9 128
87 10 311
87 11 241
87 12 963
87 13 899
87 14 871
87 15 598
87 16 140
87 17 682
87 18 223
87 19 383
87 20 331
87 21 448
87 22 707
87 23 370
87 24 241
87 25 19
87 26 525
87 27 711
87 28 698
87 29 557
87 30 801
87 31 517
87 32 772
87 33 522
87 34 891
87 35 320
87 36 253
87 37 591
87 38 265
87 39 67
87 40 574
87 41 216
87 42 738
87 43 826
87 44 680
87 45 878
87 46 250
87 47 694
87 48 651
87 49 587
87 50 592
87 51 965
87 52 779
87 53 790
87 54 842
87 55 654
87 56 353
87 57 146
87 58 399
87 59 474
87 60 914
87 61 857
87 62 574
87 63 259
87 64 276
87 65 770
87 66 654
87 67 292
87 68 155
87 69 660
87 70 723
87 71 777
87 72 73
87 73 88
87 74 634
87 75 446
87 76 159
87 77 814
87 78 426
87 79 168
87 80 179
87 81 928
87 82 218
87 83 411
87 84 775
87 85 214
87 86 216
87 88 500
87 89 573
87 90 706
87 91 816
87 92 482
87 93 280
87 94 948
87 95 248
87 96 537
87 97 910
87 98 259
87 99 257
87 100 560
88 1 735
88 2 634
88 3 566
88 4 602
88 5 415
88 6 527
88 7 264
88 8 396
88 9 615
88 10 724
88 11 269
88 12 649
88 13 603
88 14 494
88 15 230
88 16 388
88 17 583
88 18 463
88 19 127
88 20 386
88 21 675
88 22 943
88 23 136
88 24 268
88 25 482
88 26 170
88 27 214
88 28 859
88 29 675
88 30 332
88 31 289
88 32 381
88 33 698
88 34 533
88 35 250
88 36 261
88 37 99
88 38 374
88 39 455
88 40 525
88 41 674
88 42 248
88 43 399
88 44 583
88 45 486
88 46 693
88 47 198
88 48 289
88 49 783
88 50 666
88 51 666
88 52 515
88 53 595
88 54 529
88 55 351
88 56 150
88 57 441
88 58 211
88 59 801
88 60 583
88 61 675
88 62 363
88 63 520
88 64 292
88 65 296
88 66 202
88 67 755
88 68 360
88 69 816
88 70 448
88 71 364
88 72 568
88 73 481
88 74 732
88 75 631
88 76 438
88 77 430
88 78 582
88 79 585
88 80 337
88 81 585
88 82 306
88 83 563
88 84 538
88 85 367
88 86 582
88 87 500
88 89 160
88 90 895
88 91 385
88 92 96
88 93 355
88 94 697
88 95 651
88 96 516
88 97 614
88 98 367
88 99 691
88 100 162
89 1 839
89 2 763
89 3 617
89 4 756
89 5 494
89 6 560
89 7 331
89 8 522
89 9 671
89 10 835
89 11 375
89 12 774
89 13 736
89 14 605
89 15 373
89 16 441
89 17 741
89 18 588
89 19 204
89 20 358
89 21 818
89 22 1091
89 23 261
89 24 333
89 25 558
89 26 59
89 27 193
89 28 1013
89 29 829
89 30 399
89 31 448
89 32 496
89 33 847
89 34 650
89 35 264
89 36 321
89 37 116
89 38 507
89 39 516
89 40 684
89 41 711
89 42 295
89 43 493
89 44 741
89 45 592
89 46 795
89 47 243
89 48 129
89 49 932
89 50 823
89 51 794
89 52 659
89 53 746
89 54 660
89 55 497
89 56 239
89 57 477
89 58 364
89 59 934
89 60 707
89 61 825
89 62 521
89 63 516
89 64 313
89 65 203
89 66 85
89 67 788
89 68 457
89 69 970
89 70 593
89 71 218
89 72 645
89 73 576
89 74 888
89 75 778
89 76 549
89 77 545
89 78 729
89 79 688
89 80 395
89 81 703
89 82 417
89 83 710
89 84 685
89 85 392
89 86 696
89 87 573
89 88 160
89 90 1047
89 91 478
89 92 100
89 93 353
89 94 835
89 95 669
89 96 675
89 97 745
89 98 373
89 99 795
89 100 308
90 1 515
90 2 384
90 3 782
90 4 543
90 5 710
90 6 846
90 7 802
90 8 564
90 9 767
90 10 465
90 11 715
90 12 818
90 13 759
90 14 869
90 15 776
90 16 796
90 17 450
90 18 516
90 19 863
90 20 994
90 21 261
90 22 87
90 23 792
90 24 804
90 25 702
90 26 1032
90 27 1065
90 28 53
90 29 223
90 30 987
90 31 645
90 32 845
90 33 204
90 34 848
90 35 907
90 36 819
90 37 983
90 38 561
90 39 756
90 40 419
90 41 855
90 42 1002
90 43 925
90 44 448
90 45 894
90 46 533
90 47 993
90 48 1170
90 49 123
90 50 249
90 51 797
90 52 675
90 53 585
90 54 762
90 55 706
90 56 830
90 57 837
90 58 685
90 59 285
90 60 817
90 61 584
90 62 608
90 63 963
90 64 888
90 65 1175
90 66 1096
90 67 895
90 68 678
90 69 85
90 70 679
90 71 1258
90 72 676
90 73 626
90 74 189
90 75 281
90 76 585
90 77 851
90 78 324
90 79 549
90 80 795
90 81 844
90 82 677
90 83 343
90 84 638
90 85 871
90 86 492
90 87 706
90 88 895
90 89 1047
90 91 926
90 92 953
90 93 932
90 94 718
90 95 927
90 96 405
90 97 765
90 98 918
90 99 516
90 100 806
91 1 974
91 2 817
91 3 900
91 4 435
91 5 734
91 6 880
91 7 616
91 8 630
91 9 942
91 10 945
91 11 578
91 12 320
91 13 305
91 14 140
91 15 220
91 16 737
91 17 490
91 18 686
91 19 501
91 20 769
91 21 792
91 22 999
91 23 468
91 24 621
91 25 797
91 26 521
91 27 320
91 28 878
91 29 716
91 30 101
91 31 334
91 32 82
91 33 773
91 34 190
91 35 631
91 36 620
91 37 364
91 38 593
91 39 788
91 40 510
91 41 1017
91 42 197
91 43 16
91 44 491
91 45 120
91 46 941
91 47 241
91 48 578
91 49 845
91 50 678
91 51 347
91 52 291
91 53 403
91 54 238
91 55 224
91 56 511
91 57 798
91 58 419
91 59 950
91 60 255
91 61 465
91 62 332
91 63 895
91 64 667
91 65 425
91 66 443
91 67 1098
91 68 661
91 69 841
91 70 257
91 71 566
91 72 871
91 73 766
91 74 738
91 75 737
91 76 698
91 77 99
91 78 689
91 79 841
91 80 687
91 81 243
91 82 598
91 83 677
91 84 331
91 85 736
91 86 812
91 87 816
91 88 385
91 89 478
91 90 926
91 92 471
91 93 735
91 94 415
91 95 1010
91 96 530
91 97 312
91 98 744
91 99 932
91 100 259
92 1 742
92 2 663
92 3 533
92 4 693
92 5 400
92 6 483
92 7 239
92 8 423
92 9 586
92 10 737
92 11 276
92 12 743
92 13 699
92 14 586
92 15 325
92 16 355
92 17 668
92 18 489
92 19 105
92 20 310
92 21 720
92 22 995
92 23 163
92 24 241
92 25 466
92 26 82
92 27 243
92 28 921
92 29 737
92 30 409
92 31 375
92 32 473
92 33 752
92 34 626
92 35 189
92 36 230
92 37 127
92 38 409
92 39 428
92 40 602
92 41 634
92 42 313
92 43 486
92 44 667
92 45 577
92 46 698
92 47 260
92 48 218
92 49 837
92 50 734
92 51 760
92 52 610
92 53 688
92 54 624
92 55 445
92 56 140
92 57 397
92 58 275
92 59 834
92 60 678
92 61 768
92 62 452
92 63 456
92 64 236
92 65 289
92 66 174
92 67 712
92 68 360
92 69 877
92 70 543
92 71 318
92 72 553
92 73 479
92 74 798
92 75 681
92 76 450
92 77 523
92 78 633
92 79 591
92 80 307
92 81 678
92 82 318
92 83 614
92 84 632
92 85 316
92 86 598
92 87 482
92 88 96
92 89 100
92 90 953
92 91 471
92 93 290
92 94 792
92 95 599
92 96 590
92 97 709
92 98 306
92 99 697
92 100 257
93 1 574
93 2 571
93 3 286
93 4 842
93 5 233
93 6 217
93 7 156
93 8 374
93 9 341
93 10 587
93 11 246
93 12 964
93 13 909
93 14 830
93 15 545
93 16 146
93 17 782
93 18 416
93 19 234
93 20 63
93 21 674
93 22 950
93 23 281
93 24 151
93 25 272
93 26 296
93 27 530
93 28 914
93 29 746
93 30 687
93 31 528
93 32 718
93 33 733
93 34 863
93 35 105
93 36 141
93 37 416
93 38 388
93 39 214
93 40 687
93 41 364
93 42 598
93 43 749
93 44 781
93 45 827
93 46 529
93 47 546
93 48 397
93 49 810
93 50 765
93 51 975
93 52 801
93 53 850
93 54 840
93 55 645
93 56 229
93 57 144
93 58 390
93 59 736
93 60 903
93 61 927
93 62 604
93 63 167
93 64 71
93 65 555
93 66 438
93 67 438
93 68 255
93 69 872
93 70 735
93 71 528
93 72 349
93 73 328
93 74 821
93 75 654
93 76 349
93 77 766
93 78 618
93 79 438
93 80 138
93 81 910
93 82 271
93 83 599
93 84 811
93 85 67
93 86 473
93 87 280
93 88 355
93 89 353
93 90 932
93 91 735
93 92 290
93 94 985
93 95 316
93 96 660
93 97 920
93 98 23
93 99 535
93 100 485
94 1 985
94 2 796
94 3 1046
94 4 200
94 5 885
94 6 1058
94 7 835
94 8 720
94 9 1071
94 10 941
94 11 759
94 12 124
94 13 110
94 14 281
94 15 467
94 16 927
94 17 308
94 18 746
94 19 773
94 20 1036
94 21 707
94 22 804
94 23 709
94 24 840
94 25 932
94 26 863
94 27 718
94 28 666
94 29 574
94 30 514
94 31 458
94 32 356
94 33 648
94 34 233
94 35 894
94 36 846
94 37 722
94 38 683
94 39 950
94 40 407
94 41 1163
94 42 598
94 43 402
94 44 310
94 45 308
94 46 968
94 47 630
94 48 954
94 49 688
94 50 518
94 51 94
94 52 185
94 53 165
94 54 181
94 55 349
94 56 764
94 57 992
94 58 597
94 59 864
94 60 169
94 61 135
94 62 385
94 63 1117
94 64 914
94 65 831
94 66 825
94 67 1237
94 68 810
94 69 645
94 70 252
94 71 966
94 72 977
94 73 871
94 74 550
94 75 657
94 76 794
94 77 319
94 78 628
94 79 896
94 80 888
94 81 191
94 82 755
94 83 628
94 84 176
94 85 960
94 86 845
94 87 948
94 88 697
94 89 835
94 90 718
94 91 415
94 92 792
94 93 985
94 95 1187
94 96 447
94 97 105
94 98 986
94 99 954
94 100 535
95 1 443
95 2 545
95 3 152
95 4 1013
95 5 302
95 6 132
95 7 395
95 8 474
95 9 160
95 10 481
95 11 442
95 12 1192
95 13 1130
95 14 1085
95 15 801
95 16 275
95 17 929
95 18 471
95 19 524
95 20 325
95 21 678
95 22 915
95 23 543
95 24 390
95 25 262
95 26 611
95 27 842
95 28 925
95 29 798
95 30 978
95 31 742
95 32 978
95 33 756
95 34 1110
95 35 411
95 36 393
95 37 724
95 38 508
95 39 238
95 40 821
95 41 89
95 42 898
95 43 1023
95 44 927
95 45 1087
95 46 409
95 47 848
95 48 705
95 49 813
95 50 837
95 51 1197
95 52 1013
95 53 1033
95 54 1069
95 55 876
95 56 506
95 57 213
95 58 611
95 59 667
95 60 1139
95 61 1101
95 62 806
95 63 163
95 64 364
95 65 871
95 66 753
95 67 132
95 68 378
95 69 891
95 70 953
95 71 837
95 72 254
95 73 335
95 74 875
95 75 684
95 76 407
95 77 1024
95 78 669
95 79 379
95 80 324
95 81 1151
95 82 435
95 83 655
95 84 1012
95 85 285
95 86 439
95 87 248
95 88 651
95 89 669
95 90 927
95 91 1010
95 92 599
95 93 316
95 94 1187
95 96 785
95 97 1142
95 98 297
95 99 423
95 100 752
96 1 539
96 2 351
96 3 636
96 4 250
96 5 493
96 6 666
96 7 507
96 8 313
96 9 650
96 10 495
96 11 415
96 12 503
96 13 436
96 14 497
96 15 371
96 16 558
96 17 149
96 18 318
96 19 517
96 20 721
96 21 278
96 22 472
96 23 441
96 24 511
96 25 524
96 26 671
96 27 666
96 28 361
96 29 188
96 30 584
96 31 244
96 32 451
96 33 245
96 34 488
96 35 599
96 36 523
96 37 595
96 38 285
96 39 556
96 40 40
96 41 745
96 42 598
96 43 531
96 44 147
96 45 517
96 46 522
96 47 591
96 48 803
96 49 316
96 50 158
96 51 493
96 52 323
96 53 282
96 54 410
96 55 307
96 56 490
96 57 618
96 58 316
96 59 441
96 60 478
96 61 333
96 62 204
96 63 752
96 64 598
96 65 780
96 66 712
96 67 813
96 68 427
96 69 321
96 70 302
96 71 875
96 72 552
96 73 452
96 74 224
96 75 224
96 76 378
96 77 466
96 78 186
96 79 457
96 80 533
96 81 501
96 82 391
96 83 183
96 84 298
96 85 614
96 86 402
96 87 537
96 88 516
96 89 675
96 90 405
96 91 530
96 92 590
96 93 660
96 94 447
96 95 785
96 97 445
96 98 653
96 99 508
96 100 406
97 1 978
97 2 793
97 3 1007
97 4 224
97 5 841
97 6 1011
97 7 775
97 8 687
97 9 1036
97 10 937
97 11 705
97 12 58
97 13 12
97 14 177
97 15 386
97 16 875
97 17 326
97 18 721
97 19 700
97 20 968
97 21 719
97 22 849
97 23 640
97 24 780
97 25 893
97 26 777
97 27 619
97 28 713
97 29 598
97 30 411
97 31 401
97 32 257
97 33 670
97 34 129
97 35 825
97 36 785
97 37 631
97 38 648
97 39 905
97 40 408
97 41 1125
97 42 498
97 43 299
97 44 328
97 45 204
97 46 956
97 47 532
97 48 861
97 49 720
97 50 545
97 51 56
97 52 132
97 53 182
97 54 86
97 55 276
97 56 695
97 57 940
97 58 538
97 59 880
97 60 67
97 61 197
97 62 337
97 63 1060
97 64 849
97 65 731
97 66 731
97 67 1201
97 68 765
97 69 687
97 70 189
97 71 868
97 72 946
97 73 838
97 74 587
97 75 666
97 76 761
97 77 217
97 78 631
97 79 876
97 80 833
97 81 93
97 82 707
97 83 627
97 84 148
97 85 901
97 86 830
97 87 910
97 88 614
97 89 745
97 90 765
97 91 312
97 92 709
97 93 920
97 94 105
97 95 1142
97 96 445
97 98 923
97 99 943
97 100 454
98 1 553
98 2 553
98 3 264
98 4 840
98 5 215
98 6 195
98 7 153
98 8 362
98 9 318
98 10 567
98 11 240
98 12 968
98 13 912
98 14 837
98 15 552
98 16 127
98 17 777
98 18 402
98 19 244
98 20 77
98 21 659
98 22 934
98 23 286
98 24 148
98 25 251
98 26 316
98 27 547
98 28 900
98 29 734
98 30 699
98 31 529
98 32 725
98 33 719
98 34 869
98 35 119
98 36 140
98 37 432
98 38 378
98 39 193
98 40 681
98 41 343
98 42 612
98 43 758
98 44 776
98 45 835
98 46 508
98 47 560
98 48 419
98 49 796
98 50 755
98 51 978
98 52 803
98 53 849
98 54 844
98 55 648
98 56 236
98 57 121
98 58 390
98 59 718
98 60 908
98 61 925
98 62 604
98 63 153
98 64 78
98 65 575
98 66 457
98 67 417
98 68 242
98 69 859
98 70 738
98 71 550
98 72 327
98 73 309
98 74 809
98 75 640
98 76 334
98 77 774
98 78 606
98 79 418
98 80 125
98 81 916
98 82 263
98 83 587
98 84 812
98 85 48
98 86 455
98 87 259
98 88 367
98 89 373
98 90 918
98 91 744
98 92 306
98 93 23
98 94 986
98 95 297
98 96 653
98 97 923
98 99 514
98 100 493
99 1 45
99 2 166
99 3 296
99 4 757
99 5 312
99 6 373
99 7 468
99 8 309
99 9 266
99 10 59
99 11 424
99 12 1000
99 13 933
99 14 952
99 15 717
99 16 391
99 17 653
99 18 247
99 19 593
99 20 587
99 21 294
99 22 495
99 23 555
99 24 467
99 25 264
99 26 754
99 27 903
99 28 524
99 29 438
99 30 943
99 31 601
99 32 871
99 33 377
99 34 959
99 35 562
99 36 482
99 37 788
99 38 342
99 39 322
99 40 547
99 41 345
99 42 902
99 43 940
99 44 650
99 45 966
99 46 18
99 47 867
99 48 888
99 49 413
99 50 490
99 51 994
99 52 814
99 53 789
99 54 893
99 55 732
99 56 558
99 57 401
99 58 528
99 59 245
99 60 964
99 61 838
99 62 629
99 63 499
99 64 522
99 65 980
99 66 871
99 67 379
99 68 339
99 69 495
99 70 773
99 71 1008
99 72 195
99 73 221
99 74 508
99 75 323
99 76 254
99 77 904
99 78 334
99 79 107
99 80 419
99 81 985
99 82 385
99 83 330
99 84 797
99 85 468
99 86 121
99 87 257
99 88 691
99 89 795
99 90 516
99 91 932
99 92 697
99 93 535
99 94 954
99 95 423
99 96 508
99 97 943
99 98 514
99 100 701
100 1 745
100 2 608
100 3 643
100 4 449
100 5 477
100 6 622
100 7 359
100 8 393
100 9 686
100 10 722
100 11 321
100 12 491
100 13 443
100 14 345
100 15 69
100 16 478
100 17 444
100 18 456
100 19 254
100 20 526
100 21 616
100 22 864
100 23 210
100 24 364
100 25 542
100 26 329
100 27 261
100 28 764
100 29 583
100 30 244
100 31 162
100 32 233
100 33 621
100 34 380
100 35 384
100 36 364
100 37 204
100 38 360
100 39 530
100 40 405
100 41 759
100 42 209
100 43 271
100 44 444
100 45 343
100 46 707
100 47 189
100 48 434
100 49 703
100 50 563
100 51 506
100 52 355
100 53 438
100 54 369
100 55 191
100 56 258
100 57 539
100 58 174
100 59 762
100 60 426
100 61 518
100 62 222
100 63 640
100 64 416
100 65 375
100 66 321
100 67 840
100 68 406
100 69 723
100 70 288
100 71 481
100 72 619
100 73 517
100 74 629
100 75 566
100 76 455
100 77 282
100 78 515
100 79 602
100 80 429
100 81 430
100 82 344
100 83 499
100 84 379
100 85 480
100 86 583
100 87 560
100 88 162
100 89 308
100 90 806
100 91 259
100 92 257
100 93 485
100 94 535
100 95 752
100 96 406
100 97 454
100 98 493
100 99 701
