nnodes nedges type capacity P s t
100  4950  graph  1000 100 1 100 
nodename posx posy itemvalue itemweight
1 476 969 0 0
2 358 700 3 141
3 125 674 5 461
4 459 918 5 155
5 181 747 9 311
6 323 18 2 474
7 211 118 9 298
8 88 317 10 373
9 977 776 3 62
10 869 740 5 494
11 807 599 4 305
12 523 869 6 392
13 825 470 8 421
14 456 116 4 83
15 716 432 4 382
16 921 192 1 346
17 754 279 2 164
18 892 879 6 316
19 305 704 6 21
20 798 838 3 65
21 451 121 3 4
22 856 15 10 441
23 591 296 4 29
24 684 920 5 116
25 72 553 3 199
26 660 879 1 366
27 153 535 6 147
28 100 330 8 383
29 6 908 9 143
30 447 74 7 62
31 341 720 4 198
32 267 447 7 86
33 999 511 3 245
34 326 656 1 188
35 215 476 7 75
36 494 19 2 299
37 597 350 1 493
38 386 540 1 84
39 646 70 2 255
40 461 70 9 464
41 976 473 6 160
42 302 481 1 161
43 9 402 8 290
44 811 367 5 76
45 663 258 3 64
46 441 356 7 308
47 978 60 1 395
48 803 329 3 325
49 572 129 1 146
50 985 139 2 107
51 958 479 10 116
52 510 555 7 150
53 181 896 8 347
54 448 179 3 481
55 319 261 4 284
56 602 295 6 259
57 734 904 5 329
58 776 95 1 452
59 658 587 8 17
60 814 321 7 402
61 198 608 10 15
62 677 528 10 192
63 668 480 1 454
64 858 592 6 252
65 962 195 9 28
66 732 920 8 319
67 27 242 3 467
68 827 560 10 102
69 491 627 3 53
70 92 810 3 118
71 240 694 8 230
72 105 327 8 482
73 598 881 8 498
74 774 256 5 176
75 468 589 7 163
76 578 18 9 446
77 197 607 7 490
78 547 865 8 289
79 440 757 4 5
80 810 402 2 42
81 952 542 2 102
82 674 331 2 26
83 136 853 8 32
84 892 627 10 232
85 833 984 6 414
86 437 73 10 475
87 678 894 3 77
88 400 276 8 201
89 775 175 7 92
90 884 596 8 293
91 116 814 4 8
92 614 313 10 282
93 422 161 8 79
94 530 862 10 441
95 918 340 4 462
96 616 223 4 467
97 234 642 3 398
98 554 371 3 130
99 495 446 1 324
100 350 680 0 0
endpoint1 endpoint2 weight
1 2 294
1 3 459
1 4 54
1 5 370
1 6 964
1 7 892
1 8 759
1 9 537
1 10 455
1 11 497
1 12 111
1 13 609
1 14 854
1 15 589
1 16 896
1 17 744
1 18 426
1 19 316
1 20 348
1 21 849
1 22 1027
1 23 683
1 24 214
1 25 580
1 26 205
1 27 542
1 28 742
1 29 474
1 30 896
1 31 284
1 32 563
1 33 696
1 34 348
1 35 558
1 36 951
1 37 631
1 38 439
1 39 915
1 40 900
1 41 705
1 42 519
1 43 735
1 44 689
1 45 736
1 46 614
1 47 1039
1 48 719
1 49 846
1 50 974
1 51 688
1 52 416
1 53 304
1 54 791
1 55 726
1 56 686
1 57 267
1 58 925
1 59 424
1 60 731
1 61 456
1 62 485
1 63 526
1 64 537
1 65 914
1 66 261
1 67 855
1 68 539
1 69 343
1 70 416
1 71 363
1 72 742
1 73 151
1 74 773
1 75 381
1 76 957
1 77 458
1 78 126
1 79 216
1 80 659
1 81 640
1 82 669
1 83 360
1 84 539
1 85 358
1 86 897
1 87 216
1 88 698
1 89 849
1 90 553
1 91 392
1 92 671
1 93 810
1 94 120
1 95 769
1 96 760
1 97 407
1 98 604
1 99 524
1 100 316
2 1 294
2 3 235
2 4 241
2 5 184
2 6 683
2 7 601
2 8 469
2 9 624
2 10 513
2 11 461
2 12 237
2 13 521
2 14 593
2 15 448
2 16 759
2 17 578
2 18 564
2 19 54
2 20 462
2 21 587
2 22 847
2 23 467
2 24 394
2 25 322
2 26 352
2 27 264
2 28 452
2 29 409
2 30 633
2 31 27
2 32 269
2 33 669
2 34 55
2 35 266
2 36 695
2 37 424
2 38 163
2 39 693
2 40 639
2 41 659
2 42 227
2 43 459
2 44 563
2 45 538
2 46 354
2 47 892
2 48 580
2 49 610
2 50 842
2 51 640
2 52 211
2 53 265
2 54 529
2 55 441
2 56 473
2 57 428
2 58 736
2 59 321
2 60 593
2 61 185
2 62 363
2 63 381
2 64 512
2 65 788
2 66 434
2 67 566
2 68 490
2 69 152
2 70 288
2 71 119
2 72 451
2 73 301
2 74 609
2 75 157
2 76 717
2 77 186
2 78 251
2 79 100
2 80 542
2 81 615
2 82 486
2 83 270
2 84 539
2 85 554
2 86 632
2 87 375
2 88 427
2 89 671
2 90 537
2 91 268
2 92 465
2 93 543
2 94 237
2 95 666
2 96 543
2 97 137
2 98 383
2 99 289
2 100 22
3 1 459
3 2 235
3 4 414
3 5 93
3 6 686
3 7 563
3 8 359
3 9 859
3 10 747
3 11 687
3 12 444
3 13 730
3 14 649
3 15 639
3 16 931
3 17 743
3 18 794
3 19 183
3 20 693
3 21 642
3 22 985
3 23 601
3 24 611
3 25 133
3 26 573
3 27 142
3 28 345
3 29 263
3 30 681
3 31 221
3 32 268
3 33 890
3 34 202
3 35 218
3 36 752
3 37 573
3 38 294
3 39 798
3 40 692
3 41 875
3 42 262
3 43 296
3 44 752
3 45 681
3 46 449
3 47 1052
3 48 761
3 49 705
3 50 1013
3 51 856
3 52 403
3 53 229
3 54 592
3 55 457
3 56 610
3 57 651
3 58 872
3 59 541
3 60 775
3 61 99
3 62 571
3 63 577
3 64 738
3 65 965
3 66 655
3 67 443
3 68 712
3 69 370
3 70 140
3 71 117
3 72 348
3 73 517
3 74 772
3 75 354
3 76 798
3 77 99
3 78 464
3 79 326
3 80 738
3 81 838
3 82 648
3 83 180
3 84 769
3 85 773
3 86 678
3 87 596
3 88 484
3 89 820
3 90 763
3 91 141
3 92 608
3 93 593
3 94 447
3 95 861
3 96 667
3 97 114
3 98 526
3 99 435
3 100 226
4 1 54
4 2 241
4 3 414
4 5 327
4 6 911
4 7 838
4 8 707
4 9 538
4 10 447
4 11 473
4 12 81
4 13 579
4 14 803
4 15 550
4 16 861
4 17 704
4 18 435
4 19 264
4 20 349
4 21 798
4 22 987
4 23 636
4 24 226
4 25 532
4 26 205
4 27 491
4 28 689
4 29 454
4 30 845
4 31 231
4 32 509
4 33 677
4 34 294
4 35 505
4 36 900
4 37 585
4 38 385
4 39 869
4 40 849
4 41 683
4 42 465
4 43 685
4 44 654
4 45 691
4 46 563
4 47 1003
4 48 683
4 49 798
4 50 940
4 51 665
4 52 367
4 53 279
4 54 740
4 55 672
4 56 640
4 57 276
4 58 882
4 59 387
4 60 695
4 61 406
4 62 447
4 63 486
4 64 516
4 65 881
4 66 274
4 67 803
4 68 514
4 69 293
4 70 383
4 71 314
4 72 689
4 73 144
4 74 734
4 75 330
4 76 908
4 77 407
4 78 103
4 79 163
4 80 625
4 81 621
4 82 626
4 83 330
4 84 522
4 85 380
4 86 846
4 87 221
4 88 645
4 89 808
4 90 534
4 91 359
4 92 625
4 93 758
4 94 91
4 95 739
4 96 713
4 97 357
4 98 556
4 99 474
4 100 262
5 1 370
5 2 184
5 3 93
5 4 327
5 6 743
5 7 630
5 8 440
5 9 797
5 10 689
5 11 644
5 12 364
5 13 702
5 14 689
5 15 621
5 16 925
5 17 740
5 18 724
5 19 132
5 20 624
5 21 682
5 22 996
5 23 610
5 24 532
5 25 223
5 26 497
5 27 214
5 28 425
5 29 238
5 30 724
5 31 163
5 32 313
5 33 852
5 34 172
5 35 274
5 36 793
5 37 576
5 38 292
5 39 822
5 40 733
5 41 841
5 42 293
5 43 386
5 44 736
5 45 687
5 46 470
5 47 1053
5 48 750
5 49 732
5 50 1009
5 51 822
5 52 381
5 53 149
5 54 628
5 55 506
5 56 618
5 57 575
5 58 883
5 59 504
5 60 763
5 61 141
5 62 543
5 63 556
5 64 695
5 65 957
5 66 578
5 67 528
5 68 673
5 69 333
5 70 110
5 71 80
5 72 427
5 73 439
5 74 770
5 75 328
5 76 831
5 77 141
5 78 385
5 79 260
5 80 718
5 81 798
5 82 646
5 83 116
5 84 722
5 85 694
5 86 721
5 87 519
5 88 520
5 89 825
5 90 720
5 91 94
5 92 614
5 93 634
5 94 368
5 95 842
5 96 682
5 97 118
5 98 530
5 99 435
5 100 182
6 1 964
6 2 683
6 3 686
6 4 911
6 5 743
6 7 151
6 8 381
6 9 1002
6 10 906
6 11 757
6 12 875
6 13 676
6 14 166
6 15 571
6 16 623
6 17 504
6 18 1033
6 19 687
6 20 948
6 21 165
6 22 534
6 23 387
6 24 972
6 25 591
6 26 925
6 27 545
6 28 384
6 29 945
6 30 137
6 31 703
6 32 433
6 33 837
6 34 639
6 35 471
6 36 172
6 37 431
6 38 526
6 39 328
6 40 148
6 41 796
6 42 464
6 43 497
6 44 600
6 45 417
6 46 359
6 47 657
6 48 572
6 49 273
6 50 673
6 51 785
6 52 569
6 53 890
6 54 204
6 55 244
6 56 394
6 57 977
6 58 460
6 59 661
6 60 577
6 61 604
6 62 621
6 63 577
6 64 785
6 65 664
6 66 991
6 67 372
6 68 741
6 69 632
6 70 825
6 71 682
6 72 379
6 73 906
6 74 510
6 75 590
6 76 255
6 77 603
6 78 877
6 79 749
6 80 621
6 81 819
6 82 471
6 83 856
6 84 834
6 85 1093
6 86 127
6 87 946
6 88 270
6 89 479
6 90 806
6 91 823
6 92 415
6 93 174
6 94 870
6 95 677
6 96 358
6 97 631
6 98 422
6 99 462
6 100 663
7 1 892
7 2 601
7 3 563
7 4 838
7 5 630
7 6 151
7 8 234
7 9 1010
7 10 906
7 11 766
7 12 814
7 13 708
7 14 246
7 15 595
7 16 714
7 17 567
7 18 1022
7 19 594
7 20 929
7 21 241
7 22 654
7 23 420
7 24 932
7 25 457
7 26 884
7 27 422
7 28 240
7 29 817
7 30 241
7 31 616
7 32 334
7 33 881
7 34 551
7 35 359
7 36 300
7 37 451
7 38 457
7 39 438
7 40 255
7 41 844
7 42 375
7 43 349
7 44 650
7 45 474
7 46 331
7 47 770
7 48 629
7 49 362
7 50 775
7 51 830
7 52 530
7 53 779
7 54 245
7 55 180
7 56 430
7 57 945
7 58 566
7 59 648
7 60 637
7 61 491
7 62 621
7 63 584
7 64 803
7 65 755
7 66 957
7 67 222
7 68 759
7 69 581
7 70 703
7 71 577
7 72 235
7 73 856
7 74 580
7 75 537
7 76 381
7 77 490
7 78 820
7 79 679
7 80 663
7 81 854
7 82 510
7 83 739
7 84 851
7 85 1067
7 86 231
7 87 906
7 88 247
7 89 567
7 90 826
7 91 703
7 92 448
7 93 216
7 94 810
7 95 742
7 96 419
7 97 525
7 98 427
7 99 434
7 100 579
8 1 759
8 2 469
8 3 359
8 4 707
8 5 440
8 6 381
8 7 234
8 9 1001
8 10 889
8 11 773
8 12 703
8 13 753
8 14 420
8 15 639
8 16 843
8 17 668
8 18 981
8 19 444
8 20 881
8 21 413
8 22 826
8 23 504
8 24 848
8 25 237
8 26 802
8 27 228
8 28 18
8 29 597
8 30 434
8 31 476
8 32 222
8 33 932
8 34 415
8 35 204
8 36 504
8 37 511
8 38 373
8 39 611
8 40 448
8 41 902
8 42 270
8 43 117
8 44 725
8 45 579
8 46 356
8 47 927
8 48 716
8 49 520
8 50 915
8 51 885
8 52 485
8 53 587
8 54 386
8 55 238
8 56 515
8 57 873
8 58 723
8 59 631
8 60 727
8 61 312
8 62 626
8 63 603
8 64 818
8 65 883
8 66 883
8 67 97
8 68 778
8 69 509
8 70 494
8 71 407
8 72 20
8 73 761
8 74 689
8 75 468
8 76 575
8 77 310
8 78 715
8 79 564
8 80 727
8 81 893
8 82 587
8 83 539
8 84 862
8 85 1000
8 86 426
8 87 826
8 88 315
8 89 702
8 90 844
8 91 498
8 92 527
8 93 369
8 94 702
8 95 831
8 96 537
8 97 357
8 98 470
8 99 427
8 100 448
9 1 537
9 2 624
9 3 859
9 4 538
9 5 797
9 6 1002
9 7 1010
9 8 1001
9 10 114
9 11 246
9 12 464
9 13 342
9 14 841
9 15 432
9 16 587
9 17 545
9 18 134
9 19 676
9 20 190
9 21 841
9 22 771
9 23 616
9 24 327
9 25 933
9 26 334
9 27 859
9 28 984
9 29 980
9 30 880
9 31 639
9 32 783
9 33 266
9 34 662
9 35 819
9 36 898
9 37 571
9 38 637
9 39 780
9 40 875
9 41 304
9 42 737
9 43 1038
9 44 442
9 45 606
9 46 681
9 47 717
9 48 480
9 49 764
9 50 638
9 51 298
9 52 517
9 53 805
9 54 798
9 55 836
9 56 610
9 57 275
9 58 711
9 59 371
9 60 484
9 61 797
9 62 390
9 63 428
9 64 220
9 65 582
9 66 285
9 67 1090
9 68 263
9 69 509
9 70 886
9 71 742
9 72 981
9 73 394
9 74 559
9 75 543
9 76 857
9 77 799
9 78 440
9 79 538
9 80 410
9 81 236
9 82 539
9 83 845
9 84 172
9 85 253
9 86 887
9 87 322
9 88 764
9 89 635
9 90 203
9 91 862
9 92 589
9 93 829
9 94 456
9 95 440
9 96 661
9 97 755
9 98 586
9 99 585
9 100 635
10 1 455
10 2 513
10 3 747
10 4 447
10 5 689
10 6 906
10 7 906
10 8 889
10 9 114
10 11 155
10 12 370
10 13 274
10 14 749
10 15 344
10 16 551
10 17 476
10 18 141
10 19 566
10 20 122
10 21 747
10 22 726
10 23 524
10 24 259
10 25 819
10 26 252
10 27 745
10 28 872
10 29 880
10 30 789
10 31 529
10 32 670
10 33 264
10 34 550
10 35 706
10 36 813
10 37 476
10 38 523
10 39 707
10 40 785
10 41 288
10 42 624
10 43 925
10 44 378
10 45 525
10 46 576
10 47 689
10 48 417
10 49 680
10 50 613
10 51 276
10 52 404
10 53 706
10 54 702
10 55 730
10 56 519
10 57 213
10 58 652
10 59 261
10 60 423
10 61 684
10 62 287
10 63 329
10 64 149
10 65 553
10 66 227
10 67 979
10 68 185
10 69 395
10 70 781
10 71 631
10 72 869
10 73 306
10 74 494
10 75 429
10 76 779
10 77 686
10 78 346
10 79 430
10 80 344
10 81 215
10 82 454
10 83 742
10 84 116
10 85 247
10 86 795
10 87 246
10 88 660
10 89 573
10 90 145
10 91 757
10 92 498
10 93 732
10 94 361
10 95 403
10 96 576
10 97 643
10 98 486
10 99 476
10 100 523
11 1 497
11 2 461
11 3 687
11 4 473
11 5 644
11 6 757
11 7 766
11 8 773
11 9 246
11 10 155
11 12 392
11 13 131
11 14 598
11 15 191
11 16 423
11 17 325
11 18 293
11 19 513
11 20 240
11 21 597
11 22 587
11 23 373
11 24 344
11 25 737
11 26 317
11 27 658
11 28 757
11 29 859
11 30 637
11 31 482
11 32 561
11 33 212
11 34 485
11 35 605
11 36 660
11 37 326
11 38 426
11 39 553
11 40 633
11 41 211
11 42 519
11 43 822
11 44 233
11 45 371
11 46 440
11 47 566
11 48 271
11 49 526
11 50 494
11 51 193
11 52 301
11 53 693
11 54 553
11 55 594
11 56 367
11 57 314
11 58 505
11 59 150
11 60 279
11 61 610
11 62 149
11 63 183
11 64 52
11 65 433
11 66 330
11 67 858
11 68 44
11 69 318
11 70 746
11 71 575
11 72 753
11 73 352
11 74 345
11 75 340
11 76 625
11 77 611
11 78 372
11 79 400
11 80 198
11 81 156
11 82 300
11 83 718
11 84 90
11 85 386
11 86 644
11 87 322
11 88 520
11 89 426
11 90 78
11 91 724
11 92 346
11 93 584
11 94 382
11 95 282
11 96 422
11 97 575
11 98 341
11 99 348
11 100 465
12 1 111
12 2 237
12 3 444
12 4 81
12 5 364
12 6 875
12 7 814
12 8 703
12 9 464
12 10 370
12 11 392
12 13 501
12 14 756
12 15 478
12 16 786
12 17 634
12 18 370
12 19 274
12 20 277
12 21 752
12 22 917
12 23 578
12 24 169
12 25 551
12 26 138
12 27 499
12 28 686
12 29 519
12 30 799
12 31 236
12 32 494
12 33 596
12 34 291
12 35 500
12 36 851
12 37 525
12 38 357
12 39 809
12 40 802
12 41 602
12 42 447
12 43 695
12 44 579
12 45 627
12 46 520
12 47 929
12 48 609
12 49 742
12 50 864
12 51 585
12 52 315
12 53 344
12 54 695
12 55 642
12 56 580
12 57 214
12 58 815
12 59 313
12 60 621
12 61 417
12 62 375
12 63 416
12 64 435
12 65 805
12 66 216
12 67 800
12 68 434
12 69 245
12 70 436
12 71 333
12 72 685
12 73 76
12 74 663
12 75 286
12 76 853
12 77 419
12 78 25
12 79 140
12 80 549
12 81 540
12 82 559
12 83 388
12 84 442
12 85 331
12 86 801
12 87 158
12 88 606
12 89 739
12 90 453
12 91 411
12 92 564
12 93 716
12 94 10
12 95 661
12 96 653
12 97 368
12 98 499
12 99 424
12 100 257
13 1 609
13 2 521
13 3 730
13 4 579
13 5 702
13 6 676
13 7 708
13 8 753
13 9 342
13 10 274
13 11 131
13 12 501
13 14 512
13 15 116
13 16 295
13 17 204
13 18 415
13 19 571
13 20 369
13 21 512
13 22 457
13 23 292
13 24 472
13 25 758
13 26 442
13 27 676
13 28 739
13 29 929
13 30 548
13 31 545
13 32 559
13 33 179
13 34 533
13 35 611
13 36 560
13 37 258
13 38 445
13 39 439
13 40 541
13 41 152
13 42 524
13 43 819
13 44 104
13 45 267
13 46 401
13 47 438
13 48 143
13 49 425
13 50 368
13 51 134
13 52 327
13 53 773
13 54 477
13 55 548
13 56 284
13 57 444
13 58 379
13 59 204
13 60 150
13 61 643
13 62 159
13 63 158
13 64 127
13 65 308
13 66 460
13 67 830
13 68 91
13 69 370
13 70 809
13 71 627
13 72 735
13 73 470
13 74 220
13 75 377
13 76 516
13 77 643
13 78 484
13 79 481
13 80 70
13 81 146
13 82 206
13 83 789
13 84 171
13 85 515
13 86 556
13 87 449
13 88 468
13 89 300
13 90 140
13 91 789
13 92 264
13 93 508
13 94 491
13 95 160
13 96 324
13 97 616
13 98 289
13 99 331
13 100 520
14 1 854
14 2 593
14 3 649
14 4 803
14 5 689
14 6 166
14 7 246
14 8 420
14 9 841
14 10 749
14 11 598
14 12 756
14 13 512
14 15 410
14 16 472
14 17 340
14 18 879
14 19 608
14 20 799
14 21 8
14 22 413
14 23 225
14 24 836
14 25 582
14 26 790
14 27 518
14 28 416
14 29 911
14 30 43
14 31 615
14 32 382
14 33 672
14 34 556
14 35 434
14 36 105
14 37 274
14 38 430
14 39 196
14 40 47
14 41 631
14 42 397
14 43 531
14 44 435
14 45 252
14 46 241
14 47 525
14 48 408
14 49 117
14 50 530
14 51 620
14 52 443
14 53 828
14 54 64
14 55 200
14 56 231
14 57 836
14 58 321
14 59 513
14 60 413
14 61 556
14 62 468
14 63 422
14 64 624
14 65 513
14 66 851
14 67 448
14 68 579
14 69 513
14 70 784
14 71 618
14 72 410
14 73 779
14 74 348
14 75 474
14 76 157
14 77 556
14 78 755
14 79 642
14 80 456
14 81 654
14 82 307
14 83 804
14 84 672
14 85 947
14 86 48
14 87 810
14 88 170
14 89 325
14 90 644
14 91 777
14 92 253
14 93 57
14 94 750
14 95 514
14 96 193
14 97 571
14 98 274
14 99 333
14 100 574
15 1 589
15 2 448
15 3 639
15 4 550
15 5 621
15 6 571
15 7 595
15 8 639
15 9 432
15 10 344
15 11 191
15 12 478
15 13 116
15 14 410
15 16 316
15 17 158
15 18 481
15 19 493
15 20 415
15 21 409
15 22 440
15 23 185
15 24 490
15 25 656
15 26 451
15 27 573
15 28 625
15 29 855
15 30 448
15 31 473
15 32 450
15 33 294
15 34 450
15 35 503
15 36 469
15 37 145
15 38 348
15 39 369
15 40 443
15 41 264
15 42 417
15 43 708
15 44 116
15 45 182
15 46 286
15 47 456
15 48 135
15 49 336
15 50 398
15 51 247
15 52 240
15 53 709
15 54 369
15 55 433
15 56 179
15 57 473
15 58 343
15 59 166
15 60 149
15 61 548
15 62 104
15 63 68
15 64 214
15 65 342
15 66 489
15 67 715
15 68 170
15 69 298
15 70 730
15 71 544
15 72 620
15 73 465
15 74 186
15 75 294
15 76 437
15 77 548
15 78 465
15 79 427
15 80 99
15 81 261
15 82 110
15 83 717
15 84 263
15 85 565
15 86 455
15 87 464
15 88 353
15 89 264
15 90 235
15 91 712
15 92 157
15 93 400
15 94 469
15 95 222
15 96 232
15 97 526
15 98 174
15 99 222
15 100 443
16 1 896
16 2 759
16 3 931
16 4 861
16 5 925
16 6 623
16 7 714
16 8 843
16 9 587
16 10 551
16 11 423
16 12 786
16 13 295
16 14 472
16 15 316
16 17 189
16 18 688
16 19 801
16 20 658
16 21 476
16 22 189
16 23 346
16 24 766
16 25 923
16 26 735
16 27 842
16 28 833
16 29 1162
16 30 489
16 31 785
16 32 702
16 33 329
16 34 755
16 35 761
16 36 461
16 37 361
16 38 639
16 39 301
16 40 476
16 41 287
16 42 684
16 43 936
16 44 207
16 45 267
16 46 508
16 47 144
16 48 181
16 49 355
16 50 84
16 51 290
16 52 549
16 53 1022
16 54 474
16 55 606
16 56 336
16 57 737
16 58 175
16 59 475
16 60 168
16 61 835
16 62 416
16 63 384
16 64 405
16 65 42
16 66 753
16 67 896
16 68 380
16 69 612
16 70 1035
16 71 847
16 72 828
16 73 761
16 74 161
16 75 603
16 76 385
16 77 835
16 78 770
16 79 743
16 80 238
16 81 352
16 82 284
16 83 1027
16 84 436
16 85 797
16 86 499
16 87 743
16 88 528
16 89 147
16 90 406
16 91 1018
16 92 330
16 93 500
16 94 776
16 95 149
16 96 307
16 97 822
16 98 409
16 99 496
16 100 752
17 1 744
17 2 578
17 3 743
17 4 704
17 5 740
17 6 504
17 7 567
17 8 668
17 9 545
17 10 476
17 11 325
17 12 634
17 13 204
17 14 340
17 15 158
17 16 189
17 18 616
17 19 619
17 20 561
17 21 342
17 22 284
17 23 164
17 24 645
17 25 735
17 26 608
17 27 654
17 28 656
17 29 978
17 30 370
17 31 605
17 32 516
17 33 338
17 34 571
17 35 574
17 36 368
17 37 173
17 38 452
17 39 236
17 40 360
17 41 295
17 42 496
17 43 756
17 44 105
17 45 94
17 46 323
17 47 314
17 48 71
17 49 236
17 50 271
17 51 286
17 52 369
17 53 843
17 54 322
17 55 436
17 56 153
17 57 626
17 58 186
17 59 323
17 60 74
17 61 647
17 62 261
17 63 219
17 64 330
17 65 225
17 66 642
17 67 728
17 68 291
17 69 437
17 70 849
17 71 661
17 72 651
17 73 622
17 74 31
17 75 422
17 76 315
17 77 647
17 78 622
17 79 572
17 80 136
17 81 330
17 82 96
17 83 844
17 84 375
17 85 710
17 86 379
17 87 620
17 88 355
17 89 107
17 90 343
17 91 833
17 92 145
17 93 353
17 94 625
17 95 175
17 96 149
17 97 635
17 98 221
17 99 309
17 100 570
18 1 426
18 2 564
18 3 794
18 4 435
18 5 724
18 6 1033
18 7 1022
18 8 981
18 9 134
18 10 141
18 11 293
18 12 370
18 13 415
18 14 879
18 15 481
18 16 688
18 17 616
18 19 613
18 20 103
18 21 877
18 22 865
18 23 657
18 24 213
18 25 883
18 26 232
18 27 816
18 28 964
18 29 887
18 30 920
18 31 574
18 32 760
18 33 384
18 34 609
18 35 788
18 36 948
18 37 606
18 38 610
18 39 846
18 40 917
18 41 415
18 42 712
18 43 1004
18 44 519
18 45 662
18 46 691
18 47 824
18 48 558
18 49 816
18 50 746
18 51 406
18 52 501
18 53 712
18 54 829
18 55 843
18 56 653
18 57 160
18 58 793
18 59 375
18 60 564
18 61 746
18 62 412
18 63 458
18 64 290
18 65 688
18 66 166
18 67 1075
18 68 326
18 69 474
18 70 803
18 71 678
18 72 962
18 73 295
18 74 635
18 75 514
18 76 917
18 77 747
18 78 346
18 79 469
18 80 484
18 81 343
18 82 590
18 83 757
18 84 252
18 85 121
18 86 926
18 87 215
18 88 779
18 89 714
18 90 284
18 91 779
18 92 631
18 93 859
18 94 363
18 95 540
18 96 712
18 97 700
18 98 611
18 99 588
18 100 578
19 1 316
19 2 54
19 3 183
19 4 264
19 5 132
19 6 687
19 7 594
19 8 444
19 9 676
19 10 566
19 11 513
19 12 274
19 13 571
19 14 608
19 15 493
19 16 801
19 17 619
19 18 613
19 20 511
19 21 602
19 22 883
19 23 499
19 24 437
19 25 278
19 26 396
19 27 228
19 28 427
19 29 362
19 30 646
19 31 40
19 32 260
19 33 721
19 34 53
19 35 246
19 36 711
19 37 459
19 38 183
19 39 720
19 40 653
19 41 710
19 42 224
19 43 423
19 44 608
19 45 572
19 46 374
19 47 932
19 48 624
19 49 634
19 50 885
19 51 691
19 52 254
19 53 229
19 54 545
19 55 444
19 56 506
19 57 474
19 58 770
19 59 372
19 60 638
19 61 144
19 62 412
19 63 427
19 64 565
19 65 832
19 66 479
19 67 540
19 68 542
19 69 202
19 70 238
19 71 66
19 72 427
19 73 343
19 74 649
19 75 200
19 76 739
19 77 146
19 78 291
19 79 146
19 80 589
19 81 667
19 82 525
19 83 226
19 84 593
19 85 598
19 86 645
19 87 419
19 88 439
19 89 708
19 90 589
19 91 219
19 92 499
19 93 556
19 94 275
19 95 713
19 96 573
19 97 95
19 98 416
19 99 321
19 100 51
20 1 348
20 2 462
20 3 693
20 4 349
20 5 624
20 6 948
20 7 929
20 8 881
20 9 190
20 10 122
20 11 240
20 12 277
20 13 369
20 14 799
20 15 415
20 16 658
20 17 561
20 18 103
20 19 511
20 21 797
20 22 826
20 23 581
20 24 141
20 25 780
20 26 144
20 27 713
20 28 864
20 29 796
20 30 841
20 31 472
20 32 660
20 33 384
20 34 506
20 35 687
20 36 874
20 37 528
20 38 509
20 39 783
20 40 839
20 41 407
20 42 612
20 43 902
20 44 472
20 45 596
20 46 600
20 47 799
20 48 510
20 49 745
20 50 724
20 51 394
20 52 404
20 53 620
20 54 747
20 55 750
20 56 578
20 57 92
20 58 744
20 59 288
20 60 518
20 61 643
20 62 333
20 63 381
20 64 254
20 65 664
20 66 106
20 67 975
20 68 280
20 69 373
20 70 707
20 71 577
20 72 862
20 73 205
20 74 583
20 75 414
20 76 849
20 77 644
20 78 253
20 79 368
20 80 437
20 81 334
20 82 522
20 83 663
20 84 231
20 85 151
20 86 846
20 87 133
20 88 689
20 89 664
20 90 257
20 91 683
20 92 557
20 93 775
20 94 270
20 95 513
20 96 642
20 97 598
20 98 527
20 99 496
20 100 476
21 1 849
21 2 587
21 3 642
21 4 798
21 5 682
21 6 165
21 7 241
21 8 413
21 9 841
21 10 747
21 11 597
21 12 752
21 13 512
21 14 8
21 15 409
21 16 476
21 17 342
21 18 877
21 19 602
21 20 797
21 22 419
21 23 225
21 24 833
21 25 575
21 26 787
21 27 511
21 28 409
21 29 905
21 30 48
21 31 610
21 32 375
21 33 673
21 34 550
21 35 427
21 36 111
21 37 272
21 38 425
21 39 202
21 40 52
21 41 633
21 42 390
21 43 524
21 44 437
21 45 253
21 46 236
21 47 531
21 48 409
21 49 122
21 50 535
21 51 621
21 52 438
21 53 821
21 54 59
21 55 193
21 56 231
21 57 833
21 58 327
21 59 510
21 60 415
21 61 549
21 62 466
21 63 420
21 64 623
21 65 517
21 66 847
21 67 441
21 68 579
21 69 508
21 70 777
21 71 611
21 72 403
21 73 775
21 74 351
21 75 469
21 76 164
21 77 549
21 78 751
21 79 637
21 80 456
21 81 655
21 82 307
21 83 797
21 84 672
21 85 944
21 86 50
21 87 806
21 88 164
21 89 329
21 90 643
21 91 770
21 92 252
21 93 50
21 94 746
21 95 516
21 96 194
21 97 565
21 98 271
21 99 328
21 100 569
22 1 1027
22 2 847
22 3 985
22 4 987
22 5 996
22 6 534
22 7 654
22 8 826
22 9 771
22 10 726
22 11 587
22 12 917
22 13 457
22 14 413
22 15 440
22 16 189
22 17 284
22 18 865
22 19 883
22 20 826
22 21 419
22 23 387
22 24 922
22 25 951
22 26 886
22 27 875
22 28 819
22 29 1233
22 30 414
22 31 874
22 32 731
22 33 517
22 34 832
22 35 790
22 36 363
22 37 424
22 38 705
22 39 218
22 40 399
22 41 474
22 42 724
22 43 932
22 44 355
22 45 311
22 46 538
22 47 131
22 48 319
22 49 307
22 50 179
22 51 476
22 52 642
22 53 1110
22 54 440
22 55 591
22 56 379
22 57 898
22 58 114
22 59 606
22 60 309
22 61 886
22 62 544
22 63 502
22 64 578
22 65 209
22 66 914
22 67 860
22 68 546
22 69 713
22 70 1103
22 71 917
22 72 814
22 73 904
22 74 255
22 75 693
22 76 279
22 77 886
22 78 905
22 79 851
22 80 390
22 81 536
22 82 365
22 83 1105
22 84 614
22 85 970
22 86 423
22 87 897
22 88 526
22 89 180
22 90 582
22 91 1090
22 92 384
22 93 458
22 94 908
22 95 331
22 96 318
22 97 884
22 98 467
22 99 563
22 100 836
23 1 683
23 2 467
23 3 601
23 4 636
23 5 610
23 6 387
23 7 420
23 8 504
23 9 616
23 10 524
23 11 373
23 12 578
23 13 292
23 14 225
23 15 185
23 16 346
23 17 164
23 18 657
23 19 499
23 20 581
23 21 225
23 22 387
23 24 631
23 25 580
23 26 588
23 27 499
23 28 493
23 29 847
23 30 265
23 31 493
23 32 358
23 33 462
23 34 448
23 35 417
23 36 294
23 37 55
23 38 319
23 39 233
23 40 261
23 41 424
23 42 344
23 43 592
23 44 232
23 45 82
23 46 162
23 47 454
23 48 215
23 49 169
23 50 425
23 51 411
23 52 272
23 53 727
23 54 185
23 55 275
23 56 12
23 57 625
23 58 274
23 59 299
23 60 225
23 61 502
23 62 248
23 63 200
23 64 399
23 65 385
23 66 640
23 67 567
23 68 355
23 69 346
23 70 717
23 71 531
23 72 487
23 73 586
23 74 188
23 75 318
23 76 279
23 77 502
23 78 571
23 79 486
23 80 244
23 81 437
23 82 91
23 83 720
23 84 448
23 85 730
23 86 272
23 87 605
23 88 193
23 89 221
23 90 420
23 91 703
23 92 29
23 93 217
23 94 570
23 95 330
23 96 78
23 97 498
23 98 84
23 99 179
23 100 454
24 1 214
24 2 394
24 3 611
24 4 226
24 5 532
24 6 972
24 7 932
24 8 848
24 9 327
24 10 259
24 11 344
24 12 169
24 13 472
24 14 836
24 15 490
24 16 766
24 17 645
24 18 213
24 19 437
24 20 141
24 21 833
24 22 922
24 23 631
24 25 714
24 26 48
24 27 656
24 28 831
24 29 679
24 30 879
24 31 398
24 32 631
24 33 517
24 34 445
24 35 646
24 36 921
24 37 577
24 38 483
24 39 851
24 40 879
24 41 534
24 42 582
24 43 851
24 44 568
24 45 663
24 46 615
24 47 909
24 48 603
24 49 799
24 50 837
24 51 520
24 52 405
24 53 504
24 54 778
24 55 754
24 56 631
24 57 53
24 58 831
24 59 335
24 60 613
24 61 578
24 62 393
24 63 441
24 64 372
24 65 777
24 66 48
24 67 945
24 68 388
24 69 351
24 70 603
24 71 499
24 72 829
24 73 95
24 74 671
24 75 396
24 76 909
24 77 579
24 78 148
24 79 294
24 80 534
24 81 464
24 82 590
24 83 553
24 84 360
24 85 163
24 86 883
24 87 27
24 88 704
24 89 751
24 90 381
24 91 578
24 92 612
24 93 803
24 94 165
24 95 626
24 96 701
24 97 529
24 98 565
24 99 511
24 100 412
25 1 580
25 2 322
25 3 133
25 4 532
25 5 223
25 6 591
25 7 457
25 8 237
25 9 933
25 10 819
25 11 737
25 12 551
25 13 758
25 14 582
25 15 656
25 16 923
25 17 735
25 18 883
25 19 278
25 20 780
25 21 575
25 22 951
25 23 580
25 24 714
25 26 673
25 27 83
25 28 225
25 29 362
25 30 609
25 31 317
25 32 222
25 33 928
25 34 275
25 35 163
25 36 681
25 37 563
25 38 315
25 39 751
25 40 621
25 41 908
25 42 242
25 43 164
25 44 763
25 45 661
25 46 419
25 47 1032
25 48 765
25 49 656
25 50 1003
25 51 890
25 52 439
25 53 360
25 54 531
25 55 383
25 56 590
25 57 750
25 58 840
25 59 587
25 60 778
25 61 138
25 62 606
25 63 601
25 64 787
25 65 960
25 66 756
25 67 315
25 68 756
25 69 426
25 70 258
25 71 220
25 72 229
25 73 620
25 74 763
25 75 398
25 76 737
25 77 137
25 78 569
25 79 421
25 80 754
25 81 881
25 82 642
25 83 307
25 84 824
25 85 875
25 86 604
25 87 696
25 88 430
25 89 799
25 90 814
25 91 265
25 92 593
25 93 526
25 94 553
25 95 873
25 96 637
25 97 185
25 98 516
25 99 437
25 100 306
26 1 205
26 2 352
26 3 573
26 4 205
26 5 497
26 6 925
26 7 884
26 8 802
26 9 334
26 10 252
26 11 317
26 12 138
26 13 442
26 14 790
26 15 451
26 16 735
26 17 608
26 18 232
26 19 396
26 20 144
26 21 787
26 22 886
26 23 588
26 24 48
26 25 673
26 27 613
26 28 785
26 29 655
26 30 833
26 31 357
26 32 585
26 33 501
26 34 402
26 35 601
26 36 876
26 37 533
26 38 436
26 39 810
26 40 834
26 41 515
26 42 536
26 43 808
26 44 534
26 45 622
26 46 568
26 47 879
26 48 569
26 49 756
26 50 809
26 51 499
26 52 358
26 53 480
26 54 732
26 55 706
26 56 587
26 57 79
26 58 793
26 59 293
26 60 579
26 61 536
26 62 352
26 63 400
26 64 349
26 65 748
26 66 83
26 67 899
26 68 361
26 69 304
26 70 573
26 71 459
26 72 783
26 73 63
26 74 634
26 75 348
26 76 865
26 77 537
26 78 114
26 79 252
26 80 501
26 81 446
26 82 549
26 83 525
26 84 343
26 85 203
26 86 837
26 87 24
26 88 657
26 89 714
26 90 361
26 91 548
26 92 568
26 93 757
26 94 132
26 95 598
26 96 658
26 97 488
26 98 519
26 99 464
26 100 369
27 1 542
27 2 264
27 3 142
27 4 491
27 5 214
27 6 545
27 7 422
27 8 228
27 9 859
27 10 745
27 11 658
27 12 499
27 13 676
27 14 518
27 15 573
27 16 842
27 17 654
27 18 816
27 19 228
27 20 713
27 21 511
27 22 875
27 23 499
27 24 656
27 25 83
27 26 613
27 28 212
27 29 401
27 30 547
27 31 264
27 32 145
27 33 847
27 34 212
27 35 86
27 36 619
27 37 481
27 38 234
27 39 678
27 40 558
27 41 826
27 42 159
27 43 197
27 44 680
27 45 581
27 46 340
27 47 952
27 48 682
27 49 584
27 50 922
27 51 807
27 52 358
27 53 363
27 54 463
27 55 321
27 56 510
27 57 689
27 58 763
27 59 508
27 60 695
27 61 86
27 62 525
27 63 518
27 64 708
27 65 878
27 66 696
27 67 319
27 68 675
27 69 351
27 70 282
27 71 182
27 72 214
27 73 564
27 74 681
27 75 320
27 76 670
27 77 85
27 78 514
27 79 363
27 80 671
27 81 800
27 82 560
27 83 319
27 84 745
27 85 815
27 86 543
27 87 637
27 88 358
27 89 719
27 90 734
27 91 282
27 92 512
27 93 461
27 94 500
27 95 790
27 96 559
27 97 135
27 98 434
27 99 354
27 100 245
28 1 742
28 2 452
28 3 345
28 4 689
28 5 425
28 6 384
28 7 240
28 8 18
28 9 984
28 10 872
28 11 757
28 12 686
28 13 739
28 14 416
28 15 625
28 16 833
28 17 656
28 18 964
28 19 427
28 20 864
28 21 409
28 22 819
28 23 493
28 24 831
28 25 225
28 26 785
28 27 212
28 29 586
28 30 432
28 31 459
28 32 204
28 33 918
28 34 397
28 35 186
28 36 502
28 37 498
28 38 355
28 39 605
28 40 445
28 41 888
28 42 253
28 43 117
28 44 712
28 45 568
28 46 342
28 47 919
28 48 704
28 49 514
28 50 906
28 51 871
28 52 468
28 53 572
28 54 380
28 55 230
28 56 504
28 57 856
28 58 716
28 59 615
28 60 715
28 61 295
28 62 611
28 63 588
28 64 803
28 65 873
28 66 865
28 67 115
28 68 763
28 69 492
28 70 481
28 71 390
28 72 6
28 73 743
28 74 679
28 75 451
28 76 571
28 77 294
28 78 698
28 79 546
28 80 714
28 81 878
28 82 575
28 83 525
28 84 846
28 85 983
28 86 424
28 87 808
28 88 305
28 89 693
28 90 828
28 91 485
28 92 515
28 93 364
28 94 685
28 95 819
28 96 527
28 97 340
28 98 456
28 99 412
28 100 431
29 1 474
29 2 409
29 3 263
29 4 454
29 5 238
29 6 945
29 7 817
29 8 597
29 9 980
29 10 880
29 11 859
29 12 519
29 13 929
29 14 911
29 15 855
29 16 1162
29 17 978
29 18 887
29 19 362
29 20 796
29 21 905
29 22 1233
29 23 847
29 24 679
29 25 362
29 26 655
29 27 401
29 28 586
29 30 944
29 31 385
29 32 530
29 33 1070
29 34 408
29 35 480
29 36 1015
29 37 813
29 38 529
29 39 1055
29 40 954
29 41 1064
29 42 520
29 43 507
29 44 970
29 45 925
29 46 703
29 47 1290
29 48 986
29 49 963
29 50 1245
29 51 1045
29 52 616
29 53 176
29 54 853
29 55 719
29 56 855
29 57 729
29 58 1120
29 59 727
29 60 999
29 61 357
29 62 772
29 63 789
29 64 909
29 65 1193
29 66 727
29 67 667
29 68 892
29 69 561
29 70 131
29 71 318
29 72 590
29 73 593
29 74 1008
29 75 562
29 76 1058
29 77 357
29 78 543
29 79 460
29 80 950
29 81 1015
29 82 883
29 83 142
29 84 930
29 85 831
29 86 940
29 87 673
29 88 745
29 89 1063
29 90 932
29 91 145
29 92 851
29 93 856
29 94 527
29 95 1075
29 96 918
29 97 351
29 98 768
29 99 673
29 100 413
30 1 896
30 2 633
30 3 681
30 4 845
30 5 724
30 6 137
30 7 241
30 8 434
30 9 880
30 10 789
30 11 637
30 12 799
30 13 548
30 14 43
30 15 448
30 16 489
30 17 370
30 18 920
30 19 646
30 20 841
30 21 48
30 22 414
30 23 265
30 24 879
30 25 609
30 26 833
30 27 547
30 28 432
30 29 944
30 31 655
30 32 415
30 33 705
30 34 595
30 35 465
30 36 73
30 37 315
30 38 470
30 39 200
30 40 15
30 41 663
30 42 433
30 43 548
30 44 468
30 45 284
30 46 283
30 47 532
30 48 438
30 49 137
30 50 542
30 51 653
30 52 486
30 53 864
30 54 106
30 55 227
30 56 270
30 57 879
30 58 330
30 59 555
30 60 443
30 61 590
30 62 509
30 63 463
30 64 662
30 65 530
30 66 893
30 67 453
30 68 617
30 69 555
30 70 818
30 71 654
30 72 426
30 73 822
30 74 375
30 75 516
30 76 143
30 77 589
30 78 798
30 79 684
30 80 490
30 81 689
30 82 343
30 83 839
30 84 710
30 85 989
30 86 11
30 87 852
30 88 208
30 89 344
30 90 681
30 91 811
30 92 292
30 93 91
30 94 793
30 95 541
30 96 226
30 97 607
30 98 316
30 99 376
30 100 614
31 1 284
31 2 27
31 3 221
31 4 231
31 5 163
31 6 703
31 7 616
31 8 476
31 9 639
31 10 529
31 11 482
31 12 236
31 13 545
31 14 615
31 15 473
31 16 785
31 17 605
31 18 574
31 19 40
31 20 472
31 21 610
31 22 874
31 23 493
31 24 398
31 25 317
31 26 357
31 27 264
31 28 459
31 29 385
31 30 655
31 32 283
31 33 691
31 34 66
31 35 275
31 36 718
31 37 450
31 38 186
31 39 719
31 40 661
31 41 682
31 42 243
31 43 460
31 44 588
31 45 564
31 46 378
31 47 918
31 48 606
31 49 635
31 50 868
31 51 663
31 52 237
31 53 238
31 54 552
31 55 460
31 56 499
31 57 434
31 58 762
31 59 344
31 60 619
31 61 182
31 62 387
31 63 406
31 64 533
31 65 814
31 66 440
31 67 572
31 68 512
31 69 177
31 70 265
31 71 105
31 72 459
31 73 304
31 74 635
31 75 183
31 76 741
31 77 184
31 78 252
31 79 106
31 80 567
31 81 637
31 82 513
31 83 245
31 84 559
31 85 559
31 86 655
31 87 380
31 88 448
31 89 697
31 90 557
31 91 244
31 92 491
31 93 565
31 94 237
31 95 691
31 96 569
31 97 133
31 98 409
31 99 315
31 100 41
32 1 563
32 2 269
32 3 268
32 4 509
32 5 313
32 6 433
32 7 334
32 8 222
32 9 783
32 10 670
32 11 561
32 12 494
32 13 559
32 14 382
32 15 450
32 16 702
32 17 516
32 18 760
32 19 260
32 20 660
32 21 375
32 22 731
32 23 358
32 24 631
32 25 222
32 26 585
32 27 145
32 28 204
32 29 530
32 30 415
32 31 283
32 33 735
32 34 218
32 35 60
32 36 485
32 37 344
32 38 152
32 39 535
32 40 424
32 41 710
32 42 49
32 43 262
32 44 550
32 45 439
32 46 197
32 47 810
32 48 549
32 49 441
32 50 782
32 51 692
32 52 266
32 53 458
32 54 324
32 55 194
32 56 368
32 57 654
32 58 619
32 59 416
32 60 562
32 61 176
32 62 418
32 63 403
32 64 609
32 65 740
32 66 664
32 67 316
32 68 572
32 69 288
32 70 403
32 71 249
32 72 202
32 73 546
32 74 542
32 75 247
32 76 530
32 77 175
32 78 504
32 79 356
32 80 545
32 81 692
32 82 424
32 83 427
32 84 651
32 85 781
32 86 411
32 87 608
32 88 217
32 89 577
32 90 635
32 91 397
32 92 372
32 93 326
32 94 492
32 95 660
32 96 415
32 97 198
32 98 297
32 99 229
32 100 248
33 1 696
33 2 669
33 3 890
33 4 677
33 5 852
33 6 837
33 7 881
33 8 932
33 9 266
33 10 264
33 11 212
33 12 596
33 13 179
33 14 672
33 15 294
33 16 329
33 17 338
33 18 384
33 19 721
33 20 384
33 21 673
33 22 517
33 23 462
33 24 517
33 25 928
33 26 501
33 27 847
33 28 918
33 29 1070
33 30 705
33 31 691
33 32 735
33 34 689
33 35 785
33 36 706
33 37 434
33 38 614
33 39 565
33 40 696
33 41 45
33 42 698
33 43 996
33 44 237
33 45 421
33 46 580
33 47 452
33 48 268
33 49 573
33 50 373
33 51 53
33 52 491
33 53 905
33 54 644
33 55 725
33 56 452
33 57 474
33 58 473
33 59 350
33 60 266
33 61 807
33 62 323
33 63 333
33 64 163
33 65 319
33 66 489
33 67 1009
33 68 179
33 69 522
33 70 956
33 71 781
33 72 913
33 73 546
33 74 341
33 75 537
33 76 649
33 77 808
33 78 575
33 79 611
33 80 219
33 81 57
33 82 372
33 83 929
33 84 158
33 85 502
33 86 713
33 87 500
33 88 644
33 89 404
33 90 144
33 91 934
33 92 433
33 93 675
33 94 586
33 95 190
33 96 480
33 97 777
33 98 467
33 99 509
33 100 671
34 1 348
34 2 55
34 3 202
34 4 294
34 5 172
34 6 639
34 7 551
34 8 415
34 9 662
34 10 550
34 11 485
34 12 291
34 13 533
34 14 556
34 15 450
34 16 755
34 17 571
34 18 609
34 19 53
34 20 506
34 21 550
34 22 832
34 23 448
34 24 445
34 25 275
34 26 402
34 27 212
34 28 397
34 29 408
34 30 595
34 31 66
34 32 218
34 33 689
34 35 212
34 36 659
34 37 409
34 38 131
34 39 668
34 40 602
34 41 676
34 42 177
34 43 407
34 44 565
34 45 522
34 46 322
34 47 884
34 48 579
34 49 582
34 50 838
34 51 657
34 52 210
34 53 281
34 54 493
34 55 396
34 56 455
34 57 478
34 58 720
34 59 340
34 60 592
34 61 137
34 62 374
34 63 385
34 64 536
34 65 786
34 66 485
34 67 511
34 68 511
34 69 168
34 70 281
34 71 95
34 72 397
34 73 353
34 74 601
34 75 158
34 76 686
34 77 138
34 78 305
34 79 153
34 80 547
34 81 637
34 82 477
34 83 274
34 84 567
34 85 604
34 86 594
34 87 425
34 88 388
34 89 658
34 90 562
34 91 263
34 92 448
34 93 505
34 94 290
34 95 672
34 96 522
34 97 94
34 98 365
34 99 270
34 100 34
35 1 558
35 2 266
35 3 218
35 4 505
35 5 274
35 6 471
35 7 359
35 8 204
35 9 819
35 10 706
35 11 605
35 12 500
35 13 611
35 14 434
35 15 503
35 16 761
35 17 574
35 18 788
35 19 246
35 20 687
35 21 427
35 22 790
35 23 417
35 24 646
35 25 163
35 26 601
35 27 86
35 28 186
35 29 480
35 30 465
35 31 275
35 32 60
35 33 785
35 34 212
35 36 536
35 37 403
35 38 183
35 39 593
35 40 475
35 41 762
35 42 88
35 43 219
35 44 606
35 45 499
35 46 256
35 47 870
35 48 607
35 49 498
35 50 841
35 51 744
35 52 306
35 53 422
35 54 378
35 55 239
35 56 428
35 57 673
35 58 679
35 59 457
35 60 619
35 61 134
35 62 465
35 63 454
35 64 654
35 65 799
35 66 682
35 67 301
35 68 618
35 69 315
35 70 356
35 71 220
35 72 186
35 73 558
35 74 601
35 75 278
35 76 585
35 77 133
35 78 512
35 79 360
35 80 600
35 81 740
35 82 482
35 83 386
35 84 694
35 85 800
35 86 461
35 87 624
35 88 273
35 89 636
35 90 680
35 91 353
35 92 432
35 93 377
35 94 499
35 95 717
35 96 475
35 97 168
35 98 355
35 99 282
35 100 245
36 1 951
36 2 695
36 3 752
36 4 900
36 5 793
36 6 172
36 7 300
36 8 504
36 9 898
36 10 813
36 11 660
36 12 851
36 13 560
36 14 105
36 15 469
36 16 461
36 17 368
36 18 948
36 19 711
36 20 874
36 21 111
36 22 363
36 23 294
36 24 921
36 25 681
36 26 876
36 27 619
36 28 502
36 29 1015
36 30 73
36 31 718
36 32 485
36 33 706
36 34 659
36 35 536
36 37 347
36 38 533
36 39 161
36 40 61
36 41 663
36 42 501
36 43 618
36 44 471
36 45 293
36 46 342
36 47 486
36 48 438
36 49 135
36 50 506
36 51 654
36 52 537
36 53 932
36 54 167
36 55 299
36 56 297
36 57 917
36 58 293
36 59 592
36 60 441
36 61 660
36 62 541
36 63 493
36 64 679
36 65 500
36 66 932
36 67 518
36 68 636
36 69 609
36 70 888
36 71 722
36 72 497
36 73 869
36 74 367
36 75 571
36 76 85
36 77 659
36 78 848
36 79 740
36 80 497
36 81 696
36 82 361
36 83 908
36 84 727
36 85 1023
36 86 79
36 87 895
36 88 274
36 89 322
36 90 697
36 91 881
36 92 318
36 93 160
36 94 844
36 95 532
36 96 238
36 97 676
36 98 358
36 99 428
36 100 677
37 1 631
37 2 424
37 3 573
37 4 585
37 5 576
37 6 431
37 7 451
37 8 511
37 9 571
37 10 476
37 11 326
37 12 525
37 13 258
37 14 274
37 15 145
37 16 361
37 17 173
37 18 606
37 19 459
37 20 528
37 21 272
37 22 424
37 23 55
37 24 577
37 25 563
37 26 533
37 27 481
37 28 498
37 29 813
37 30 315
37 31 450
37 32 344
37 33 434
37 34 409
37 35 403
37 36 347
37 38 284
37 39 285
37 40 312
37 41 399
37 42 323
37 43 591
37 44 215
37 45 114
37 46 157
37 47 479
37 48 208
37 49 223
37 50 442
37 51 384
37 52 223
37 53 687
37 54 227
37 55 292
37 56 56
37 57 571
37 58 312
37 59 245
37 60 219
37 61 476
37 62 196
37 63 149
37 64 356
37 65 397
37 66 586
37 67 581
37 68 312
37 69 297
37 70 684
37 71 496
37 72 493
37 73 532
37 74 201
37 75 272
37 76 333
37 77 476
37 78 518
37 79 437
37 80 220
37 81 404
37 82 80
37 83 683
37 84 405
37 85 677
37 86 320
37 87 550
37 88 211
37 89 250
37 90 379
37 91 669
37 92 41
37 93 258
37 94 517
37 95 322
37 96 129
37 97 466
37 98 48
37 99 141
37 100 413
38 1 439
38 2 163
38 3 294
38 4 385
38 5 292
38 6 526
38 7 457
38 8 373
38 9 637
38 10 523
38 11 426
38 12 357
38 13 445
38 14 430
38 15 348
38 16 639
38 17 452
38 18 610
38 19 183
38 20 509
38 21 425
38 22 705
38 23 319
38 24 483
38 25 315
38 26 436
38 27 234
38 28 355
38 29 529
38 30 470
38 31 186
38 32 152
38 33 614
38 34 131
38 35 183
38 36 533
38 37 284
38 39 538
38 40 476
38 41 594
38 42 103
38 43 402
38 44 459
38 45 396
38 46 193
38 47 763
38 48 468
38 49 452
38 50 721
38 51 576
38 52 125
38 53 411
38 54 367
38 55 287
38 56 327
38 57 504
38 58 592
38 59 277
38 60 481
38 61 200
38 62 292
38 63 289
38 64 475
38 65 672
38 66 514
38 67 467
38 68 442
38 69 137
38 70 400
38 71 213
38 72 353
38 73 402
38 74 481
38 75 96
38 76 557
38 77 201
38 78 363
38 79 224
38 80 446
38 81 567
38 82 356
38 83 401
38 84 514
38 85 631
38 86 470
38 87 459
38 88 265
38 89 534
38 90 502
38 91 385
38 92 322
38 93 381
38 94 353
38 95 569
38 96 392
38 97 184
38 98 239
38 99 144
38 100 145
39 1 915
39 2 693
39 3 798
39 4 869
39 5 822
39 6 328
39 7 438
39 8 611
39 9 780
39 10 707
39 11 553
39 12 809
39 13 439
39 14 196
39 15 369
39 16 301
39 17 236
39 18 846
39 19 720
39 20 783
39 21 202
39 22 218
39 23 233
39 24 851
39 25 751
39 26 810
39 27 678
39 28 605
39 29 1055
39 30 200
39 31 719
39 32 535
39 33 565
39 34 668
39 35 593
39 36 161
39 37 285
39 38 538
39 40 185
39 41 521
39 42 536
39 43 719
39 44 340
39 45 189
39 46 352
39 47 333
39 48 303
39 49 95
39 50 346
39 51 515
39 52 504
39 53 948
39 54 227
39 55 379
39 56 230
39 57 839
39 58 133
39 59 518
39 60 303
39 61 701
39 62 460
39 63 411
39 64 564
39 65 340
39 66 855
39 67 643
39 68 523
39 69 579
39 70 925
39 71 745
39 72 599
39 73 813
39 74 226
39 75 549
39 76 86
39 77 700
39 78 802
39 79 718
39 80 371
39 81 563
39 82 263
39 83 935
39 84 609
39 85 933
39 86 210
39 87 825
39 88 321
39 89 167
39 90 578
39 91 914
39 92 246
39 93 242
39 94 801
39 95 384
39 96 156
39 97 705
39 98 315
39 99 406
39 100 679
40 1 900
40 2 639
40 3 692
40 4 849
40 5 733
40 6 148
40 7 255
40 8 448
40 9 875
40 10 785
40 11 633
40 12 802
40 13 541
40 14 47
40 15 443
40 16 476
40 17 360
40 18 917
40 19 653
40 20 839
40 21 52
40 22 399
40 23 261
40 24 879
40 25 621
40 26 834
40 27 558
40 28 445
40 29 954
40 30 15
40 31 661
40 32 424
40 33 696
40 34 602
40 35 475
40 36 61
40 37 312
40 38 476
40 39 185
40 41 654
40 42 441
40 43 561
40 44 460
40 45 276
40 46 287
40 47 518
40 48 430
40 49 126
40 50 529
40 51 644
40 52 488
40 53 873
40 54 110
40 55 239
40 56 266
40 57 878
40 58 316
40 59 554
40 60 434
40 61 599
40 62 507
40 63 460
40 64 656
40 65 517
40 66 893
40 67 467
40 68 612
40 69 558
40 70 827
40 71 662
40 72 440
40 73 823
40 74 365
40 75 520
40 76 129
40 77 599
40 78 800
40 79 688
40 80 482
40 81 682
40 82 337
40 83 848
40 84 705
40 85 987
40 86 25
40 87 853
40 88 215
40 89 332
40 90 675
40 91 821
40 92 288
40 93 100
40 94 795
40 95 531
40 96 218
40 97 616
40 98 316
40 99 378
40 100 621
41 1 705
41 2 659
41 3 875
41 4 683
41 5 841
41 6 796
41 7 844
41 8 902
41 9 304
41 10 288
41 11 211
41 12 602
41 13 152
41 14 631
41 15 264
41 16 287
41 17 295
41 18 415
41 19 710
41 20 407
41 21 633
41 22 474
41 23 424
41 24 534
41 25 908
41 26 515
41 27 826
41 28 888
41 29 1064
41 30 663
41 31 682
41 32 710
41 33 45
41 34 676
41 35 762
41 36 663
41 37 399
41 38 594
41 39 521
41 40 654
41 42 675
41 43 970
41 44 197
41 45 380
41 46 548
41 47 414
41 48 226
41 49 531
41 50 335
41 51 19
41 52 474
41 53 901
41 54 605
41 55 691
41 56 415
41 57 495
41 58 428
41 59 338
41 60 223
41 61 790
41 62 305
41 63 309
41 64 168
41 65 279
41 66 510
41 67 977
41 68 173
41 69 509
41 70 947
41 71 769
41 72 884
41 73 557
41 74 297
41 75 522
41 76 605
41 77 791
41 78 582
41 79 607
41 80 181
41 81 74
41 82 334
41 83 922
41 84 176
41 85 531
41 86 672
41 87 516
41 88 609
41 89 360
41 90 154
41 91 926
41 92 396
41 93 636
41 94 592
41 95 146
41 96 439
41 97 762
41 98 435
41 99 482
41 100 660
42 1 519
42 2 227
42 3 262
42 4 465
42 5 293
42 6 464
42 7 375
42 8 270
42 9 737
42 10 624
42 11 519
42 12 447
42 13 524
42 14 397
42 15 417
42 16 684
42 17 496
42 18 712
42 19 224
42 20 612
42 21 390
42 22 724
42 23 344
42 24 582
42 25 242
42 26 536
42 27 159
42 28 253
42 29 520
42 30 433
42 31 243
42 32 49
42 33 698
42 34 177
42 35 88
42 36 501
42 37 323
42 38 103
42 39 536
42 40 441
42 41 675
42 43 304
42 44 522
42 45 425
42 46 187
42 47 797
42 48 524
42 49 444
42 50 764
42 51 657
42 52 221
42 53 433
42 54 336
42 55 221
42 56 353
42 57 605
42 58 612
42 59 372
42 60 537
42 61 165
42 62 378
42 63 367
42 64 567
42 65 720
42 66 615
42 67 365
42 68 531
42 69 239
42 70 391
42 71 222
42 72 251
42 73 498
42 74 523
42 75 199
42 76 540
42 77 165
42 78 456
42 79 309
42 80 515
42 81 653
42 82 402
42 83 408
42 84 608
42 85 732
42 86 430
42 87 559
42 88 228
42 89 564
42 90 594
42 91 382
42 92 355
42 93 342
42 94 445
42 95 632
42 96 407
42 97 175
42 98 275
42 99 197
42 100 205
43 1 735
43 2 459
43 3 296
43 4 685
43 5 386
43 6 497
43 7 349
43 8 117
43 9 1038
43 10 925
43 11 822
43 12 695
43 13 819
43 14 531
43 15 708
43 16 936
43 17 756
43 18 1004
43 19 423
43 20 902
43 21 524
43 22 932
43 23 592
43 24 851
43 25 164
43 26 808
43 27 197
43 28 117
43 29 507
43 30 548
43 31 460
43 32 262
43 33 996
43 34 407
43 35 219
43 36 618
43 37 591
43 38 402
43 39 719
43 40 561
43 41 970
43 42 304
43 44 803
43 45 670
43 46 435
43 47 1028
43 48 798
43 49 626
43 50 1011
43 51 953
43 52 524
43 53 524
43 54 493
43 55 341
43 56 603
43 57 882
43 58 827
43 59 675
43 60 810
43 61 280
43 62 680
43 63 664
43 64 871
43 65 976
43 66 890
43 67 162
43 68 834
43 69 532
43 70 417
43 71 373
43 72 122
43 73 760
43 74 779
43 75 496
43 76 687
43 77 279
43 78 710
43 79 559
43 80 801
43 81 954
43 82 669
43 83 469
43 84 912
43 85 1009
43 86 540
43 87 831
43 88 411
43 89 799
43 90 897
43 91 426
43 92 612
43 93 479
43 94 696
43 95 912
43 96 633
43 97 329
43 98 546
43 99 488
43 100 440
44 1 689
44 2 563
44 3 752
44 4 654
44 5 736
44 6 600
44 7 650
44 8 725
44 9 442
44 10 378
44 11 233
44 12 579
44 13 104
44 14 435
44 15 116
44 16 207
44 17 105
44 18 519
44 19 608
44 20 472
44 21 437
44 22 355
44 23 232
44 24 568
44 25 763
44 26 534
44 27 680
44 28 712
44 29 970
44 30 468
44 31 588
44 32 550
44 33 237
44 34 565
44 35 606
44 36 471
44 37 215
44 38 459
44 39 340
44 40 460
44 41 197
44 42 522
44 43 803
44 45 184
44 46 371
44 47 350
44 48 39
44 49 338
44 50 287
44 51 185
44 52 355
44 53 823
44 54 409
44 55 504
44 56 222
44 57 543
44 58 275
44 59 268
44 60 47
44 61 659
44 62 210
44 63 183
44 64 230
44 65 229
44 66 559
44 67 794
44 68 194
44 69 413
44 70 845
44 71 659
44 72 708
44 73 557
44 74 118
44 75 409
44 76 420
44 77 660
44 78 564
44 79 539
44 80 36
44 81 225
44 82 142
44 83 832
44 84 273
44 85 618
44 86 476
44 87 544
44 88 421
44 89 196
44 90 241
44 91 827
44 92 205
44 93 441
44 94 570
44 95 111
44 96 243
44 97 640
44 98 258
44 99 326
44 100 558
45 1 736
45 2 538
45 3 681
45 4 691
45 5 687
45 6 417
45 7 474
45 8 579
45 9 606
45 10 525
45 11 371
45 12 627
45 13 267
45 14 252
45 15 182
45 16 267
45 17 94
45 18 662
45 19 572
45 20 596
45 21 253
45 22 311
45 23 82
45 24 663
45 25 661
45 26 622
45 27 581
45 28 568
45 29 925
45 30 284
45 31 564
45 32 439
45 33 421
45 34 522
45 35 499
45 36 293
45 37 114
45 38 396
45 39 189
45 40 276
45 41 380
45 42 425
45 43 670
45 44 184
45 46 243
45 47 373
45 48 157
45 49 158
45 50 344
45 51 369
45 52 335
45 53 800
45 54 230
45 55 345
45 56 72
45 57 650
45 58 199
45 59 330
45 60 164
45 61 583
45 62 271
45 63 223
45 64 387
45 65 306
45 66 666
45 67 637
45 68 344
45 69 408
45 70 795
45 71 608
45 72 563
45 73 627
45 74 112
45 75 385
45 76 255
45 77 583
45 78 618
45 79 547
45 80 206
45 81 406
45 82 74
45 83 795
45 84 435
45 85 746
45 86 293
45 87 637
45 88 264
45 89 140
45 90 404
45 91 780
45 92 74
45 93 260
45 94 619
45 95 268
45 96 59
45 97 576
45 98 158
45 99 253
45 100 526
46 1 614
46 2 354
46 3 449
46 4 563
46 5 470
46 6 359
46 7 331
46 8 356
46 9 681
46 10 576
46 11 440
46 12 520
46 13 401
46 14 241
46 15 286
46 16 508
46 17 323
46 18 691
46 19 374
46 20 600
46 21 236
46 22 538
46 23 162
46 24 615
46 25 419
46 26 568
46 27 340
46 28 342
46 29 703
46 30 283
46 31 378
46 32 197
46 33 580
46 34 322
46 35 256
46 36 342
46 37 157
46 38 193
46 39 352
46 40 287
46 41 548
46 42 187
46 43 435
46 44 371
46 45 243
46 47 614
46 48 364
46 49 263
46 50 586
46 51 532
46 52 211
46 53 600
46 54 178
46 55 155
46 56 173
46 57 622
46 58 425
46 59 317
46 60 375
46 61 351
46 62 293
46 63 259
46 64 480
46 65 546
46 66 635
46 67 430
46 68 437
46 69 276
46 70 573
46 71 394
46 72 338
46 73 548
46 74 348
46 75 235
46 76 365
46 77 351
46 78 520
46 79 402
46 80 372
46 81 544
46 82 235
46 83 584
46 84 527
46 85 741
46 86 284
46 87 588
46 88 90
46 89 380
46 90 504
46 91 562
46 92 179
46 93 196
46 94 514
46 95 478
46 96 220
46 97 354
46 98 114
46 99 105
46 100 337
47 1 1039
47 2 892
47 3 1052
47 4 1003
47 5 1053
47 6 657
47 7 770
47 8 927
47 9 717
47 10 689
47 11 566
47 12 929
47 13 438
47 14 525
47 15 456
47 16 144
47 17 314
47 18 824
47 19 932
47 20 799
47 21 531
47 22 131
47 23 454
47 24 909
47 25 1032
47 26 879
47 27 952
47 28 919
47 29 1290
47 30 532
47 31 918
47 32 810
47 33 452
47 34 884
47 35 870
47 36 486
47 37 479
47 38 763
47 39 333
47 40 518
47 41 414
47 42 797
47 43 1028
47 44 350
47 45 373
47 46 614
47 48 321
47 49 412
47 50 80
47 51 420
47 52 682
47 53 1156
47 54 544
47 55 689
47 56 444
47 57 879
47 58 206
47 59 617
47 60 309
47 61 954
47 62 557
47 63 523
47 64 546
47 65 136
47 66 895
47 67 969
47 68 523
47 69 748
47 70 1161
47 71 973
47 72 913
47 73 905
47 74 283
47 75 735
47 76 403
47 77 954
47 78 914
47 79 881
47 80 382
47 81 483
47 82 408
47 83 1157
47 84 574
47 85 936
47 86 542
47 87 887
47 88 618
47 89 234
47 90 545
47 91 1146
47 92 444
47 93 566
47 94 919
47 95 287
47 96 398
47 97 945
47 98 526
47 99 619
47 100 883
48 1 719
48 2 580
48 3 761
48 4 683
48 5 750
48 6 572
48 7 629
48 8 716
48 9 480
48 10 417
48 11 271
48 12 609
48 13 143
48 14 408
48 15 135
48 16 181
48 17 71
48 18 558
48 19 624
48 20 510
48 21 409
48 22 319
48 23 215
48 24 603
48 25 765
48 26 569
48 27 682
48 28 704
48 29 986
48 30 438
48 31 606
48 32 549
48 33 268
48 34 579
48 35 607
48 36 438
48 37 208
48 38 468
48 39 303
48 40 430
48 41 226
48 42 524
48 43 798
48 44 39
48 45 157
48 46 364
48 47 321
48 49 306
48 50 264
48 51 216
48 52 371
48 53 842
48 54 386
48 55 489
48 56 204
48 57 580
48 58 236
48 59 296
48 60 14
48 61 667
48 62 236
48 63 203
48 64 269
48 65 208
48 66 596
48 67 781
48 68 233
48 69 432
48 70 859
48 71 671
48 72 699
48 73 589
48 74 79
48 75 425
48 76 384
48 77 667
48 78 594
48 79 562
48 80 74
48 81 260
48 82 130
48 83 849
48 84 312
48 85 656
48 86 447
48 87 579
48 88 407
48 89 157
48 90 280
48 91 841
48 92 190
48 93 417
48 94 599
48 95 116
48 96 215
48 97 650
48 98 253
48 99 330
48 100 574
49 1 846
49 2 610
49 3 705
49 4 798
49 5 732
49 6 273
49 7 362
49 8 520
49 9 764
49 10 680
49 11 526
49 12 742
49 13 425
49 14 117
49 15 336
49 16 355
49 17 236
49 18 816
49 19 634
49 20 745
49 21 122
49 22 307
49 23 169
49 24 799
49 25 656
49 26 756
49 27 584
49 28 514
49 29 963
49 30 137
49 31 635
49 32 441
49 33 573
49 34 582
49 35 498
49 36 135
49 37 223
49 38 452
49 39 95
49 40 126
49 41 531
49 42 444
49 43 626
49 44 338
49 45 158
49 46 263
49 47 412
49 48 306
49 50 414
49 51 522
49 52 431
49 53 861
49 54 134
49 55 286
49 56 169
49 57 792
49 58 207
49 59 467
49 60 309
49 61 608
49 62 413
49 63 364
49 64 545
49 65 396
49 66 808
49 67 557
49 68 501
49 69 505
49 70 834
49 71 656
49 72 508
49 73 753
49 74 239
49 75 472
49 76 112
49 77 608
49 78 737
49 79 642
49 80 363
49 81 562
49 82 227
49 83 846
49 84 592
49 85 894
49 86 147
49 87 773
49 88 227
49 89 209
49 90 562
49 91 823
49 92 189
49 93 154
49 94 735
49 95 406
49 96 104
49 97 615
49 98 243
49 99 327
49 100 595
50 1 974
50 2 842
50 3 1013
50 4 940
50 5 1009
50 6 673
50 7 775
50 8 915
50 9 638
50 10 613
50 11 494
50 12 864
50 13 368
50 14 530
50 15 398
50 16 84
50 17 271
50 18 746
50 19 885
50 20 724
50 21 535
50 22 179
50 23 425
50 24 837
50 25 1003
50 26 809
50 27 922
50 28 906
50 29 1245
50 30 542
50 31 868
50 32 782
50 33 373
50 34 838
50 35 841
50 36 506
50 37 442
50 38 721
50 39 346
50 40 529
50 41 335
50 42 764
50 43 1011
50 44 287
50 45 344
50 46 586
50 47 80
50 48 264
50 49 414
50 51 342
50 52 632
50 53 1105
50 54 539
50 55 678
50 56 414
50 57 806
50 58 214
50 59 555
50 60 250
50 61 917
50 62 497
50 63 466
50 64 471
50 65 61
50 66 821
50 67 964
50 68 450
50 69 695
50 70 1118
50 71 930
50 72 900
50 73 837
50 74 242
50 75 686
50 76 425
50 77 917
50 78 848
50 79 824
50 80 316
50 81 405
50 82 366
50 83 1110
50 84 497
50 85 859
50 86 552
50 87 816
50 88 601
50 89 214
50 90 469
50 91 1101
50 92 410
50 93 564
50 94 855
50 95 212
50 96 379
50 97 904
50 98 490
50 99 579
50 100 835
51 1 688
51 2 640
51 3 856
51 4 665
51 5 822
51 6 785
51 7 830
51 8 885
51 9 298
51 10 276
51 11 193
51 12 585
51 13 134
51 14 620
51 15 247
51 16 290
51 17 286
51 18 406
51 19 691
51 20 394
51 21 621
51 22 476
51 23 411
51 24 520
51 25 890
51 26 499
51 27 807
51 28 871
51 29 1045
51 30 653
51 31 663
51 32 692
51 33 53
51 34 657
51 35 744
51 36 654
51 37 384
51 38 576
51 39 515
51 40 644
51 41 19
51 42 657
51 43 953
51 44 185
51 45 369
51 46 532
51 47 420
51 48 216
51 49 522
51 50 342
51 52 455
51 53 882
51 54 592
51 55 676
51 56 401
51 57 481
51 58 425
51 59 319
51 60 214
51 61 771
51 62 286
51 63 291
51 64 151
51 65 285
51 66 496
51 67 961
51 68 155
51 69 490
51 70 928
51 71 750
51 72 867
51 73 540
51 74 290
51 75 503
51 76 598
51 77 772
51 78 564
51 79 588
51 80 167
51 81 64
51 82 321
51 83 904
51 84 163
51 85 521
51 86 661
51 87 501
51 88 594
51 89 355
51 90 139
51 91 907
51 92 382
51 93 624
51 94 575
51 95 145
51 96 428
51 97 743
51 98 419
51 99 465
51 100 641
52 1 416
52 2 211
52 3 403
52 4 367
52 5 381
52 6 569
52 7 530
52 8 485
52 9 517
52 10 404
52 11 301
52 12 315
52 13 327
52 14 443
52 15 240
52 16 549
52 17 369
52 18 501
52 19 254
52 20 404
52 21 438
52 22 642
52 23 272
52 24 405
52 25 439
52 26 358
52 27 358
52 28 468
52 29 616
52 30 486
52 31 237
52 32 266
52 33 491
52 34 210
52 35 306
52 36 537
52 37 223
52 38 125
52 39 504
52 40 488
52 41 474
52 42 221
52 43 524
52 44 355
52 45 335
52 46 211
52 47 682
52 48 371
52 49 431
52 50 632
52 51 455
52 53 474
52 54 382
52 55 351
52 56 276
52 57 415
52 58 532
52 59 152
52 60 384
52 61 317
52 62 170
52 63 175
52 64 350
52 65 578
52 66 428
52 67 576
52 68 318
52 69 75
52 70 490
52 71 304
52 72 465
52 73 338
52 74 399
52 75 55
52 76 542
52 77 318
52 78 313
52 79 214
52 80 337
52 81 443
52 82 278
52 83 479
52 84 389
52 85 538
52 86 488
52 87 379
52 88 300
52 89 464
52 90 377
52 91 472
52 92 264
52 93 404
52 94 308
52 95 462
52 96 349
52 97 290
52 98 190
52 99 111
52 100 204
53 1 304
53 2 265
53 3 229
53 4 279
53 5 149
53 6 890
53 7 779
53 8 587
53 9 805
53 10 706
53 11 693
53 12 344
53 13 773
53 14 828
53 15 709
53 16 1022
53 17 843
53 18 712
53 19 229
53 20 620
53 21 821
53 22 1110
53 23 727
53 24 504
53 25 360
53 26 480
53 27 363
53 28 572
53 29 176
53 30 864
53 31 238
53 32 458
53 33 905
53 34 281
53 35 422
53 36 932
53 37 687
53 38 411
53 39 948
53 40 873
53 41 901
53 42 433
53 43 524
53 44 823
53 45 800
53 46 600
53 47 1156
53 48 842
53 49 861
53 50 1105
53 51 882
53 52 474
53 54 766
53 55 650
53 56 734
53 57 554
53 58 998
53 59 569
53 60 856
53 61 289
53 62 618
53 63 641
53 64 743
53 65 1050
53 66 552
53 67 672
53 68 729
53 69 411
53 70 124
53 71 211
53 72 575
53 73 418
53 74 873
53 75 421
53 76 964
53 77 290
53 78 368
53 79 294
53 80 800
53 81 849
53 82 750
53 83 63
53 84 761
53 85 658
53 86 862
53 87 498
53 88 658
53 89 935
53 90 765
53 91 105
53 92 727
53 93 774
53 94 351
53 95 924
53 96 802
53 97 260
53 98 645
53 99 549
53 100 275
54 1 791
54 2 529
54 3 592
54 4 740
54 5 628
54 6 204
54 7 245
54 8 386
54 9 798
54 10 702
54 11 553
54 12 695
54 13 477
54 14 64
54 15 369
54 16 474
54 17 322
54 18 829
54 19 545
54 20 747
54 21 59
54 22 440
54 23 185
54 24 778
54 25 531
54 26 732
54 27 463
54 28 380
54 29 853
54 30 106
54 31 552
54 32 324
54 33 644
54 34 493
54 35 378
54 36 167
54 37 227
54 38 367
54 39 227
54 40 110
54 41 605
54 42 336
54 43 493
54 44 409
54 45 230
54 46 178
54 47 544
54 48 386
54 49 134
54 50 539
54 51 592
54 52 382
54 53 766
54 55 153
54 56 193
54 57 780
54 58 339
54 59 459
54 60 393
54 61 497
54 62 418
54 63 373
54 64 582
54 65 515
54 66 794
54 67 426
54 68 538
54 69 451
54 70 725
54 71 556
54 72 374
54 73 718
54 74 335
54 75 411
54 76 207
54 77 497
54 78 694
54 79 579
54 80 426
54 81 622
54 82 273
54 83 743
54 84 631
54 85 893
54 86 107
54 87 752
54 88 109
54 89 328
54 90 604
54 91 717
54 92 214
54 93 32
54 94 688
54 95 497
54 96 174
54 97 511
54 98 220
54 99 272
54 100 511
55 1 726
55 2 441
55 3 457
55 4 672
55 5 506
55 6 244
55 7 180
55 8 238
55 9 836
55 10 730
55 11 594
55 12 642
55 13 548
55 14 200
55 15 433
55 16 606
55 17 436
55 18 843
55 19 444
55 20 750
55 21 193
55 22 591
55 23 275
55 24 754
55 25 383
55 26 706
55 27 321
55 28 230
55 29 719
55 30 227
55 31 460
55 32 194
55 33 725
55 34 396
55 35 239
55 36 299
55 37 292
55 38 287
55 39 379
55 40 239
55 41 691
55 42 221
55 43 341
55 44 504
55 45 345
55 46 155
55 47 689
55 48 489
55 49 286
55 50 678
55 51 676
55 52 351
55 53 650
55 54 153
55 56 286
55 57 766
55 58 487
55 59 471
55 60 499
55 61 368
55 62 447
55 63 413
55 64 633
55 65 647
55 66 778
55 67 293
55 68 590
55 69 405
55 70 595
55 71 441
55 72 224
55 73 680
55 74 456
55 75 361
55 76 356
55 77 367
55 78 646
55 79 511
55 80 511
55 81 693
55 82 362
55 83 620
55 84 680
55 85 888
55 86 222
55 87 728
55 88 83
55 89 465
55 90 657
55 91 590
55 92 300
55 93 144
55 94 637
55 95 605
55 96 300
55 97 391
55 98 260
55 99 256
55 100 421
56 1 686
56 2 473
56 3 610
56 4 640
56 5 618
56 6 394
56 7 430
56 8 515
56 9 610
56 10 519
56 11 367
56 12 580
56 13 284
56 14 231
56 15 179
56 16 336
56 17 153
56 18 653
56 19 506
56 20 578
56 21 231
56 22 379
56 23 12
56 24 631
56 25 590
56 26 587
56 27 510
56 28 504
56 29 855
56 30 270
56 31 499
56 32 368
56 33 452
56 34 455
56 35 428
56 36 297
56 37 56
56 38 327
56 39 230
56 40 266
56 41 415
56 42 353
56 43 603
56 44 222
56 45 72
56 46 173
56 47 444
56 48 204
56 49 169
56 50 414
56 51 401
56 52 276
56 53 734
56 54 193
56 55 286
56 57 624
56 58 266
56 59 298
56 60 214
56 61 512
56 62 245
56 63 197
56 64 393
56 65 374
56 66 639
56 67 578
56 68 348
56 69 351
56 70 725
56 71 539
56 72 499
56 73 587
56 74 177
56 75 324
56 76 279
56 77 512
56 78 573
56 79 490
56 80 234
56 81 429
56 82 81
56 83 727
56 84 441
56 85 727
56 86 277
56 87 604
56 88 203
56 89 211
56 90 413
56 91 712
56 92 22
56 93 225
56 94 572
56 95 320
56 96 74
56 97 506
56 98 90
56 99 186
56 100 461
57 1 267
57 2 428
57 3 651
57 4 276
57 5 575
57 6 977
57 7 945
57 8 873
57 9 275
57 10 213
57 11 314
57 12 214
57 13 444
57 14 836
57 15 473
57 16 737
57 17 626
57 18 160
57 19 474
57 20 92
57 21 833
57 22 898
57 23 625
57 24 53
57 25 750
57 26 79
57 27 689
57 28 856
57 29 729
57 30 879
57 31 434
57 32 654
57 33 474
57 34 478
57 35 673
57 36 917
57 37 571
57 38 504
57 39 839
57 40 878
57 41 495
57 42 605
57 43 882
57 44 543
57 45 650
57 46 622
57 47 879
57 48 580
57 49 792
57 50 806
57 51 481
57 52 415
57 53 554
57 54 780
57 55 766
57 56 624
57 58 811
57 59 326
57 60 589
57 61 613
57 62 381
57 63 430
57 64 336
57 65 745
57 66 17
57 67 969
57 68 357
57 69 369
57 70 649
57 71 537
57 72 854
57 73 138
57 74 650
57 75 413
57 76 900
57 77 614
57 78 192
57 79 329
57 80 508
57 81 423
57 82 577
57 83 601
57 84 319
57 85 128
57 86 883
57 87 57
57 88 712
57 89 731
57 90 343
57 91 625
57 92 604
57 93 806
57 94 209
57 95 594
57 96 692
57 97 565
57 98 563
57 99 517
57 100 445
58 1 925
58 2 736
58 3 872
58 4 882
58 5 883
58 6 460
58 7 566
58 8 723
58 9 711
58 10 652
58 11 505
58 12 815
58 13 379
58 14 321
58 15 343
58 16 175
58 17 186
58 18 793
58 19 770
58 20 744
58 21 327
58 22 114
58 23 274
58 24 831
58 25 840
58 26 793
58 27 763
58 28 716
58 29 1120
58 30 330
58 31 762
58 32 619
58 33 473
58 34 720
58 35 679
58 36 293
58 37 312
58 38 592
58 39 133
58 40 316
58 41 428
58 42 612
58 43 827
58 44 275
58 45 199
58 46 425
58 47 206
58 48 236
58 49 207
58 50 214
58 51 425
58 52 532
58 53 998
58 54 339
58 55 487
58 56 266
58 57 811
58 59 506
58 60 230
58 61 773
58 62 445
58 63 400
58 64 504
58 65 212
58 66 827
58 67 764
58 68 468
58 69 604
58 70 990
58 71 804
58 72 710
58 73 806
58 74 162
58 75 583
58 76 213
58 77 773
58 78 804
58 79 743
58 80 309
58 81 481
58 82 258
58 83 993
58 84 545
58 85 891
58 86 340
58 87 805
58 88 418
58 89 81
58 90 513
58 91 976
58 92 272
58 93 361
58 94 806
58 95 284
58 96 205
58 97 771
58 98 355
58 99 450
58 100 724
59 1 424
59 2 321
59 3 541
59 4 387
59 5 504
59 6 661
59 7 648
59 8 631
59 9 371
59 10 261
59 11 150
59 12 313
59 13 204
59 14 513
59 15 166
59 16 475
59 17 323
59 18 375
59 19 372
59 20 288
59 21 510
59 22 606
59 23 299
59 24 335
59 25 587
59 26 293
59 27 508
59 28 615
59 29 727
59 30 555
59 31 344
59 32 416
59 33 350
59 34 340
59 35 457
59 36 592
59 37 245
59 38 277
59 39 518
59 40 554
59 41 338
59 42 372
59 43 675
59 44 268
59 45 330
59 46 317
59 47 617
59 48 296
59 49 467
59 50 555
59 51 319
59 52 152
59 53 569
59 54 459
59 55 471
59 56 298
59 57 326
59 58 506
59 60 309
59 61 461
59 62 62
59 63 108
59 64 201
59 65 497
59 66 342
59 67 720
59 68 172
59 69 172
59 70 609
59 71 432
59 72 612
59 73 301
59 74 351
59 75 191
59 76 575
59 77 462
59 78 300
59 79 277
59 80 240
59 81 298
59 82 257
59 83 586
59 84 238
59 85 434
59 86 560
59 87 308
59 88 405
59 89 429
59 90 227
59 91 588
59 92 278
59 93 488
59 94 304
59 95 359
59 96 367
59 97 428
59 98 240
59 99 216
59 100 322
60 1 731
60 2 593
60 3 775
60 4 695
60 5 763
60 6 577
60 7 637
60 8 727
60 9 484
60 10 423
60 11 279
60 12 621
60 13 150
60 14 413
60 15 149
60 16 168
60 17 74
60 18 564
60 19 638
60 20 518
60 21 415
60 22 309
60 23 225
60 24 613
60 25 778
60 26 579
60 27 695
60 28 715
60 29 999
60 30 443
60 31 619
60 32 562
60 33 266
60 34 592
60 35 619
60 36 441
60 37 219
60 38 481
60 39 303
60 40 434
60 41 223
60 42 537
60 43 810
60 44 47
60 45 164
60 46 375
60 47 309
60 48 14
60 49 309
60 50 250
60 51 214
60 52 384
60 53 856
60 54 393
60 55 499
60 56 214
60 57 589
60 58 230
60 59 309
60 61 680
60 62 249
60 63 216
60 64 275
60 65 195
60 66 605
60 67 791
60 68 240
60 69 445
60 70 873
60 71 685
60 72 710
60 73 601
60 74 77
60 75 438
60 76 385
60 77 681
60 78 606
60 79 575
60 80 82
60 81 261
60 82 141
60 83 862
60 84 316
60 85 664
60 86 452
60 87 589
60 88 417
60 89 152
60 90 284
60 91 855
60 92 201
60 93 424
60 94 612
60 95 106
60 96 221
60 97 663
60 98 265
60 99 343
60 100 587
61 1 456
61 2 185
61 3 99
61 4 406
61 5 141
61 6 604
61 7 491
61 8 312
61 9 797
61 10 684
61 11 610
61 12 417
61 13 643
61 14 556
61 15 548
61 16 835
61 17 647
61 18 746
61 19 144
61 20 643
61 21 549
61 22 886
61 23 502
61 24 578
61 25 138
61 26 536
61 27 86
61 28 295
61 29 357
61 30 590
61 31 182
61 32 176
61 33 807
61 34 137
61 35 134
61 36 660
61 37 476
61 38 200
61 39 701
61 40 599
61 41 790
61 42 165
61 43 280
61 44 659
61 45 583
61 46 351
61 47 954
61 48 667
61 49 608
61 50 917
61 51 771
61 52 317
61 53 289
61 54 497
61 55 368
61 56 512
61 57 613
61 58 773
61 59 461
61 60 680
61 62 486
61 63 488
61 64 661
61 65 869
61 66 619
61 67 404
61 68 631
61 69 294
61 70 229
61 71 96
61 72 296
61 73 485
61 74 676
61 75 271
61 76 702
61 77 2
61 78 434
61 79 285
61 80 646
61 81 757
61 82 551
61 83 253
61 84 695
61 85 738
61 86 586
61 87 559
61 88 389
61 89 722
61 90 687
61 91 222
61 92 510
61 93 500
61 94 419
61 95 769
61 96 569
61 97 50
61 98 428
61 99 339
61 100 169
62 1 485
62 2 363
62 3 571
62 4 447
62 5 543
62 6 621
62 7 621
62 8 626
62 9 390
62 10 287
62 11 149
62 12 375
62 13 159
62 14 468
62 15 104
62 16 416
62 17 261
62 18 412
62 19 412
62 20 333
62 21 466
62 22 544
62 23 248
62 24 393
62 25 606
62 26 352
62 27 525
62 28 611
62 29 772
62 30 509
62 31 387
62 32 418
62 33 323
62 34 374
62 35 465
62 36 541
62 37 196
62 38 292
62 39 460
62 40 507
62 41 305
62 42 378
62 43 680
62 44 210
62 45 271
62 46 293
62 47 557
62 48 236
62 49 413
62 50 497
62 51 286
62 52 170
62 53 618
62 54 418
62 55 447
62 56 245
62 57 381
62 58 445
62 59 62
62 60 249
62 61 486
62 63 49
62 64 192
62 65 439
62 66 396
62 67 711
62 68 154
62 69 211
62 70 650
62 71 468
62 72 607
62 73 362
62 74 289
62 75 218
62 76 520
62 77 487
62 78 362
62 79 330
62 80 184
62 81 276
62 82 198
62 83 632
62 84 237
62 85 482
62 86 515
62 87 367
62 88 375
62 89 367
62 90 218
62 91 630
62 92 225
62 93 447
62 94 365
62 95 306
62 96 312
62 97 458
62 98 200
62 99 200
62 100 361
63 1 526
63 2 381
63 3 577
63 4 486
63 5 556
63 6 577
63 7 584
63 8 603
63 9 428
63 10 329
63 11 183
63 12 416
63 13 158
63 14 422
63 15 68
63 16 384
63 17 219
63 18 458
63 19 427
63 20 381
63 21 420
63 22 502
63 23 200
63 24 441
63 25 601
63 26 400
63 27 518
63 28 588
63 29 789
63 30 463
63 31 406
63 32 403
63 33 333
63 34 385
63 35 454
63 36 493
63 37 149
63 38 289
63 39 411
63 40 460
63 41 309
63 42 367
63 43 664
63 44 183
63 45 223
63 46 259
63 47 523
63 48 203
63 49 364
63 50 466
63 51 291
63 52 175
63 53 641
63 54 373
63 55 413
63 56 197
63 57 430
63 58 400
63 59 108
63 60 216
63 61 488
63 62 49
63 64 221
63 65 410
63 66 445
63 67 684
63 68 178
63 69 231
63 70 664
63 71 479
63 72 584
63 73 408
63 74 248
63 75 228
63 76 471
63 77 488
63 78 404
63 79 359
63 80 163
63 81 291
63 82 150
63 83 650
63 84 268
63 85 531
63 86 468
63 87 415
63 88 337
63 89 324
63 90 246
63 91 646
63 92 176
63 93 403
63 94 407
63 95 287
63 96 263
63 97 464
63 98 158
63 99 177
63 100 376
64 1 537
64 2 512
64 3 738
64 4 516
64 5 695
64 6 785
64 7 803
64 8 818
64 9 220
64 10 149
64 11 52
64 12 435
64 13 127
64 14 624
64 15 214
64 16 405
64 17 330
64 18 290
64 19 565
64 20 254
64 21 623
64 22 578
64 23 399
64 24 372
64 25 787
64 26 349
64 27 708
64 28 803
64 29 909
64 30 662
64 31 533
64 32 609
64 33 163
64 34 536
64 35 654
64 36 679
64 37 356
64 38 475
64 39 564
64 40 656
64 41 168
64 42 567
64 43 871
64 44 230
64 45 387
64 46 480
64 47 546
64 48 269
64 49 545
64 50 471
64 51 151
64 52 350
64 53 743
64 54 582
64 55 633
64 56 393
64 57 336
64 58 504
64 59 201
64 60 275
64 61 661
64 62 192
64 63 221
64 65 411
64 66 352
64 67 902
64 68 45
64 69 369
64 70 797
64 71 627
64 72 799
64 73 389
64 74 347
64 75 391
64 76 639
64 77 662
64 78 414
64 79 450
64 80 196
64 81 107
64 82 320
64 83 768
64 84 49
64 85 393
64 86 669
64 87 352
64 88 557
64 89 426
64 90 27
64 91 775
64 92 371
64 93 614
64 94 425
64 95 260
64 96 442
64 97 626
64 98 376
64 99 392
64 100 516
65 1 914
65 2 788
65 3 965
65 4 881
65 5 957
65 6 664
65 7 755
65 8 883
65 9 582
65 10 553
65 11 433
65 12 805
65 13 308
65 14 513
65 15 342
65 16 42
65 17 225
65 18 688
65 19 832
65 20 664
65 21 517
65 22 209
65 23 385
65 24 777
65 25 960
65 26 748
65 27 878
65 28 873
65 29 1193
65 30 530
65 31 814
65 32 740
65 33 319
65 34 786
65 35 799
65 36 500
65 37 397
65 38 672
65 39 340
65 40 517
65 41 279
65 42 720
65 43 976
65 44 229
65 45 306
65 46 546
65 47 136
65 48 208
65 49 396
65 50 61
65 51 285
65 52 578
65 53 1050
65 54 515
65 55 647
65 56 374
65 57 745
65 58 212
65 59 497
65 60 195
65 61 869
65 62 439
65 63 410
65 64 411
65 66 761
65 67 937
65 68 390
65 69 640
65 70 1066
65 71 878
65 72 868
65 73 777
65 74 198
65 75 632
65 76 423
65 77 869
65 78 789
65 79 768
65 80 257
65 81 348
65 82 319
65 83 1057
65 84 438
65 85 800
65 86 539
65 87 755
65 88 568
65 89 189
65 90 409
65 91 1049
65 92 368
65 93 542
65 94 795
65 95 152
65 96 348
65 97 855
65 98 445
65 99 531
65 100 781
66 1 261
66 2 434
66 3 655
66 4 274
66 5 578
66 6 991
66 7 957
66 8 883
66 9 285
66 10 227
66 11 330
66 12 216
66 13 460
66 14 851
66 15 489
66 16 753
66 17 642
66 18 166
66 19 479
66 20 106
66 21 847
66 22 914
66 23 640
66 24 48
66 25 756
66 26 83
66 27 696
66 28 865
66 29 727
66 30 893
66 31 440
66 32 664
66 33 489
66 34 485
66 35 682
66 36 932
66 37 586
66 38 514
66 39 855
66 40 893
66 41 510
66 42 615
66 43 890
66 44 559
66 45 666
66 46 635
66 47 895
66 48 596
66 49 808
66 50 821
66 51 496
66 52 428
66 53 552
66 54 794
66 55 778
66 56 639
66 57 17
66 58 827
66 59 342
66 60 605
66 61 619
66 62 396
66 63 445
66 64 352
66 65 761
66 67 979
66 68 373
66 69 380
66 70 650
66 71 542
66 72 864
66 73 140
66 74 666
66 75 424
66 76 916
66 77 620
66 78 194
66 79 335
66 80 524
66 81 438
66 82 592
66 83 600
66 84 334
66 85 120
66 86 897
66 87 60
66 88 725
66 89 747
66 90 358
66 91 626
66 92 619
66 93 820
66 94 211
66 95 610
66 96 707
66 97 571
66 98 578
66 99 530
66 100 452
67 1 855
67 2 566
67 3 443
67 4 803
67 5 528
67 6 372
67 7 222
67 8 97
67 9 1090
67 10 979
67 11 858
67 12 800
67 13 830
67 14 448
67 15 715
67 16 896
67 17 728
67 18 1075
67 19 540
67 20 975
67 21 441
67 22 860
67 23 567
67 24 945
67 25 315
67 26 899
67 27 319
67 28 115
67 29 667
67 30 453
67 31 572
67 32 316
67 33 1009
67 34 511
67 35 301
67 36 518
67 37 581
67 38 467
67 39 643
67 40 467
67 41 977
67 42 365
67 43 162
67 44 794
67 45 637
67 46 430
67 47 969
67 48 781
67 49 557
67 50 964
67 51 961
67 52 576
67 53 672
67 54 426
67 55 293
67 56 578
67 57 969
67 58 764
67 59 720
67 60 791
67 61 404
67 62 711
67 63 684
67 64 902
67 65 937
67 66 979
67 68 861
67 69 603
67 70 572
67 71 500
67 72 116
67 73 857
67 74 748
67 75 562
67 76 595
67 77 403
67 78 812
67 79 661
67 80 800
67 81 973
67 82 654
67 83 621
67 84 947
67 85 1096
67 86 444
67 87 922
67 88 375
67 89 751
67 90 928
67 91 579
67 92 592
67 93 404
67 94 799
67 95 897
67 96 590
67 97 451
67 98 543
67 99 511
67 100 545
68 1 539
68 2 490
68 3 712
68 4 514
68 5 673
68 6 741
68 7 759
68 8 778
68 9 263
68 10 185
68 11 44
68 12 434
68 13 91
68 14 579
68 15 170
68 16 380
68 17 291
68 18 326
68 19 542
68 20 280
68 21 579
68 22 546
68 23 355
68 24 388
68 25 756
68 26 361
68 27 675
68 28 763
68 29 892
68 30 617
68 31 512
68 32 572
68 33 179
68 34 511
68 35 618
68 36 636
68 37 312
68 38 442
68 39 523
68 40 612
68 41 173
68 42 531
68 43 834
68 44 194
68 45 344
68 46 437
68 47 523
68 48 233
68 49 501
68 50 450
68 51 155
68 52 318
68 53 729
68 54 538
68 55 590
68 56 348
68 57 357
68 58 468
68 59 172
68 60 240
68 61 631
68 62 154
68 63 178
68 64 45
68 65 390
68 66 373
68 67 861
68 69 343
68 70 777
68 71 603
68 72 759
68 73 395
68 74 309
68 75 361
68 76 597
68 77 632
68 78 415
68 79 435
68 80 159
68 81 127
68 82 276
68 83 751
68 84 94
68 85 425
68 86 624
68 87 366
68 88 513
68 89 389
68 90 68
68 91 756
68 92 327
68 93 569
68 94 424
68 95 239
68 96 398
68 97 599
68 98 333
68 99 352
68 100 492
69 1 343
69 2 152
69 3 370
69 4 293
69 5 333
69 6 632
69 7 581
69 8 509
69 9 509
69 10 395
69 11 318
69 12 245
69 13 370
69 14 513
69 15 298
69 16 612
69 17 437
69 18 474
69 19 202
69 20 373
69 21 508
69 22 713
69 23 346
69 24 351
69 25 426
69 26 304
69 27 351
69 28 492
69 29 561
69 30 555
69 31 177
69 32 288
69 33 522
69 34 168
69 35 315
69 36 609
69 37 297
69 38 137
69 39 579
69 40 558
69 41 509
69 42 239
69 43 532
69 44 413
69 45 408
69 46 276
69 47 748
69 48 432
69 49 505
69 50 695
69 51 490
69 52 75
69 53 411
69 54 451
69 55 405
69 56 351
69 57 369
69 58 604
69 59 172
69 60 445
69 61 294
69 62 211
69 63 231
69 64 369
69 65 640
69 66 380
69 67 603
69 68 343
69 70 439
69 71 260
69 72 489
69 73 276
69 74 467
69 75 45
69 76 616
69 77 295
69 78 245
69 79 140
69 80 391
69 81 469
69 82 349
69 83 421
69 84 401
69 85 495
69 86 557
69 87 326
69 88 363
69 89 534
69 90 395
69 91 420
69 92 338
69 93 472
69 94 239
69 95 515
69 96 423
69 97 258
69 98 264
69 99 182
69 100 151
70 1 416
70 2 288
70 3 140
70 4 383
70 5 110
70 6 825
70 7 703
70 8 494
70 9 886
70 10 781
70 11 746
70 12 436
70 13 809
70 14 784
70 15 730
70 16 1035
70 17 849
70 18 803
70 19 238
70 20 707
70 21 777
70 22 1103
70 23 717
70 24 603
70 25 258
70 26 573
70 27 282
70 28 481
70 29 131
70 30 818
70 31 265
70 32 403
70 33 956
70 34 281
70 35 356
70 36 888
70 37 684
70 38 400
70 39 925
70 40 827
70 41 947
70 42 391
70 43 417
70 44 845
70 45 795
70 46 573
70 47 1161
70 48 859
70 49 834
70 50 1118
70 51 928
70 52 490
70 53 124
70 54 725
70 55 595
70 56 725
70 57 649
70 58 990
70 59 609
70 60 873
70 61 229
70 62 650
70 63 664
70 64 797
70 65 1066
70 66 650
70 67 572
70 68 777
70 69 439
70 71 189
70 72 484
70 73 511
70 74 879
70 75 437
70 76 930
70 77 229
70 78 459
70 79 353
70 80 826
70 81 901
70 82 754
70 83 62
70 84 821
70 85 762
70 86 814
70 87 592
70 88 617
70 89 933
70 90 821
70 91 25
70 92 721
70 93 729
70 94 442
70 95 951
70 96 787
70 97 220
70 98 638
70 99 544
70 100 289
71 1 363
71 2 119
71 3 117
71 4 314
71 5 80
71 6 682
71 7 577
71 8 407
71 9 742
71 10 631
71 11 575
71 12 333
71 13 627
71 14 618
71 15 544
71 16 847
71 17 661
71 18 678
71 19 66
71 20 577
71 21 611
71 22 917
71 23 531
71 24 499
71 25 220
71 26 459
71 27 182
71 28 390
71 29 318
71 30 654
71 31 105
71 32 249
71 33 781
71 34 95
71 35 220
71 36 722
71 37 496
71 38 213
71 39 745
71 40 662
71 41 769
71 42 222
71 43 373
71 44 659
71 45 608
71 46 394
71 47 973
71 48 671
71 49 656
71 50 930
71 51 750
71 52 304
71 53 211
71 54 556
71 55 441
71 56 539
71 57 537
71 58 804
71 59 432
71 60 685
71 61 96
71 62 468
71 63 479
71 64 627
71 65 878
71 66 542
71 67 500
71 68 603
71 69 260
71 70 189
71 72 392
71 73 404
71 74 691
71 75 252
71 76 756
71 77 98
71 78 352
71 79 210
71 80 641
71 81 729
71 82 566
71 83 190
71 84 656
71 85 661
71 86 652
71 87 482
71 88 448
71 89 746
71 90 652
71 91 173
71 92 534
71 93 564
71 94 336
71 95 765
71 96 603
71 97 53
71 98 451
71 99 356
71 100 111
72 1 742
72 2 451
72 3 348
72 4 689
72 5 427
72 6 379
72 7 235
72 8 20
72 9 981
72 10 869
72 11 753
72 12 685
72 13 735
72 14 410
72 15 620
72 16 828
72 17 651
72 18 962
72 19 427
72 20 862
72 21 403
72 22 814
72 23 487
72 24 829
72 25 229
72 26 783
72 27 214
72 28 6
72 29 590
72 30 426
72 31 459
72 32 202
72 33 913
72 34 397
72 35 186
72 36 497
72 37 493
72 38 353
72 39 599
72 40 440
72 41 884
72 42 251
72 43 122
72 44 708
72 45 563
72 46 338
72 47 913
72 48 699
72 49 508
72 50 900
72 51 867
72 52 465
72 53 575
72 54 374
72 55 224
72 56 499
72 57 854
72 58 710
72 59 612
72 60 710
72 61 296
72 62 607
72 63 584
72 64 799
72 65 868
72 66 864
72 67 116
72 68 759
72 69 489
72 70 484
72 71 392
72 73 742
72 74 673
72 75 448
72 76 565
72 77 295
72 78 697
72 79 546
72 80 709
72 81 874
72 82 570
72 83 527
72 84 843
72 85 981
72 86 419
72 87 807
72 88 300
72 89 688
72 90 825
72 91 488
72 92 510
72 93 358
72 94 684
72 95 814
72 96 522
72 97 341
72 98 452
72 99 408
72 100 430
73 1 151
73 2 301
73 3 517
73 4 144
73 5 439
73 6 906
73 7 856
73 8 761
73 9 394
73 10 306
73 11 352
73 12 76
73 13 470
73 14 779
73 15 465
73 16 761
73 17 622
73 18 295
73 19 343
73 20 205
73 21 775
73 22 904
73 23 586
73 24 95
73 25 620
73 26 63
73 27 564
73 28 743
73 29 593
73 30 822
73 31 304
73 32 546
73 33 546
73 34 353
73 35 558
73 36 869
73 37 532
73 38 402
73 39 813
73 40 823
73 41 557
73 42 498
73 43 760
73 44 557
73 45 627
73 46 548
73 47 905
73 48 589
73 49 753
73 50 837
73 51 540
73 52 338
73 53 418
73 54 718
73 55 680
73 56 587
73 57 138
73 58 806
73 59 301
73 60 601
73 61 485
73 62 362
73 63 408
73 64 389
73 65 777
73 66 140
73 67 857
73 68 395
73 69 276
73 70 511
73 71 404
73 72 742
73 74 650
73 75 320
73 76 864
73 77 486
73 78 54
73 79 201
73 80 524
73 81 491
73 82 556
73 83 463
73 84 389
73 85 257
73 86 824
73 87 82
73 88 637
73 89 728
73 90 404
73 91 487
73 92 569
73 93 742
73 94 71
73 95 629
73 96 659
73 97 436
73 98 512
73 99 448
73 100 320
74 1 773
74 2 609
74 3 772
74 4 734
74 5 770
74 6 510
74 7 580
74 8 689
74 9 559
74 10 494
74 11 345
74 12 663
74 13 220
74 14 348
74 15 186
74 16 161
74 17 31
74 18 635
74 19 649
74 20 583
74 21 351
74 22 255
74 23 188
74 24 671
74 25 763
74 26 634
74 27 681
74 28 679
74 29 1008
74 30 375
74 31 635
74 32 542
74 33 341
74 34 601
74 35 601
74 36 367
74 37 201
74 38 481
74 39 226
74 40 365
74 41 297
74 42 523
74 43 779
74 44 118
74 45 112
74 46 348
74 47 283
74 48 79
74 49 239
74 50 242
74 51 290
74 52 399
74 53 873
74 54 335
74 55 456
74 56 177
74 57 650
74 58 162
74 59 351
74 60 77
74 61 676
74 62 289
74 63 248
74 64 347
74 65 198
74 66 666
74 67 748
74 68 309
74 69 467
74 70 879
74 71 691
74 72 673
74 73 650
74 75 453
74 76 309
74 77 676
74 78 650
74 79 603
74 80 151
74 81 337
74 82 125
74 83 874
74 84 390
74 85 731
74 86 384
74 87 646
74 88 375
74 89 82
74 90 358
74 91 863
74 92 170
74 93 365
74 94 654
74 95 167
74 96 162
74 97 664
74 98 249
74 99 338
74 100 600
75 1 381
75 2 157
75 3 354
75 4 330
75 5 328
75 6 590
75 7 537
75 8 468
75 9 543
75 10 429
75 11 340
75 12 286
75 13 377
75 14 474
75 15 294
75 16 603
75 17 422
75 18 514
75 19 200
75 20 414
75 21 469
75 22 693
75 23 318
75 24 396
75 25 398
75 26 348
75 27 320
75 28 451
75 29 562
75 30 516
75 31 183
75 32 247
75 33 537
75 34 158
75 35 278
75 36 571
75 37 272
75 38 96
75 39 549
75 40 520
75 41 522
75 42 199
75 43 496
75 44 409
75 45 385
75 46 235
75 47 735
75 48 425
75 49 472
75 50 686
75 51 503
75 52 55
75 53 421
75 54 411
75 55 361
75 56 324
75 57 413
75 58 583
75 59 191
75 60 438
75 61 271
75 62 218
75 63 228
75 64 391
75 65 632
75 66 424
75 67 562
75 68 361
75 69 45
75 70 437
75 71 252
75 72 448
75 73 320
75 74 453
75 76 582
75 77 272
75 78 288
75 79 171
75 80 390
75 81 487
75 82 331
75 83 425
75 84 426
75 85 538
75 86 517
75 87 371
75 88 321
75 89 516
75 90 417
75 91 418
75 92 313
75 93 431
75 94 280
75 95 515
75 96 395
75 97 240
75 98 235
75 99 146
75 100 150
76 1 957
76 2 717
76 3 798
76 4 908
76 5 831
76 6 255
76 7 381
76 8 575
76 9 857
76 10 779
76 11 625
76 12 853
76 13 516
76 14 157
76 15 437
76 16 385
76 17 315
76 18 917
76 19 739
76 20 849
76 21 164
76 22 279
76 23 279
76 24 909
76 25 737
76 26 865
76 27 670
76 28 571
76 29 1058
76 30 143
76 31 741
76 32 530
76 33 649
76 34 686
76 35 585
76 36 85
76 37 333
76 38 557
76 39 86
76 40 129
76 41 605
76 42 540
76 43 687
76 44 420
76 45 255
76 46 365
76 47 403
76 48 384
76 49 112
76 50 425
76 51 598
76 52 542
76 53 964
76 54 207
76 55 356
76 56 279
76 57 900
76 58 213
76 59 575
76 60 385
76 61 702
76 62 520
76 63 471
76 64 639
76 65 423
76 66 916
76 67 595
76 68 597
76 69 616
76 70 930
76 71 756
76 72 565
76 73 864
76 74 309
76 75 582
76 77 702
76 78 848
76 79 752
76 80 449
76 81 644
76 82 328
76 83 945
76 84 686
76 85 1000
76 86 152
76 87 882
76 88 314
76 89 252
76 90 655
76 91 921
76 92 298
76 93 212
76 94 846
76 95 469
76 96 209
76 97 713
76 98 354
76 99 436
76 100 701
77 1 458
77 2 186
77 3 99
77 4 407
77 5 141
77 6 603
77 7 490
77 8 310
77 9 799
77 10 686
77 11 611
77 12 419
77 13 643
77 14 556
77 15 548
77 16 835
77 17 647
77 18 747
77 19 146
77 20 644
77 21 549
77 22 886
77 23 502
77 24 579
77 25 137
77 26 537
77 27 85
77 28 294
77 29 357
77 30 589
77 31 184
77 32 175
77 33 808
77 34 138
77 35 133
77 36 659
77 37 476
77 38 201
77 39 700
77 40 599
77 41 791
77 42 165
77 43 279
77 44 660
77 45 583
77 46 351
77 47 954
77 48 667
77 49 608
77 50 917
77 51 772
77 52 318
77 53 290
77 54 497
77 55 367
77 56 512
77 57 614
77 58 773
77 59 462
77 60 681
77 61 2
77 62 487
77 63 488
77 64 662
77 65 869
77 66 620
77 67 403
77 68 632
77 69 295
77 70 229
77 71 98
77 72 295
77 73 486
77 74 676
77 75 272
77 76 702
77 78 435
77 79 286
77 80 647
77 81 758
77 82 552
77 83 254
77 84 696
77 85 740
77 86 586
77 87 561
77 88 389
77 89 722
77 90 688
77 91 223
77 92 511
77 93 500
77 94 420
77 95 769
77 96 569
77 97 51
77 98 428
77 99 339
77 100 170
78 1 126
78 2 251
78 3 464
78 4 103
78 5 385
78 6 877
78 7 820
78 8 715
78 9 440
78 10 346
78 11 372
78 12 25
78 13 484
78 14 755
78 15 465
78 16 770
78 17 622
78 18 346
78 19 291
78 20 253
78 21 751
78 22 905
78 23 571
78 24 148
78 25 569
78 26 114
78 27 514
78 28 698
78 29 543
78 30 798
78 31 252
78 32 504
78 33 575
78 34 305
78 35 512
78 36 848
78 37 518
78 38 363
78 39 802
78 40 800
78 41 582
78 42 456
78 43 710
78 44 564
78 45 618
78 46 520
78 47 914
78 48 594
78 49 737
78 50 848
78 51 564
78 52 313
78 53 368
78 54 694
78 55 646
78 56 573
78 57 192
78 58 804
78 59 300
78 60 606
78 61 434
78 62 362
78 63 404
78 64 414
78 65 789
78 66 194
78 67 812
78 68 415
78 69 245
78 70 459
78 71 352
78 72 697
78 73 54
78 74 650
78 75 288
78 76 848
78 77 435
78 79 153
78 80 533
78 81 519
78 82 549
78 83 412
78 84 420
78 85 310
78 86 800
78 87 135
78 88 608
78 89 727
78 90 432
78 91 435
78 92 557
78 93 716
78 94 18
78 95 643
78 96 646
78 97 385
78 98 495
78 99 423
78 100 271
79 1 216
79 2 100
79 3 326
79 4 163
79 5 260
79 6 749
79 7 679
79 8 564
79 9 538
79 10 430
79 11 400
79 12 140
79 13 481
79 14 642
79 15 427
79 16 743
79 17 572
79 18 469
79 19 146
79 20 368
79 21 637
79 22 851
79 23 486
79 24 294
79 25 421
79 26 252
79 27 363
79 28 546
79 29 460
79 30 684
79 31 106
79 32 356
79 33 611
79 34 153
79 35 360
79 36 740
79 37 437
79 38 224
79 39 718
79 40 688
79 41 607
79 42 309
79 43 559
79 44 539
79 45 547
79 46 402
79 47 881
79 48 562
79 49 642
79 50 824
79 51 588
79 52 214
79 53 294
79 54 579
79 55 511
79 56 490
79 57 329
79 58 743
79 59 277
79 60 575
79 61 285
79 62 330
79 63 359
79 64 450
79 65 768
79 66 335
79 67 661
79 68 435
79 69 140
79 70 353
79 71 210
79 72 546
79 73 201
79 74 603
79 75 171
79 76 752
79 77 286
79 78 153
79 80 513
79 81 556
79 82 487
79 83 319
79 84 471
79 85 454
79 86 685
79 87 275
79 88 483
79 89 672
79 90 473
79 91 329
79 92 477
79 93 597
79 94 139
79 95 635
79 96 563
79 97 236
79 98 403
79 99 316
79 100 119
80 1 659
80 2 542
80 3 738
80 4 625
80 5 718
80 6 621
80 7 663
80 8 727
80 9 410
80 10 344
80 11 198
80 12 549
80 13 70
80 14 456
80 15 99
80 16 238
80 17 136
80 18 484
80 19 589
80 20 437
80 21 456
80 22 390
80 23 244
80 24 534
80 25 754
80 26 501
80 27 671
80 28 714
80 29 950
80 30 490
80 31 567
80 32 545
80 33 219
80 34 547
80 35 600
80 36 497
80 37 220
80 38 446
80 39 371
80 40 482
80 41 181
80 42 515
80 43 801
80 44 36
80 45 206
80 46 372
80 47 382
80 48 74
80 49 363
80 50 316
80 51 167
80 52 337
80 53 800
80 54 426
80 55 511
80 56 234
80 57 508
80 58 309
80 59 240
80 60 82
80 61 646
80 62 184
80 63 163
80 64 196
80 65 257
80 66 524
80 67 800
80 68 159
80 69 391
80 70 826
80 71 641
80 72 709
80 73 524
80 74 151
80 75 390
80 76 449
80 77 647
80 78 533
80 79 513
80 81 200
80 82 154
80 83 811
80 84 240
80 85 583
80 86 498
80 87 510
80 88 429
80 89 230
80 90 208
80 91 808
80 92 216
80 93 457
80 94 539
80 95 125
80 96 264
80 97 624
80 98 258
80 99 319
80 100 538
81 1 640
81 2 615
81 3 838
81 4 621
81 5 798
81 6 819
81 7 854
81 8 893
81 9 236
81 10 215
81 11 156
81 12 540
81 13 146
81 14 654
81 15 261
81 16 352
81 17 330
81 18 343
81 19 667
81 20 334
81 21 655
81 22 536
81 23 437
81 24 464
81 25 881
81 26 446
81 27 800
81 28 878
81 29 1015
81 30 689
81 31 637
81 32 692
81 33 57
81 34 637
81 35 740
81 36 696
81 37 404
81 38 567
81 39 563
81 40 682
81 41 74
81 42 653
81 43 954
81 44 225
81 45 406
81 46 544
81 47 483
81 48 260
81 49 562
81 50 405
81 51 64
81 52 443
81 53 849
81 54 622
81 55 693
81 56 429
81 57 423
81 58 481
81 59 298
81 60 261
81 61 757
81 62 276
81 63 291
81 64 107
81 65 348
81 66 438
81 67 973
81 68 127
81 69 469
81 70 901
81 71 729
81 72 874
81 73 491
81 74 337
81 75 487
81 76 644
81 77 758
81 78 519
81 79 556
81 80 200
81 82 350
81 83 874
81 84 105
81 85 458
81 86 697
81 87 447
81 88 613
81 89 408
81 90 87
81 91 880
81 92 409
81 93 653
81 94 530
81 95 205
81 96 464
81 97 725
81 98 434
81 99 467
81 100 618
82 1 669
82 2 486
82 3 648
82 4 626
82 5 646
82 6 471
82 7 510
82 8 587
82 9 539
82 10 454
82 11 300
82 12 559
82 13 206
82 14 307
82 15 110
82 16 284
82 17 96
82 18 590
82 19 525
82 20 522
82 21 307
82 22 365
82 23 91
82 24 590
82 25 642
82 26 549
82 27 560
82 28 575
82 29 883
82 30 343
82 31 513
82 32 424
82 33 372
82 34 477
82 35 482
82 36 361
82 37 80
82 38 356
82 39 263
82 40 337
82 41 334
82 42 402
82 43 669
82 44 142
82 45 74
82 46 235
82 47 408
82 48 130
82 49 227
82 50 366
82 51 321
82 52 278
82 53 750
82 54 273
82 55 362
82 56 81
82 57 577
82 58 258
82 59 257
82 60 141
82 61 551
82 62 198
82 63 150
82 64 320
82 65 319
82 66 592
82 67 654
82 68 276
82 69 349
82 70 754
82 71 566
82 72 570
82 73 556
82 74 125
82 75 331
82 76 328
82 77 552
82 78 549
82 79 487
82 80 154
82 81 350
82 83 750
82 84 368
82 85 673
82 86 351
82 87 564
82 88 280
82 89 186
82 90 339
82 91 739
82 92 63
82 93 304
82 94 551
82 95 245
82 96 123
82 97 539
82 98 127
82 99 213
82 100 477
83 1 360
83 2 270
83 3 180
83 4 330
83 5 116
83 6 856
83 7 739
83 8 539
83 9 845
83 10 742
83 11 718
83 12 388
83 13 789
83 14 804
83 15 717
83 16 1027
83 17 844
83 18 757
83 19 226
83 20 663
83 21 797
83 22 1105
83 23 720
83 24 553
83 25 307
83 26 525
83 27 319
83 28 525
83 29 142
83 30 839
83 31 245
83 32 427
83 33 929
83 34 274
83 35 386
83 36 908
83 37 683
83 38 401
83 39 935
83 40 848
83 41 922
83 42 408
83 43 469
83 44 832
83 45 795
83 46 584
83 47 1157
83 48 849
83 49 846
83 50 1110
83 51 904
83 52 479
83 53 63
83 54 743
83 55 620
83 56 727
83 57 601
83 58 993
83 59 586
83 60 862
83 61 253
83 62 632
83 63 650
83 64 768
83 65 1057
83 66 600
83 67 621
83 68 751
83 69 421
83 70 62
83 71 190
83 72 527
83 73 463
83 74 874
83 75 425
83 76 945
83 77 254
83 78 412
83 79 319
83 80 811
83 81 874
83 82 750
83 84 790
83 85 710
83 86 837
83 87 544
83 88 635
83 89 932
83 90 791
83 91 44
83 92 722
83 93 749
83 94 395
83 95 936
83 96 793
83 97 233
83 98 639
83 99 543
83 100 276
84 1 539
84 2 539
84 3 769
84 4 522
84 5 722
84 6 834
84 7 851
84 8 862
84 9 172
84 10 116
84 11 90
84 12 442
84 13 171
84 14 672
84 15 263
84 16 436
84 17 375
84 18 252
84 19 593
84 20 231
84 21 672
84 22 614
84 23 448
84 24 360
84 25 824
84 26 343
84 27 745
84 28 846
84 29 930
84 30 710
84 31 559
84 32 651
84 33 158
84 34 567
84 35 694
84 36 727
84 37 405
84 38 514
84 39 609
84 40 705
84 41 176
84 42 608
84 43 912
84 44 273
84 45 435
84 46 527
84 47 574
84 48 312
84 49 592
84 50 497
84 51 163
84 52 389
84 53 761
84 54 631
84 55 680
84 56 441
84 57 319
84 58 545
84 59 238
84 60 316
84 61 695
84 62 237
84 63 268
84 64 49
84 65 438
84 66 334
84 67 947
84 68 94
84 69 401
84 70 821
84 71 656
84 72 843
84 73 389
84 74 390
84 75 426
84 76 686
84 77 696
84 78 420
84 79 471
84 80 240
84 81 105
84 82 368
84 83 790
84 85 362
84 86 717
84 87 343
84 88 605
84 89 467
84 90 33
84 91 799
84 92 420
84 93 662
84 94 432
84 95 289
84 96 490
84 97 659
84 98 425
84 99 437
84 100 545
85 1 358
85 2 554
85 3 773
85 4 380
85 5 694
85 6 1093
85 7 1067
85 8 1000
85 9 253
85 10 247
85 11 386
85 12 331
85 13 515
85 14 947
85 15 565
85 16 797
85 17 710
85 18 121
85 19 598
85 20 151
85 21 944
85 22 970
85 23 730
85 24 163
85 25 875
85 26 203
85 27 815
85 28 983
85 29 831
85 30 989
85 31 559
85 32 781
85 33 502
85 34 604
85 35 800
85 36 1023
85 37 677
85 38 631
85 39 933
85 40 987
85 41 531
85 42 732
85 43 1009
85 44 618
85 45 746
85 46 741
85 47 936
85 48 656
85 49 894
85 50 859
85 51 521
85 52 538
85 53 658
85 54 893
85 55 888
85 56 727
85 57 128
85 58 891
85 59 434
85 60 664
85 61 738
85 62 482
85 63 531
85 64 393
85 65 800
85 66 120
85 67 1096
85 68 425
85 69 495
85 70 762
85 71 661
85 72 981
85 73 257
85 74 731
85 75 538
85 76 1000
85 77 740
85 78 310
85 79 454
85 80 583
85 81 458
85 82 673
85 83 710
85 84 362
85 86 994
85 87 180
85 88 830
85 89 812
85 90 392
85 91 737
85 92 706
85 93 920
85 94 327
85 95 650
85 96 792
85 97 690
85 98 674
85 99 636
85 100 571
86 1 897
86 2 632
86 3 678
86 4 846
86 5 721
86 6 127
86 7 231
86 8 426
86 9 887
86 10 795
86 11 644
86 12 801
86 13 556
86 14 48
86 15 455
86 16 499
86 17 379
86 18 926
86 19 645
86 20 846
86 21 50
86 22 423
86 23 272
86 24 883
86 25 604
86 26 837
86 27 543
86 28 424
86 29 940
86 30 11
86 31 655
86 32 411
86 33 713
86 34 594
86 35 461
86 36 79
86 37 320
86 38 470
86 39 210
86 40 25
86 41 672
86 42 430
86 43 540
86 44 476
86 45 293
86 46 284
86 47 542
86 48 447
86 49 147
86 50 552
86 51 661
86 52 488
86 53 862
86 54 107
86 55 222
86 56 277
86 57 883
86 58 340
86 59 560
86 60 452
86 61 586
86 62 515
86 63 468
86 64 669
86 65 539
86 66 897
86 67 444
86 68 624
86 69 557
86 70 814
86 71 652
86 72 419
86 73 824
86 74 384
86 75 517
86 76 152
86 77 586
86 78 800
86 79 685
86 80 498
86 81 697
86 82 351
86 83 837
86 84 717
86 85 994
86 87 856
86 88 207
86 89 354
86 90 688
86 91 808
86 92 299
86 93 90
86 94 795
86 95 551
86 96 234
86 97 605
86 98 321
86 99 378
86 100 614
87 1 216
87 2 375
87 3 596
87 4 221
87 5 519
87 6 946
87 7 906
87 8 826
87 9 322
87 10 246
87 11 322
87 12 158
87 13 449
87 14 810
87 15 464
87 16 743
87 17 620
87 18 215
87 19 419
87 20 133
87 21 806
87 22 897
87 23 605
87 24 27
87 25 696
87 26 24
87 27 637
87 28 808
87 29 673
87 30 852
87 31 380
87 32 608
87 33 500
87 34 425
87 35 624
87 36 895
87 37 550
87 38 459
87 39 825
87 40 853
87 41 516
87 42 559
87 43 831
87 44 544
87 45 637
87 46 588
87 47 887
87 48 579
87 49 773
87 50 816
87 51 501
87 52 379
87 53 498
87 54 752
87 55 728
87 56 604
87 57 57
87 58 805
87 59 308
87 60 589
87 61 559
87 62 367
87 63 415
87 64 352
87 65 755
87 66 60
87 67 922
87 68 366
87 69 326
87 70 592
87 71 482
87 72 807
87 73 82
87 74 646
87 75 371
87 76 882
87 77 561
87 78 135
87 79 275
87 80 510
87 81 447
87 82 564
87 83 544
87 84 343
87 85 180
87 86 856
87 88 678
87 89 726
87 90 363
87 91 568
87 92 585
87 93 777
87 94 152
87 95 604
87 96 674
87 97 511
87 98 538
87 99 484
87 100 392
88 1 698
88 2 427
88 3 484
88 4 645
88 5 520
88 6 270
88 7 247
88 8 315
88 9 764
88 10 660
88 11 520
88 12 606
88 13 468
88 14 170
88 15 353
88 16 528
88 17 355
88 18 779
88 19 439
88 20 689
88 21 164
88 22 526
88 23 193
88 24 704
88 25 430
88 26 657
88 27 358
88 28 305
88 29 745
88 30 208
88 31 448
88 32 217
88 33 644
88 34 388
88 35 273
88 36 274
88 37 211
88 38 265
88 39 321
88 40 215
88 41 609
88 42 228
88 43 411
88 44 421
88 45 264
88 46 90
88 47 618
88 48 407
88 49 227
88 50 601
88 51 594
88 52 300
88 53 658
88 54 109
88 55 83
88 56 203
88 57 712
88 58 418
88 59 405
88 60 417
88 61 389
88 62 375
88 63 337
88 64 557
88 65 568
88 66 725
88 67 375
88 68 513
88 69 363
88 70 617
88 71 448
88 72 300
88 73 637
88 74 375
88 75 321
88 76 314
88 77 389
88 78 608
88 79 483
88 80 429
88 81 613
88 82 280
88 83 635
88 84 605
88 85 830
88 86 207
88 87 678
88 89 389
88 90 581
88 91 609
88 92 218
88 93 118
88 94 601
88 95 522
88 96 223
88 97 402
88 98 181
88 99 195
88 100 408
89 1 849
89 2 671
89 3 820
89 4 808
89 5 825
89 6 479
89 7 567
89 8 702
89 9 635
89 10 573
89 11 426
89 12 739
89 13 300
89 14 325
89 15 264
89 16 147
89 17 107
89 18 714
89 19 708
89 20 664
89 21 329
89 22 180
89 23 221
89 24 751
89 25 799
89 26 714
89 27 719
89 28 693
89 29 1063
89 30 344
89 31 697
89 32 577
89 33 404
89 34 658
89 35 636
89 36 322
89 37 250
89 38 534
89 39 167
89 40 332
89 41 360
89 42 564
89 43 799
89 44 196
89 45 140
89 46 380
89 47 234
89 48 157
89 49 209
89 50 214
89 51 355
89 52 464
89 53 935
89 54 328
89 55 465
89 56 211
89 57 731
89 58 81
89 59 429
89 60 152
89 61 722
89 62 367
89 63 324
89 64 426
89 65 189
89 66 747
89 67 751
89 68 389
89 69 534
89 70 933
89 71 746
89 72 688
89 73 728
89 74 82
89 75 516
89 76 252
89 77 722
89 78 727
89 79 672
89 80 230
89 81 408
89 82 186
89 83 932
89 84 467
89 85 812
89 86 354
89 87 726
89 88 389
89 90 435
89 91 918
89 92 213
89 93 354
89 94 730
89 95 219
89 96 167
89 97 715
89 98 296
89 99 390
89 100 661
90 1 553
90 2 537
90 3 763
90 4 534
90 5 720
90 6 806
90 7 826
90 8 844
90 9 203
90 10 145
90 11 78
90 12 453
90 13 140
90 14 644
90 15 235
90 16 406
90 17 343
90 18 284
90 19 589
90 20 257
90 21 643
90 22 582
90 23 420
90 24 381
90 25 814
90 26 361
90 27 734
90 28 828
90 29 932
90 30 681
90 31 557
90 32 635
90 33 144
90 34 562
90 35 680
90 36 697
90 37 379
90 38 502
90 39 578
90 40 675
90 41 154
90 42 594
90 43 897
90 44 241
90 45 404
90 46 504
90 47 545
90 48 280
90 49 562
90 50 469
90 51 139
90 52 377
90 53 765
90 54 604
90 55 657
90 56 413
90 57 343
90 58 513
90 59 227
90 60 284
90 61 687
90 62 218
90 63 246
90 64 27
90 65 409
90 66 358
90 67 928
90 68 68
90 69 395
90 70 821
90 71 652
90 72 825
90 73 404
90 74 358
90 75 417
90 76 655
90 77 688
90 78 432
90 79 473
90 80 208
90 81 87
90 82 339
90 83 791
90 84 33
90 85 392
90 86 688
90 87 363
90 88 581
90 89 435
90 91 799
90 92 392
90 93 635
90 94 443
90 95 259
90 96 460
90 97 652
90 98 400
90 99 417
90 100 541
91 1 392
91 2 268
91 3 141
91 4 359
91 5 94
91 6 823
91 7 703
91 8 498
91 9 862
91 10 757
91 11 724
91 12 411
91 13 789
91 14 777
91 15 712
91 16 1018
91 17 833
91 18 779
91 19 219
91 20 683
91 21 770
91 22 1090
91 23 703
91 24 578
91 25 265
91 26 548
91 27 282
91 28 485
91 29 145
91 30 811
91 31 244
91 32 397
91 33 934
91 34 263
91 35 353
91 36 881
91 37 669
91 38 385
91 39 914
91 40 821
91 41 926
91 42 382
91 43 426
91 44 827
91 45 780
91 46 562
91 47 1146
91 48 841
91 49 823
91 50 1101
91 51 907
91 52 472
91 53 105
91 54 717
91 55 590
91 56 712
91 57 625
91 58 976
91 59 588
91 60 855
91 61 222
91 62 630
91 63 646
91 64 775
91 65 1049
91 66 626
91 67 579
91 68 756
91 69 420
91 70 25
91 71 173
91 72 488
91 73 487
91 74 863
91 75 418
91 76 921
91 77 223
91 78 435
91 79 329
91 80 808
91 81 880
91 82 739
91 83 44
91 84 799
91 85 737
91 86 808
91 87 568
91 88 609
91 89 918
91 90 799
91 92 707
91 93 722
91 94 417
91 95 932
91 96 775
91 97 209
91 98 623
91 99 529
91 100 270
92 1 671
92 2 465
92 3 608
92 4 625
92 5 614
92 6 415
92 7 448
92 8 527
92 9 589
92 10 498
92 11 346
92 12 564
92 13 264
92 14 253
92 15 157
92 16 330
92 17 145
92 18 631
92 19 499
92 20 557
92 21 252
92 22 384
92 23 29
92 24 612
92 25 593
92 26 568
92 27 512
92 28 515
92 29 851
92 30 292
92 31 491
92 32 372
92 33 433
92 34 448
92 35 432
92 36 318
92 37 41
92 38 322
92 39 246
92 40 288
92 41 396
92 42 355
92 43 612
92 44 205
92 45 74
92 46 179
92 47 444
92 48 190
92 49 189
92 50 410
92 51 382
92 52 264
92 53 727
92 54 214
92 55 300
92 56 22
92 57 604
92 58 272
92 59 278
92 60 201
92 61 510
92 62 225
92 63 176
92 64 371
92 65 368
92 66 619
92 67 592
92 68 327
92 69 338
92 70 721
92 71 534
92 72 510
92 73 569
92 74 170
92 75 313
92 76 298
92 77 511
92 78 557
92 79 477
92 80 216
92 81 409
92 82 63
92 83 722
92 84 420
92 85 706
92 86 299
92 87 585
92 88 218
92 89 213
92 90 392
92 91 707
92 93 245
92 94 556
92 95 306
92 96 91
92 97 503
92 98 84
92 99 179
92 100 453
93 1 810
93 2 543
93 3 593
93 4 758
93 5 634
93 6 174
93 7 216
93 8 369
93 9 829
93 10 732
93 11 584
93 12 716
93 13 508
93 14 57
93 15 400
93 16 500
93 17 353
93 18 859
93 19 556
93 20 775
93 21 50
93 22 458
93 23 217
93 24 803
93 25 526
93 26 757
93 27 461
93 28 364
93 29 856
93 30 91
93 31 565
93 32 326
93 33 675
93 34 505
93 35 377
93 36 160
93 37 258
93 38 381
93 39 242
93 40 100
93 41 636
93 42 342
93 43 479
93 44 441
93 45 260
93 46 196
93 47 566
93 48 417
93 49 154
93 50 564
93 51 624
93 52 404
93 53 774
93 54 32
93 55 144
93 56 225
93 57 806
93 58 361
93 59 488
93 60 424
93 61 500
93 62 447
93 63 403
93 64 614
93 65 542
93 66 820
93 67 404
93 68 569
93 69 472
93 70 729
93 71 564
93 72 358
93 73 742
93 74 365
93 75 431
93 76 212
93 77 500
93 78 716
93 79 597
93 80 457
93 81 653
93 82 304
93 83 749
93 84 662
93 85 920
93 86 90
93 87 777
93 88 118
93 89 354
93 90 635
93 91 722
93 92 245
93 94 710
93 95 528
93 96 204
93 97 517
93 98 249
93 99 295
93 100 524
94 1 120
94 2 237
94 3 447
94 4 91
94 5 368
94 6 870
94 7 810
94 8 702
94 9 456
94 10 361
94 11 382
94 12 10
94 13 491
94 14 750
94 15 469
94 16 776
94 17 625
94 18 363
94 19 275
94 20 270
94 21 746
94 22 908
94 23 570
94 24 165
94 25 553
94 26 132
94 27 500
94 28 685
94 29 527
94 30 793
94 31 237
94 32 492
94 33 586
94 34 290
94 35 499
94 36 844
94 37 517
94 38 353
94 39 801
94 40 795
94 41 592
94 42 445
94 43 696
94 44 570
94 45 619
94 46 514
94 47 919
94 48 599
94 49 735
94 50 855
94 51 575
94 52 308
94 53 351
94 54 688
94 55 637
94 56 572
94 57 209
94 58 806
94 59 304
94 60 612
94 61 419
94 62 365
94 63 407
94 64 425
94 65 795
94 66 211
94 67 799
94 68 424
94 69 239
94 70 442
94 71 336
94 72 684
94 73 71
94 74 654
94 75 280
94 76 846
94 77 420
94 78 18
94 79 139
94 80 539
94 81 530
94 82 551
94 83 395
94 84 432
94 85 327
94 86 795
94 87 152
94 88 601
94 89 730
94 90 443
94 91 417
94 92 556
94 93 710
94 95 651
94 96 645
94 97 369
94 98 492
94 99 418
94 100 256
95 1 769
95 2 666
95 3 861
95 4 739
95 5 842
95 6 677
95 7 742
95 8 831
95 9 440
95 10 403
95 11 282
95 12 661
95 13 160
95 14 514
95 15 222
95 16 149
95 17 175
95 18 540
95 19 713
95 20 513
95 21 516
95 22 331
95 23 330
95 24 626
95 25 873
95 26 598
95 27 790
95 28 819
95 29 1075
95 30 541
95 31 691
95 32 660
95 33 190
95 34 672
95 35 717
95 36 532
95 37 322
95 38 569
95 39 384
95 40 531
95 41 146
95 42 632
95 43 912
95 44 111
95 45 268
95 46 478
95 47 287
95 48 116
95 49 406
95 50 212
95 51 145
95 52 462
95 53 924
95 54 497
95 55 605
95 56 320
95 57 594
95 58 284
95 59 359
95 60 106
95 61 769
95 62 306
95 63 287
95 64 260
95 65 152
95 66 610
95 67 897
95 68 239
95 69 515
95 70 951
95 71 765
95 72 814
95 73 629
95 74 167
95 75 515
95 76 469
95 77 769
95 78 643
95 79 635
95 80 125
95 81 205
95 82 245
95 83 936
95 84 289
95 85 650
95 86 551
95 87 604
95 88 522
95 89 219
95 90 259
95 91 932
95 92 306
95 93 528
95 94 651
95 96 324
95 97 748
95 98 366
95 99 437
95 100 662
96 1 760
96 2 543
96 3 667
96 4 713
96 5 682
96 6 358
96 7 419
96 8 537
96 9 661
96 10 576
96 11 422
96 12 653
96 13 324
96 14 193
96 15 232
96 16 307
96 17 149
96 18 712
96 19 573
96 20 642
96 21 194
96 22 318
96 23 78
96 24 701
96 25 637
96 26 658
96 27 559
96 28 527
96 29 918
96 30 226
96 31 569
96 32 415
96 33 480
96 34 522
96 35 475
96 36 238
96 37 129
96 38 392
96 39 156
96 40 218
96 41 439
96 42 407
96 43 633
96 44 243
96 45 59
96 46 220
96 47 398
96 48 215
96 49 104
96 50 379
96 51 428
96 52 349
96 53 802
96 54 174
96 55 300
96 56 74
96 57 692
96 58 205
96 59 367
96 60 221
96 61 569
96 62 312
96 63 263
96 64 442
96 65 348
96 66 707
96 67 590
96 68 398
96 69 423
96 70 787
96 71 603
96 72 522
96 73 659
96 74 162
96 75 395
96 76 209
96 77 569
96 78 646
96 79 563
96 80 264
96 81 464
96 82 123
96 83 793
96 84 490
96 85 792
96 86 234
96 87 674
96 88 223
96 89 167
96 90 460
96 91 775
96 92 91
96 93 204
96 94 645
96 95 324
96 97 567
96 98 161
96 99 254
96 100 529
97 1 407
97 2 137
97 3 114
97 4 357
97 5 118
97 6 631
97 7 525
97 8 357
97 9 755
97 10 643
97 11 575
97 12 368
97 13 616
97 14 571
97 15 526
97 16 822
97 17 635
97 18 700
97 19 95
97 20 598
97 21 565
97 22 884
97 23 498
97 24 529
97 25 185
97 26 488
97 27 135
97 28 340
97 29 351
97 30 607
97 31 133
97 32 198
97 33 777
97 34 94
97 35 168
97 36 676
97 37 466
97 38 184
97 39 705
97 40 616
97 41 762
97 42 175
97 43 329
97 44 640
97 45 576
97 46 354
97 47 945
97 48 650
97 49 615
97 50 904
97 51 743
97 52 290
97 53 260
97 54 511
97 55 391
97 56 506
97 57 565
97 58 771
97 59 428
97 60 663
97 61 50
97 62 458
97 63 464
97 64 626
97 65 855
97 66 571
97 67 451
97 68 599
97 69 258
97 70 220
97 71 53
97 72 341
97 73 436
97 74 664
97 75 240
97 76 713
97 77 51
97 78 385
97 79 236
97 80 624
97 81 725
97 82 539
97 83 233
97 84 659
97 85 690
97 86 605
97 87 511
97 88 402
97 89 715
97 90 652
97 91 209
97 92 503
97 93 517
97 94 369
97 95 748
97 96 567
97 98 420
97 99 327
97 100 123
98 1 604
98 2 383
98 3 526
98 4 556
98 5 530
98 6 422
98 7 427
98 8 470
98 9 586
98 10 486
98 11 341
98 12 499
98 13 289
98 14 274
98 15 174
98 16 409
98 17 221
98 18 611
98 19 416
98 20 527
98 21 271
98 22 467
98 23 84
98 24 565
98 25 516
98 26 519
98 27 434
98 28 456
98 29 768
98 30 316
98 31 409
98 32 297
98 33 467
98 34 365
98 35 355
98 36 358
98 37 48
98 38 239
98 39 315
98 40 316
98 41 435
98 42 275
98 43 546
98 44 258
98 45 158
98 46 114
98 47 526
98 48 253
98 49 243
98 50 490
98 51 419
98 52 190
98 53 645
98 54 220
98 55 260
98 56 90
98 57 563
98 58 355
98 59 240
98 60 265
98 61 428
98 62 200
98 63 158
98 64 376
98 65 445
98 66 578
98 67 543
98 68 333
98 69 264
98 70 638
98 71 451
98 72 452
98 73 512
98 74 249
98 75 235
98 76 354
98 77 428
98 78 495
98 79 403
98 80 258
98 81 434
98 82 127
98 83 639
98 84 425
98 85 674
98 86 321
98 87 538
98 88 181
98 89 296
98 90 400
98 91 623
98 92 84
98 93 249
98 94 492
98 95 366
98 96 161
98 97 420
98 99 96
98 100 371
99 1 524
99 2 289
99 3 435
99 4 474
99 5 435
99 6 462
99 7 434
99 8 427
99 9 585
99 10 476
99 11 348
99 12 424
99 13 331
99 14 333
99 15 222
99 16 496
99 17 309
99 18 588
99 19 321
99 20 496
99 21 328
99 22 563
99 23 179
99 24 511
99 25 437
99 26 464
99 27 354
99 28 412
99 29 673
99 30 376
99 31 315
99 32 229
99 33 509
99 34 270
99 35 282
99 36 428
99 37 141
99 38 144
99 39 406
99 40 378
99 41 482
99 42 197
99 43 488
99 44 326
99 45 253
99 46 105
99 47 619
99 48 330
99 49 327
99 50 579
99 51 465
99 52 111
99 53 549
99 54 272
99 55 256
99 56 186
99 57 517
99 58 450
99 59 216
99 60 343
99 61 339
99 62 200
99 63 177
99 64 392
99 65 531
99 66 530
99 67 511
99 68 352
99 69 182
99 70 544
99 71 356
99 72 408
99 73 448
99 74 338
99 75 146
99 76 436
99 77 339
99 78 423
99 79 316
99 80 319
99 81 467
99 82 213
99 83 543
99 84 437
99 85 636
99 86 378
99 87 484
99 88 195
99 89 390
99 90 417
99 91 529
99 92 179
99 93 295
99 94 418
99 95 437
99 96 254
99 97 327
99 98 96
99 100 276
100 1 316
100 2 22
100 3 226
100 4 262
100 5 182
100 6 663
100 7 579
100 8 448
100 9 635
100 10 523
100 11 465
100 12 257
100 13 520
100 14 574
100 15 443
100 16 752
100 17 570
100 18 578
100 19 51
100 20 476
100 21 569
100 22 836
100 23 454
100 24 412
100 25 306
100 26 369
100 27 245
100 28 431
100 29 413
100 30 614
100 31 41
100 32 248
100 33 671
100 34 34
100 35 245
100 36 677
100 37 413
100 38 145
100 39 679
100 40 621
100 41 660
100 42 205
100 43 440
100 44 558
100 45 526
100 46 337
100 47 883
100 48 574
100 49 595
100 50 835
100 51 641
100 52 204
100 53 275
100 54 511
100 55 421
100 56 461
100 57 445
100 58 724
100 59 322
100 60 587
100 61 169
100 62 361
100 63 376
100 64 516
100 65 781
100 66 452
100 67 545
100 68 492
100 69 151
100 70 289
100 71 111
100 72 430
100 73 320
100 74 600
100 75 150
100 76 701
100 77 170
100 78 271
100 79 119
100 80 538
100 81 618
100 82 477
100 83 276
100 84 545
100 85 571
100 86 614
100 87 392
100 88 408
100 89 661
100 90 541
100 91 270
100 92 453
100 93 524
100 94 256
100 95 662
100 96 529
100 97 123
100 98 371
100 99 276
