nnodes nedges type capacity P s t
100  4950  graph  1000 100 1 100
nodename posx posy itemvalue itemweight
1 301 922 0 0
2 582 843 7 3
3 129 495 4 3
4 433 536 2 6
5 223 565 5 1
6 862 557 1 5
7 655 782 8 9
8 1 841 7 4
9 839 582 2 2
10 697 474 4 4
11 950 86 4 10
12 475 828 8 3
13 930 619 4 2
14 386 722 9 7
15 131 494 10 3
16 393 785 7 4
17 768 975 8 3
18 980 249 8 1
19 822 414 8 1
20 786 397 8 2
21 979 0 3 1
22 955 987 8 2
23 134 956 9 4
24 828 974 5 2
25 890 877 6 1
26 800 841 7 9
27 963 627 10 6
28 21 245 3 6
29 598 407 7 2
30 319 730 2 8
31 253 64 6 10
32 867 374 3 6
33 40 847 3 10
34 623 862 6 2
35 613 761 2 6
36 260 593 3 4
37 762 215 6 2
38 580 248 7 6
39 523 760 5 2
40 222 413 9 2
41 637 375 2 5
42 606 952 2 3
43 2 627 10 5
44 197 601 8 8
45 386 869 6 9
46 683 992 5 3
47 933 550 9 9
48 366 973 8 3
49 749 341 10 6
50 188 363 4 1
51 103 800 1 8
52 956 217 6 8
53 367 888 9 2
54 465 890 3 5
55 648 688 5 1
56 655 637 7 8
57 63 262 7 8
58 589 417 1 6
59 241 138 4 10
60 18 980 5 9
61 7 701 1 1
62 324 941 2 9
63 603 690 9 9
64 914 353 3 8
65 31 454 6 8
66 716 486 10 6
67 254 24 7 5
68 703 973 3 7
69 912 169 8 7
70 863 912 1 5
71 209 871 9 9
72 549 624 2 5
73 485 138 9 4
74 41 78 2 2
75 628 412 6 8
76 58 636 3 6
77 113 382 8 4
78 577 69 6 8
79 424 843 4 8
80 422 808 5 10
81 298 138 7 4
82 294 904 7 5
83 162 998 10 2
84 878 426 1 8
85 519 93 10 3
86 338 728 2 9
87 316 239 4 5
88 352 801 5 2
89 377 745 1 9
90 880 357 5 6
91 157 290 6 7
92 993 271 1 6
93 25 570 2 6
94 340 449 3 8
95 414 114 5 10
96 609 64 9 3
97 252 904 5 5
98 320 766 7 5
99 254 550 8 9
100 544 773 0 0
endpoint1 endpoint2 weight
1 2 292
1 3 461
1 4 408
1 5 366
1 6 670
1 7 381
1 8 311
1 9 637
1 10 598
1 11 1059
1 12 198
1 13 699
1 14 218
1 15 461
1 16 166
1 17 470
1 18 957
1 19 728
1 20 715
1 21 1145
1 22 658
1 23 171
1 24 530
1 25 591
1 26 506
1 27 725
1 28 733
1 29 595
1 30 193
1 31 860
1 32 788
1 33 272
1 34 328
1 35 352
1 36 332
1 37 845
1 38 730
1 39 275
1 40 516
1 41 642
1 42 307
1 43 421
1 44 338
1 45 101
1 46 389
1 47 734
1 48 83
1 49 734
1 50 571
1 51 233
1 52 963
1 53 75
1 54 168
1 55 419
1 56 455
1 57 702
1 58 582
1 59 787
1 60 289
1 61 368
1 62 30
1 63 381
1 64 837
1 65 541
1 66 602
1 67 900
1 68 406
1 69 970
1 70 563
1 71 106
1 72 388
1 73 806
1 74 884
1 75 606
1 76 376
1 77 572
1 78 897
1 79 147
1 80 167
1 81 785
1 82 20
1 83 159
1 84 761
1 85 858
1 86 198
1 87 684
1 88 132
1 89 193
1 90 809
1 91 649
1 92 951
1 93 448
1 94 475
1 95 816
1 96 912
1 97 53
1 98 158
1 99 375
1 100 286
2 1 292
2 3 572
2 4 342
2 5 455
2 6 401
2 7 96
2 8 582
2 9 367
2 10 387
2 11 842
2 12 109
2 13 414
2 14 231
2 15 571
2 16 198
2 17 229
2 18 716
2 19 492
2 20 491
2 21 932
2 22 400
2 23 463
2 24 279
2 25 310
2 26 219
2 27 438
2 28 820
2 29 437
2 30 287
2 31 846
2 32 549
2 33 543
2 34 46
2 35 88
2 36 408
2 37 654
2 38 596
2 39 102
2 40 561
2 41 472
2 42 112
2 43 619
2 44 455
2 45 198
2 46 181
2 47 458
2 48 253
2 49 530
2 50 621
2 51 481
2 52 730
2 53 220
2 54 127
2 55 169
2 56 219
2 57 780
2 58 427
2 59 784
2 60 581
2 61 593
2 62 276
2 63 155
2 64 592
2 65 675
2 66 382
2 67 883
2 68 178
2 69 751
2 70 290
2 71 375
2 72 222
2 73 712
2 74 937
2 75 434
2 76 564
2 77 658
2 78 775
2 79 158
2 80 164
2 81 761
2 82 295
2 83 448
2 84 512
2 85 753
2 86 270
2 87 660
2 88 234
2 89 228
2 90 571
2 91 698
2 92 705
2 93 621
2 94 463
2 95 749
2 96 780
2 97 336
2 98 274
2 99 440
2 100 80
3 1 461
3 2 572
3 4 307
3 5 118
3 6 736
3 7 600
3 8 369
3 9 716
3 10 569
3 11 918
3 12 481
3 13 811
3 14 343
3 15 3
3 16 393
3 17 800
3 18 886
3 19 698
3 20 665
3 21 984
3 22 962
3 23 462
3 24 848
3 25 852
3 26 755
3 27 845
3 28 273
3 29 478
3 30 303
3 31 449
3 32 748
3 33 364
3 34 616
3 35 553
3 36 164
3 37 693
3 38 515
3 39 475
3 40 124
3 41 522
3 42 661
3 43 184
3 44 126
3 45 454
3 46 745
3 47 806
3 48 534
3 49 639
3 50 145
3 51 307
3 52 873
3 53 460
3 54 519
3 55 554
3 56 545
3 57 243
3 58 467
3 59 375
3 60 498
3 61 240
3 62 487
3 63 513
3 64 798
3 65 107
3 66 588
3 67 488
3 68 747
3 69 849
3 70 845
3 71 385
3 72 440
3 73 505
3 74 427
3 75 506
3 76 158
3 77 115
3 78 619
3 79 457
3 80 429
3 81 395
3 82 442
3 83 505
3 84 753
3 85 561
3 86 314
3 87 318
3 88 379
3 89 353
3 90 764
3 91 207
3 92 893
3 93 129
3 94 216
3 95 476
3 96 646
3 97 428
3 98 332
3 99 137
3 100 500
4 1 408
4 2 342
4 3 307
4 5 212
4 6 430
4 7 332
4 8 529
4 9 409
4 10 272
4 11 686
4 12 296
4 13 504
4 14 192
4 15 305
4 16 253
4 17 553
4 18 618
4 19 408
4 20 380
4 21 766
4 22 690
4 23 516
4 24 590
4 25 571
4 26 478
4 27 538
4 28 505
4 29 210
4 30 226
4 31 506
4 32 464
4 33 502
4 34 378
4 35 289
4 36 183
4 37 460
4 38 324
4 39 242
4 40 245
4 41 260
4 42 451
4 43 441
4 44 245
4 45 337
4 46 521
4 47 501
4 48 443
4 49 372
4 50 300
4 51 423
4 52 613
4 53 359
4 54 356
4 55 264
4 56 244
4 57 461
4 58 197
4 59 442
4 60 608
4 61 457
4 62 420
4 63 230
4 64 515
4 65 411
4 66 288
4 67 543
4 68 514
4 69 604
4 70 572
4 71 403
4 72 146
4 73 402
4 74 603
4 75 232
4 76 389
4 77 356
4 78 489
4 79 308
4 80 273
4 81 421
4 82 394
4 83 536
4 84 459
4 85 452
4 86 215
4 87 320
4 88 278
4 89 217
4 90 482
4 91 370
4 92 620
4 93 410
4 94 128
4 95 423
4 96 504
4 97 411
4 98 257
4 99 180
4 100 262
5 1 366
5 2 455
5 3 118
5 4 212
5 6 640
5 7 484
5 8 355
5 9 617
5 10 483
5 11 871
5 12 365
5 13 710
5 14 227
5 15 117
5 16 279
5 17 683
5 18 821
5 19 618
5 20 588
5 21 944
5 22 845
5 23 402
5 24 731
5 25 737
5 26 640
5 27 743
5 28 379
5 29 407
5 30 191
5 31 502
5 32 672
5 33 337
5 34 499
5 35 437
5 36 47
5 37 643
5 38 478
5 39 358
5 40 153
5 41 456
5 42 545
5 43 230
5 44 45
5 45 345
5 46 628
5 47 711
5 48 433
5 49 572
5 50 206
5 51 264
5 52 812
5 53 354
5 54 406
5 55 443
5 56 438
5 57 343
5 58 395
5 59 428
5 60 463
5 61 256
5 62 390
5 63 401
5 64 723
5 65 222
5 66 500
5 67 542
5 68 630
5 69 795
5 70 729
5 71 307
5 72 332
5 73 501
5 74 520
5 75 433
5 76 180
5 77 214
5 78 610
5 79 344
5 80 315
5 81 434
5 82 347
5 83 438
5 84 670
5 85 558
5 86 200
5 87 340
5 88 269
5 89 237
5 90 690
5 91 283
5 92 825
5 93 199
5 94 165
5 95 490
5 96 633
5 97 341
5 98 224
5 99 35
5 100 383
6 1 670
6 2 401
6 3 736
6 4 430
6 5 640
6 7 306
6 8 907
6 9 34
6 10 185
6 11 480
6 12 473
6 13 93
6 14 504
6 15 734
6 16 522
6 17 429
6 18 330
6 19 149
6 20 178
6 21 570
6 22 440
6 23 831
6 24 419
6 25 322
6 26 291
6 27 123
6 28 898
6 29 304
6 30 570
6 31 784
6 32 184
6 33 872
6 34 388
6 35 322
6 36 604
6 37 357
6 38 419
6 39 396
6 40 656
6 41 290
6 42 471
6 43 863
6 44 667
6 45 570
6 46 471
6 47 72
6 48 648
6 49 244
6 50 702
6 51 797
6 52 353
6 53 596
6 54 519
6 55 251
6 56 222
6 57 852
6 58 307
6 59 750
6 60 945
6 61 868
6 62 661
6 63 292
6 64 211
6 65 838
6 66 163
6 67 809
6 68 446
6 69 392
6 70 356
6 71 725
6 72 321
6 73 564
6 74 951
6 75 276
6 76 808
6 77 770
6 78 566
6 79 524
6 80 507
6 81 703
6 82 666
6 83 828
6 84 132
6 85 578
6 86 552
6 87 632
6 88 566
6 89 521
6 90 201
6 91 754
6 92 315
6 93 838
6 94 534
6 95 631
6 96 555
6 97 702
6 98 581
6 99 609
6 100 385
7 1 381
7 2 96
7 3 600
7 4 332
7 5 484
7 6 306
7 8 657
7 9 272
7 10 311
7 11 756
7 12 186
7 13 320
7 14 276
7 15 598
7 16 263
7 17 224
7 18 625
7 19 405
7 20 407
7 21 847
7 22 364
7 23 550
7 24 259
7 25 254
7 26 157
7 27 345
7 28 831
7 29 380
7 30 340
7 31 823
7 32 460
7 33 619
7 34 87
7 35 47
7 36 438
7 37 578
7 38 540
7 39 134
7 40 569
7 41 408
7 42 177
7 43 672
7 44 493
7 45 283
7 46 212
7 47 363
7 48 347
7 49 451
7 50 628
7 51 553
7 52 641
7 53 307
7 54 219
7 55 95
7 56 145
7 57 788
7 58 371
7 59 766
7 60 668
7 61 654
7 62 368
7 63 106
7 64 502
7 65 705
7 66 303
7 67 858
7 68 197
7 69 665
7 70 246
7 71 455
7 72 191
7 73 667
7 74 935
7 75 371
7 76 615
7 77 674
7 78 718
7 79 239
7 80 235
7 81 737
7 82 382
7 83 539
7 84 421
7 85 703
7 86 322
7 87 641
7 88 304
7 89 281
7 90 481
7 91 701
7 92 613
7 93 665
7 94 459
7 95 711
7 96 720
7 97 422
7 98 336
7 99 464
7 100 112
8 1 311
8 2 582
8 3 369
8 4 529
8 5 355
8 6 907
8 7 657
8 9 878
8 10 787
8 11 1213
8 12 475
8 13 956
8 14 403
8 15 371
8 16 396
8 17 779
8 18 1145
8 19 926
8 20 902
8 21 1290
8 22 966
8 23 176
8 24 838
8 25 890
8 26 799
8 27 986
8 28 597
8 29 739
8 30 337
8 31 817
8 32 984
8 33 40
8 34 623
8 35 618
8 36 359
8 37 986
8 38 829
8 39 529
8 40 482
8 41 789
8 42 616
8 43 215
8 44 310
8 45 387
8 46 699
8 47 977
8 48 389
8 49 900
8 50 514
8 51 110
8 52 1141
8 53 370
8 54 467
8 55 665
8 56 686
8 57 583
8 58 725
8 59 743
8 60 141
8 61 141
8 62 339
8 63 621
8 64 1036
8 65 389
8 66 799
8 67 856
8 68 715
8 69 1133
8 70 865
8 71 211
8 72 590
8 73 854
8 74 765
8 75 760
8 76 213
8 77 473
8 78 964
8 79 424
8 80 423
8 81 764
8 82 300
8 83 225
8 84 971
8 85 910
8 86 356
8 87 680
8 88 354
8 89 389
8 90 1004
8 91 573
8 92 1145
8 93 273
8 94 519
8 95 837
8 96 987
8 97 259
8 98 328
8 99 386
8 100 548
9 1 637
9 2 367
9 3 716
9 4 409
9 5 617
9 6 34
9 7 272
9 8 878
9 10 179
9 11 509
9 12 440
9 13 99
9 14 475
9 15 714
9 16 491
9 17 400
9 18 362
9 19 169
9 20 193
9 21 599
9 22 422
9 23 799
9 24 393
9 25 300
9 26 262
9 27 132
9 28 885
9 29 298
9 30 541
9 31 783
9 32 210
9 33 842
9 34 354
9 35 289
9 36 580
9 37 375
9 38 423
9 39 363
9 40 640
9 41 290
9 42 438
9 43 839
9 44 643
9 45 537
9 46 439
9 47 100
9 48 614
9 49 258
9 50 687
9 51 768
9 52 384
9 53 563
9 54 485
9 55 219
9 56 193
9 57 840
9 58 300
9 59 745
9 60 913
9 61 841
9 62 628
9 63 260
9 64 241
9 65 819
9 66 157
9 67 809
9 68 414
9 69 420
9 70 331
9 71 694
9 72 294
9 73 568
9 74 944
9 75 271
9 76 783
9 77 754
9 78 577
9 79 491
9 80 475
9 81 700
9 82 634
9 83 795
9 84 161
9 85 585
9 86 522
9 87 626
9 88 534
9 89 490
9 90 229
9 91 742
9 92 348
9 93 815
9 94 517
9 95 633
9 96 567
9 97 670
9 98 551
9 99 586
9 100 352
10 1 598
10 2 387
10 3 569
10 4 272
10 5 483
10 6 185
10 7 311
10 8 787
10 9 179
10 11 464
10 12 418
10 13 275
10 14 398
10 15 567
10 16 435
10 17 507
10 18 362
10 19 139
10 20 118
10 21 552
10 22 575
10 23 742
10 24 517
10 25 447
10 26 382
10 27 307
10 28 714
10 29 120
10 30 457
10 31 605
10 32 198
10 33 756
10 34 395
10 35 300
10 36 453
10 37 268
10 38 255
10 39 335
10 40 479
10 41 116
10 42 487
10 43 712
10 44 516
10 45 503
10 46 519
10 47 248
10 48 599
10 49 143
10 50 521
10 51 678
10 52 365
10 53 530
10 54 477
10 55 220
10 56 169
10 57 669
10 58 123
10 59 567
10 60 847
10 61 727
10 62 598
10 63 236
10 64 249
10 65 667
10 66 23
10 67 632
10 68 500
10 69 374
10 70 469
10 71 630
10 72 211
10 73 398
10 74 767
10 75 93
10 76 660
10 77 592
10 78 423
10 79 460
10 80 433
10 81 522
10 82 590
10 83 749
10 84 188
10 85 421
10 86 440
10 87 448
10 88 476
10 89 420
10 90 218
10 91 571
10 92 359
10 93 679
10 94 358
10 95 458
10 96 420
10 97 619
10 98 477
10 99 450
10 100 336
11 1 1059
11 2 842
11 3 918
11 4 686
11 5 871
11 6 480
11 7 756
11 8 1213
11 9 509
11 10 464
11 12 882
11 13 534
11 14 851
11 15 915
11 16 894
11 17 908
11 18 166
11 19 353
11 20 352
11 21 91
11 22 902
11 23 1193
11 24 897
11 25 794
11 26 770
11 27 542
11 28 943
11 29 477
11 30 902
11 31 698
11 32 300
11 33 1187
11 34 843
11 35 755
11 36 857
11 37 229
11 38 404
11 39 798
11 40 799
11 41 427
11 42 932
11 43 1092
11 44 913
11 45 965
11 46 945
11 47 465
11 48 1062
11 49 325
11 50 811
11 51 1108
11 52 132
11 53 992
11 54 939
11 55 674
11 56 626
11 57 905
11 58 490
11 59 711
11 60 1292
11 61 1126
11 62 1060
11 63 697
11 64 270
11 65 990
11 66 464
11 67 699
11 68 921
11 69 92
11 70 831
11 71 1080
11 72 672
11 73 468
11 74 910
11 75 459
11 76 1048
11 77 888
11 78 374
11 79 922
11 80 895
11 81 655
11 82 1049
11 83 1206
11 84 348
11 85 432
11 86 887
11 87 653
11 88 933
11 89 874
11 90 280
11 91 819
11 92 190
11 93 1044
11 94 710
11 95 537
11 96 342
11 97 1076
11 98 927
11 99 837
11 100 799
12 1 198
12 2 109
12 3 481
12 4 296
12 5 365
12 6 473
12 7 186
12 8 475
12 9 440
12 10 418
12 11 882
12 13 501
12 14 139
12 15 480
12 16 93
12 17 328
12 18 769
12 19 541
12 20 532
12 21 970
12 22 506
12 23 365
12 24 383
12 25 418
12 26 326
12 27 528
12 28 739
12 29 439
12 30 185
12 31 796
12 32 600
12 33 436
12 34 152
12 35 154
12 36 319
12 37 677
12 38 590
12 39 84
12 40 487
12 41 482
12 42 181
12 43 514
12 44 359
12 45 98
12 46 265
12 47 536
12 48 182
12 49 559
12 50 547
12 51 374
12 52 778
12 53 124
12 54 63
12 55 223
12 56 263
12 57 701
12 58 427
12 59 729
12 60 482
12 61 485
12 62 189
12 63 189
12 64 647
12 65 581
12 66 419
12 67 834
12 68 271
12 69 791
12 70 397
12 71 270
12 72 218
12 73 691
12 74 867
12 75 444
12 76 460
12 77 575
12 78 766
12 79 54
12 80 57
12 81 713
12 82 197
12 83 357
12 84 570
12 85 737
12 86 170
12 87 611
12 88 126
12 89 129
12 90 622
12 91 625
12 92 761
12 93 519
12 94 403
12 95 717
12 96 776
12 97 236
12 98 167
12 99 356
12 100 89
13 1 699
13 2 414
13 3 811
13 4 504
13 5 710
13 6 93
13 7 320
13 8 956
13 9 99
13 10 275
13 11 534
13 12 501
13 14 554
13 15 809
13 16 563
13 17 392
13 18 374
13 19 232
13 20 265
13 21 621
13 22 369
13 23 865
13 24 370
13 25 262
13 26 258
13 27 34
13 28 983
13 29 394
13 30 622
13 31 876
13 32 253
13 33 919
13 34 392
13 35 348
13 36 671
13 37 438
13 38 511
13 39 431
13 40 738
13 41 382
13 42 465
13 43 929
13 44 734
13 45 599
13 46 448
13 47 70
13 48 666
13 49 332
13 50 785
13 51 847
13 52 403
13 53 624
13 54 539
13 55 291
13 56 276
13 57 938
13 58 397
13 59 841
13 60 981
13 61 927
13 62 687
13 63 335
13 64 267
13 65 915
13 66 252
13 67 901
13 68 421
13 69 451
13 70 301
13 71 764
13 72 382
13 73 656
13 74 1041
13 75 367
13 76 873
13 77 851
13 78 654
13 79 554
13 80 543
13 81 795
13 82 697
13 83 857
13 84 200
13 85 668
13 86 602
13 87 723
13 88 606
13 89 568
13 90 267
13 91 841
13 92 354
13 93 907
13 94 615
13 95 722
13 96 642
13 97 736
13 98 628
13 99 680
13 100 416
14 1 218
14 2 231
14 3 343
14 4 192
14 5 227
14 6 504
14 7 276
14 8 403
14 9 475
14 10 398
14 11 851
14 12 139
14 13 554
14 15 343
14 16 64
14 17 459
14 18 760
14 19 534
14 20 516
14 21 935
14 22 628
14 23 344
14 24 509
14 25 528
14 26 431
14 27 585
14 28 601
14 29 380
14 30 68
14 31 672
14 32 594
14 33 368
14 34 276
14 35 231
14 36 181
14 37 632
14 38 513
14 39 143
14 40 350
14 41 429
14 42 319
14 43 396
14 44 225
14 45 147
14 46 402
14 47 574
14 48 252
14 49 527
14 50 410
14 51 294
14 52 762
14 53 168
14 54 186
14 55 265
14 56 283
14 57 563
14 58 367
14 59 602
14 60 450
14 61 380
14 62 228
14 63 220
14 64 645
14 65 445
14 66 406
14 67 711
14 68 405
14 69 764
14 70 514
14 71 232
14 72 191
14 73 593
14 74 731
14 75 394
14 76 340
14 77 437
14 78 681
14 79 127
14 80 94
14 81 591
14 82 204
14 83 356
14 84 575
14 85 643
14 86 49
14 87 489
14 88 87
14 89 25
14 90 615
14 91 489
14 92 757
14 93 392
14 94 277
14 95 609
14 96 695
14 97 227
14 98 80
14 99 217
14 100 167
15 1 461
15 2 571
15 3 3
15 4 305
15 5 117
15 6 734
15 7 598
15 8 371
15 9 714
15 10 567
15 11 915
15 12 480
15 13 809
15 14 343
15 16 392
15 17 799
15 18 884
15 19 696
15 20 663
15 21 982
15 22 961
15 23 463
15 24 847
15 25 851
15 26 754
15 27 843
15 28 273
15 29 476
15 30 302
15 31 447
15 32 746
15 33 365
15 34 615
15 35 552
15 36 163
15 37 690
15 38 512
15 39 474
15 40 122
15 41 520
15 42 660
15 43 186
15 44 126
15 45 454
15 46 744
15 47 804
15 48 534
15 49 637
15 50 143
15 51 308
15 52 871
15 53 460
15 54 519
15 55 553
15 56 544
15 57 242
15 58 465
15 59 373
15 60 499
15 61 242
15 62 487
15 63 512
15 64 796
15 65 108
15 66 586
15 67 486
15 68 747
15 69 846
15 70 843
15 71 385
15 72 438
15 73 503
15 74 426
15 75 504
15 76 160
15 77 114
15 78 617
15 79 456
15 80 429
15 81 394
15 82 442
15 83 505
15 84 751
15 85 558
15 86 313
15 87 316
15 88 379
15 89 352
15 90 762
15 91 206
15 92 891
15 93 131
15 94 214
15 95 474
15 96 643
15 97 428
15 98 332
15 99 136
15 100 499
16 1 166
16 2 198
16 3 393
16 4 253
16 5 279
16 6 522
16 7 263
16 8 396
16 9 491
16 10 435
16 11 894
16 12 93
16 13 563
16 14 64
16 15 392
16 17 421
16 18 795
16 19 568
16 20 553
16 21 980
16 22 598
16 23 311
16 24 475
16 25 506
16 26 411
16 27 592
16 28 656
16 29 431
16 30 93
16 31 735
16 32 628
16 33 359
16 34 243
16 35 222
16 36 234
16 37 680
16 38 569
16 39 133
16 40 410
16 41 478
16 42 271
16 43 422
16 44 269
16 45 85
16 46 357
16 47 589
16 48 190
16 49 570
16 50 470
16 51 291
16 52 800
16 53 107
16 54 128
16 55 273
16 56 301
16 57 619
16 58 417
16 59 665
16 60 423
16 61 396
16 62 171
16 63 231
16 64 677
16 65 491
16 66 441
16 67 774
16 68 363
16 69 806
16 70 487
16 71 204
16 72 225
16 73 654
16 74 790
16 75 441
16 76 367
16 77 491
16 78 740
16 79 66
16 80 38
16 81 654
16 82 155
16 83 315
16 84 604
16 85 704
16 86 80
16 87 552
16 88 45
16 89 44
16 90 649
16 91 549
16 92 791
16 93 427
16 94 341
16 95 672
16 96 753
16 97 185
16 98 76
16 99 274
16 100 152
17 1 470
17 2 229
17 3 800
17 4 553
17 5 683
17 6 429
17 7 224
17 8 779
17 9 400
17 10 507
17 11 908
17 12 328
17 13 392
17 14 459
17 15 799
17 16 421
17 18 757
17 19 564
17 20 579
17 21 998
17 22 188
17 23 635
17 24 61
17 25 157
17 26 138
17 27 399
17 28 1045
17 29 593
17 30 512
17 31 1047
17 32 610
17 33 740
17 34 184
17 35 265
17 36 636
17 37 761
17 38 751
17 39 326
17 40 784
17 41 615
17 42 164
17 43 842
17 44 683
17 45 397
17 46 87
17 47 456
17 48 403
17 49 635
17 50 844
17 51 688
17 52 781
17 53 411
17 54 315
17 55 312
17 56 357
17 57 1003
17 58 587
17 59 990
17 60 751
17 61 809
17 62 446
17 63 330
17 64 639
17 65 903
17 66 492
17 67 1082
17 68 66
17 69 819
17 70 114
17 71 569
17 72 414
17 73 884
17 74 1155
17 75 581
17 76 787
17 77 884
17 78 926
17 79 369
17 80 385
17 81 960
17 82 480
17 83 607
17 84 560
17 85 917
17 86 496
17 87 864
17 88 451
17 89 454
17 90 629
17 91 918
17 92 740
17 93 847
17 94 679
17 95 931
17 96 925
17 97 521
17 98 495
17 99 667
17 100 302
18 1 957
18 2 716
18 3 886
18 4 618
18 5 821
18 6 330
18 7 625
18 8 1145
18 9 362
18 10 362
18 11 166
18 12 769
18 13 374
18 14 760
18 15 884
18 16 795
18 17 757
18 19 229
18 20 245
18 21 250
18 22 739
18 23 1103
18 24 741
18 25 635
18 26 619
18 27 379
18 28 960
18 29 414
18 30 818
18 31 751
18 32 169
18 33 1115
18 34 710
18 35 630
18 36 798
18 37 221
18 38 401
18 39 686
18 40 776
18 41 366
18 42 797
18 43 1049
18 44 859
18 45 859
18 46 801
18 47 305
18 48 950
18 49 249
18 50 801
18 51 1036
18 52 40
18 53 886
18 54 823
18 55 551
18 56 507
18 57 918
18 58 426
18 59 748
18 60 1209
18 61 1073
18 62 954
18 63 581
18 64 124
18 65 971
18 66 355
18 67 761
18 68 776
18 69 105
18 70 674
18 71 991
18 72 572
18 73 508
18 74 955
18 75 388
18 76 1000
18 77 878
18 78 442
18 79 814
18 80 790
18 81 691
18 82 949
18 83 1110
18 84 205
18 85 487
18 86 802
18 87 665
18 88 837
18 89 781
18 90 148
18 91 825
18 92 26
18 93 1008
18 94 671
18 95 582
18 96 415
18 97 980
18 98 839
18 99 786
18 100 682
19 1 728
19 2 492
19 3 698
19 4 408
19 5 618
19 6 149
19 7 405
19 8 926
19 9 169
19 10 139
19 11 353
19 12 541
19 13 232
19 14 534
19 15 696
19 16 568
19 17 564
19 18 229
19 20 40
19 21 443
19 22 589
19 23 876
19 24 561
19 25 468
19 26 428
19 27 256
19 28 819
19 29 225
19 30 595
19 31 669
19 32 61
19 33 894
19 34 491
19 35 406
19 36 590
19 37 208
19 38 294
19 39 458
19 40 601
19 41 190
19 42 580
19 43 848
19 44 653
19 45 631
19 46 595
19 47 176
19 48 722
19 49 104
19 50 637
19 51 817
19 52 239
19 53 658
19 54 595
19 55 325
19 56 279
19 57 775
19 58 234
19 59 644
19 60 984
19 61 865
19 62 726
19 63 353
19 64 111
19 65 793
19 66 129
19 67 690
19 68 572
19 69 262
19 70 500
19 71 765
19 72 345
19 73 436
19 74 851
19 75 195
19 76 796
19 77 710
19 78 424
19 79 586
19 80 562
19 81 593
19 82 721
19 83 882
19 84 58
19 85 442
19 86 577
19 87 536
19 88 609
19 89 555
19 90 82
19 91 677
19 92 223
19 93 813
19 94 484
19 95 507
19 96 410
19 97 752
19 98 614
19 99 585
19 100 455
20 1 715
20 2 491
20 3 665
20 4 380
20 5 588
20 6 178
20 7 407
20 8 902
20 9 193
20 10 118
20 11 352
20 12 532
20 13 265
20 14 516
20 15 663
20 16 553
20 17 579
20 18 245
20 19 40
20 21 442
20 22 614
20 23 859
20 24 579
20 25 492
20 26 445
20 27 291
20 28 780
20 29 189
20 30 574
20 31 629
20 32 85
20 33 872
20 34 493
20 35 404
20 36 562
20 37 184
20 38 255
20 39 449
20 40 565
20 41 151
20 42 584
20 43 818
20 44 624
20 45 619
20 46 604
20 47 213
20 48 713
20 49 68
20 50 599
20 51 794
20 52 248
20 53 646
20 54 589
20 55 323
20 56 274
20 57 736
20 58 199
20 59 604
20 60 965
20 61 837
20 62 714
20 63 346
20 64 136
20 65 758
20 66 114
20 67 650
20 68 582
20 69 261
20 70 521
20 71 747
20 72 329
20 73 398
20 74 811
20 75 159
20 76 767
20 77 674
20 78 389
20 79 575
20 80 550
20 81 553
20 82 707
20 83 867
20 84 97
20 85 405
20 86 558
20 87 496
20 88 593
20 89 538
20 90 103
20 91 639
20 92 243
20 93 781
20 94 450
20 95 468
20 96 378
20 97 737
20 98 595
20 99 554
20 100 448
21 1 1145
21 2 932
21 3 984
21 4 766
21 5 944
21 6 570
21 7 847
21 8 1290
21 9 599
21 10 552
21 11 91
21 12 970
21 13 621
21 14 935
21 15 982
21 16 980
21 17 998
21 18 250
21 19 443
21 20 442
21 22 988
21 23 1276
21 24 986
21 25 882
21 26 860
21 27 628
21 28 989
21 29 558
21 30 985
21 31 729
21 32 391
21 33 1265
21 34 933
21 35 845
21 36 932
21 37 306
21 38 470
21 39 887
21 40 863
21 41 508
21 42 1023
21 43 1161
21 44 987
21 45 1053
21 46 1036
21 47 552
21 48 1150
21 49 412
21 50 871
21 51 1187
21 52 219
21 53 1079
21 54 1028
21 55 764
21 56 715
21 57 953
21 58 571
21 59 751
21 60 1373
21 61 1199
21 62 1147
21 63 786
21 64 359
21 65 1052
21 66 553
21 67 726
21 68 1012
21 69 182
21 70 920
21 71 1163
21 72 758
21 73 513
21 74 942
21 75 542
21 76 1120
21 77 947
21 78 408
21 79 1010
21 80 982
21 81 695
21 82 1135
21 83 1290
21 84 438
21 85 470
21 86 970
21 87 705
21 88 1018
21 89 958
21 90 371
21 91 872
21 92 272
21 93 1112
21 94 781
21 95 577
21 96 376
21 97 1161
21 98 1011
21 99 911
21 100 887
22 1 658
22 2 400
22 3 962
22 4 690
22 5 845
22 6 440
22 7 364
22 8 966
22 9 422
22 10 575
22 11 902
22 12 506
22 13 369
22 14 628
22 15 961
22 16 598
22 17 188
22 18 739
22 19 589
22 20 614
22 21 988
22 23 822
22 24 128
22 25 128
22 26 213
22 27 361
22 28 1193
22 29 682
22 30 686
22 31 1160
22 32 620
22 33 926
22 34 355
22 35 410
22 36 799
22 37 796
22 38 829
22 39 489
22 40 932
22 41 690
22 42 351
22 43 1019
22 44 851
22 45 582
22 46 273
22 47 438
22 48 590
22 49 679
22 50 989
22 51 873
22 52 771
22 53 597
22 54 500
22 55 429
22 56 461
22 57 1150
22 58 678
22 59 1110
22 60 938
22 61 991
22 62 633
22 63 461
22 64 636
22 65 1067
22 66 556
22 67 1192
22 68 253
22 69 820
22 70 119
22 71 755
22 72 545
22 73 971
22 74 1290
22 75 662
22 76 964
22 77 1037
22 78 993
22 79 551
22 80 563
22 81 1074
22 82 667
22 83 794
22 84 567
22 85 995
22 86 670
22 87 984
22 88 632
22 89 627
22 90 635
22 91 1060
22 92 718
22 93 1020
22 94 818
22 95 1028
22 96 986
22 97 708
22 98 673
22 99 827
22 100 464
23 1 171
23 2 463
23 3 462
23 4 516
23 5 402
23 6 831
23 7 550
23 8 176
23 9 799
23 10 742
23 11 1193
23 12 365
23 13 865
23 14 344
23 15 463
23 16 311
23 17 635
23 18 1103
23 19 876
23 20 859
23 21 1276
23 22 822
23 24 695
23 25 761
23 26 676
23 27 892
23 28 720
23 29 719
23 30 293
23 31 900
23 32 936
23 33 144
23 34 498
23 35 518
23 36 385
23 37 972
23 38 837
23 39 436
23 40 551
23 41 769
23 42 473
23 43 355
23 44 361
23 45 267
23 46 551
23 47 897
23 48 233
23 49 870
23 50 596
23 51 160
23 52 1106
23 53 243
23 54 338
23 55 580
23 56 611
23 57 698
23 58 706
23 59 825
23 60 119
23 61 285
23 62 191
23 63 540
23 64 986
23 65 513
23 66 749
23 67 940
23 68 570
23 69 1107
23 70 731
23 71 114
23 72 532
23 73 891
23 74 883
23 75 735
23 76 329
23 77 575
23 78 992
23 79 312
23 80 324
23 81 835
23 82 169
23 83 51
23 84 914
23 85 945
23 86 306
23 87 740
23 88 268
23 89 322
23 90 957
23 91 667
23 92 1099
23 93 402
23 94 548
23 95 888
23 96 1011
23 97 129
23 98 266
23 99 424
23 100 449
24 1 530
24 2 279
24 3 848
24 4 590
24 5 731
24 6 419
24 7 259
24 8 838
24 9 393
24 10 517
24 11 897
24 12 383
24 13 370
24 14 509
24 15 847
24 16 475
24 17 61
24 18 741
24 19 561
24 20 579
24 21 986
24 22 128
24 23 695
24 25 116
24 26 136
24 27 373
24 28 1088
24 29 612
24 30 565
24 31 1077
24 32 602
24 33 799
24 34 234
24 35 303
24 36 684
24 37 762
24 38 768
24 39 373
24 40 826
24 41 629
24 42 224
24 43 896
24 44 734
24 45 455
24 46 147
24 47 437
24 48 463
24 49 638
24 50 885
24 51 746
24 52 768
24 53 469
24 54 373
24 55 338
24 56 379
24 57 1046
24 58 607
24 59 1022
24 60 811
24 61 866
24 62 506
24 63 363
24 64 627
24 65 952
24 66 501
24 67 1110
24 68 126
24 69 810
24 70 72
24 71 628
24 72 448
24 73 904
24 74 1193
24 75 597
24 76 841
24 77 929
24 78 940
24 79 425
24 80 439
24 81 990
24 82 539
24 83 667
24 84 551
24 85 934
24 86 549
24 87 896
24 88 507
24 89 506
24 90 620
24 91 959
24 92 723
24 93 899
24 94 717
24 95 955
24 96 936
24 97 581
24 98 549
24 99 714
24 100 348
25 1 591
25 2 310
25 3 852
25 4 571
25 5 737
25 6 322
25 7 254
25 8 890
25 9 300
25 10 447
25 11 794
25 12 418
25 13 262
25 14 528
25 15 851
25 16 506
25 17 157
25 18 635
25 19 468
25 20 492
25 21 882
25 22 128
25 23 761
25 24 116
25 26 97
25 27 261
25 28 1075
25 29 554
25 30 590
25 31 1033
25 32 504
25 33 851
25 34 268
25 35 301
25 36 692
25 37 675
25 38 702
25 39 386
25 40 814
25 41 563
25 42 294
25 43 923
25 44 746
25 45 505
25 46 237
25 47 330
25 48 533
25 49 555
25 50 871
25 51 791
25 52 664
25 53 524
25 54 426
25 55 308
25 56 336
25 57 1031
25 58 550
25 59 984
25 60 879
25 61 901
25 62 570
25 63 343
25 64 525
25 65 958
25 66 428
25 67 1065
25 68 211
25 69 709
25 70 45
25 71 682
25 72 425
25 73 843
25 74 1166
25 75 534
25 76 867
25 77 922
25 78 867
25 79 468
25 80 474
25 81 947
25 82 597
25 83 738
25 84 452
25 85 868
25 86 572
25 87 859
25 88 544
25 89 530
25 90 521
25 91 940
25 92 615
25 93 918
25 94 697
25 95 900
25 96 861
25 97 639
25 98 581
25 99 716
25 100 362
26 1 506
26 2 219
26 3 755
26 4 478
26 5 640
26 6 291
26 7 157
26 8 799
26 9 262
26 10 382
26 11 770
26 12 326
26 13 258
26 14 431
26 15 754
26 16 411
26 17 138
26 18 619
26 19 428
26 20 445
26 21 860
26 22 213
26 23 676
26 24 136
26 25 97
26 27 270
26 28 981
26 29 479
26 30 494
26 31 951
26 32 472
26 33 761
26 34 179
26 35 204
26 36 595
26 37 628
26 38 633
26 39 289
26 40 720
26 41 494
26 42 224
26 43 827
26 44 650
26 45 415
26 46 192
26 47 320
26 48 454
26 49 503
26 50 777
26 51 699
26 52 644
26 53 436
26 54 339
26 55 216
26 56 251
26 57 938
26 58 474
26 59 899
26 60 795
26 61 806
26 62 487
26 63 249
26 64 502
26 65 861
26 66 365
26 67 983
26 68 164
26 69 682
26 70 95
26 71 592
26 72 332
26 73 771
26 74 1077
26 75 463
26 76 770
26 77 827
26 78 804
26 79 377
26 80 380
26 81 864
26 82 510
26 83 658
26 84 423
26 85 800
26 86 476
26 87 773
26 88 450
26 89 434
26 90 491
26 91 847
26 92 602
26 93 822
26 94 605
26 95 824
26 96 801
26 97 552
26 98 486
26 99 619
26 100 265
27 1 725
27 2 438
27 3 845
27 4 538
27 5 743
27 6 123
27 7 345
27 8 986
27 9 132
27 10 307
27 11 542
27 12 528
27 13 34
27 14 585
27 15 843
27 16 592
27 17 399
27 18 379
27 19 256
27 20 291
27 21 628
27 22 361
27 23 892
27 24 373
27 25 261
27 26 270
27 28 1017
27 29 427
27 30 653
27 31 907
27 32 271
27 33 949
27 34 414
27 35 375
27 36 704
27 37 459
27 38 539
27 39 460
27 40 772
27 41 413
27 42 483
27 43 961
27 44 767
27 45 626
27 46 461
27 47 83
27 48 691
27 49 358
27 50 819
27 51 878
27 52 411
27 53 651
27 54 564
27 55 321
27 56 309
27 57 972
27 58 429
27 59 873
27 60 1009
27 61 959
27 62 712
27 63 366
27 64 279
27 65 948
27 66 285
27 67 931
27 68 433
27 69 461
27 70 303
27 71 793
27 72 415
27 73 684
27 74 1074
27 75 399
27 76 906
27 77 885
27 78 679
27 79 581
27 80 571
27 81 826
27 82 725
27 83 883
27 84 219
27 85 695
27 86 634
27 87 755
27 88 636
27 89 598
27 90 283
27 91 874
27 92 358
27 93 940
27 94 648
27 95 752
27 96 666
27 97 764
27 98 658
27 99 714
27 100 444
28 1 733
28 2 820
28 3 273
28 4 505
28 5 379
28 6 898
28 7 831
28 8 597
28 9 885
28 10 714
28 11 943
28 12 739
28 13 983
28 14 601
28 15 273
28 16 656
28 17 1045
28 18 960
28 19 819
28 20 780
28 21 989
28 22 1193
28 23 720
28 24 1088
28 25 1075
28 26 981
28 27 1017
28 29 600
28 30 570
28 31 295
28 32 856
28 33 603
28 34 863
28 35 786
28 36 423
28 37 742
28 38 560
28 39 720
28 40 262
28 41 630
28 42 918
28 43 383
28 44 398
28 45 723
28 46 999
28 47 962
28 48 806
28 49 735
28 50 205
28 51 562
28 52 936
28 53 731
28 54 784
28 55 768
28 56 746
28 57 46
28 58 594
28 59 245
28 60 736
28 61 457
28 62 760
28 63 733
28 64 900
28 65 210
28 66 736
28 67 322
28 68 998
28 69 895
28 70 1075
28 71 654
28 72 650
28 73 477
28 74 169
28 75 630
28 76 393
28 77 166
28 78 584
28 79 722
28 80 692
28 81 297
28 82 714
28 83 767
28 84 876
28 85 521
28 86 578
28 87 296
28 88 648
28 89 614
28 90 867
28 91 144
28 92 973
28 93 326
28 94 379
28 95 415
28 96 616
28 97 699
28 98 601
28 99 384
28 100 744
29 1 595
29 2 437
29 3 478
29 4 210
29 5 407
29 6 304
29 7 380
29 8 739
29 9 298
29 10 120
29 11 477
29 12 439
29 13 394
29 14 380
29 15 476
29 16 431
29 17 593
29 18 414
29 19 225
29 20 189
29 21 558
29 22 682
29 23 719
29 24 612
29 25 554
29 26 479
29 27 427
29 28 600
29 30 427
29 31 487
29 32 272
29 33 711
29 34 456
29 35 355
29 36 386
29 37 253
29 38 161
29 39 361
29 40 377
29 41 51
29 42 546
29 43 636
29 44 446
29 45 509
29 46 592
29 47 365
29 48 612
29 49 165
29 50 413
29 51 633
29 52 406
29 53 534
29 54 501
29 55 286
29 56 237
29 57 555
29 58 14
29 59 448
29 60 816
29 61 661
29 62 601
29 63 284
29 64 321
29 65 569
29 66 143
29 67 515
29 68 576
29 69 395
29 70 571
29 71 606
29 72 223
29 73 292
29 74 647
29 75 31
29 76 587
29 77 486
29 78 339
29 79 470
29 80 438
29 81 403
29 82 583
29 83 735
29 84 281
29 85 324
29 86 414
29 87 329
29 88 465
29 89 404
29 90 287
29 91 457
29 92 418
29 93 596
29 94 262
29 95 346
29 96 344
29 97 606
29 98 455
29 99 373
29 100 370
30 1 193
30 2 287
30 3 303
30 4 226
30 5 191
30 6 570
30 7 340
30 8 337
30 9 541
30 10 457
30 11 902
30 12 185
30 13 622
30 14 68
30 15 302
30 16 93
30 17 512
30 18 818
30 19 595
30 20 574
30 21 985
30 22 686
30 23 293
30 24 565
30 25 590
30 26 494
30 27 653
30 28 570
30 29 427
30 31 670
30 32 654
30 33 303
30 34 332
30 35 296
30 36 150
30 37 680
30 38 549
30 39 207
30 40 332
30 41 477
30 42 363
30 43 334
30 44 178
30 45 155
30 46 449
30 47 640
30 48 248
30 49 580
30 50 390
30 51 228
30 52 818
30 53 166
30 54 217
30 55 332
30 56 349
30 57 534
30 58 414
30 59 598
30 60 392
30 61 314
30 62 212
30 63 287
30 64 705
30 65 399
30 66 466
30 67 709
30 68 455
30 69 817
30 70 574
30 71 179
30 72 254
30 73 615
30 74 709
30 75 444
30 76 278
30 77 405
30 78 710
30 79 155
30 80 130
30 81 593
30 82 176
30 83 311
30 84 637
30 85 668
30 86 20
30 87 492
30 88 79
30 89 60
30 90 674
30 91 469
30 92 816
30 93 335
30 94 282
30 95 624
30 96 727
30 97 187
30 98 37
30 99 192
30 100 230
31 1 860
31 2 846
31 3 449
31 4 506
31 5 502
31 6 784
31 7 823
31 8 817
31 9 783
31 10 605
31 11 698
31 12 796
31 13 876
31 14 672
31 15 447
31 16 735
31 17 1047
31 18 751
31 19 669
31 20 629
31 21 729
31 22 1160
31 23 900
31 24 1077
31 25 1033
31 26 951
31 27 907
31 28 295
31 29 487
31 30 670
31 32 688
31 33 812
31 34 880
31 35 785
31 36 530
31 37 531
31 38 376
31 39 747
31 40 351
31 41 495
31 42 956
31 43 617
31 44 540
31 45 816
31 46 1023
31 47 836
31 48 916
31 49 569
31 50 306
31 51 752
31 52 720
31 53 832
31 54 853
31 55 739
31 56 700
31 57 275
31 58 488
31 59 75
31 60 946
31 61 683
31 62 880
31 63 718
31 64 722
31 65 449
31 66 627
31 67 41
31 68 1015
31 69 668
31 70 1045
31 71 809
31 72 634
31 73 244
31 74 213
31 75 512
31 76 605
31 77 348
31 78 325
31 79 798
31 80 763
31 81 87
31 82 841
31 83 939
31 84 723
31 85 268
31 86 670
31 87 186
31 88 744
31 89 693
31 90 693
31 91 246
31 92 769
31 93 555
31 94 395
31 95 169
31 96 356
31 97 841
31 98 706
31 99 487
31 100 767
32 1 788
32 2 549
32 3 748
32 4 464
32 5 672
32 6 184
32 7 460
32 8 984
32 9 210
32 10 198
32 11 300
32 12 600
32 13 253
32 14 594
32 15 746
32 16 628
32 17 610
32 18 169
32 19 61
32 20 85
32 21 391
32 22 620
32 23 936
32 24 602
32 25 504
32 26 472
32 27 271
32 28 856
32 29 272
32 30 654
32 31 688
32 33 953
32 34 546
32 35 463
32 36 646
32 37 191
32 38 314
32 39 518
32 40 647
32 41 231
32 42 635
32 43 902
32 44 708
32 45 691
32 46 645
32 47 188
32 48 781
32 49 123
32 50 680
32 51 875
32 52 181
32 53 718
32 54 655
32 55 383
32 56 338
32 57 812
32 58 282
32 59 670
32 60 1044
32 61 921
32 62 786
32 63 412
32 64 52
32 65 840
32 66 189
32 67 706
32 68 622
32 69 210
32 70 539
32 71 825
32 72 405
32 73 450
32 74 878
32 75 243
32 76 851
32 77 755
32 78 421
32 79 646
32 80 622
32 81 617
32 82 781
32 83 942
32 84 54
32 85 448
32 86 637
32 87 568
32 88 669
32 89 615
32 90 22
32 91 715
32 92 163
32 93 865
32 94 533
32 95 523
32 96 404
32 97 812
32 98 673
32 99 638
32 100 514
33 1 272
33 2 543
33 3 364
33 4 502
33 5 337
33 6 872
33 7 619
33 8 40
33 9 842
33 10 756
33 11 1187
33 12 436
33 13 919
33 14 368
33 15 365
33 16 359
33 17 740
33 18 1115
33 19 894
33 20 872
33 21 1265
33 22 926
33 23 144
33 24 799
33 25 851
33 26 761
33 27 949
33 28 603
33 29 711
33 30 303
33 31 812
33 32 953
33 34 584
33 35 580
33 36 337
33 37 960
33 38 807
33 39 491
33 40 471
33 41 762
33 42 576
33 43 224
33 44 292
33 45 347
33 46 660
33 47 942
33 48 350
33 49 872
33 50 507
33 51 79
33 52 1112
33 53 330
33 54 428
33 55 629
33 56 650
33 57 586
33 58 698
33 59 737
33 60 135
33 61 150
33 62 300
33 63 585
33 64 1004
33 65 394
33 66 767
33 67 851
33 68 675
33 69 1105
33 70 826
33 71 171
33 72 556
33 73 838
33 74 770
33 75 732
33 76 212
33 77 471
33 78 946
33 79 385
33 80 384
33 81 755
33 82 261
33 83 195
33 84 938
33 85 894
33 86 321
33 87 668
33 88 316
33 89 353
33 90 973
33 91 570
33 92 1114
33 93 278
33 94 499
33 95 823
33 96 968
33 97 220
33 98 292
33 99 367
33 100 510
34 1 328
34 2 46
34 3 616
34 4 378
34 5 499
34 6 388
34 7 87
34 8 623
34 9 354
34 10 395
34 11 843
34 12 152
34 13 392
34 14 276
34 15 615
34 16 243
34 17 184
34 18 710
34 19 491
34 20 493
34 21 933
34 22 355
34 23 498
34 24 234
34 25 268
34 26 179
34 27 414
34 28 863
34 29 456
34 30 332
34 31 880
34 32 546
34 33 584
34 35 102
34 36 452
34 37 662
34 38 616
34 39 143
34 40 602
34 41 488
34 42 92
34 43 664
34 44 500
34 45 238
34 46 144
34 47 440
34 48 280
34 49 537
34 50 662
34 51 524
34 52 726
34 53 258
34 54 161
34 55 176
34 56 228
34 57 821
34 58 447
34 59 819
34 60 617
34 61 637
34 62 310
34 63 174
34 64 587
34 65 719
34 66 388
34 67 916
34 68 137
34 69 751
34 70 246
34 71 415
34 72 250
34 73 738
34 74 977
34 75 451
34 76 609
34 77 701
34 78 795
34 79 200
34 80 209
34 81 794
34 82 332
34 83 481
34 84 506
34 85 777
34 86 315
34 87 695
34 88 278
34 89 273
34 90 567
34 91 738
34 92 698
34 93 666
34 94 501
34 95 777
34 96 799
34 97 374
34 98 318
34 99 484
34 100 120
35 1 352
35 2 88
35 3 553
35 4 289
35 5 437
35 6 322
35 7 47
35 8 618
35 9 289
35 10 300
35 11 755
35 12 154
35 13 348
35 14 231
35 15 552
35 16 222
35 17 265
35 18 630
35 19 406
35 20 404
35 21 845
35 22 410
35 23 518
35 24 303
35 25 301
35 26 204
35 27 375
35 28 786
35 29 355
35 30 296
35 31 785
35 32 463
35 33 580
35 34 102
35 36 391
35 37 566
35 38 515
35 39 91
35 40 524
35 41 387
35 42 192
35 43 626
35 44 446
35 45 252
35 46 242
35 47 384
35 48 326
35 49 442
35 50 583
35 51 512
35 52 644
35 53 277
35 54 197
35 55 81
35 56 131
35 57 743
35 58 345
35 59 726
35 60 635
35 61 609
35 62 341
35 63 72
35 64 508
35 65 659
35 66 294
35 67 820
35 68 231
35 69 664
35 70 293
35 71 419
35 72 152
35 73 637
35 74 891
35 75 350
35 76 569
35 77 628
35 78 693
35 79 207
35 80 197
35 81 699
35 82 350
35 83 510
35 84 428
35 85 675
35 86 277
35 87 601
35 88 265
35 89 237
35 90 485
35 91 656
35 92 621
35 93 619
35 94 415
35 95 677
35 96 698
35 97 389
35 98 294
35 99 417
35 100 71
36 1 332
36 2 408
36 3 164
36 4 183
36 5 47
36 6 604
36 7 438
36 8 359
36 9 580
36 10 453
36 11 857
36 12 319
36 13 671
36 14 181
36 15 163
36 16 234
36 17 636
36 18 798
36 19 590
36 20 562
36 21 932
36 22 799
36 23 385
36 24 684
36 25 692
36 26 595
36 27 704
36 28 423
36 29 386
36 30 150
36 31 530
36 32 646
36 33 337
36 34 452
36 35 391
36 37 629
36 38 471
36 39 312
36 40 184
36 41 436
36 42 499
36 43 261
36 44 64
36 45 304
36 46 582
36 47 675
36 48 395
36 49 551
36 50 242
36 51 260
36 52 792
36 53 314
36 54 361
36 55 400
36 56 398
36 57 386
36 58 374
36 59 456
36 60 457
36 61 276
36 62 354
36 63 357
36 64 697
36 65 268
36 66 469
36 67 570
36 68 584
36 69 778
36 70 683
36 71 283
36 72 291
36 73 508
36 74 560
36 75 411
36 76 207
36 77 258
36 78 613
36 79 299
36 80 270
36 81 457
36 82 313
36 83 417
36 84 641
36 85 564
36 86 156
36 87 359
36 88 228
36 89 192
36 90 664
36 91 321
36 92 801
36 93 237
36 94 165
36 95 504
36 96 634
36 97 312
36 98 184
36 99 44
36 100 337
37 1 845
37 2 654
37 3 693
37 4 460
37 5 643
37 6 357
37 7 578
37 8 986
37 9 375
37 10 268
37 11 229
37 12 677
37 13 438
37 14 632
37 15 690
37 16 680
37 17 761
37 18 221
37 19 208
37 20 184
37 21 306
37 22 796
37 23 972
37 24 762
37 25 675
37 26 628
37 27 459
37 28 742
37 29 253
37 30 680
37 31 531
37 32 191
37 33 960
37 34 662
37 35 566
37 36 629
37 38 185
37 39 596
37 40 576
37 41 204
37 42 754
37 43 865
37 44 685
37 45 755
37 46 782
37 47 377
37 48 856
37 49 127
37 50 593
37 51 882
37 52 195
37 53 781
37 54 738
37 55 487
37 56 436
37 57 701
37 58 266
37 59 527
37 60 1068
37 61 898
37 62 848
37 63 501
37 64 206
37 65 770
37 66 275
37 67 543
37 68 761
37 69 157
37 70 705
37 71 858
37 72 462
37 73 288
37 74 734
37 75 239
37 76 821
37 77 671
37 78 236
37 79 714
37 80 684
37 81 471
37 82 833
37 83 987
37 84 241
37 85 272
37 86 666
37 87 447
37 88 716
37 89 656
37 90 185
37 91 610
37 92 238
37 93 819
37 94 483
37 95 363
37 96 215
37 97 858
37 98 707
37 99 609
37 100 600
38 1 730
38 2 596
38 3 515
38 4 324
38 5 478
38 6 419
38 7 540
38 8 829
38 9 423
38 10 255
38 11 404
38 12 590
38 13 511
38 14 513
38 15 512
38 16 569
38 17 751
38 18 401
38 19 294
38 20 255
38 21 470
38 22 829
38 23 837
38 24 768
38 25 702
38 26 633
38 27 539
38 28 560
38 29 161
38 30 549
38 31 376
38 32 314
38 33 807
38 34 616
38 35 515
38 36 471
38 37 185
38 39 516
38 40 395
38 41 140
38 42 705
38 43 692
38 44 521
38 45 651
38 46 752
38 47 465
38 48 756
38 49 193
38 50 409
38 51 730
38 52 378
38 53 675
38 54 653
38 55 446
38 56 397
38 57 518
38 58 170
38 59 357
38 60 923
38 61 731
38 62 739
38 63 443
38 64 351
38 65 587
38 66 275
38 67 396
38 68 736
38 69 342
38 70 722
38 71 726
38 72 378
38 73 146
38 74 566
38 75 171
38 76 651
38 77 486
38 78 180
38 79 616
38 80 582
38 81 303
38 82 716
38 83 859
38 84 348
38 85 167
38 86 538
38 87 265
38 88 599
38 89 537
38 90 320
38 91 426
38 92 414
38 93 642
38 94 314
38 95 214
38 96 187
38 97 734
38 98 580
38 99 445
38 100 527
39 1 275
39 2 102
39 3 475
39 4 242
39 5 358
39 6 396
39 7 134
39 8 529
39 9 363
39 10 335
39 11 798
39 12 84
39 13 431
39 14 143
39 15 474
39 16 133
39 17 326
39 18 686
39 19 458
39 20 449
39 21 887
39 22 489
39 23 436
39 24 373
39 25 386
39 26 289
39 27 460
39 28 720
39 29 361
39 30 207
39 31 747
39 32 518
39 33 491
39 34 143
39 35 91
39 36 312
39 37 596
39 38 516
39 40 460
39 41 402
39 42 210
39 43 538
39 44 363
39 45 176
39 46 282
39 47 461
39 48 265
39 49 477
39 50 520
39 51 422
39 52 695
39 53 202
39 54 143
39 55 145
39 56 181
39 57 678
39 58 350
39 59 683
39 60 551
39 61 520
39 62 270
39 63 107
39 64 565
39 65 580
39 66 336
39 67 784
39 68 279
39 69 708
39 70 373
39 71 334
39 72 139
39 73 624
39 74 836
39 75 364
39 76 482
39 77 558
39 78 694
39 79 130
39 80 112
39 81 662
39 82 271
39 83 433
39 84 488
39 85 668
39 86 188
39 87 561
39 88 176
39 89 147
39 90 539
39 91 596
39 92 679
39 93 534
39 94 361
39 95 656
39 96 702
39 97 307
39 98 204
39 99 342
39 100 25
40 1 516
40 2 561
40 3 124
40 4 245
40 5 153
40 6 656
40 7 569
40 8 482
40 9 640
40 10 479
40 11 799
40 12 487
40 13 738
40 14 350
40 15 122
40 16 410
40 17 784
40 18 776
40 19 601
40 20 565
40 21 863
40 22 932
40 23 551
40 24 826
40 25 814
40 26 720
40 27 772
40 28 262
40 29 377
40 30 332
40 31 351
40 32 647
40 33 471
40 34 602
40 35 524
40 36 184
40 37 576
40 38 395
40 39 460
40 41 417
40 42 662
40 43 307
40 44 190
40 45 485
40 46 741
40 47 725
40 48 579
40 49 532
40 50 61
40 51 405
40 52 760
40 53 497
40 54 536
40 55 508
40 56 488
40 57 220
40 58 368
40 59 276
40 60 603
40 61 360
40 62 538
40 63 472
40 64 695
40 65 196
40 66 500
40 67 391
40 68 739
40 69 732
40 70 813
40 71 459
40 72 390
40 73 381
40 74 381
40 75 407
40 76 277
40 77 114
40 78 495
40 79 476
40 80 443
40 81 286
40 82 497
40 83 589
40 84 657
40 85 437
40 86 336
40 87 198
40 88 410
40 89 367
40 90 661
40 91 140
40 92 784
40 93 252
40 94 124
40 95 356
40 96 522
40 97 492
40 98 367
40 99 141
40 100 483
41 1 642
41 2 472
41 3 522
41 4 260
41 5 456
41 6 290
41 7 408
41 8 789
41 9 290
41 10 116
41 11 427
41 12 482
41 13 382
41 14 429
41 15 520
41 16 478
41 17 615
41 18 366
41 19 190
41 20 151
41 21 508
41 22 690
41 23 769
41 24 629
41 25 563
41 26 494
41 27 413
41 28 630
41 29 51
41 30 477
41 31 495
41 32 231
41 33 762
41 34 488
41 35 387
41 36 436
41 37 204
41 38 140
41 39 402
41 40 417
41 42 578
41 43 684
41 44 495
41 45 555
41 46 619
41 47 344
41 48 657
41 49 118
41 50 450
41 51 683
41 52 356
41 53 580
41 54 543
41 55 314
41 56 263
41 57 586
41 58 64
41 59 462
41 60 866
41 61 710
41 62 647
41 63 317
41 64 278
41 65 612
41 66 137
41 67 520
41 68 602
41 69 344
41 70 583
41 71 656
41 72 265
41 73 282
41 74 666
41 75 39
41 76 636
41 77 525
41 78 312
41 79 515
41 80 484
41 81 414
41 82 631
41 83 784
41 84 247
41 85 306
41 86 463
41 87 349
41 88 513
41 89 453
41 90 244
41 91 488
41 92 371
41 93 643
41 94 307
41 95 344
41 96 313
41 97 655
41 98 504
41 99 422
41 100 409
42 1 307
42 2 112
42 3 661
42 4 451
42 5 545
42 6 471
42 7 177
42 8 616
42 9 438
42 10 487
42 11 932
42 12 181
42 13 465
42 14 319
42 15 660
42 16 271
42 17 164
42 18 797
42 19 580
42 20 584
42 21 1023
42 22 351
42 23 473
42 24 224
42 25 294
42 26 224
42 27 483
42 28 918
42 29 546
42 30 363
42 31 956
42 32 635
42 33 576
42 34 92
42 35 192
42 36 499
42 37 754
42 38 705
42 39 210
42 40 662
42 41 578
42 43 686
42 44 539
42 45 236
42 46 87
42 47 519
42 48 241
42 49 628
42 50 723
42 51 526
42 52 815
42 53 248
42 54 155
42 55 268
42 56 319
42 57 879
42 58 536
42 59 893
42 60 589
42 61 650
42 62 283
42 63 263
42 64 674
42 65 761
42 66 479
42 67 993
42 68 100
42 69 841
42 70 261
42 71 406
42 72 333
42 73 823
42 74 1041
42 75 541
42 76 633
42 77 754
42 78 884
42 79 213
42 80 234
42 81 871
42 82 316
42 83 447
42 84 593
42 85 864
42 86 350
42 87 770
42 88 296
42 89 309
42 90 656
42 91 800
42 92 784
42 93 696
42 94 570
42 95 860
42 96 889
42 97 358
42 98 342
42 99 535
42 100 190
43 1 421
43 2 619
43 3 184
43 4 441
43 5 230
43 6 863
43 7 672
43 8 215
43 9 839
43 10 712
43 11 1092
43 12 514
43 13 929
43 14 396
43 15 186
43 16 422
43 17 842
43 18 1049
43 19 848
43 20 818
43 21 1161
43 22 1019
43 23 355
43 24 896
43 25 923
43 26 827
43 27 961
43 28 383
43 29 636
43 30 334
43 31 617
43 32 902
43 33 224
43 34 664
43 35 626
43 36 261
43 37 865
43 38 692
43 39 538
43 40 307
43 41 684
43 42 686
43 44 197
43 45 454
43 46 773
43 47 935
43 48 503
43 49 800
43 50 323
43 51 201
43 52 1039
43 53 449
43 54 533
43 55 649
43 56 654
43 57 371
43 58 624
43 59 545
43 60 354
43 61 75
43 62 450
43 63 605
43 64 953
43 65 176
43 66 728
43 67 654
43 68 782
43 69 1019
43 70 907
43 71 320
43 72 548
43 73 688
43 74 551
43 75 662
43 76 57
43 77 269
43 78 802
43 79 475
43 80 458
43 81 572
43 82 403
43 83 405
43 84 899
43 85 744
43 86 351
43 87 500
43 88 391
43 89 394
43 90 919
43 91 371
43 92 1054
43 93 62
43 94 383
43 95 658
43 96 828
43 97 374
43 98 348
43 99 264
43 100 562
44 1 338
44 2 455
44 3 126
44 4 245
44 5 45
44 6 667
44 7 493
44 8 310
44 9 643
44 10 516
44 11 913
44 12 359
44 13 734
44 14 225
44 15 126
44 16 269
44 17 683
44 18 859
44 19 653
44 20 624
44 21 987
44 22 851
44 23 361
44 24 734
44 25 746
44 26 650
44 27 767
44 28 398
44 29 446
44 30 178
44 31 540
44 32 708
44 33 292
44 34 500
44 35 446
44 36 64
44 37 685
44 38 521
44 39 363
44 40 190
44 41 495
44 42 539
44 43 197
44 45 328
44 46 624
44 47 738
44 48 409
44 49 611
44 50 239
44 51 221
44 52 851
44 53 334
44 54 395
44 55 460
44 56 460
44 57 365
44 58 434
44 59 466
44 60 420
44 61 215
44 62 363
44 63 416
44 64 759
44 65 222
44 66 532
44 67 580
44 68 629
44 69 836
44 70 736
44 71 271
44 72 353
44 73 546
44 74 546
44 75 471
44 76 144
44 77 235
44 78 654
44 79 332
44 80 306
44 81 474
44 82 319
44 83 399
44 84 704
44 85 602
44 86 190
44 87 382
44 88 254
44 89 231
44 90 726
44 91 314
44 92 862
44 93 175
44 94 209
44 95 534
44 96 677
44 97 308
44 98 206
44 99 77
44 100 388
45 1 101
45 2 198
45 3 454
45 4 337
45 5 345
45 6 570
45 7 283
45 8 387
45 9 537
45 10 503
45 11 965
45 12 98
45 13 599
45 14 147
45 15 454
45 16 85
45 17 397
45 18 859
45 19 631
45 20 619
45 21 1053
45 22 582
45 23 267
45 24 455
45 25 505
45 26 415
45 27 626
45 28 723
45 29 509
45 30 155
45 31 816
45 32 691
45 33 347
45 34 238
45 35 252
45 36 304
45 37 755
45 38 651
45 39 176
45 40 485
45 41 555
45 42 236
45 43 454
45 44 328
45 46 322
45 47 634
45 48 106
45 49 641
45 50 544
45 51 292
45 52 867
45 53 27
45 54 82
45 55 319
45 56 356
45 57 688
45 58 496
45 59 746
45 60 385
45 61 415
45 62 96
45 63 282
45 64 739
45 65 547
45 66 506
45 67 856
45 68 334
45 69 876
45 70 479
45 71 178
45 72 295
45 73 738
45 74 863
45 75 518
45 76 403
45 77 559
45 78 823
45 79 47
45 80 71
45 81 737
45 82 99
45 83 259
45 84 663
45 85 788
45 86 149
45 87 634
45 88 77
45 89 125
45 90 712
45 91 623
45 92 853
45 93 469
45 94 423
45 95 756
45 96 836
45 97 139
45 98 123
45 99 346
45 100 185
46 1 389
46 2 181
46 3 745
46 4 521
46 5 628
46 6 471
46 7 212
46 8 699
46 9 439
46 10 519
46 11 945
46 12 265
46 13 448
46 14 402
46 15 744
46 16 357
46 17 87
46 18 801
46 19 595
46 20 604
46 21 1036
46 22 273
46 23 551
46 24 147
46 25 237
46 26 192
46 27 461
46 28 999
46 29 592
46 30 449
46 31 1023
46 32 645
46 33 660
46 34 144
46 35 242
46 36 582
46 37 782
46 38 752
46 39 282
46 40 741
46 41 619
46 42 87
46 43 773
46 44 624
46 45 322
46 47 508
46 48 318
46 49 655
46 50 801
46 51 611
46 52 822
46 53 333
46 54 241
46 55 307
46 56 357
46 57 958
46 58 583
46 59 962
46 60 666
46 61 736
46 62 363
46 63 313
46 64 680
46 65 846
46 66 508
46 67 1059
46 68 28
46 69 855
46 70 197
46 71 490
46 72 392
46 73 877
46 74 1117
46 75 583
46 76 720
46 77 835
46 78 930
46 79 299
46 80 320
46 81 937
46 82 399
46 83 522
46 84 599
46 85 914
46 86 435
46 87 838
46 88 383
46 89 394
46 90 665
46 91 878
46 92 785
46 93 782
46 94 643
46 95 919
46 96 931
46 97 440
46 98 428
46 99 616
46 100 260
47 1 734
47 2 458
47 3 806
47 4 501
47 5 711
47 6 72
47 7 363
47 8 977
47 9 100
47 10 248
47 11 465
47 12 536
47 13 70
47 14 574
47 15 804
47 16 589
47 17 456
47 18 305
47 19 176
47 20 213
47 21 552
47 22 438
47 23 897
47 24 437
47 25 330
47 26 320
47 27 83
47 28 962
47 29 365
47 30 640
47 31 836
47 32 188
47 33 942
47 34 440
47 35 384
47 36 675
47 37 377
47 38 465
47 39 461
47 40 725
47 41 344
47 42 519
47 43 935
47 44 738
47 45 634
47 46 508
47 48 708
47 49 279
47 50 769
47 51 867
47 52 334
47 53 660
47 54 579
47 55 317
47 56 292
47 57 917
47 58 369
47 59 806
47 60 1012
47 61 939
47 62 724
47 63 359
47 64 198
47 65 908
47 66 227
47 67 859
47 68 482
47 69 382
47 70 369
47 71 792
47 72 392
47 73 609
47 74 1010
47 75 335
47 76 880
47 77 838
47 78 599
47 79 588
47 80 573
47 81 757
47 82 731
47 83 892
47 84 136
47 85 617
47 86 622
47 87 691
47 88 633
47 89 590
47 90 201
47 91 819
47 92 286
47 93 909
47 94 602
47 95 678
47 96 585
47 97 768
47 98 650
47 99 679
47 100 449
48 1 83
48 2 253
48 3 534
48 4 443
48 5 433
48 6 648
48 7 347
48 8 389
48 9 614
48 10 599
48 11 1062
48 12 182
48 13 666
48 14 252
48 15 534
48 16 190
48 17 403
48 18 950
48 19 722
48 20 713
48 21 1150
48 22 590
48 23 233
48 24 463
48 25 533
48 26 454
48 27 691
48 28 806
48 29 612
48 30 248
48 31 916
48 32 781
48 33 350
48 34 280
48 35 326
48 36 395
48 37 856
48 38 756
48 39 265
48 40 579
48 41 657
48 42 241
48 43 503
48 44 409
48 45 106
48 46 318
48 47 708
48 49 739
48 50 636
48 51 315
48 52 959
48 53 86
48 54 130
48 55 401
48 56 444
48 57 773
48 58 600
48 59 845
48 60 349
48 61 451
48 62 53
48 63 370
48 64 828
48 65 618
48 66 600
48 67 956
48 68 337
48 69 972
48 70 501
48 71 188
48 72 395
48 73 844
48 74 953
48 75 620
48 76 457
48 77 643
48 78 929
48 79 143
48 80 175
48 81 838
48 82 100
48 83 206
48 84 750
48 85 894
48 86 247
48 87 736
48 88 173
48 89 229
48 90 803
48 91 715
48 92 942
48 93 528
48 94 525
48 95 861
48 96 941
48 97 134
48 98 213
48 99 438
48 100 268
49 1 734
49 2 530
49 3 639
49 4 372
49 5 572
49 6 244
49 7 451
49 8 900
49 9 258
49 10 143
49 11 325
49 12 559
49 13 332
49 14 527
49 15 637
49 16 570
49 17 635
49 18 249
49 19 104
49 20 68
49 21 412
49 22 679
49 23 870
49 24 638
49 25 555
49 26 503
49 27 358
49 28 735
49 29 165
49 30 580
49 31 569
49 32 123
49 33 872
49 34 537
49 35 442
49 36 551
49 37 127
49 38 193
49 39 477
49 40 532
49 41 118
49 42 628
49 43 800
49 44 611
49 45 641
49 46 655
49 47 279
49 48 739
49 50 562
49 51 793
49 52 242
49 53 668
49 54 619
49 55 362
49 56 311
49 57 691
49 58 178
49 59 548
49 60 971
49 61 825
49 62 736
49 63 379
49 64 166
49 65 727
49 66 149
49 67 588
49 68 634
49 69 237
49 70 583
49 71 757
49 72 347
49 73 334
49 74 756
49 75 141
49 76 752
49 77 638
49 78 322
49 79 599
49 80 571
49 81 495
49 82 724
49 83 882
49 84 155
49 85 339
49 86 565
49 87 445
49 88 608
49 89 550
49 90 132
49 91 595
49 92 254
49 93 760
49 94 424
49 95 405
49 96 311
49 97 751
49 98 604
49 99 538
49 100 479
50 1 571
50 2 621
50 3 145
50 4 300
50 5 206
50 6 702
50 7 628
50 8 514
50 9 687
50 10 521
50 11 811
50 12 547
50 13 785
50 14 410
50 15 143
50 16 470
50 17 844
50 18 801
50 19 637
50 20 599
50 21 871
50 22 989
50 23 596
50 24 885
50 25 871
50 26 777
50 27 819
50 28 205
50 29 413
50 30 390
50 31 306
50 32 680
50 33 507
50 34 662
50 35 583
50 36 242
50 37 593
50 38 409
50 39 520
50 40 61
50 41 450
50 42 723
50 43 323
50 44 239
50 45 544
50 46 801
50 47 769
50 48 636
50 49 562
50 51 446
50 52 782
50 53 555
50 54 596
50 55 564
50 56 542
50 57 161
50 58 405
50 59 232
50 60 640
50 61 384
50 62 594
50 63 529
50 64 727
50 65 182
50 66 543
50 67 346
50 68 799
50 69 750
50 70 871
50 71 509
50 72 446
50 73 373
50 74 321
50 75 443
50 76 303
50 77 78
50 78 488
50 79 535
50 80 503
50 81 251
50 82 552
50 83 636
50 84 693
50 85 428
50 86 395
50 87 179
50 88 468
50 89 427
50 90 693
50 91 80
50 92 811
50 93 264
50 94 175
50 95 337
50 96 517
50 97 545
50 98 425
50 99 199
50 100 543
51 1 233
51 2 481
51 3 307
51 4 423
51 5 264
51 6 797
51 7 553
51 8 110
51 9 768
51 10 678
51 11 1108
51 12 374
51 13 847
51 14 294
51 15 308
51 16 291
51 17 688
51 18 1036
51 19 817
51 20 794
51 21 1187
51 22 873
51 23 160
51 24 746
51 25 791
51 26 699
51 27 878
51 28 562
51 29 633
51 30 228
51 31 752
51 32 875
51 33 79
51 34 524
51 35 512
51 36 260
51 37 882
51 38 730
51 39 422
51 40 405
51 41 683
51 42 526
51 43 201
51 44 221
51 45 292
51 46 611
51 47 867
51 48 315
51 49 793
51 50 446
51 52 1034
51 53 279
51 54 374
51 55 557
51 56 576
51 57 540
51 58 619
51 59 677
51 60 200
51 61 138
51 62 263
51 63 512
51 64 927
51 65 354
51 66 689
51 67 791
51 68 625
51 69 1026
51 70 769
51 71 128
51 72 480
51 73 765
51 74 725
51 75 653
51 76 171
51 77 419
51 78 872
51 79 324
51 80 320
51 81 691
51 82 218
51 83 207
51 84 861
51 85 821
51 86 246
51 87 601
51 88 250
51 89 280
51 90 895
51 91 513
51 92 1036
51 93 243
51 94 424
51 95 754
51 96 894
51 97 182
51 98 220
51 99 293
51 100 442
52 1 963
52 2 730
52 3 873
52 4 613
52 5 812
52 6 353
52 7 641
52 8 1141
52 9 384
52 10 365
52 11 132
52 12 778
52 13 403
52 14 762
52 15 871
52 16 800
52 17 781
52 18 40
52 19 239
52 20 248
52 21 219
52 22 771
52 23 1106
52 24 768
52 25 664
52 26 644
52 27 411
52 28 936
52 29 406
52 30 818
52 31 720
52 32 181
52 33 1112
52 34 726
52 35 644
52 36 792
52 37 195
52 38 378
52 39 695
52 40 760
52 41 356
52 42 815
52 43 1039
52 44 851
52 45 867
52 46 822
52 47 334
52 48 959
52 49 242
52 50 782
52 51 1034
52 53 893
52 54 834
52 55 563
52 56 517
52 57 895
52 58 418
52 59 720
52 60 1210
52 61 1066
52 62 962
52 63 591
52 64 143
52 65 955
52 66 361
52 67 729
52 68 798
52 69 66
52 70 702
52 71 993
52 72 576
52 73 478
52 74 926
52 75 382
52 76 991
52 77 859
52 78 407
52 79 822
52 80 797
52 81 663
52 82 955
52 83 1114
52 84 224
52 85 455
52 86 802
52 87 641
52 88 841
52 89 784
52 90 160
52 91 803
52 92 66
52 93 996
52 94 659
52 95 552
52 96 380
52 97 984
52 98 841
52 99 777
52 100 693
53 1 75
53 2 220
53 3 460
53 4 359
53 5 354
53 6 596
53 7 307
53 8 370
53 9 563
53 10 530
53 11 992
53 12 124
53 13 624
53 14 168
53 15 460
53 16 107
53 17 411
53 18 886
53 19 658
53 20 646
53 21 1079
53 22 597
53 23 243
53 24 469
53 25 524
53 26 436
53 27 651
53 28 731
53 29 534
53 30 166
53 31 832
53 32 718
53 33 330
53 34 258
53 35 277
53 36 314
53 37 781
53 38 675
53 39 202
53 40 497
53 41 580
53 42 248
53 43 449
53 44 334
53 45 27
53 46 333
53 47 660
53 48 86
53 49 668
53 50 555
53 51 279
53 52 893
53 54 99
53 55 345
53 56 383
53 57 696
53 58 521
53 59 761
53 60 361
53 61 406
53 62 69
53 63 309
53 64 766
53 65 549
53 66 533
53 67 872
53 68 347
53 69 903
53 70 497
53 71 159
53 72 321
53 73 760
53 74 874
53 75 543
53 76 399
53 77 567
53 78 846
53 79 73
53 80 98
53 81 754
53 82 75
53 83 233
53 84 689
53 85 810
53 86 163
53 87 652
53 88 89
53 89 144
53 90 739
53 91 634
53 92 879
53 93 467
53 94 440
53 95 776
53 96 859
53 97 117
53 98 131
53 99 357
53 100 212
54 1 168
54 2 127
54 3 519
54 4 356
54 5 406
54 6 519
54 7 219
54 8 467
54 9 485
54 10 477
54 11 939
54 12 63
54 13 539
54 14 186
54 15 519
54 16 128
54 17 315
54 18 823
54 19 595
54 20 589
54 21 1028
54 22 500
54 23 338
54 24 373
54 25 426
54 26 339
54 27 564
54 28 784
54 29 501
54 30 217
54 31 853
54 32 655
54 33 428
54 34 161
54 35 197
54 36 361
54 37 738
54 38 653
54 39 143
54 40 536
54 41 543
54 42 155
54 43 533
54 44 395
54 45 82
54 46 241
54 47 579
54 48 130
54 49 619
54 50 596
54 51 374
54 52 834
54 53 99
54 55 273
54 56 317
54 57 746
54 58 489
54 59 785
54 60 456
54 61 496
54 62 150
54 63 243
54 64 700
54 65 616
54 66 476
54 67 892
54 68 253
54 69 849
54 70 399
54 71 257
54 72 279
54 73 753
54 74 917
54 75 506
54 76 480
54 77 619
54 78 829
54 79 63
54 80 93
54 81 771
54 82 172
54 83 322
54 84 622
54 85 799
54 86 206
54 87 668
54 88 144
54 89 170
54 90 676
54 91 675
54 92 814
54 93 545
54 94 459
54 95 778
54 96 839
54 97 214
54 98 191
54 99 401
54 100 142
55 1 419
55 2 169
55 3 554
55 4 264
55 5 443
55 6 251
55 7 95
55 8 665
55 9 219
55 10 220
55 11 674
55 12 223
55 13 291
55 14 265
55 15 553
55 16 273
55 17 312
55 18 551
55 19 325
55 20 323
55 21 764
55 22 429
55 23 580
55 24 338
55 25 308
55 26 216
55 27 321
55 28 768
55 29 286
55 30 332
55 31 739
55 32 383
55 33 629
55 34 176
55 35 81
55 36 400
55 37 487
55 38 446
55 39 145
55 40 508
55 41 314
55 42 268
55 43 649
55 44 460
55 45 319
55 46 307
55 47 317
55 48 401
55 49 362
55 50 564
55 51 557
55 52 563
55 53 345
55 54 273
55 56 52
55 57 724
55 58 278
55 59 685
55 60 695
55 61 642
55 62 412
55 63 46
55 64 428
55 65 660
55 66 214
55 67 773
55 68 291
55 69 583
55 70 311
55 71 476
55 72 118
55 73 574
55 74 861
55 75 277
55 76 593
55 77 617
55 78 624
55 79 273
55 80 256
55 81 652
55 82 415
55 83 577
55 84 349
55 85 609
55 86 313
55 87 559
55 88 317
55 89 277
55 90 405
55 91 633
55 92 542
55 93 635
55 94 390
55 95 620
55 96 626
55 97 452
55 98 338
55 99 418
55 100 135
56 1 455
56 2 219
56 3 545
56 4 244
56 5 438
56 6 222
56 7 145
56 8 686
56 9 193
56 10 169
56 11 626
56 12 263
56 13 276
56 14 283
56 15 544
56 16 301
56 17 357
56 18 507
56 19 279
56 20 274
56 21 715
56 22 461
56 23 611
56 24 379
56 25 336
56 26 251
56 27 309
56 28 746
56 29 237
56 30 349
56 31 700
56 32 338
56 33 650
56 34 228
56 35 131
56 36 398
56 37 436
56 38 397
56 39 181
56 40 488
56 41 263
56 42 319
56 43 654
56 44 460
56 45 356
56 46 357
56 47 292
56 48 444
56 49 311
56 50 542
56 51 576
56 52 517
56 53 383
56 54 317
56 55 52
56 57 701
56 58 230
56 59 649
56 60 724
56 61 652
56 62 450
56 63 75
56 64 385
56 65 651
56 66 163
56 67 733
56 68 340
56 69 534
56 70 345
56 71 504
56 72 107
56 73 528
56 74 831
56 75 227
56 76 598
56 77 599
56 78 574
56 79 310
56 80 290
56 81 614
56 82 450
56 83 612
56 84 308
56 85 561
56 86 330
56 87 523
56 88 345
56 89 299
56 90 360
56 91 607
56 92 499
56 93 634
56 94 367
56 95 576
56 96 575
56 97 484
56 98 359
56 99 411
56 100 176
57 1 702
57 2 780
57 3 243
57 4 461
57 5 343
57 6 852
57 7 788
57 8 583
57 9 840
57 10 669
57 11 905
57 12 701
57 13 938
57 14 563
57 15 242
57 16 619
57 17 1003
57 18 918
57 19 775
57 20 736
57 21 953
57 22 1150
57 23 698
57 24 1046
57 25 1031
57 26 938
57 27 972
57 28 46
57 29 555
57 30 534
57 31 275
57 32 812
57 33 586
57 34 821
57 35 743
57 36 386
57 37 701
57 38 518
57 39 678
57 40 220
57 41 586
57 42 879
57 43 371
57 44 365
57 45 688
57 46 958
57 47 917
57 48 773
57 49 691
57 50 161
57 51 540
57 52 895
57 53 696
57 54 746
57 55 724
57 56 701
57 58 549
57 59 217
57 60 720
57 61 443
57 62 728
57 63 690
57 64 856
57 65 195
57 66 691
57 67 306
57 68 957
57 69 855
57 70 1031
57 71 627
57 72 607
57 73 440
57 74 186
57 75 585
57 76 375
57 77 130
57 78 550
57 79 685
57 80 654
57 81 266
57 82 683
57 83 743
57 84 832
57 85 487
57 86 542
57 87 255
57 88 612
57 89 577
57 90 823
57 91 99
57 92 931
57 93 311
57 94 335
57 95 381
57 96 581
57 97 670
57 98 566
57 99 346
57 100 702
58 1 582
58 2 427
58 3 467
58 4 197
58 5 395
58 6 307
58 7 371
58 8 725
58 9 300
58 10 123
58 11 490
58 12 427
58 13 397
58 14 367
58 15 465
58 16 417
58 17 587
58 18 426
58 19 234
58 20 199
58 21 571
58 22 678
58 23 706
58 24 607
58 25 550
58 26 474
58 27 429
58 28 594
58 29 14
58 30 414
58 31 488
58 32 282
58 33 698
58 34 447
58 35 345
58 36 374
58 37 266
58 38 170
58 39 350
58 40 368
58 41 64
58 42 536
58 43 624
58 44 434
58 45 496
58 46 583
58 47 369
58 48 600
58 49 178
58 50 405
58 51 619
58 52 418
58 53 521
58 54 489
58 55 278
58 56 230
58 57 549
58 59 447
58 60 802
58 61 648
58 62 588
58 63 274
58 64 332
58 65 560
58 66 145
58 67 517
58 68 568
58 69 408
58 70 566
58 71 593
58 72 211
58 73 298
58 74 645
58 75 40
58 76 575
58 77 478
58 78 349
58 79 457
58 80 426
58 81 404
58 82 570
58 83 722
58 84 290
58 85 332
58 86 400
58 87 326
58 88 452
58 89 391
58 90 298
58 91 451
58 92 430
58 93 585
58 94 252
58 95 350
58 96 354
58 97 593
58 98 441
58 99 361
58 100 359
59 1 787
59 2 784
59 3 375
59 4 442
59 5 428
59 6 750
59 7 766
59 8 743
59 9 745
59 10 567
59 11 711
59 12 729
59 13 841
59 14 602
59 15 373
59 16 665
59 17 990
59 18 748
59 19 644
59 20 604
59 21 751
59 22 1110
59 23 825
59 24 1022
59 25 984
59 26 899
59 27 873
59 28 245
59 29 448
59 30 598
59 31 75
59 32 670
59 33 737
59 34 819
59 35 726
59 36 456
59 37 527
59 38 357
59 39 683
59 40 276
59 41 462
59 42 893
59 43 545
59 44 466
59 45 746
59 46 962
59 47 806
59 48 845
59 49 548
59 50 232
59 51 677
59 52 720
59 53 761
59 54 785
59 55 685
59 56 649
59 57 217
59 58 447
59 60 872
59 61 610
59 62 808
59 63 661
59 64 707
59 65 380
59 66 589
59 67 115
59 68 955
59 69 672
59 70 993
59 71 734
59 72 576
59 73 244
59 74 209
59 75 475
59 76 531
59 77 276
59 78 344
59 79 729
59 80 695
59 81 57
59 82 768
59 83 864
59 84 700
59 85 282
59 86 598
59 87 126
59 88 673
59 89 623
59 90 676
59 91 174
59 92 764
59 93 483
59 94 327
59 95 175
59 96 376
59 97 767
59 98 633
59 99 413
59 100 704
60 1 289
60 2 581
60 3 498
60 4 608
60 5 463
60 6 945
60 7 668
60 8 141
60 9 913
60 10 847
60 11 1292
60 12 482
60 13 981
60 14 450
60 15 499
60 16 423
60 17 751
60 18 1209
60 19 984
60 20 965
60 21 1373
60 22 938
60 23 119
60 24 811
60 25 879
60 26 795
60 27 1009
60 28 736
60 29 816
60 30 392
60 31 946
60 32 1044
60 33 135
60 34 617
60 35 635
60 36 457
60 37 1068
60 38 923
60 39 551
60 40 603
60 41 866
60 42 589
60 43 354
60 44 420
60 45 385
60 46 666
60 47 1012
60 48 349
60 49 971
60 50 640
60 51 200
60 52 1210
60 53 361
60 54 456
60 55 695
60 56 724
60 57 720
60 58 802
60 59 872
60 61 280
60 62 309
60 63 653
60 64 1094
60 65 527
60 66 856
60 67 985
60 68 686
60 69 1208
60 70 848
60 71 220
60 72 640
60 73 963
60 74 903
60 75 834
60 76 347
60 77 606
60 78 1069
60 79 429
60 80 440
60 81 888
60 82 287
60 83 146
60 84 1023
60 85 1019
60 86 408
60 87 799
60 88 379
60 89 430
60 90 1064
60 91 704
60 92 1206
60 93 411
60 94 622
60 95 953
60 96 1091
60 97 247
60 98 371
60 99 491
60 100 566
61 1 368
61 2 593
61 3 240
61 4 457
61 5 256
61 6 868
61 7 654
61 8 141
61 9 841
61 10 727
61 11 1126
61 12 485
61 13 927
61 14 380
61 15 242
61 16 396
61 17 809
61 18 1073
61 19 865
61 20 837
61 21 1199
61 22 991
61 23 285
61 24 866
61 25 901
61 26 806
61 27 959
61 28 457
61 29 661
61 30 314
61 31 683
61 32 921
61 33 150
61 34 637
61 35 609
61 36 276
61 37 898
61 38 731
61 39 520
61 40 360
61 41 710
61 42 650
61 43 75
61 44 215
61 45 415
61 46 736
61 47 939
61 48 451
61 49 825
61 50 384
61 51 138
61 52 1066
61 53 406
61 54 496
61 55 642
61 56 652
61 57 443
61 58 648
61 59 610
61 60 280
61 62 398
61 63 597
61 64 972
61 65 249
61 66 741
61 67 721
61 68 748
61 69 1050
61 70 882
61 71 265
61 72 548
61 73 739
61 74 624
61 75 685
61 76 83
61 77 337
61 78 852
61 79 441
61 80 429
61 81 634
61 82 352
61 83 336
61 84 914
61 85 795
61 86 333
61 87 556
61 88 360
61 89 373
61 90 939
61 91 438
61 92 1076
61 93 133
61 94 418
61 95 715
61 96 877
61 97 319
61 98 320
61 99 290
61 100 542
62 1 30
62 2 276
62 3 487
62 4 420
62 5 390
62 6 661
62 7 368
62 8 339
62 9 628
62 10 598
62 11 1060
62 12 189
62 13 687
62 14 228
62 15 487
62 16 171
62 17 446
62 18 954
62 19 726
62 20 714
62 21 1147
62 22 633
62 23 191
62 24 506
62 25 570
62 26 487
62 27 712
62 28 760
62 29 601
62 30 212
62 31 880
62 32 786
62 33 300
62 34 310
62 35 341
62 36 354
62 37 848
62 38 739
62 39 270
62 40 538
62 41 647
62 42 283
62 43 450
62 44 363
62 45 96
62 46 363
62 47 724
62 48 53
62 49 736
62 50 594
62 51 263
62 52 962
62 53 69
62 54 150
62 55 412
62 56 450
62 57 728
62 58 588
62 59 808
62 60 309
62 61 398
62 63 376
62 64 833
62 65 569
62 66 601
62 67 920
62 68 381
62 69 971
62 70 540
62 71 135
62 72 389
62 73 819
62 74 909
62 75 611
62 76 405
62 77 598
62 78 908
62 79 141
62 80 166
62 81 804
62 82 48
62 83 172
62 84 757
62 85 871
62 86 214
62 87 703
62 88 143
62 89 204
62 90 807
62 91 673
62 92 947
62 93 477
62 94 493
62 95 832
62 96 923
62 97 81
62 98 176
62 99 398
62 100 277
63 1 381
63 2 155
63 3 513
63 4 230
63 5 401
63 6 292
63 7 106
63 8 621
63 9 260
63 10 236
63 11 697
63 12 189
63 13 335
63 14 220
63 15 512
63 16 231
63 17 330
63 18 581
63 19 353
63 20 346
63 21 786
63 22 461
63 23 540
63 24 363
63 25 343
63 26 249
63 27 366
63 28 733
63 29 284
63 30 287
63 31 718
63 32 412
63 33 585
63 34 174
63 35 72
63 36 357
63 37 501
63 38 443
63 39 107
63 40 472
63 41 317
63 42 263
63 43 605
63 44 416
63 45 282
63 46 313
63 47 359
63 48 370
63 49 379
63 50 529
63 51 512
63 52 591
63 53 309
63 54 243
63 55 46
63 56 75
63 57 690
63 58 274
63 59 661
63 60 653
63 61 597
63 62 376
63 64 459
63 65 619
63 66 234
63 67 752
63 68 301
63 69 606
63 70 342
63 71 434
63 72 86
63 73 565
63 74 831
63 75 280
63 76 548
63 77 579
63 78 622
63 79 236
63 80 217
63 81 631
63 82 376
63 83 538
63 84 382
63 85 603
63 86 268
63 87 535
63 88 275
63 89 233
63 90 434
63 91 600
63 92 573
63 93 591
63 94 357
63 95 607
63 96 627
63 97 412
63 98 294
63 99 377
63 100 102
64 1 837
64 2 592
64 3 798
64 4 515
64 5 723
64 6 211
64 7 502
64 8 1036
64 9 241
64 10 249
64 11 270
64 12 647
64 13 267
64 14 645
64 15 796
64 16 677
64 17 639
64 18 124
64 19 111
64 20 136
64 21 359
64 22 636
64 23 986
64 24 627
64 25 525
64 26 502
64 27 279
64 28 900
64 29 321
64 30 705
64 31 722
64 32 52
64 33 1004
64 34 587
64 35 508
64 36 697
64 37 206
64 38 351
64 39 565
64 40 695
64 41 278
64 42 674
64 43 953
64 44 759
64 45 739
64 46 680
64 47 198
64 48 828
64 49 166
64 50 727
64 51 927
64 52 143
64 53 766
64 54 700
64 55 428
64 56 385
64 57 856
64 58 332
64 59 707
64 60 1094
64 61 972
64 62 833
64 63 459
64 65 889
64 66 239
64 67 738
64 68 655
64 69 185
64 70 562
64 71 875
64 72 455
64 73 480
64 74 916
64 75 293
64 76 902
64 77 802
64 78 441
64 79 693
64 80 671
64 81 653
64 82 830
64 83 991
64 84 82
64 85 473
64 86 688
64 87 609
64 88 719
64 89 665
64 90 35
64 91 760
64 92 114
64 93 916
64 94 582
64 95 555
64 96 421
64 97 862
64 98 724
64 99 689
64 100 560
65 1 541
65 2 675
65 3 107
65 4 411
65 5 222
65 6 838
65 7 705
65 8 389
65 9 819
65 10 667
65 11 990
65 12 581
65 13 915
65 14 445
65 15 108
65 16 491
65 17 903
65 18 971
65 19 793
65 20 758
65 21 1052
65 22 1067
65 23 513
65 24 952
65 25 958
65 26 861
65 27 948
65 28 210
65 29 569
65 30 399
65 31 449
65 32 840
65 33 394
65 34 719
65 35 659
65 36 268
65 37 770
65 38 587
65 39 580
65 40 196
65 41 612
65 42 761
65 43 176
65 44 222
65 45 547
65 46 846
65 47 908
65 48 618
65 49 727
65 50 182
65 51 354
65 52 955
65 53 549
65 54 616
65 55 660
65 56 651
65 57 195
65 58 560
65 59 380
65 60 527
65 61 249
65 62 569
65 63 619
65 64 889
65 66 686
65 67 485
65 68 850
65 69 926
65 70 950
65 71 454
65 72 546
65 73 554
65 74 377
65 75 599
65 76 184
65 77 110
65 78 669
65 79 553
65 80 528
65 81 414
65 82 522
65 83 560
65 84 848
65 85 608
65 86 412
65 87 358
65 88 473
65 89 453
65 90 855
65 91 207
65 92 980
65 93 117
65 94 310
65 95 513
65 96 698
65 97 502
65 98 426
65 99 243
65 100 605
66 1 602
66 2 382
66 3 588
66 4 288
66 5 500
66 6 163
66 7 303
66 8 799
66 9 157
66 10 23
66 11 464
66 12 419
66 13 252
66 14 406
66 15 586
66 16 441
66 17 492
66 18 355
66 19 129
66 20 114
66 21 553
66 22 556
66 23 749
66 24 501
66 25 428
66 26 365
66 27 285
66 28 736
66 29 143
66 30 466
66 31 627
66 32 189
66 33 767
66 34 388
66 35 294
66 36 469
66 37 275
66 38 275
66 39 336
66 40 500
66 41 137
66 42 479
66 43 728
66 44 532
66 45 506
66 46 508
66 47 227
66 48 600
66 49 149
66 50 543
66 51 689
66 52 361
66 53 533
66 54 476
66 55 214
66 56 163
66 57 691
66 58 145
66 59 589
66 60 856
66 61 741
66 62 601
66 63 234
66 64 239
66 65 686
66 67 654
66 68 488
66 69 373
66 70 451
66 71 637
66 72 217
66 73 418
66 74 789
66 75 115
66 76 675
66 77 612
66 78 440
66 79 462
66 80 437
66 81 544
66 82 594
66 83 755
66 84 173
66 85 440
66 86 449
66 87 471
66 88 482
66 89 427
66 90 209
66 91 593
66 92 351
66 93 697
66 94 378
66 95 480
66 96 436
66 97 625
66 98 485
66 99 467
66 100 335
67 1 900
67 2 883
67 3 488
67 4 543
67 5 542
67 6 809
67 7 858
67 8 856
67 9 809
67 10 632
67 11 699
67 12 834
67 13 901
67 14 711
67 15 486
67 16 774
67 17 1082
67 18 761
67 19 690
67 20 650
67 21 726
67 22 1192
67 23 940
67 24 1110
67 25 1065
67 26 983
67 27 931
67 28 322
67 29 515
67 30 709
67 31 41
67 32 706
67 33 851
67 34 916
67 35 820
67 36 570
67 37 543
67 38 396
67 39 784
67 40 391
67 41 520
67 42 993
67 43 654
67 44 580
67 45 856
67 46 1059
67 47 859
67 48 956
67 49 588
67 50 346
67 51 791
67 52 729
67 53 872
67 54 892
67 55 773
67 56 733
67 57 306
67 58 517
67 59 115
67 60 985
67 61 721
67 62 920
67 63 752
67 64 738
67 65 485
67 66 654
67 68 1050
67 69 674
67 70 1077
67 71 849
67 72 669
67 73 258
67 74 220
67 75 539
67 76 643
67 77 385
67 78 327
67 79 837
67 80 802
67 81 123
67 82 881
67 83 979
67 84 743
67 85 274
67 86 709
67 87 224
67 88 784
67 89 732
67 90 710
67 91 284
67 92 780
67 93 593
67 94 434
67 95 184
67 96 358
67 97 881
67 98 745
67 99 526
67 100 804
68 1 406
68 2 178
68 3 747
68 4 514
68 5 630
68 6 446
68 7 197
68 8 715
68 9 414
68 10 500
68 11 921
68 12 271
68 13 421
68 14 405
68 15 747
68 16 363
68 17 66
68 18 776
68 19 572
68 20 582
68 21 1012
68 22 253
68 23 570
68 24 126
68 25 211
68 26 164
68 27 433
68 28 998
68 29 576
68 30 455
68 31 1015
68 32 622
68 33 675
68 34 137
68 35 231
68 36 584
68 37 761
68 38 736
68 39 279
68 40 739
68 41 602
68 42 100
68 43 782
68 44 629
68 45 334
68 46 28
68 47 482
68 48 337
68 49 634
68 50 799
68 51 625
68 52 798
68 53 347
68 54 253
68 55 291
68 56 340
68 57 957
68 58 568
68 59 955
68 60 686
68 61 748
68 62 381
68 63 301
68 64 655
68 65 850
68 66 488
68 67 1050
68 69 831
68 70 172
68 71 505
68 72 382
68 73 863
68 74 1114
68 75 566
68 76 728
68 77 836
68 78 913
68 79 308
68 80 326
68 81 929
68 82 415
68 83 542
68 84 575
68 85 900
68 86 440
68 87 830
68 88 391
68 89 398
68 90 641
68 91 875
68 92 760
68 93 789
68 94 638
68 95 907
68 96 914
68 97 457
68 98 436
68 99 617
68 100 256
69 1 970
69 2 751
69 3 849
69 4 604
69 5 795
69 6 392
69 7 665
69 8 1133
69 9 420
69 10 374
69 11 92
69 12 791
69 13 451
69 14 764
69 15 846
69 16 806
69 17 819
69 18 105
69 19 262
69 20 261
69 21 182
69 22 820
69 23 1107
69 24 810
69 25 709
69 26 682
69 27 461
69 28 895
69 29 395
69 30 817
69 31 668
69 32 210
69 33 1105
69 34 751
69 35 664
69 36 778
69 37 157
69 38 342
69 39 708
69 40 732
69 41 344
69 42 841
69 43 1019
69 44 836
69 45 876
69 46 855
69 47 382
69 48 972
69 49 237
69 50 750
69 51 1026
69 52 66
69 53 903
69 54 849
69 55 583
69 56 534
69 57 855
69 58 408
69 59 672
69 60 1208
69 61 1050
69 62 971
69 63 606
69 64 185
69 65 926
69 66 373
69 67 674
69 68 831
69 70 745
69 71 994
69 72 583
69 73 429
69 74 876
69 75 374
69 76 974
69 77 827
69 78 350
69 79 833
69 80 806
69 81 615
69 82 961
69 83 1118
69 84 260
69 85 401
69 86 802
69 87 601
69 88 845
69 89 787
69 90 191
69 91 765
69 92 131
69 93 974
69 94 637
69 95 502
69 96 321
69 97 988
69 98 841
69 99 761
69 100 708
70 1 563
70 2 290
70 3 845
70 4 572
70 5 729
70 6 356
70 7 246
70 8 865
70 9 331
70 10 469
70 11 831
70 12 397
70 13 301
70 14 514
70 15 843
70 16 487
70 17 114
70 18 674
70 19 500
70 20 521
70 21 920
70 22 119
70 23 731
70 24 72
70 25 45
70 26 95
70 27 303
70 28 1075
70 29 571
70 30 574
70 31 1045
70 32 539
70 33 826
70 34 246
70 35 293
70 36 683
70 37 705
70 38 722
70 39 373
70 40 813
70 41 583
70 42 261
70 43 907
70 44 736
70 45 479
70 46 197
70 47 369
70 48 501
70 49 583
70 50 871
70 51 769
70 52 702
70 53 497
70 54 399
70 55 311
70 56 345
70 57 1031
70 58 566
70 59 993
70 60 848
70 61 882
70 62 540
70 63 342
70 64 562
70 65 950
70 66 451
70 67 1077
70 68 172
70 69 745
70 71 656
70 72 427
70 73 862
70 74 1171
70 75 553
70 76 851
70 77 919
70 78 891
70 79 445
70 80 454
70 81 959
70 82 570
70 83 707
70 84 487
70 85 889
70 86 557
70 87 868
70 88 523
70 89 514
70 90 556
70 91 941
70 92 655
70 93 906
70 94 699
70 95 916
70 96 886
70 97 612
70 98 563
70 99 709
70 100 348
71 1 106
71 2 375
71 3 385
71 4 403
71 5 307
71 6 725
71 7 455
71 8 211
71 9 694
71 10 630
71 11 1080
71 12 270
71 13 764
71 14 232
71 15 385
71 16 204
71 17 569
71 18 991
71 19 765
71 20 747
71 21 1163
71 22 755
71 23 114
71 24 628
71 25 682
71 26 592
71 27 793
71 28 654
71 29 606
71 30 179
71 31 809
71 32 825
71 33 171
71 34 415
71 35 419
71 36 283
71 37 858
71 38 726
71 39 334
71 40 459
71 41 656
71 42 406
71 43 320
71 44 271
71 45 178
71 46 490
71 47 792
71 48 188
71 49 757
71 50 509
71 51 128
71 52 993
71 53 159
71 54 257
71 55 476
71 56 504
71 57 627
71 58 593
71 59 734
71 60 220
71 61 265
71 62 135
71 63 434
71 64 875
71 65 454
71 66 637
71 67 849
71 68 505
71 69 994
71 70 656
71 72 421
71 73 784
71 74 811
71 75 622
71 76 280
71 77 499
71 78 883
71 79 217
71 80 223
71 81 739
71 82 92
71 83 136
71 84 804
71 85 838
71 86 193
71 87 641
71 88 160
71 89 210
71 90 846
71 91 584
71 92 988
71 93 353
71 94 442
71 95 785
71 96 901
71 97 55
71 98 153
71 99 325
71 100 350
72 1 388
72 2 222
72 3 440
72 4 146
72 5 332
72 6 321
72 7 191
72 8 590
72 9 294
72 10 211
72 11 672
72 12 218
72 13 382
72 14 191
72 15 438
72 16 225
72 17 414
72 18 572
72 19 345
72 20 329
72 21 758
72 22 545
72 23 532
72 24 448
72 25 425
72 26 332
72 27 415
72 28 650
72 29 223
72 30 254
72 31 634
72 32 405
72 33 556
72 34 250
72 35 152
72 36 291
72 37 462
72 38 378
72 39 139
72 40 390
72 41 265
72 42 333
72 43 548
72 44 353
72 45 295
72 46 392
72 47 392
72 48 395
72 49 347
72 50 446
72 51 480
72 52 576
72 53 321
72 54 279
72 55 118
72 56 107
72 57 607
72 58 211
72 59 576
72 60 640
72 61 548
72 62 389
72 63 86
72 64 455
72 65 546
72 66 217
72 67 669
72 68 382
72 69 583
72 70 427
72 71 421
72 73 491
72 74 746
72 75 227
72 76 492
72 77 499
72 78 556
72 79 253
72 80 224
72 81 547
72 82 379
72 83 539
72 84 384
72 85 532
72 86 236
72 87 451
72 88 265
72 89 211
72 90 426
72 91 515
72 92 568
72 93 527
72 94 273
72 95 528
72 96 564
72 97 409
72 98 270
72 99 305
72 100 150
73 1 806
73 2 712
73 3 505
73 4 402
73 5 501
73 6 564
73 7 667
73 8 854
73 9 568
73 10 398
73 11 468
73 12 691
73 13 656
73 14 593
73 15 503
73 16 654
73 17 884
73 18 508
73 19 436
73 20 398
73 21 513
73 22 971
73 23 891
73 24 904
73 25 843
73 26 771
73 27 684
73 28 477
73 29 292
73 30 615
73 31 244
73 32 450
73 33 838
73 34 738
73 35 637
73 36 508
73 37 288
73 38 146
73 39 624
73 40 381
73 41 282
73 42 823
73 43 688
73 44 546
73 45 738
73 46 877
73 47 609
73 48 844
73 49 334
73 50 373
73 51 765
73 52 478
73 53 760
73 54 753
73 55 574
73 56 528
73 57 440
73 58 298
73 59 244
73 60 963
73 61 739
73 62 819
73 63 565
73 64 480
73 65 554
73 66 418
73 67 258
73 68 863
73 69 429
73 70 862
73 71 784
73 72 491
73 74 449
73 75 310
73 76 656
73 77 445
73 78 115
73 79 708
73 80 673
73 81 187
73 82 790
73 83 919
73 84 488
73 85 57
73 86 609
73 87 197
73 88 677
73 89 617
73 90 452
73 91 362
73 92 526
73 93 632
73 94 344
73 95 75
73 96 145
73 97 801
73 98 650
73 99 473
73 100 638
74 1 884
74 2 937
74 3 427
74 4 603
74 5 520
74 6 951
74 7 935
74 8 765
74 9 944
74 10 767
74 11 910
74 12 867
74 13 1041
74 14 731
74 15 426
74 16 790
74 17 1155
74 18 955
74 19 851
74 20 811
74 21 942
74 22 1290
74 23 883
74 24 1193
74 25 1166
74 26 1077
74 27 1074
74 28 169
74 29 647
74 30 709
74 31 213
74 32 878
74 33 770
74 34 977
74 35 891
74 36 560
74 37 734
74 38 566
74 39 836
74 40 381
74 41 666
74 42 1041
74 43 551
74 44 546
74 45 863
74 46 1117
74 47 1010
74 48 953
74 49 756
74 50 321
74 51 725
74 52 926
74 53 874
74 54 917
74 55 861
74 56 831
74 57 186
74 58 645
74 59 209
74 60 903
74 61 624
74 62 909
74 63 831
74 64 916
74 65 377
74 66 789
74 67 220
74 68 1114
74 69 876
74 70 1171
74 71 811
74 72 746
74 73 449
74 75 676
74 76 559
74 77 313
74 78 537
74 79 856
74 80 824
74 81 264
74 82 864
74 83 928
74 84 907
74 85 479
74 86 715
74 87 319
74 88 788
74 89 747
74 90 885
74 91 242
74 92 972
74 93 493
74 94 477
74 95 375
74 96 569
74 97 853
74 98 743
74 99 518
74 100 858
75 1 606
75 2 434
75 3 506
75 4 232
75 5 433
75 6 276
75 7 371
75 8 760
75 9 271
75 10 93
75 11 459
75 12 444
75 13 367
75 14 394
75 15 504
75 16 441
75 17 581
75 18 388
75 19 195
75 20 159
75 21 542
75 22 662
75 23 735
75 24 597
75 25 534
75 26 463
75 27 399
75 28 630
75 29 31
75 30 444
75 31 512
75 32 243
75 33 732
75 34 451
75 35 350
75 36 411
75 37 239
75 38 171
75 39 364
75 40 407
75 41 39
75 42 541
75 43 662
75 44 471
75 45 518
75 46 583
75 47 335
75 48 620
75 49 141
75 50 443
75 51 653
75 52 382
75 53 543
75 54 506
75 55 277
75 56 227
75 57 585
75 58 40
75 59 475
75 60 834
75 61 685
75 62 611
75 63 280
75 64 293
75 65 599
75 66 115
75 67 539
75 68 566
75 69 374
75 70 553
75 71 622
75 72 227
75 73 310
75 74 676
75 76 613
75 77 516
75 78 347
75 79 477
75 80 447
75 81 429
75 82 595
75 83 749
75 84 251
75 85 338
75 86 429
75 87 357
75 88 477
75 89 418
75 90 258
75 91 487
75 92 392
75 93 624
75 94 291
75 95 367
75 96 349
75 97 620
75 98 470
75 99 399
75 100 371
76 1 376
76 2 564
76 3 158
76 4 389
76 5 180
76 6 808
76 7 615
76 8 213
76 9 783
76 10 660
76 11 1048
76 12 460
76 13 873
76 14 340
76 15 160
76 16 367
76 17 787
76 18 1000
76 19 796
76 20 767
76 21 1120
76 22 964
76 23 329
76 24 841
76 25 867
76 26 770
76 27 906
76 28 393
76 29 587
76 30 278
76 31 605
76 32 851
76 33 212
76 34 609
76 35 569
76 36 207
76 37 821
76 38 651
76 39 482
76 40 277
76 41 636
76 42 633
76 43 57
76 44 144
76 45 403
76 46 720
76 47 880
76 48 457
76 49 752
76 50 303
76 51 171
76 52 991
76 53 399
76 54 480
76 55 593
76 56 598
76 57 375
76 58 575
76 59 531
76 60 347
76 61 83
76 62 405
76 63 548
76 64 902
76 65 184
76 66 675
76 67 643
76 68 728
76 69 974
76 70 851
76 71 280
76 72 492
76 73 656
76 74 559
76 75 613
76 77 260
76 78 769
76 79 421
76 80 403
76 81 553
76 82 358
76 83 377
76 84 847
76 85 713
76 86 295
76 87 474
76 88 338
76 89 338
76 90 869
76 91 360
76 92 1004
76 93 74
76 94 339
76 95 632
76 96 795
76 97 331
76 98 293
76 99 215
76 100 505
77 1 572
77 2 658
77 3 115
77 4 356
77 5 214
77 6 770
77 7 674
77 8 473
77 9 754
77 10 592
77 11 888
77 12 575
77 13 851
77 14 437
77 15 114
77 16 491
77 17 884
77 18 878
77 19 710
77 20 674
77 21 947
77 22 1037
77 23 575
77 24 929
77 25 922
77 26 827
77 27 885
77 28 166
77 29 486
77 30 405
77 31 348
77 32 755
77 33 471
77 34 701
77 35 628
77 36 258
77 37 671
77 38 486
77 39 558
77 40 114
77 41 525
77 42 754
77 43 269
77 44 235
77 45 559
77 46 835
77 47 838
77 48 643
77 49 638
77 50 78
77 51 419
77 52 859
77 53 567
77 54 619
77 55 617
77 56 599
77 57 130
77 58 478
77 59 276
77 60 606
77 61 337
77 62 598
77 63 579
77 64 802
77 65 110
77 66 612
77 67 385
77 68 836
77 69 827
77 70 919
77 71 499
77 72 499
77 73 445
77 74 313
77 75 516
77 76 260
77 78 560
77 79 557
77 80 527
77 81 307
77 82 553
77 83 618
77 84 767
77 85 499
77 86 413
77 87 249
77 88 483
77 89 449
77 90 768
77 91 102
77 92 887
77 93 208
77 94 237
77 95 404
77 96 590
77 97 541
77 98 437
77 99 220
77 100 582
78 1 897
78 2 775
78 3 619
78 4 489
78 5 610
78 6 566
78 7 718
78 8 964
78 9 577
78 10 423
78 11 374
78 12 766
78 13 654
78 14 681
78 15 617
78 16 740
78 17 926
78 18 442
78 19 424
78 20 389
78 21 408
78 22 993
78 23 992
78 24 940
78 25 867
78 26 804
78 27 679
78 28 584
78 29 339
78 30 710
78 31 325
78 32 421
78 33 946
78 34 795
78 35 693
78 36 613
78 37 236
78 38 180
78 39 694
78 40 495
78 41 312
78 42 884
78 43 802
78 44 654
78 45 823
78 46 930
78 47 599
78 48 929
78 49 322
78 50 488
78 51 872
78 52 407
78 53 846
78 54 829
78 55 624
78 56 574
78 57 550
78 58 349
78 59 344
78 60 1069
78 61 852
78 62 908
78 63 622
78 64 441
78 65 669
78 66 440
78 67 327
78 68 913
78 69 350
78 70 891
78 71 883
78 72 556
78 73 115
78 74 537
78 75 347
78 76 769
78 77 560
78 79 789
78 80 756
78 81 288
78 82 882
78 83 1018
78 84 467
78 85 63
78 86 702
78 87 312
78 88 766
78 89 705
78 90 419
78 91 475
78 92 463
78 93 746
78 94 448
78 95 170
78 96 33
78 97 897
78 98 743
78 99 580
78 100 705
79 1 147
79 2 158
79 3 457
79 4 308
79 5 344
79 6 524
79 7 239
79 8 424
79 9 491
79 10 460
79 11 922
79 12 54
79 13 554
79 14 127
79 15 456
79 16 66
79 17 369
79 18 814
79 19 586
79 20 575
79 21 1010
79 22 551
79 23 312
79 24 425
79 25 468
79 26 377
79 27 581
79 28 722
79 29 470
79 30 155
79 31 798
79 32 646
79 33 385
79 34 200
79 35 207
79 36 299
79 37 714
79 38 616
79 39 130
79 40 476
79 41 515
79 42 213
79 43 475
79 44 332
79 45 47
79 46 299
79 47 588
79 48 143
79 49 599
79 50 535
79 51 324
79 52 822
79 53 73
79 54 63
79 55 273
79 56 310
79 57 685
79 58 457
79 59 729
79 60 429
79 61 441
79 62 141
79 63 236
79 64 693
79 65 553
79 66 462
79 67 837
79 68 308
79 69 833
79 70 445
79 71 217
79 72 253
79 73 708
79 74 856
79 75 477
79 76 421
79 77 557
79 78 789
79 80 36
79 81 717
79 82 144
79 83 305
79 84 617
79 85 756
79 86 144
79 87 614
79 88 84
79 89 109
79 90 667
79 91 615
79 92 807
79 93 484
79 94 403
79 95 730
79 96 801
79 97 183
79 98 130
79 99 339
79 100 139
80 1 167
80 2 164
80 3 429
80 4 273
80 5 315
80 6 507
80 7 235
80 8 423
80 9 475
80 10 433
80 11 895
80 12 57
80 13 543
80 14 94
80 15 429
80 16 38
80 17 385
80 18 790
80 19 562
80 20 550
80 21 982
80 22 563
80 23 324
80 24 439
80 25 474
80 26 380
80 27 571
80 28 692
80 29 438
80 30 130
80 31 763
80 32 622
80 33 384
80 34 209
80 35 197
80 36 270
80 37 684
80 38 582
80 39 112
80 40 443
80 41 484
80 42 234
80 43 458
80 44 306
80 45 71
80 46 320
80 47 573
80 48 175
80 49 571
80 50 503
80 51 320
80 52 797
80 53 98
80 54 93
80 55 256
80 56 290
80 57 654
80 58 426
80 59 695
80 60 440
80 61 429
80 62 166
80 63 217
80 64 671
80 65 528
80 66 437
80 67 802
80 68 326
80 69 806
80 70 454
80 71 223
80 72 224
80 73 673
80 74 824
80 75 447
80 76 403
80 77 527
80 78 756
80 79 36
80 81 682
80 82 160
80 83 323
80 84 595
80 85 722
80 86 116
80 87 579
80 88 71
80 89 78
80 90 643
80 91 582
80 92 784
80 93 463
80 94 369
80 95 695
80 96 768
80 97 196
80 98 111
80 99 308
80 100 127
81 1 785
81 2 761
81 3 395
81 4 421
81 5 434
81 6 703
81 7 737
81 8 764
81 9 700
81 10 522
81 11 655
81 12 713
81 13 795
81 14 591
81 15 394
81 16 654
81 17 960
81 18 691
81 19 593
81 20 553
81 21 695
81 22 1074
81 23 835
81 24 990
81 25 947
81 26 864
81 27 826
81 28 297
81 29 403
81 30 593
81 31 87
81 32 617
81 33 755
81 34 794
81 35 699
81 36 457
81 37 471
81 38 303
81 39 662
81 40 286
81 41 414
81 42 871
81 43 572
81 44 474
81 45 737
81 46 937
81 47 757
81 48 838
81 49 495
81 50 251
81 51 691
81 52 663
81 53 754
81 54 771
81 55 652
81 56 614
81 57 266
81 58 404
81 59 57
81 60 888
81 61 634
81 62 804
81 63 631
81 64 653
81 65 414
81 66 544
81 67 123
81 68 929
81 69 615
81 70 959
81 71 739
81 72 547
81 73 187
81 74 264
81 75 429
81 76 553
81 77 307
81 78 288
81 79 717
81 80 682
81 82 767
81 83 871
81 84 648
81 85 226
81 86 592
81 87 103
81 88 666
81 89 613
81 90 622
81 91 208
81 92 708
81 93 512
81 94 314
81 95 119
81 96 320
81 97 768
81 98 629
81 99 415
81 100 681
82 1 20
82 2 295
82 3 442
82 4 394
82 5 347
82 6 666
82 7 382
82 8 300
82 9 634
82 10 590
82 11 1049
82 12 197
82 13 697
82 14 204
82 15 442
82 16 155
82 17 480
82 18 949
82 19 721
82 20 707
82 21 1135
82 22 667
82 23 169
82 24 539
82 25 597
82 26 510
82 27 725
82 28 714
82 29 583
82 30 176
82 31 841
82 32 781
82 33 261
82 34 332
82 35 350
82 36 313
82 37 833
82 38 716
82 39 271
82 40 497
82 41 631
82 42 316
82 43 403
82 44 319
82 45 99
82 46 399
82 47 731
82 48 100
82 49 724
82 50 552
82 51 218
82 52 955
82 53 75
82 54 172
82 55 415
82 56 450
82 57 683
82 58 570
82 59 768
82 60 287
82 61 352
82 62 48
82 63 376
82 64 830
82 65 522
82 66 594
82 67 881
82 68 415
82 69 961
82 70 570
82 71 92
82 72 379
82 73 790
82 74 864
82 75 595
82 76 358
82 77 553
82 78 882
82 79 144
82 80 160
82 81 767
82 83 163
82 84 755
82 85 842
82 86 182
82 87 666
82 88 119
82 89 180
82 90 802
82 91 630
82 92 944
82 93 429
82 94 458
82 95 800
82 96 898
82 97 42
82 98 141
82 99 357
82 100 283
83 1 159
83 2 448
83 3 505
83 4 536
83 5 438
83 6 828
83 7 539
83 8 225
83 9 795
83 10 749
83 11 1206
83 12 357
83 13 857
83 14 356
83 15 505
83 16 315
83 17 607
83 18 1110
83 19 882
83 20 867
83 21 1290
83 22 794
83 23 51
83 24 667
83 25 738
83 26 658
83 27 883
83 28 767
83 29 735
83 30 311
83 31 939
83 32 942
83 33 195
83 34 481
83 35 510
83 36 417
83 37 987
83 38 859
83 39 433
83 40 589
83 41 784
83 42 447
83 43 405
83 44 399
83 45 259
83 46 522
83 47 892
83 48 206
83 49 882
83 50 636
83 51 207
83 52 1114
83 53 233
83 54 322
83 55 577
83 56 612
83 57 743
83 58 722
83 59 864
83 60 146
83 61 336
83 62 172
83 63 538
83 64 991
83 65 560
83 66 755
83 67 979
83 68 542
83 69 1118
83 70 707
83 71 136
83 72 539
83 73 919
83 74 928
83 75 749
83 76 377
83 77 618
83 78 1018
83 79 305
83 80 323
83 81 871
83 82 163
83 84 917
83 85 973
83 86 323
83 87 775
83 88 274
83 89 333
83 90 963
83 91 709
83 92 1105
83 93 450
83 94 578
83 95 920
83 96 1036
83 97 131
83 98 281
83 99 458
83 100 444
84 1 761
84 2 512
84 3 753
84 4 459
84 5 670
84 6 132
84 7 421
84 8 971
84 9 161
84 10 188
84 11 348
84 12 570
84 13 200
84 14 575
84 15 751
84 16 604
84 17 560
84 18 205
84 19 58
84 20 97
84 21 438
84 22 567
84 23 914
84 24 551
84 25 452
84 26 423
84 27 219
84 28 876
84 29 281
84 30 637
84 31 723
84 32 54
84 33 938
84 34 506
84 35 428
84 36 641
84 37 241
84 38 348
84 39 488
84 40 657
84 41 247
84 42 593
84 43 899
84 44 704
84 45 663
84 46 599
84 47 136
84 48 750
84 49 155
84 50 693
84 51 861
84 52 224
84 53 689
84 54 622
84 55 349
84 56 308
84 57 832
84 58 290
84 59 700
84 60 1023
84 61 914
84 62 757
84 63 382
84 64 82
84 65 848
84 66 173
84 67 743
84 68 575
84 69 260
84 70 487
84 71 804
84 72 384
84 73 488
84 74 907
84 75 251
84 76 847
84 77 767
84 78 467
84 79 617
84 80 595
84 81 648
84 82 755
84 83 917
84 85 490
84 86 619
84 87 593
84 88 646
84 89 594
84 90 70
84 91 734
84 92 194
84 93 866
84 94 539
84 95 560
84 96 452
84 97 788
84 98 654
84 99 637
84 100 482
85 1 858
85 2 753
85 3 561
85 4 452
85 5 558
85 6 578
85 7 703
85 8 910
85 9 585
85 10 421
85 11 432
85 12 737
85 13 668
85 14 643
85 15 558
85 16 704
85 17 917
85 18 487
85 19 442
85 20 405
85 21 470
85 22 995
85 23 945
85 24 934
85 25 868
85 26 800
85 27 695
85 28 521
85 29 324
85 30 668
85 31 268
85 32 448
85 33 894
85 34 777
85 35 675
85 36 564
85 37 272
85 38 167
85 39 668
85 40 437
85 41 306
85 42 864
85 43 744
85 44 602
85 45 788
85 46 914
85 47 617
85 48 894
85 49 339
85 50 428
85 51 821
85 52 455
85 53 810
85 54 799
85 55 609
85 56 561
85 57 487
85 58 332
85 59 282
85 60 1019
85 61 795
85 62 871
85 63 603
85 64 473
85 65 608
85 66 440
85 67 274
85 68 900
85 69 401
85 70 889
85 71 838
85 72 532
85 73 57
85 74 479
85 75 338
85 76 713
85 77 499
85 78 63
85 79 756
85 80 722
85 81 226
85 82 842
85 83 973
85 84 490
85 86 661
85 87 251
85 88 728
85 89 668
85 90 448
85 91 413
85 92 507
85 93 687
85 94 399
85 95 108
85 96 95
85 97 854
85 98 702
85 99 529
85 100 681
86 1 198
86 2 270
86 3 314
86 4 215
86 5 200
86 6 552
86 7 322
86 8 356
86 9 522
86 10 440
86 11 887
86 12 170
86 13 602
86 14 49
86 15 313
86 16 80
86 17 496
86 18 802
86 19 577
86 20 558
86 21 970
86 22 670
86 23 306
86 24 549
86 25 572
86 26 476
86 27 634
86 28 578
86 29 414
86 30 20
86 31 670
86 32 637
86 33 321
86 34 315
86 35 277
86 36 156
86 37 666
86 38 538
86 39 188
86 40 336
86 41 463
86 42 350
86 43 351
86 44 190
86 45 149
86 46 435
86 47 622
86 48 247
86 49 565
86 50 395
86 51 246
86 52 802
86 53 163
86 54 206
86 55 313
86 56 330
86 57 542
86 58 400
86 59 598
86 60 408
86 61 333
86 62 214
86 63 268
86 64 688
86 65 412
86 66 449
86 67 709
86 68 440
86 69 802
86 70 557
86 71 193
86 72 236
86 73 609
86 74 715
86 75 429
86 76 295
86 77 413
86 78 702
86 79 144
86 80 116
86 81 592
86 82 182
86 83 323
86 84 619
86 85 661
86 87 490
86 88 75
86 89 43
86 90 657
86 91 474
86 92 799
86 93 351
86 94 280
86 95 619
86 96 718
86 97 196
86 98 43
86 99 197
86 100 211
87 1 684
87 2 660
87 3 318
87 4 320
87 5 340
87 6 632
87 7 641
87 8 680
87 9 626
87 10 448
87 11 653
87 12 611
87 13 723
87 14 489
87 15 316
87 16 552
87 17 864
87 18 665
87 19 536
87 20 496
87 21 705
87 22 984
87 23 740
87 24 896
87 25 859
87 26 773
87 27 755
87 28 296
87 29 329
87 30 492
87 31 186
87 32 568
87 33 668
87 34 695
87 35 601
87 36 359
87 37 447
87 38 265
87 39 561
87 40 198
87 41 349
87 42 770
87 43 500
87 44 382
87 45 634
87 46 838
87 47 691
87 48 736
87 49 445
87 50 179
87 51 601
87 52 641
87 53 652
87 54 668
87 55 559
87 56 523
87 57 255
87 58 326
87 59 126
87 60 799
87 61 556
87 62 703
87 63 535
87 64 609
87 65 358
87 66 471
87 67 224
87 68 830
87 69 601
87 70 868
87 71 641
87 72 451
87 73 197
87 74 319
87 75 357
87 76 474
87 77 249
87 78 312
87 79 614
87 80 579
87 81 103
87 82 666
87 83 775
87 84 593
87 85 251
87 86 490
87 88 564
87 89 510
87 90 577
87 91 167
87 92 678
87 93 441
87 94 212
87 95 159
87 96 342
87 97 669
87 98 528
87 99 318
87 100 581
88 1 132
88 2 234
88 3 379
88 4 278
88 5 269
88 6 566
88 7 304
88 8 354
88 9 534
88 10 476
88 11 933
88 12 126
88 13 606
88 14 87
88 15 379
88 16 45
88 17 451
88 18 837
88 19 609
88 20 593
88 21 1018
88 22 632
88 23 268
88 24 507
88 25 544
88 26 450
88 27 636
88 28 648
88 29 465
88 30 79
88 31 744
88 32 669
88 33 316
88 34 278
88 35 265
88 36 228
88 37 716
88 38 599
88 39 176
88 40 410
88 41 513
88 42 296
88 43 391
88 44 254
88 45 77
88 46 383
88 47 633
88 48 173
88 49 608
88 50 468
88 51 250
88 52 841
88 53 89
88 54 144
88 55 317
88 56 345
88 57 612
88 58 452
88 59 673
88 60 379
88 61 360
88 62 143
88 63 275
88 64 719
88 65 473
88 66 482
88 67 784
88 68 391
88 69 845
88 70 523
88 71 160
88 72 265
88 73 677
88 74 788
88 75 477
88 76 338
88 77 483
88 78 766
88 79 84
88 80 71
88 81 666
88 82 119
88 83 274
88 84 646
88 85 728
88 86 75
88 87 564
88 89 62
88 90 690
88 91 547
88 92 832
88 93 401
88 94 353
88 95 690
88 96 781
88 97 144
88 98 48
88 99 270
88 100 195
89 1 193
89 2 228
89 3 353
89 4 217
89 5 237
89 6 521
89 7 281
89 8 389
89 9 490
89 10 420
89 11 874
89 12 129
89 13 568
89 14 25
89 15 352
89 16 44
89 17 454
89 18 781
89 19 555
89 20 538
89 21 958
89 22 627
89 23 322
89 24 506
89 25 530
89 26 434
89 27 598
89 28 614
89 29 404
89 30 60
89 31 693
89 32 615
89 33 353
89 34 273
89 35 237
89 36 192
89 37 656
89 38 537
89 39 147
89 40 367
89 41 453
89 42 309
89 43 394
89 44 231
89 45 125
89 46 394
89 47 590
89 48 229
89 49 550
89 50 427
89 51 280
89 52 784
89 53 144
89 54 170
89 55 277
89 56 299
89 57 577
89 58 391
89 59 623
89 60 430
89 61 373
89 62 204
89 63 233
89 64 665
89 65 453
89 66 427
89 67 732
89 68 398
89 69 787
89 70 514
89 71 210
89 72 211
89 73 617
89 74 747
89 75 418
89 76 338
89 77 449
89 78 705
89 79 109
89 80 78
89 81 613
89 82 180
89 83 333
89 84 594
89 85 668
89 86 43
89 87 510
89 88 62
89 90 636
89 91 506
89 92 778
89 93 394
89 94 299
89 95 633
89 96 720
89 97 203
89 98 61
89 99 231
89 100 170
90 1 809
90 2 571
90 3 764
90 4 482
90 5 690
90 6 201
90 7 481
90 8 1004
90 9 229
90 10 218
90 11 280
90 12 622
90 13 267
90 14 615
90 15 762
90 16 649
90 17 629
90 18 148
90 19 82
90 20 103
90 21 371
90 22 635
90 23 957
90 24 620
90 25 521
90 26 491
90 27 283
90 28 867
90 29 287
90 30 674
90 31 693
90 32 22
90 33 973
90 34 567
90 35 485
90 36 664
90 37 185
90 38 320
90 39 539
90 40 661
90 41 244
90 42 656
90 43 919
90 44 726
90 45 712
90 46 665
90 47 201
90 48 803
90 49 132
90 50 693
90 51 895
90 52 160
90 53 739
90 54 676
90 55 405
90 56 360
90 57 823
90 58 298
90 59 676
90 60 1064
90 61 939
90 62 807
90 63 434
90 64 35
90 65 855
90 66 209
90 67 710
90 68 641
90 69 191
90 70 556
90 71 846
90 72 426
90 73 452
90 74 885
90 75 258
90 76 869
90 77 768
90 78 419
90 79 667
90 80 643
90 81 622
90 82 802
90 83 963
90 84 70
90 85 448
90 86 657
90 87 577
90 88 690
90 89 636
90 91 727
90 92 143
90 93 882
90 94 548
90 95 526
90 96 400
90 97 833
90 98 694
90 99 656
90 100 535
91 1 649
91 2 698
91 3 207
91 4 370
91 5 283
91 6 754
91 7 701
91 8 573
91 9 742
91 10 571
91 11 819
91 12 625
91 13 841
91 14 489
91 15 206
91 16 549
91 17 918
91 18 825
91 19 677
91 20 639
91 21 872
91 22 1060
91 23 667
91 24 959
91 25 940
91 26 847
91 27 874
91 28 144
91 29 457
91 30 469
91 31 246
91 32 715
91 33 570
91 34 738
91 35 656
91 36 321
91 37 610
91 38 426
91 39 596
91 40 140
91 41 488
91 42 800
91 43 371
91 44 314
91 45 623
91 46 878
91 47 819
91 48 715
91 49 595
91 50 80
91 51 513
91 52 803
91 53 634
91 54 675
91 55 633
91 56 607
91 57 99
91 58 451
91 59 174
91 60 704
91 61 438
91 62 673
91 63 600
91 64 760
91 65 207
91 66 593
91 67 284
91 68 875
91 69 765
91 70 941
91 71 584
91 72 515
91 73 362
91 74 242
91 75 487
91 76 360
91 77 102
91 78 475
91 79 615
91 80 582
91 81 208
91 82 630
91 83 709
91 84 734
91 85 413
91 86 474
91 87 167
91 88 547
91 89 506
91 90 727
91 92 837
91 93 310
91 94 243
91 95 312
91 96 506
91 97 622
91 98 504
91 99 278
91 100 619
92 1 951
92 2 705
92 3 893
92 4 620
92 5 825
92 6 315
92 7 613
92 8 1145
92 9 348
92 10 359
92 11 190
92 12 761
92 13 354
92 14 757
92 15 891
92 16 791
92 17 740
92 18 26
92 19 223
92 20 243
92 21 272
92 22 718
92 23 1099
92 24 723
92 25 615
92 26 602
92 27 358
92 28 973
92 29 418
92 30 816
92 31 769
92 32 163
92 33 1114
92 34 698
92 35 621
92 36 801
92 37 238
92 38 414
92 39 679
92 40 784
92 41 371
92 42 784
92 43 1054
92 44 862
92 45 853
92 46 785
92 47 286
92 48 942
92 49 254
92 50 811
92 51 1036
92 52 66
92 53 879
92 54 814
92 55 542
92 56 499
92 57 931
92 58 430
92 59 764
92 60 1206
92 61 1076
92 62 947
92 63 573
92 64 114
92 65 980
92 66 351
92 67 780
92 68 760
92 69 131
92 70 655
92 71 988
92 72 568
92 73 526
92 74 972
92 75 392
92 76 1004
92 77 887
92 78 463
92 79 807
92 80 784
92 81 708
92 82 944
92 83 1105
92 84 194
92 85 507
92 86 799
92 87 678
92 88 832
92 89 778
92 90 143
92 91 837
92 93 1014
92 94 677
92 95 600
92 96 437
92 97 975
92 98 836
92 99 790
92 100 674
93 1 448
93 2 621
93 3 129
93 4 410
93 5 199
93 6 838
93 7 665
93 8 273
93 9 815
93 10 679
93 11 1044
93 12 519
93 13 907
93 14 392
93 15 131
93 16 427
93 17 847
93 18 1008
93 19 813
93 20 781
93 21 1112
93 22 1020
93 23 402
93 24 899
93 25 918
93 26 822
93 27 940
93 28 326
93 29 596
93 30 335
93 31 555
93 32 865
93 33 278
93 34 666
93 35 619
93 36 237
93 37 819
93 38 642
93 39 534
93 40 252
93 41 643
93 42 696
93 43 62
93 44 175
93 45 469
93 46 782
93 47 909
93 48 528
93 49 760
93 50 264
93 51 243
93 52 996
93 53 467
93 54 545
93 55 635
93 56 634
93 57 311
93 58 585
93 59 483
93 60 411
93 61 133
93 62 477
93 63 591
93 64 916
93 65 117
93 66 697
93 67 593
93 68 789
93 69 974
93 70 906
93 71 353
93 72 527
93 73 632
93 74 493
93 75 624
93 76 74
93 77 208
93 78 746
93 79 484
93 80 463
93 81 512
93 82 429
93 83 450
93 84 866
93 85 687
93 86 351
93 87 441
93 88 401
93 89 394
93 90 882
93 91 310
93 92 1014
93 94 338
93 95 600
93 96 773
93 97 404
93 98 355
93 99 230
93 100 558
94 1 475
94 2 463
94 3 216
94 4 128
94 5 165
94 6 534
94 7 459
94 8 519
94 9 517
94 10 358
94 11 710
94 12 403
94 13 615
94 14 277
94 15 214
94 16 341
94 17 679
94 18 671
94 19 484
94 20 450
94 21 781
94 22 818
94 23 548
94 24 717
94 25 697
94 26 605
94 27 648
94 28 379
94 29 262
94 30 282
94 31 395
94 32 533
94 33 499
94 34 501
94 35 415
94 36 165
94 37 483
94 38 314
94 39 361
94 40 124
94 41 307
94 42 570
94 43 383
94 44 209
94 45 423
94 46 643
94 47 602
94 48 525
94 49 424
94 50 175
94 51 424
94 52 659
94 53 440
94 54 459
94 55 390
94 56 367
94 57 335
94 58 252
94 59 327
94 60 622
94 61 418
94 62 493
94 63 357
94 64 582
94 65 310
94 66 378
94 67 434
94 68 638
94 69 637
94 70 699
94 71 442
94 72 273
94 73 344
94 74 477
94 75 291
94 76 339
94 77 237
94 78 448
94 79 403
94 80 369
94 81 314
94 82 458
94 83 578
94 84 539
94 85 399
94 86 280
94 87 212
94 88 353
94 89 299
94 90 548
94 91 243
94 92 677
94 93 338
94 95 344
94 96 470
94 97 464
94 98 318
94 99 133
94 100 383
95 1 816
95 2 749
95 3 476
95 4 423
95 5 490
95 6 631
95 7 711
95 8 837
95 9 633
95 10 458
95 11 537
95 12 717
95 13 722
95 14 609
95 15 474
95 16 672
95 17 931
95 18 582
95 19 507
95 20 468
95 21 577
95 22 1028
95 23 888
95 24 955
95 25 900
95 26 824
95 27 752
95 28 415
95 29 346
95 30 624
95 31 169
95 32 523
95 33 823
95 34 777
95 35 677
95 36 504
95 37 363
95 38 214
95 39 656
95 40 356
95 41 344
95 42 860
95 43 658
95 44 534
95 45 756
95 46 919
95 47 678
95 48 861
95 49 405
95 50 337
95 51 754
95 52 552
95 53 776
95 54 778
95 55 620
95 56 576
95 57 381
95 58 350
95 59 175
95 60 953
95 61 715
95 62 832
95 63 607
95 64 555
95 65 513
95 66 480
95 67 184
95 68 907
95 69 502
95 70 916
95 71 785
95 72 528
95 73 75
95 74 375
95 75 367
95 76 632
95 77 404
95 78 170
95 79 730
95 80 695
95 81 119
95 82 800
95 83 920
95 84 560
95 85 108
95 86 619
95 87 159
95 88 690
95 89 633
95 90 526
95 91 312
95 92 600
95 93 600
95 94 344
95 96 202
95 97 807
95 98 659
95 99 465
95 100 672
96 1 912
96 2 780
96 3 646
96 4 504
96 5 633
96 6 555
96 7 720
96 8 987
96 9 567
96 10 420
96 11 342
96 12 776
96 13 642
96 14 695
96 15 643
96 16 753
96 17 925
96 18 415
96 19 410
96 20 378
96 21 376
96 22 986
96 23 1011
96 24 936
96 25 861
96 26 801
96 27 666
96 28 616
96 29 344
96 30 727
96 31 356
96 32 404
96 33 968
96 34 799
96 35 698
96 36 634
96 37 215
96 38 187
96 39 702
96 40 522
96 41 313
96 42 889
96 43 828
96 44 677
96 45 836
96 46 931
96 47 585
96 48 941
96 49 311
96 50 517
96 51 894
96 52 380
96 53 859
96 54 839
96 55 626
96 56 575
96 57 581
96 58 354
96 59 376
96 60 1091
96 61 877
96 62 923
96 63 627
96 64 421
96 65 698
96 66 436
96 67 358
96 68 914
96 69 321
96 70 886
96 71 901
96 72 564
96 73 145
96 74 569
96 75 349
96 76 795
96 77 590
96 78 33
96 79 801
96 80 768
96 81 320
96 82 898
96 83 1036
96 84 452
96 85 95
96 86 718
96 87 342
96 88 781
96 89 720
96 90 400
96 91 506
96 92 437
96 93 773
96 94 470
96 95 202
96 97 913
96 98 760
96 99 602
96 100 712
97 1 53
97 2 336
97 3 428
97 4 411
97 5 341
97 6 702
97 7 422
97 8 259
97 9 670
97 10 619
97 11 1076
97 12 236
97 13 736
97 14 227
97 15 428
97 16 185
97 17 521
97 18 980
97 19 752
97 20 737
97 21 1161
97 22 708
97 23 129
97 24 581
97 25 639
97 26 552
97 27 764
97 28 699
97 29 606
97 30 187
97 31 841
97 32 812
97 33 220
97 34 374
97 35 389
97 36 312
97 37 858
97 38 734
97 39 307
97 40 492
97 41 655
97 42 358
97 43 374
97 44 308
97 45 139
97 46 440
97 47 768
97 48 134
97 49 751
97 50 545
97 51 182
97 52 984
97 53 117
97 54 214
97 55 452
97 56 484
97 57 670
97 58 593
97 59 767
97 60 247
97 61 319
97 62 81
97 63 412
97 64 862
97 65 502
97 66 625
97 67 881
97 68 457
97 69 988
97 70 612
97 71 55
97 72 409
97 73 801
97 74 853
97 75 620
97 76 331
97 77 541
97 78 897
97 79 183
97 80 196
97 81 768
97 82 42
97 83 131
97 84 788
97 85 854
97 86 196
97 87 669
97 88 144
97 89 203
97 90 833
97 91 622
97 92 975
97 93 404
97 94 464
97 95 807
97 96 913
97 98 154
97 99 355
97 100 321
98 1 158
98 2 274
98 3 332
98 4 257
98 5 224
98 6 581
98 7 336
98 8 328
98 9 551
98 10 477
98 11 927
98 12 167
98 13 628
98 14 80
98 15 332
98 16 76
98 17 495
98 18 839
98 19 614
98 20 595
98 21 1011
98 22 673
98 23 266
98 24 549
98 25 581
98 26 486
98 27 658
98 28 601
98 29 455
98 30 37
98 31 706
98 32 673
98 33 292
98 34 318
98 35 294
98 36 184
98 37 707
98 38 580
98 39 204
98 40 367
98 41 504
98 42 342
98 43 348
98 44 206
98 45 123
98 46 428
98 47 650
98 48 213
98 49 604
98 50 425
98 51 220
98 52 841
98 53 131
98 54 191
98 55 338
98 56 359
98 57 566
98 58 441
98 59 633
98 60 371
98 61 320
98 62 176
98 63 294
98 64 724
98 65 426
98 66 485
98 67 745
98 68 436
98 69 841
98 70 563
98 71 153
98 72 270
98 73 650
98 74 743
98 75 470
98 76 293
98 77 437
98 78 743
98 79 130
98 80 111
98 81 629
98 82 141
98 83 281
98 84 654
98 85 702
98 86 43
98 87 528
98 88 48
98 89 61
98 90 694
98 91 504
98 92 836
98 93 355
98 94 318
98 95 659
98 96 760
98 97 154
98 99 226
98 100 225
99 1 375
99 2 440
99 3 137
99 4 180
99 5 35
99 6 609
99 7 464
99 8 386
99 9 586
99 10 450
99 11 837
99 12 356
99 13 680
99 14 217
99 15 136
99 16 274
99 17 667
99 18 786
99 19 585
99 20 554
99 21 911
99 22 827
99 23 424
99 24 714
99 25 716
99 26 619
99 27 714
99 28 384
99 29 373
99 30 192
99 31 487
99 32 638
99 33 367
99 34 484
99 35 417
99 36 44
99 37 609
99 38 445
99 39 342
99 40 141
99 41 422
99 42 535
99 43 264
99 44 77
99 45 346
99 46 616
99 47 679
99 48 438
99 49 538
99 50 199
99 51 293
99 52 777
99 53 357
99 54 401
99 55 418
99 56 411
99 57 346
99 58 361
99 59 413
99 60 491
99 61 290
99 62 398
99 63 377
99 64 689
99 65 243
99 66 467
99 67 526
99 68 617
99 69 761
99 70 709
99 71 325
99 72 305
99 73 473
99 74 518
99 75 399
99 76 215
99 77 220
99 78 580
99 79 339
99 80 308
99 81 415
99 82 357
99 83 458
99 84 637
99 85 529
99 86 197
99 87 318
99 88 270
99 89 231
99 90 656
99 91 278
99 92 790
99 93 230
99 94 133
99 95 465
99 96 602
99 97 355
99 98 226
99 100 366
100 1 286
100 2 80
100 3 500
100 4 262
100 5 383
100 6 385
100 7 112
100 8 548
100 9 352
100 10 336
100 11 799
100 12 89
100 13 416
100 14 167
100 15 499
100 16 152
100 17 302
100 18 682
100 19 455
100 20 448
100 21 887
100 22 464
100 23 449
100 24 348
100 25 362
100 26 265
100 27 444
100 28 744
100 29 370
100 30 230
100 31 767
100 32 514
100 33 510
100 34 120
100 35 71
100 36 337
100 37 600
100 38 527
100 39 25
100 40 483
100 41 409
100 42 190
100 43 562
100 44 388
100 45 185
100 46 260
100 47 449
100 48 268
100 49 479
100 50 543
100 51 442
100 52 693
100 53 212
100 54 142
100 55 135
100 56 176
100 57 702
100 58 359
100 59 704
100 60 566
100 61 542
100 62 277
100 63 102
100 64 560
100 65 605
100 66 335
100 67 804
100 68 256
100 69 708
100 70 348
100 71 350
100 72 150
100 73 638
100 74 858
100 75 371
100 76 505
100 77 582
100 78 705
100 79 139
100 80 127
100 81 681
100 82 283
100 83 444
100 84 482
100 85 681
100 86 211
100 87 581
100 88 195
100 89 170
100 90 535
100 91 619
100 92 674
100 93 558
100 94 383
100 95 672
100 96 712
100 97 321
100 98 225
100 99 366
