nnodes nedges type capacity P s t
100  4950  graph  1000 100 1 100 
nodename posx posy itemvalue itemweight
1 560 236 0 0
2 114 230 13 28
3 531 62 64 3
4 466 255 134 34
5 708 149 27 15
6 357 928 244 5
7 870 951 173 6
8 897 738 139 13
9 864 72 43 20
10 330 759 159 4
11 896 67 90 28
12 956 618 102 48
13 750 424 67 47
14 473 94 226 50
15 699 625 182 7
16 243 259 203 9
17 213 709 161 17
18 842 96 187 24
19 123 308 169 22
20 351 831 109 45
21 809 61 189 2
22 760 679 200 11
23 12 657 210 40
24 770 229 124 2
25 82 100 9 34
26 340 978 155 48
27 168 296 211 8
28 596 270 98 29
29 72 422 107 23
30 716 772 29 38
31 399 312 129 33
32 31 964 249 41
33 373 873 149 37
34 60 497 114 18
35 181 763 208 25
36 328 342 114 46
37 824 440 176 13
38 22 189 109 37
39 450 144 3 34
40 418 532 238 13
41 244 110 69 44
42 862 764 63 30
43 759 811 204 10
44 386 831 158 10
45 585 103 84 36
46 603 336 97 14
47 415 635 18 45
48 300 788 204 19
49 508 712 131 19
50 637 42 86 41
51 475 966 243 49
52 384 652 188 21
53 758 758 114 48
54 841 208 7 18
55 902 611 231 47
56 740 499 182 50
57 721 955 90 44
58 615 480 181 45
59 766 2 5 38
60 312 703 204 38
61 105 915 126 1
62 39 872 151 45
63 902 339 247 6
64 12 763 13 30
65 51 2 125 50
66 157 878 22 19
67 968 541 1 9
68 530 78 239 16
69 652 723 209 46
70 287 906 183 39
71 334 379 194 14
72 405 408 90 35
73 334 373 210 20
74 240 452 30 14
75 375 552 210 33
76 155 832 154 37
77 820 546 33 4
78 56 74 33 32
79 885 420 112 46
80 837 288 213 36
81 422 994 97 34
82 519 742 204 49
83 888 49 44 45
84 821 892 164 2
85 773 108 142 46
86 798 459 43 35
87 487 556 62 34
88 867 174 219 21
89 929 108 4 48
90 626 656 86 15
91 12 134 231 39
92 840 184 1 15
93 680 896 145 33
94 259 918 98 6
95 316 448 180 10
96 558 739 93 29
97 795 77 145 48
98 481 683 77 39
99 479 302 192 41
100 927 604 0 0
endpoint1 endpoint2 weight
1 2 447
1 3 177
1 4 96
1 5 172
1 6 722
1 7 780
1 8 605
1 9 346
1 10 572
1 11 377
1 12 551
1 13 268
1 14 167
1 15 414
1 16 318
1 17 587
1 18 315
1 19 443
1 20 631
1 21 305
1 22 487
1 23 692
1 24 211
1 25 497
1 26 774
1 27 397
1 28 50
1 29 523
1 30 559
1 31 179
1 32 900
1 33 664
1 34 565
1 35 650
1 36 256
1 37 334
1 38 541
1 39 144
1 40 329
1 41 341
1 42 609
1 43 609
1 44 620
1 45 136
1 46 109
1 47 425
1 48 611
1 49 479
1 50 209
1 51 735
1 52 452
1 53 559
1 54 283
1 55 508
1 56 319
1 57 737
1 58 251
1 59 312
1 60 529
1 61 818
1 62 823
1 63 358
1 64 761
1 65 561
1 66 759
1 67 510
1 68 161
1 69 496
1 70 724
1 71 268
1 72 232
1 73 265
1 74 387
1 75 367
1 76 721
1 77 405
1 78 530
1 79 374
1 80 282
1 81 771
1 82 508
1 83 378
1 84 707
1 85 249
1 86 327
1 87 329
1 88 314
1 89 391
1 90 426
1 91 558
1 92 285
1 93 671
1 94 746
1 95 324
1 96 504
1 97 284
1 98 454
1 99 105
1 100 520
2 1 447
2 3 450
2 4 353
2 5 600
2 6 740
2 7 1045
2 8 934
2 9 767
2 10 572
2 11 799
2 12 928
2 13 665
2 14 384
2 15 706
2 16 133
2 17 490
2 18 741
2 19 79
2 20 647
2 21 716
2 22 787
2 23 440
2 24 657
2 25 134
2 26 782
2 27 86
2 28 484
2 29 197
2 30 811
2 31 297
2 32 739
2 33 694
2 34 273
2 35 538
2 36 242
2 37 741
2 38 101
2 39 347
2 40 429
2 41 177
2 42 920
2 43 869
2 44 660
2 45 488
2 46 501
2 47 505
2 48 589
2 49 623
2 50 556
2 51 820
2 52 501
2 53 833
2 54 728
2 55 876
2 56 682
2 57 946
2 58 560
2 59 691
2 60 513
2 61 686
2 62 647
2 63 796
2 64 543
2 65 237
2 66 650
2 67 909
2 68 443
2 69 730
2 70 698
2 71 266
2 72 342
2 73 263
2 74 256
2 75 415
2 76 604
2 77 774
2 78 167
2 79 795
2 80 726
2 81 824
2 82 653
2 83 795
2 84 969
2 85 671
2 86 722
2 87 496
2 88 756
2 89 825
2 90 667
2 91 141
2 92 728
2 93 875
2 94 704
2 95 298
2 96 676
2 97 698
2 98 584
2 99 373
2 100 895
3 1 177
3 2 450
3 4 204
3 5 198
3 6 884
3 7 952
3 8 769
3 9 334
3 10 726
3 11 366
3 12 700
3 13 424
3 14 67
3 15 588
3 16 349
3 17 721
3 18 313
3 19 477
3 20 790
3 21 279
3 22 659
3 23 790
3 24 292
3 25 451
3 26 936
3 27 432
3 28 218
3 29 584
3 30 734
3 31 283
3 32 1032
3 33 827
3 34 642
3 35 784
3 36 346
3 37 479
3 38 525
3 39 116
3 40 484
3 41 291
3 42 777
3 43 783
3 44 783
3 45 68
3 46 284
3 47 585
3 48 762
3 49 651
3 50 108
3 51 906
3 52 609
3 53 733
3 54 343
3 55 663
3 56 485
3 57 913
3 58 427
3 59 243
3 60 678
3 61 954
3 62 948
3 63 464
3 64 873
3 65 484
3 66 898
3 67 649
3 68 17
3 69 672
3 70 879
3 71 374
3 72 369
3 73 369
3 74 487
3 75 515
3 76 857
3 77 564
3 78 476
3 79 504
3 80 381
3 81 939
3 82 681
3 83 358
3 84 880
3 85 247
3 86 479
3 87 496
3 88 355
3 89 401
3 90 602
3 91 524
3 92 333
3 93 848
3 94 899
3 95 442
3 96 678
3 97 265
3 98 624
3 99 246
3 100 672
4 1 96
4 2 353
4 3 204
4 5 265
4 6 682
4 7 805
4 8 648
4 9 439
4 10 523
4 11 470
4 12 610
4 13 331
4 14 162
4 15 438
4 16 224
4 17 520
4 18 409
4 19 348
4 20 588
4 21 395
4 22 516
4 23 607
4 24 306
4 25 415
4 26 734
4 27 301
4 28 131
4 29 428
4 30 575
4 31 88
4 32 832
4 33 625
4 34 473
4 35 583
4 36 164
4 37 403
4 38 449
4 39 113
4 40 282
4 41 266
4 42 645
4 43 629
4 44 582
4 45 194
4 46 160
4 47 384
4 48 559
4 49 459
4 50 274
4 51 712
4 52 406
4 53 582
4 54 378
4 55 563
4 56 367
4 57 745
4 58 270
4 59 393
4 60 474
4 61 753
4 62 751
4 63 445
4 64 682
4 65 487
4 66 696
4 67 578
4 68 189
4 69 504
4 70 676
4 71 182
4 72 165
4 73 178
4 74 300
4 75 311
4 76 656
4 77 459
4 78 449
4 79 451
4 80 373
4 81 741
4 82 490
4 83 470
4 84 730
4 85 341
4 86 390
4 87 302
4 88 410
4 89 486
4 90 432
4 91 470
4 92 381
4 93 676
4 94 695
4 95 245
4 96 493
4 97 375
4 98 429
4 99 49
4 100 579
5 1 172
5 2 600
5 3 198
5 4 265
5 6 855
5 7 819
5 8 619
5 9 174
5 10 718
5 11 206
5 12 531
5 13 279
5 14 242
5 15 477
5 16 478
5 17 748
5 18 145
5 19 607
5 20 770
5 21 134
5 22 533
5 23 862
5 24 102
5 25 628
5 26 908
5 27 560
5 28 165
5 29 693
5 30 624
5 31 350
5 32 1060
5 33 798
5 34 736
5 35 810
5 36 427
5 37 314
5 38 688
5 39 259
5 40 481
5 41 466
5 42 634
5 43 664
5 44 755
5 45 132
5 46 215
5 47 568
5 48 759
5 49 598
5 50 129
5 51 850
5 52 599
5 53 612
5 54 146
5 55 502
5 56 352
5 57 807
5 58 344
5 59 159
5 60 681
5 61 975
5 62 986
5 63 272
5 64 929
5 65 674
5 66 914
5 67 471
5 68 192
5 69 577
5 70 867
5 71 440
5 72 399
5 73 436
5 74 558
5 75 523
5 76 879
5 77 413
5 78 657
5 79 324
5 80 190
5 81 893
5 82 623
5 83 206
5 84 752
5 85 77
5 86 323
5 87 464
5 88 161
5 89 225
5 90 514
5 91 697
5 92 137
5 93 748
5 94 891
5 95 494
5 96 609
5 97 113
5 98 581
5 99 276
5 100 505
6 1 722
6 2 740
6 3 884
6 4 682
6 5 855
6 7 514
6 8 573
6 9 995
6 10 172
6 11 1016
6 12 675
6 13 640
6 14 843
6 15 457
6 16 679
6 17 263
6 18 964
6 19 663
6 20 98
6 21 978
6 22 474
6 23 439
6 24 812
6 25 873
6 26 53
6 27 660
6 28 701
6 29 581
6 30 392
6 31 618
6 32 328
6 33 58
6 34 524
6 35 242
6 36 587
6 37 676
6 38 812
6 39 790
6 40 401
6 41 826
6 42 531
6 43 419
6 44 102
6 45 856
6 46 642
6 47 299
6 48 152
6 49 264
6 50 930
6 51 124
6 52 278
6 53 436
6 54 868
6 55 631
6 56 576
6 57 365
6 58 517
6 59 1013
6 60 230
6 61 253
6 62 323
6 63 803
6 64 383
6 65 976
6 66 207
6 67 724
6 68 868
6 69 360
6 70 74
6 71 550
6 72 523
6 73 556
6 74 491
6 75 377
6 76 224
6 77 601
6 78 906
6 79 733
6 80 800
6 81 93
6 82 247
6 83 1027
6 84 466
6 85 920
6 86 644
6 87 395
6 88 911
6 89 1000
6 90 383
6 91 866
6 92 888
6 93 325
6 94 99
6 95 482
6 96 276
6 97 958
6 98 275
6 99 638
6 100 656
7 1 780
7 2 1045
7 3 952
7 4 805
7 5 819
7 6 514
7 8 215
7 9 880
7 10 574
7 11 885
7 12 344
7 13 541
7 14 945
7 15 369
7 16 934
7 17 701
7 18 856
7 19 986
7 20 533
7 21 893
7 22 294
7 23 907
7 24 729
7 25 1160
7 26 531
7 27 961
7 28 735
7 29 958
7 30 237
7 31 794
7 32 840
7 33 504
7 34 929
7 35 715
7 36 816
7 37 514
7 38 1141
7 39 910
7 40 617
7 41 1049
7 42 188
7 43 179
7 44 499
7 45 895
7 46 671
7 47 554
7 48 593
7 49 434
7 50 939
7 51 396
7 52 571
7 53 224
7 54 744
7 55 342
7 56 471
7 57 150
7 58 536
7 59 955
7 60 611
7 61 766
7 62 835
7 63 613
7 64 879
7 65 1254
7 66 717
7 67 422
7 68 937
7 69 316
7 70 585
7 71 784
7 72 715
7 73 789
7 74 804
7 75 636
7 76 725
7 77 409
7 78 1197
7 79 532
7 80 664
7 81 451
7 82 409
7 83 903
7 84 77
7 85 849
7 86 498
7 87 551
7 88 778
7 89 846
7 90 383
7 91 1185
7 92 768
7 93 198
7 94 612
7 95 749
7 96 378
7 97 878
7 98 473
7 99 758
7 100 352
8 1 605
8 2 934
8 3 769
8 4 648
8 5 619
8 6 573
8 7 215
8 9 667
8 10 568
8 11 672
8 12 134
8 13 347
8 14 772
8 15 228
8 16 811
8 17 685
8 18 645
8 19 886
8 20 554
8 21 683
8 22 150
8 23 889
8 24 525
8 25 1036
8 26 607
8 27 853
8 28 557
8 29 884
8 30 185
8 31 656
8 32 896
8 33 542
8 34 872
8 35 717
8 36 694
8 37 307
8 38 1033
8 39 744
8 40 522
8 41 906
8 42 44
8 43 157
8 44 520
8 45 708
8 46 499
8 47 493
8 48 600
8 49 390
8 50 743
8 51 480
8 52 521
8 53 141
8 54 533
8 55 128
8 56 286
8 57 280
8 58 383
8 59 748
8 60 587
8 61 812
8 62 869
8 63 400
8 64 886
8 65 1122
8 66 754
8 67 210
8 68 756
8 69 246
8 70 633
8 71 668
8 72 593
8 73 671
8 74 717
8 75 555
8 76 748
8 77 207
8 78 1072
8 79 319
8 80 454
8 81 540
8 82 379
8 83 690
8 84 172
8 85 643
8 86 297
8 87 449
8 88 565
8 89 631
8 90 284
8 91 1072
8 92 557
8 93 269
8 94 663
8 95 650
8 96 340
8 97 669
8 98 420
8 99 605
8 100 138
9 1 346
9 2 767
9 3 334
9 4 439
9 5 174
9 6 995
9 7 880
9 8 667
9 10 871
9 11 33
9 12 554
9 13 370
9 14 392
9 15 578
9 16 649
9 17 911
9 18 33
9 19 778
9 20 917
9 21 57
9 22 616
9 23 1034
9 24 183
9 25 783
9 26 1047
9 27 732
9 28 334
9 29 866
9 30 716
9 31 524
9 32 1221
9 33 940
9 34 910
9 35 972
9 36 601
9 37 371
9 38 851
9 39 421
9 40 641
9 41 622
9 42 693
9 43 747
9 44 897
9 45 281
9 46 372
9 47 721
9 48 912
9 49 733
9 50 229
9 51 975
9 52 753
9 53 695
9 54 138
9 55 541
9 56 445
9 57 895
9 58 478
9 59 121
9 60 839
9 61 1135
9 62 1150
9 63 270
9 64 1097
9 65 817
9 66 1073
9 67 481
9 68 335
9 69 685
9 70 1015
9 71 613
9 72 569
9 73 610
9 74 731
9 75 686
9 76 1040
9 77 477
9 78 809
9 79 349
9 80 218
9 81 1023
9 82 754
9 83 34
9 84 822
9 85 98
9 86 393
9 87 614
9 88 103
9 89 75
9 90 631
9 91 855
9 92 115
9 93 845
9 94 1041
9 95 665
9 96 734
9 97 70
9 98 722
9 99 449
9 100 536
10 1 572
10 2 572
10 3 726
10 4 523
10 5 718
10 6 172
10 7 574
10 8 568
10 9 871
10 11 894
10 12 642
10 13 538
10 14 681
10 15 393
10 16 508
10 17 128
10 18 838
10 19 497
10 20 75
10 21 847
10 22 438
10 23 334
10 24 689
10 25 705
10 26 220
10 27 491
10 28 557
10 29 425
10 30 387
10 31 453
10 32 363
10 33 122
10 34 377
10 35 150
10 36 418
10 37 589
10 38 648
10 39 627
10 40 244
10 41 655
10 42 533
10 43 433
10 44 92
10 45 704
10 46 504
10 47 151
10 48 42
10 49 185
10 50 780
10 51 253
10 52 120
10 53 429
10 54 752
10 55 591
10 56 486
10 57 438
10 58 399
10 59 874
10 60 59
10 61 274
10 62 313
10 63 710
10 64 319
10 65 807
10 66 210
10 67 675
10 68 710
10 69 325
10 70 154
10 71 381
10 72 359
10 73 387
10 74 320
10 75 212
10 76 190
10 77 535
10 78 738
10 79 651
10 80 693
10 81 253
10 82 190
10 83 904
10 84 509
10 85 788
10 86 556
10 87 257
10 88 795
10 89 885
10 90 314
10 91 702
10 92 769
10 93 376
10 94 175
10 95 312
10 96 229
10 97 826
10 98 170
10 99 481
10 100 617
11 1 377
11 2 799
11 3 366
11 4 470
11 5 206
11 6 1016
11 7 885
11 8 672
11 9 33
11 10 894
11 12 555
11 13 386
11 14 424
11 15 592
11 16 681
11 17 938
11 18 62
11 19 810
11 20 939
11 21 88
11 22 627
11 23 1063
11 24 206
11 25 815
11 26 1068
11 27 764
11 28 363
11 29 898
11 30 728
11 31 555
11 32 1247
11 33 961
11 34 941
11 35 998
11 36 632
11 37 380
11 38 883
11 39 453
11 40 667
11 41 654
11 42 698
11 43 757
11 44 919
11 45 314
11 46 398
11 47 745
11 48 936
11 49 753
11 50 261
11 51 993
11 52 778
11 53 705
11 54 152
11 55 545
11 56 460
11 57 906
11 58 500
11 59 146
11 60 864
11 61 1160
11 62 1176
11 63 273
11 64 1126
11 65 848
11 66 1098
11 67 480
11 68 367
11 69 700
11 70 1037
11 71 643
11 72 598
11 73 640
11 74 761
11 75 712
11 76 1066
11 77 485
11 78 841
11 79 354
11 80 229
11 81 1042
11 82 774
11 83 20
11 84 829
11 85 130
11 86 405
11 87 638
11 88 111
11 89 53
11 90 648
11 91 887
11 92 130
11 93 857
11 94 1064
11 95 694
11 96 753
11 97 102
11 98 743
11 99 479
11 100 538
12 1 551
12 2 928
12 3 700
12 4 610
12 5 531
12 6 675
12 7 344
12 8 134
12 9 554
12 10 642
12 11 555
12 13 283
12 14 713
12 15 258
12 16 799
12 17 749
12 18 535
12 19 889
12 20 642
12 21 577
12 22 206
12 23 945
12 24 432
12 25 1016
12 26 714
12 27 852
12 28 501
12 29 906
12 30 286
12 31 636
12 32 988
12 33 637
12 34 905
12 35 789
12 36 686
12 37 222
12 38 1028
12 39 694
12 40 545
12 41 875
12 42 174
12 43 276
12 44 609
12 45 635
12 46 452
12 47 542
12 48 678
12 49 458
12 50 659
12 51 594
12 52 574
12 53 243
12 54 426
12 55 55
12 56 247
12 57 411
12 58 368
12 59 645
12 60 650
12 61 902
12 62 952
12 63 285
12 64 956
12 65 1095
12 66 841
12 67 78
12 68 688
12 69 322
12 70 729
12 71 667
12 72 590
12 73 669
12 74 735
12 75 585
12 76 830
12 77 154
12 78 1052
12 79 211
12 80 351
12 81 654
12 82 455
12 83 574
12 84 306
12 85 542
12 86 225
12 87 474
12 88 453
12 89 511
12 90 333
12 91 1061
12 92 450
12 93 392
12 94 759
12 95 663
12 96 416
12 97 565
12 98 480
12 99 573
12 100 33
13 1 268
13 2 665
13 3 424
13 4 331
13 5 279
13 6 640
13 7 541
13 8 347
13 9 370
13 10 538
13 11 386
13 12 283
13 14 431
13 15 208
13 16 534
13 17 608
13 18 341
13 19 638
13 20 570
13 21 368
13 22 256
13 23 774
13 24 197
13 25 743
13 26 690
13 27 596
13 28 218
13 29 679
13 30 350
13 31 369
13 32 900
13 33 587
13 34 694
13 35 663
13 36 430
13 37 76
13 38 765
13 39 411
13 40 350
13 41 596
13 42 358
13 43 388
13 44 547
13 45 361
13 46 172
13 47 396
13 48 579
13 49 377
13 50 399
13 51 608
13 52 432
13 53 335
13 54 235
13 55 241
13 56 76
13 57 532
13 58 147
13 59 423
13 60 520
13 61 811
13 62 841
13 63 175
13 64 813
13 65 817
13 66 747
13 67 248
13 68 411
13 69 315
13 70 669
13 71 419
13 72 346
13 73 420
13 74 511
13 75 397
13 76 722
13 77 141
13 78 778
13 79 136
13 80 162
13 81 658
13 82 394
13 83 400
13 84 474
13 85 317
13 86 60
13 87 295
13 88 277
13 89 364
13 90 264
13 91 793
13 92 257
13 93 478
13 94 697
13 95 435
13 96 369
13 97 350
13 98 374
13 99 298
13 100 253
14 1 167
14 2 384
14 3 67
14 4 162
14 5 242
14 6 843
14 7 945
14 8 772
14 9 392
14 10 681
14 11 424
14 12 713
14 13 431
14 15 578
14 16 284
14 17 668
14 18 370
14 19 411
14 20 748
14 21 338
14 22 652
14 23 728
14 24 327
14 25 392
14 26 894
14 27 366
14 28 215
14 29 519
14 30 721
14 31 231
14 32 976
14 33 786
14 34 578
14 35 730
14 36 288
14 37 493
14 38 461
14 39 56
14 40 442
14 41 230
14 42 775
14 43 772
14 44 743
14 45 113
14 46 275
14 47 545
14 48 716
14 49 619
14 50 173
14 51 873
14 52 566
14 53 723
14 54 386
14 55 672
14 56 486
14 57 897
14 58 412
14 59 308
14 60 630
14 61 900
14 62 891
14 63 495
14 64 813
14 65 432
14 66 846
14 67 667
14 68 60
14 69 654
14 70 834
14 71 318
14 72 322
14 73 312
14 74 428
14 75 469
14 76 804
14 77 570
14 78 418
14 79 526
14 80 413
14 81 902
14 82 650
14 83 418
14 84 871
14 85 301
14 86 489
14 87 463
14 88 403
14 89 457
14 90 583
14 91 463
14 92 378
14 93 829
14 94 852
14 95 388
14 96 651
14 97 323
14 98 590
14 99 209
14 100 683
15 1 414
15 2 706
15 3 588
15 4 438
15 5 477
15 6 457
15 7 369
15 8 228
15 9 578
15 10 393
15 11 592
15 12 258
15 13 208
15 14 578
15 16 585
15 17 494
15 18 548
15 19 658
15 20 405
15 21 575
15 22 82
15 23 688
15 24 403
15 25 811
15 26 504
15 27 625
15 28 370
15 29 660
15 30 148
15 31 434
15 32 750
15 33 410
15 34 652
15 35 537
15 36 467
15 37 224
15 38 806
15 39 542
15 40 296
15 41 688
15 42 215
15 43 196
15 44 375
15 45 535
15 46 305
15 47 285
15 48 432
15 49 210
15 50 587
15 51 408
15 52 317
15 53 146
15 54 441
15 55 204
15 56 133
15 57 331
15 58 168
15 59 627
15 60 395
15 61 662
15 62 705
15 63 351
15 64 701
15 65 899
15 66 599
15 67 282
15 68 573
15 69 109
15 70 499
15 71 441
15 72 366
15 73 444
15 74 491
15 75 333
15 76 583
15 77 145
15 78 847
15 79 277
15 80 365
15 81 462
15 82 215
15 83 607
15 84 294
15 85 523
15 86 194
15 87 223
15 88 482
15 89 566
15 90 80
15 91 845
15 92 463
15 93 272
15 94 529
15 95 422
15 96 182
15 97 557
15 98 226
15 99 391
15 100 229
16 1 318
16 2 133
16 3 349
16 4 224
16 5 478
16 6 679
16 7 934
16 8 811
16 9 649
16 10 508
16 11 681
16 12 799
16 13 534
16 14 284
16 15 585
16 17 451
16 18 621
16 19 130
16 20 583
16 21 600
16 22 667
16 23 461
16 24 528
16 25 227
16 26 726
16 27 84
16 28 354
16 29 237
16 30 698
16 31 165
16 32 737
16 33 628
16 34 301
16 35 508
16 36 119
16 37 609
16 38 232
16 39 237
16 40 325
16 41 150
16 42 799
16 43 756
16 44 590
16 45 376
16 46 369
16 47 414
16 48 533
16 49 525
16 50 450
16 51 745
16 52 418
16 53 718
16 54 601
16 55 748
16 56 552
16 57 845
16 58 433
16 59 583
16 60 450
16 61 671
16 62 647
16 63 664
16 64 555
16 65 321
16 66 625
16 67 778
16 68 340
16 69 619
16 70 649
16 71 151
16 72 221
16 73 146
16 74 194
16 75 322
16 76 580
16 77 645
16 78 264
16 79 662
16 80 595
16 81 757
16 82 557
16 83 679
16 84 858
16 85 552
16 86 590
16 87 385
16 88 630
16 89 703
16 90 552
16 91 263
16 92 602
16 93 773
16 94 660
16 95 203
16 96 575
16 97 582
16 98 487
16 99 240
16 100 767
17 1 587
17 2 490
17 3 721
17 4 520
17 5 748
17 6 263
17 7 701
17 8 685
17 9 911
17 10 128
17 11 938
17 12 749
17 13 608
17 14 668
17 15 494
17 16 451
17 18 879
17 19 411
17 20 185
17 21 881
17 22 548
17 23 208
17 24 736
17 25 623
17 26 298
17 27 416
17 28 583
17 29 320
17 30 507
17 31 439
17 32 314
17 33 230
17 34 262
17 35 63
17 36 385
17 37 668
17 38 554
17 39 613
17 40 271
17 41 600
17 42 652
17 43 556
17 44 212
17 45 712
17 46 540
17 47 216
17 48 118
17 49 296
17 50 791
17 51 368
17 52 181
17 53 548
17 54 804
17 55 696
17 56 568
17 57 565
17 58 463
17 59 898
17 60 100
17 61 233
17 62 239
17 63 783
17 64 209
17 65 726
17 66 179
17 67 774
17 68 707
17 69 440
17 70 211
17 71 352
17 72 358
17 73 358
17 74 259
17 75 226
17 76 136
17 77 629
17 78 655
17 79 732
17 80 753
17 81 354
17 82 308
17 83 945
17 84 635
17 85 822
17 86 637
17 87 314
17 88 845
17 89 935
17 90 417
17 91 610
17 92 818
17 93 504
17 94 215
17 95 281
17 96 347
17 97 860
17 98 270
17 99 487
17 100 722
18 1 315
18 2 741
18 3 313
18 4 409
18 5 145
18 6 964
18 7 856
18 8 645
18 9 33
18 10 838
18 11 62
18 12 535
18 13 341
18 14 370
18 15 548
18 16 621
18 17 879
18 19 750
18 20 884
18 21 49
18 22 589
18 23 1002
18 24 152
18 25 761
18 26 1015
18 27 704
18 28 302
18 29 837
18 30 688
18 31 493
18 32 1188
18 33 908
18 34 879
18 35 940
18 36 570
18 37 345
18 38 826
18 39 395
18 40 609
18 41 599
18 42 669
18 43 720
18 44 865
18 45 258
18 46 339
18 47 688
18 48 879
18 49 701
18 50 212
18 51 945
18 52 721
18 53 668
18 54 113
18 55 519
18 56 416
18 57 868
18 58 447
18 59 121
18 60 806
18 61 1102
18 62 1117
18 63 251
18 64 1065
18 65 797
18 66 1040
18 67 463
18 68 313
18 69 656
18 70 982
18 71 582
18 72 537
18 73 579
18 74 700
18 75 653
18 76 1007
18 77 451
18 78 787
18 79 327
18 80 193
18 81 992
18 82 723
18 83 66
18 84 797
18 85 71
18 86 366
18 87 582
18 88 82
18 89 88
18 90 601
18 91 831
18 92 89
18 93 817
18 94 1008
18 95 633
18 96 703
18 97 51
18 98 690
18 99 418
18 100 516
19 1 443
19 2 79
19 3 477
19 4 348
19 5 607
19 6 663
19 7 986
19 8 886
19 9 778
19 10 497
19 11 810
19 12 889
19 13 638
19 14 411
19 15 658
19 16 130
19 17 411
19 18 750
19 20 571
19 21 730
19 22 738
19 23 367
19 24 652
19 25 213
19 26 705
19 27 47
19 28 475
19 29 125
19 30 753
19 31 277
19 32 663
19 33 618
19 34 200
19 35 459
19 36 208
19 37 714
19 38 157
19 39 366
19 40 371
19 41 233
19 42 869
19 43 811
19 44 586
19 45 506
19 46 481
19 47 439
19 48 512
19 49 559
19 50 579
19 51 747
19 52 432
19 53 779
19 54 725
19 55 836
19 56 646
19 57 882
19 58 522
19 59 713
19 60 438
19 61 608
19 62 571
19 63 780
19 64 469
19 65 315
19 66 572
19 67 877
19 68 468
19 69 673
19 70 621
19 71 223
19 72 300
19 73 221
19 74 186
19 75 351
19 76 525
19 77 737
19 78 244
19 79 771
19 80 715
19 81 749
19 82 588
19 83 808
19 84 911
19 85 681
19 86 692
19 87 441
19 88 756
19 89 831
19 90 612
19 91 207
19 92 728
19 93 810
19 94 625
19 95 239
19 96 613
19 97 711
19 98 519
19 99 357
19 100 857
20 1 631
20 2 647
20 3 790
20 4 588
20 5 770
20 6 98
20 7 533
20 8 554
20 9 917
20 10 75
20 11 939
20 12 642
20 13 570
20 14 748
20 15 405
20 16 583
20 17 185
20 18 884
20 19 571
20 21 896
20 22 437
20 23 382
20 24 734
20 25 779
20 26 148
20 27 566
20 28 613
20 29 496
20 30 370
20 31 522
20 32 347
20 33 48
20 34 443
20 35 184
20 36 490
20 37 614
20 38 722
20 39 695
20 40 307
20 41 729
20 42 516
20 43 409
20 44 35
20 45 765
20 46 556
20 47 207
20 48 67
20 49 198
20 50 840
20 51 184
20 52 183
20 53 414
20 54 793
20 55 594
20 56 512
20 57 391
20 58 440
20 59 928
20 60 134
20 61 260
20 62 315
20 63 739
20 64 346
20 65 882
20 66 200
20 67 682
20 68 774
20 69 320
20 70 99
20 71 453
20 72 427
20 73 459
20 74 395
20 75 281
20 76 197
20 77 549
20 78 813
20 79 674
20 80 729
20 81 178
20 82 191
20 83 949
20 84 474
20 85 838
20 86 582
20 87 307
20 88 836
20 89 926
20 90 326
20 91 776
20 92 812
20 93 336
20 94 127
20 95 385
20 96 227
20 97 876
20 98 197
20 99 545
20 100 620
21 1 305
21 2 716
21 3 279
21 4 395
21 5 134
21 6 978
21 7 893
21 8 683
21 9 57
21 10 847
21 11 88
21 12 577
21 13 368
21 14 338
21 15 575
21 16 600
21 17 881
21 18 49
21 19 730
21 20 896
21 22 620
21 23 996
21 24 173
21 25 729
21 26 1030
21 27 683
21 28 299
21 29 821
21 30 718
21 31 481
21 32 1192
21 33 922
21 34 867
21 35 942
21 36 558
21 37 380
21 38 798
21 39 369
21 40 613
21 41 568
21 42 705
21 43 752
21 44 879
21 45 228
21 46 344
21 47 697
21 48 888
21 49 718
21 50 174
21 51 965
21 52 728
21 53 699
21 54 151
21 55 558
21 56 444
21 57 899
21 58 462
21 59 74
21 60 812
21 61 1107
21 62 1119
21 63 294
21 64 1063
21 65 761
21 66 1046
21 67 506
21 68 280
21 69 681
21 70 994
21 71 572
21 72 533
21 73 569
21 74 691
21 75 656
21 76 1012
21 77 486
21 78 754
21 79 367
21 80 229
21 81 1011
21 82 741
21 83 80
21 84 832
21 85 60
21 86 399
21 87 591
21 88 128
21 89 129
21 90 623
21 91 801
21 92 127
21 93 845
21 94 1019
21 95 627
21 96 723
21 97 22
21 98 704
21 99 409
21 100 556
22 1 487
22 2 787
22 3 659
22 4 516
22 5 533
22 6 474
22 7 294
22 8 150
22 9 616
22 10 438
22 11 627
22 12 206
22 13 256
22 14 652
22 15 82
22 16 667
22 17 548
22 18 589
22 19 738
22 20 437
22 21 620
22 23 749
22 24 451
22 25 892
22 26 516
22 27 706
22 28 441
22 29 735
22 30 103
22 31 515
22 32 783
22 33 433
22 34 724
22 35 586
22 36 548
22 37 248
22 38 886
22 39 619
22 40 373
22 41 769
22 42 133
22 43 133
22 44 404
22 45 602
22 46 378
22 47 348
22 48 473
22 49 255
22 50 649
22 51 405
22 52 377
22 53 80
22 54 478
22 55 158
22 56 182
22 57 279
22 58 247
22 59 678
22 60 449
22 61 697
22 62 747
22 63 369
22 64 753
22 65 981
22 66 635
22 67 250
22 68 644
22 69 117
22 70 525
22 71 522
22 72 447
22 73 525
22 74 568
22 75 406
22 76 625
22 77 146
22 78 929
22 79 288
22 80 399
22 81 463
22 82 250
22 83 643
22 84 222
22 85 572
22 86 224
22 87 300
22 88 517
22 89 596
22 90 136
22 91 926
22 92 502
22 93 232
22 94 556
22 95 501
22 96 211
22 97 604
22 98 280
22 99 471
22 100 184
23 1 692
23 2 440
23 3 790
23 4 607
23 5 862
23 6 439
23 7 907
23 8 889
23 9 1034
23 10 334
23 11 1063
23 12 945
23 13 774
23 14 728
23 15 688
23 16 461
23 17 208
23 18 1002
23 19 367
23 20 382
23 21 996
23 22 749
23 24 871
23 25 562
23 26 459
23 27 394
23 28 701
23 29 243
23 30 714
23 31 519
23 32 308
23 33 421
23 34 168
23 35 200
23 36 447
23 37 841
23 38 469
23 39 675
23 40 425
23 41 595
23 42 857
23 43 763
23 44 413
23 45 798
23 46 673
23 47 404
23 48 317
23 49 500
23 50 877
23 51 557
23 52 373
23 53 753
23 54 943
23 55 892
23 56 745
23 57 770
23 58 629
23 59 999
23 60 304
23 61 275
23 62 217
23 63 946
23 64 106
23 65 657
23 66 265
23 67 964
23 68 777
23 69 644
23 70 371
23 71 426
23 72 466
23 73 430
23 74 307
23 75 378
23 76 226
23 77 816
23 78 585
23 79 905
23 80 904
23 81 531
23 82 515
23 83 1067
23 84 843
23 85 939
23 86 811
23 87 486
23 88 982
23 89 1069
23 90 615
23 91 523
23 92 954
23 93 710
23 94 360
23 95 369
23 96 553
23 97 975
23 98 470
23 99 587
23 100 917
24 1 211
24 2 657
24 3 292
24 4 306
24 5 102
24 6 812
24 7 729
24 8 525
24 9 183
24 10 689
24 11 206
24 12 432
24 13 197
24 14 327
24 15 403
24 16 528
24 17 736
24 18 152
24 19 652
24 20 734
24 21 173
24 22 451
24 23 871
24 25 700
24 26 864
24 27 606
24 28 179
24 29 725
24 30 546
24 31 381
24 32 1043
24 33 757
24 34 759
24 35 796
24 36 457
24 37 218
24 38 750
24 39 332
24 40 465
24 41 540
24 42 543
24 43 583
24 44 715
24 45 224
24 46 199
24 47 540
24 48 731
24 49 550
24 50 230
24 51 794
24 52 573
24 53 530
24 54 75
24 55 405
24 56 272
24 57 728
24 58 296
24 59 228
24 60 660
24 61 956
24 62 974
24 63 172
24 64 928
24 65 754
24 66 893
24 67 370
24 68 284
24 69 508
24 70 832
24 71 462
24 72 407
24 73 460
24 74 576
24 75 511
24 76 862
24 77 321
24 78 731
24 79 223
24 80 90
24 81 841
24 82 572
24 83 216
24 84 665
24 85 122
24 86 232
24 87 433
24 88 112
24 89 200
24 90 451
24 91 764
24 92 84
24 93 674
24 94 858
24 95 505
24 96 553
24 97 155
24 98 539
24 99 301
24 100 407
25 1 497
25 2 134
25 3 451
25 4 415
25 5 628
25 6 873
25 7 1160
25 8 1036
25 9 783
25 10 705
25 11 815
25 12 1016
25 13 743
25 14 392
25 15 811
25 16 227
25 17 623
25 18 761
25 19 213
25 20 779
25 21 729
25 22 892
25 23 562
25 24 700
25 26 916
25 27 215
25 28 542
25 29 323
25 30 924
25 31 382
25 32 866
25 33 826
25 34 398
25 35 671
25 36 346
25 37 817
25 38 108
25 39 371
25 40 548
25 41 163
25 42 1025
25 43 982
25 44 792
25 45 504
25 46 572
25 47 631
25 48 722
25 49 746
25 50 559
25 51 952
25 52 630
25 53 944
25 54 767
25 55 967
25 56 770
25 57 1068
25 58 655
25 59 691
25 60 646
25 61 816
25 62 774
25 63 855
25 64 667
25 65 103
25 66 782
25 67 990
25 68 449
25 69 845
25 70 832
25 71 376
25 72 447
25 73 372
25 74 386
25 75 539
25 76 736
25 77 863
25 78 37
25 79 865
25 80 779
25 81 957
25 82 777
25 83 808
25 84 1084
25 85 692
25 86 801
25 87 610
25 88 789
25 89 848
25 90 778
25 91 78
25 92 763
25 93 996
25 94 837
25 95 420
25 96 797
25 97 714
25 98 707
25 99 446
25 100 984
26 1 774
26 2 782
26 3 936
26 4 734
26 5 908
26 6 53
26 7 531
26 8 607
26 9 1047
26 10 220
26 11 1068
26 12 714
26 13 690
26 14 894
26 15 504
26 16 726
26 17 298
26 18 1015
26 19 705
26 20 148
26 21 1030
26 22 516
26 23 459
26 24 864
26 25 916
26 27 704
26 28 753
26 29 618
26 30 429
26 31 669
26 32 310
26 33 111
26 34 557
26 35 268
26 36 637
26 37 724
26 38 851
26 39 842
26 40 453
26 41 874
26 42 565
26 43 452
26 44 155
26 45 909
26 46 694
26 47 352
26 48 195
26 49 315
26 50 982
26 51 136
26 52 329
26 53 473
26 54 919
26 55 672
26 56 625
26 57 382
26 58 569
26 59 1065
26 60 277
26 61 244
26 62 320
26 63 851
26 64 393
26 65 1018
26 66 209
26 67 766
26 68 920
26 69 403
26 70 90
26 71 600
26 72 574
26 73 606
26 74 536
26 75 428
26 76 236
26 77 646
26 78 948
26 79 780
26 80 851
26 81 84
26 82 297
26 83 1079
26 84 489
26 85 972
26 86 693
26 87 447
26 88 962
26 89 1051
26 90 431
26 91 906
26 92 939
26 93 350
26 94 101
26 95 531
26 96 324
26 97 1010
26 98 327
26 99 691
26 100 697
27 1 397
27 2 86
27 3 432
27 4 301
27 5 560
27 6 660
27 7 961
27 8 853
27 9 732
27 10 491
27 11 764
27 12 852
27 13 596
27 14 366
27 15 625
27 16 84
27 17 416
27 18 704
27 19 47
27 20 566
27 21 683
27 22 706
27 23 394
27 24 606
27 25 215
27 26 704
27 28 429
27 29 159
27 30 726
27 31 232
27 32 682
27 33 613
27 34 229
27 35 468
27 36 167
27 37 672
27 38 182
27 39 321
27 40 344
27 41 201
27 42 838
27 43 784
27 44 578
27 45 460
27 46 437
27 47 420
27 48 510
27 49 538
27 50 534
27 51 737
27 52 417
27 53 750
27 54 679
27 55 799
27 56 607
27 57 861
27 58 484
27 59 667
27 60 432
27 61 623
27 62 591
27 63 736
27 64 493
27 65 317
27 66 583
27 67 837
27 68 423
27 69 646
27 70 622
27 71 186
27 72 263
27 73 183
27 74 172
27 75 330
27 76 537
27 77 699
27 78 249
27 79 728
27 80 670
27 81 743
27 82 568
27 83 762
27 84 885
27 85 634
27 86 651
27 87 412
27 88 710
27 89 784
27 90 583
27 91 225
27 92 682
27 93 789
27 94 629
27 95 213
27 96 591
27 97 665
27 98 498
27 99 312
27 100 820
28 1 50
28 2 484
28 3 218
28 4 131
28 5 165
28 6 701
28 7 735
28 8 557
28 9 334
28 10 557
28 11 363
28 12 501
28 13 218
28 14 215
28 15 370
28 16 354
28 17 583
28 18 302
28 19 475
28 20 613
28 21 299
28 22 441
28 23 701
28 24 179
28 25 542
28 26 753
28 27 429
28 29 546
28 30 517
28 31 202
28 32 895
28 33 643
28 34 583
28 35 645
28 36 278
28 37 285
28 38 580
28 39 193
28 40 317
28 41 387
28 42 562
28 43 566
28 44 600
28 45 168
28 46 67
28 47 408
28 48 597
28 49 451
28 50 232
28 51 707
28 52 437
28 53 515
28 54 253
28 55 459
28 56 271
28 57 697
28 58 211
28 59 318
28 60 518
28 61 811
28 62 821
28 63 314
28 64 765
28 65 608
28 66 750
28 67 461
28 68 204
28 69 457
28 70 708
28 71 284
28 72 236
28 73 282
28 74 400
28 75 359
28 76 715
28 77 356
28 78 575
28 79 326
28 80 242
28 81 745
28 82 479
28 83 367
28 84 662
28 85 240
28 86 277
28 87 307
28 88 288
28 89 371
28 90 388
28 91 600
28 92 259
28 93 632
28 94 731
28 95 332
28 96 471
28 97 278
28 98 429
28 99 122
28 100 471
29 1 523
29 2 197
29 3 584
29 4 428
29 5 693
29 6 581
29 7 958
29 8 884
29 9 866
29 10 425
29 11 898
29 12 906
29 13 679
29 14 519
29 15 660
29 16 237
29 17 320
29 18 837
29 19 125
29 20 496
29 21 821
29 22 735
29 23 243
29 24 725
29 25 323
29 26 618
29 27 159
29 28 546
29 30 733
29 31 346
29 32 544
29 33 543
29 34 76
29 35 358
29 36 269
29 37 753
29 38 239
29 39 470
29 40 364
29 41 357
29 42 861
29 43 790
29 44 516
29 45 605
29 46 538
29 47 404
29 48 432
29 49 524
29 50 681
29 51 678
29 52 388
29 53 764
29 54 799
29 55 852
29 56 673
29 57 840
29 58 547
29 59 812
29 60 370
29 61 495
29 62 452
29 63 835
29 64 347
29 65 421
29 66 464
29 67 904
29 68 573
29 69 654
29 70 530
29 71 266
29 72 334
29 73 267
29 74 171
29 75 330
29 76 419
29 77 759
29 78 349
29 79 814
29 80 777
29 81 671
29 82 550
29 83 898
29 84 885
29 85 769
29 86 727
29 87 437
29 88 833
29 89 913
29 90 602
29 91 295
29 92 805
29 93 771
29 94 531
29 95 246
29 96 581
29 97 802
29 98 486
29 99 425
29 100 875
30 1 559
30 2 811
30 3 734
30 4 575
30 5 624
30 6 392
30 7 237
30 8 185
30 9 716
30 10 387
30 11 728
30 12 286
30 13 350
30 14 721
30 15 148
30 16 698
30 17 507
30 18 688
30 19 753
30 20 370
30 21 718
30 22 103
30 23 714
30 24 546
30 25 924
30 26 429
30 27 726
30 28 517
30 29 733
30 31 559
30 32 712
30 33 358
30 34 712
30 35 536
30 36 580
30 37 350
30 38 907
30 39 683
30 40 383
30 41 814
30 42 147
30 43 59
30 44 336
30 45 682
30 46 451
30 47 331
30 48 417
30 49 217
30 50 735
30 51 310
30 52 354
30 53 45
30 54 578
30 55 247
30 56 275
30 57 184
30 58 309
30 59 772
30 60 410
30 61 628
30 62 685
30 63 472
30 64 705
30 65 1018
30 66 569
30 67 342
30 68 719
30 69 81
30 70 450
30 71 549
30 72 479
30 73 553
30 74 574
30 75 406
30 76 565
30 77 249
30 78 961
30 79 391
30 80 499
30 81 369
30 82 200
30 83 744
30 84 160
30 85 667
30 86 324
30 87 315
30 88 617
30 89 698
30 90 147
30 91 951
30 92 601
30 93 130
30 94 480
30 95 515
30 96 162
30 97 700
30 98 252
30 99 527
30 100 270
31 1 179
31 2 297
31 3 283
31 4 88
31 5 350
31 6 618
31 7 794
31 8 656
31 9 524
31 10 453
31 11 555
31 12 636
31 13 369
31 14 231
31 15 434
31 16 165
31 17 439
31 18 493
31 19 277
31 20 522
31 21 481
31 22 515
31 23 519
31 24 381
31 25 382
31 26 669
31 27 232
31 28 202
31 29 346
31 30 559
31 32 749
31 33 562
31 34 387
31 35 501
31 36 78
31 37 444
31 38 397
31 39 176
31 40 221
31 41 255
31 42 648
31 43 616
31 44 520
31 45 280
31 46 206
31 47 324
31 48 487
31 49 415
31 50 360
31 51 659
31 52 341
31 53 573
31 54 455
31 55 586
31 56 389
31 57 720
31 58 274
31 59 481
31 60 401
31 61 671
31 62 666
31 63 504
31 64 595
31 65 467
31 66 616
31 67 614
31 68 269
31 69 483
31 70 605
31 71 94
31 72 97
31 73 90
31 74 212
31 75 242
31 76 575
31 77 482
31 78 418
31 79 498
31 80 439
31 81 683
31 82 447
31 83 556
31 84 718
31 85 427
31 86 426
31 87 260
31 88 488
31 89 568
31 90 413
31 91 426
31 92 460
31 93 649
31 94 622
31 95 160
31 96 456
31 97 461
31 98 380
31 99 81
31 100 604
32 1 900
32 2 739
32 3 1032
32 4 832
32 5 1060
32 6 328
32 7 840
32 8 896
32 9 1221
32 10 363
32 11 1247
32 12 988
32 13 900
32 14 976
32 15 750
32 16 737
32 17 314
32 18 1188
32 19 663
32 20 347
32 21 1192
32 22 783
32 23 308
32 24 1043
32 25 866
32 26 310
32 27 682
32 28 895
32 29 544
32 30 712
32 31 749
32 33 354
32 34 468
32 35 251
32 36 690
32 37 951
32 38 776
32 39 921
32 40 580
32 41 881
32 42 855
32 43 744
32 44 380
32 45 1024
32 46 850
32 47 506
32 48 322
32 49 540
32 50 1104
32 51 445
32 52 472
32 53 756
32 54 1108
32 55 940
32 56 848
32 57 691
32 58 759
32 59 1211
32 60 384
32 61 89
32 62 93
32 63 1073
32 64 202
32 65 963
32 66 153
32 67 1029
32 68 1017
32 69 667
32 70 263
32 71 659
32 72 671
32 73 665
32 74 554
32 75 537
32 76 182
32 77 893
32 78 891
32 79 1013
32 80 1052
32 81 393
32 82 537
32 83 1254
32 84 794
32 85 1133
32 86 919
32 87 612
32 88 1151
32 89 1241
32 90 670
32 91 831
32 92 1124
32 93 653
32 94 233
32 95 590
32 96 574
32 97 1171
32 98 531
32 99 800
32 100 966
33 1 664
33 2 694
33 3 827
33 4 625
33 5 798
33 6 58
33 7 504
33 8 542
33 9 940
33 10 122
33 11 961
33 12 637
33 13 587
33 14 786
33 15 410
33 16 628
33 17 230
33 18 908
33 19 618
33 20 48
33 21 922
33 22 433
33 23 421
33 24 757
33 25 826
33 26 111
33 27 613
33 28 643
33 29 543
33 30 358
33 31 562
33 32 354
33 34 490
33 35 222
33 36 533
33 37 626
33 38 769
33 39 734
33 40 344
33 41 774
33 42 502
33 43 391
33 44 44
33 45 799
33 46 585
33 47 242
33 48 113
33 49 211
33 50 872
33 51 139
33 52 222
33 53 402
33 54 814
33 55 591
33 56 524
33 57 358
33 58 462
33 59 956
33 60 181
33 61 272
33 62 335
33 63 752
33 64 378
33 65 929
33 66 217
33 67 682
33 68 811
33 69 317
33 70 93
33 71 496
33 72 467
33 73 502
33 74 442
33 75 322
33 76 222
33 77 554
33 78 860
33 79 684
33 80 747
33 81 131
33 82 197
33 83 972
33 84 449
33 85 864
33 86 594
33 87 337
33 88 856
33 89 946
33 90 334
33 91 823
33 92 833
33 93 308
33 94 123
33 95 429
33 96 229
33 97 901
33 98 219
33 99 581
33 100 616
34 1 565
34 2 273
34 3 642
34 4 473
34 5 736
34 6 524
34 7 929
34 8 872
34 9 910
34 10 377
34 11 941
34 12 905
34 13 694
34 14 578
34 15 652
34 16 301
34 17 262
34 18 879
34 19 200
34 20 443
34 21 867
34 22 724
34 23 168
34 24 759
34 25 398
34 26 557
34 27 229
34 28 583
34 29 76
34 30 712
34 31 387
34 32 468
34 33 490
34 35 293
34 36 310
34 37 767
34 38 311
34 39 527
34 40 360
34 41 429
34 42 846
34 43 767
34 44 467
34 45 657
34 46 567
34 47 381
34 48 378
34 49 497
34 50 735
34 51 627
34 52 360
34 53 746
34 54 833
34 55 850
34 56 681
34 57 805
34 58 556
34 59 863
34 60 326
34 61 421
34 62 376
34 63 857
34 64 271
34 65 496
34 66 394
34 67 910
34 68 630
34 69 634
34 70 468
34 71 299
34 72 357
34 73 301
34 74 186
34 75 320
34 76 349
34 77 762
34 78 424
34 79 829
34 80 805
34 81 615
34 82 521
34 83 942
34 84 858
34 85 813
34 86 739
34 87 432
34 88 870
34 89 953
34 90 588
34 91 367
34 92 841
34 93 738
34 94 466
34 95 261
34 96 554
34 97 847
34 98 461
34 99 463
34 100 874
35 1 650
35 2 538
35 3 784
35 4 583
35 5 810
35 6 242
35 7 715
35 8 717
35 9 972
35 10 150
35 11 998
35 12 789
35 13 663
35 14 730
35 15 537
35 16 508
35 17 63
35 18 940
35 19 459
35 20 184
35 21 942
35 22 586
35 23 200
35 24 796
35 25 671
35 26 268
35 27 468
35 28 645
35 29 358
35 30 536
35 31 501
35 32 251
35 33 222
35 34 293
35 36 446
35 37 720
35 38 596
35 39 675
35 40 331
35 41 657
35 42 682
35 43 580
35 44 216
35 45 774
35 46 601
35 47 267
35 48 122
35 49 331
35 50 854
35 51 358
35 52 232
35 53 578
35 54 863
35 55 737
35 56 619
35 57 574
35 58 519
35 59 960
35 60 145
35 61 170
35 62 180
35 63 837
35 64 169
35 65 773
35 66 118
35 67 818
35 68 769
35 69 473
35 70 179
35 71 414
35 72 420
35 73 419
35 74 317
35 75 287
35 76 74
35 77 675
35 78 701
35 79 784
35 80 810
35 81 334
35 82 339
35 83 1005
35 84 653
35 85 883
35 86 688
35 87 370
35 88 905
35 89 995
35 90 458
35 91 652
35 92 878
35 93 517
35 94 174
35 95 343
35 96 378
35 97 921
35 98 311
35 99 549
35 100 763
36 1 256
36 2 242
36 3 346
36 4 164
36 5 427
36 6 587
36 7 816
36 8 694
36 9 601
36 10 418
36 11 632
36 12 686
36 13 430
36 14 288
36 15 467
36 16 119
36 17 385
36 18 570
36 19 208
36 20 490
36 21 558
36 22 548
36 23 447
36 24 457
36 25 346
36 26 637
36 27 167
36 28 278
36 29 269
36 30 580
36 31 78
36 32 690
36 33 533
36 34 310
36 35 446
36 37 506
36 38 343
36 39 233
36 40 211
36 41 247
36 42 681
36 43 637
36 44 493
36 45 351
36 46 276
36 47 306
36 48 447
36 49 412
36 50 431
36 51 642
36 52 316
36 53 599
36 54 531
36 55 634
36 56 441
36 57 729
36 58 319
36 59 555
36 60 362
36 61 615
36 62 604
36 63 575
36 64 527
36 65 439
36 66 563
36 67 671
36 68 333
36 69 501
36 70 566
36 71 38
36 72 102
36 73 32
36 74 141
36 75 216
36 76 520
36 77 533
36 78 382
36 79 563
36 80 512
36 81 659
36 82 444
36 83 633
36 84 739
36 85 503
36 86 485
36 87 267
36 88 565
36 89 645
36 90 433
36 91 379
36 92 536
36 93 657
36 94 581
36 95 107
36 96 459
36 97 537
36 98 374
36 99 157
36 100 654
37 1 334
37 2 741
37 3 479
37 4 403
37 5 314
37 6 676
37 7 514
37 8 307
37 9 371
37 10 589
37 11 380
37 12 222
37 13 76
37 14 493
37 15 224
37 16 609
37 17 668
37 18 345
37 19 714
37 20 614
37 21 380
37 22 248
37 23 841
37 24 218
37 25 817
37 26 724
37 27 672
37 28 285
37 29 753
37 30 350
37 31 444
37 32 951
37 33 626
37 34 767
37 35 720
37 36 506
37 38 841
37 39 477
37 40 417
37 41 668
37 42 327
37 43 377
37 44 588
37 45 414
37 46 245
37 47 454
37 48 630
37 49 417
37 50 440
37 51 632
37 52 489
37 53 325
37 54 233
37 55 188
37 56 103
37 57 526
37 58 213
37 59 442
37 60 576
37 61 862
37 62 897
37 63 128
37 64 874
37 65 889
37 66 798
37 67 176
37 68 467
37 69 332
37 70 712
37 71 494
37 72 421
37 73 495
37 74 585
37 75 463
37 76 776
37 77 107
37 78 851
37 79 65
37 80 153
37 81 685
37 82 430
37 83 397
37 84 453
37 85 336
37 86 33
37 87 357
37 88 270
37 89 349
37 90 294
37 91 868
37 92 257
37 93 479
37 94 741
37 95 509
37 96 401
37 97 365
37 98 421
37 99 372
37 100 194
38 1 541
38 2 101
38 3 525
38 4 449
38 5 688
38 6 812
38 7 1141
38 8 1033
38 9 851
38 10 648
38 11 883
38 12 1028
38 13 765
38 14 461
38 15 806
38 16 232
38 17 554
38 18 826
38 19 157
38 20 722
38 21 798
38 22 886
38 23 469
38 24 750
38 25 108
38 26 851
38 27 182
38 28 580
38 29 239
38 30 907
38 31 397
38 32 776
38 33 769
38 34 311
38 35 596
38 36 343
38 37 841
38 39 431
38 40 524
38 41 236
38 42 1018
38 43 965
38 44 739
38 45 570
38 46 600
38 47 595
38 48 661
38 49 714
38 50 633
38 51 900
38 52 588
38 53 931
38 54 820
38 55 976
38 56 783
38 57 1037
38 58 661
38 59 768
38 60 591
38 61 731
38 62 684
38 63 893
38 64 575
38 65 190
38 66 703
38 67 1010
38 68 520
38 69 826
38 70 765
38 71 366
38 72 442
38 73 363
38 74 342
38 75 507
38 76 657
38 77 875
38 78 120
38 79 894
38 80 821
38 81 899
38 82 744
38 83 878
38 84 1065
38 85 756
38 86 822
38 87 593
38 88 846
38 89 911
38 90 764
38 91 56
38 92 819
38 93 966
38 94 767
38 95 392
38 96 768
38 97 782
38 98 675
38 99 471
38 100 996
39 1 144
39 2 347
39 3 116
39 4 113
39 5 259
39 6 790
39 7 910
39 8 744
39 9 421
39 10 627
39 11 453
39 12 694
39 13 411
39 14 56
39 15 542
39 16 237
39 17 613
39 18 395
39 19 366
39 20 695
39 21 369
39 22 619
39 23 675
39 24 332
39 25 371
39 26 842
39 27 321
39 28 193
39 29 470
39 30 683
39 31 176
39 32 921
39 33 734
39 34 527
39 35 675
39 36 233
39 37 477
39 38 431
39 40 390
39 41 209
39 42 745
39 43 736
39 44 690
39 45 142
39 46 246
39 47 493
39 48 662
39 49 571
39 50 214
39 51 823
39 52 513
39 53 687
39 54 397
39 55 650
39 56 459
39 57 856
39 58 375
39 59 347
39 60 576
39 61 845
39 62 837
39 63 493
39 64 759
39 65 424
39 66 791
39 67 653
39 68 104
39 69 614
39 70 780
39 71 263
39 72 268
39 73 257
39 74 373
39 75 415
39 76 749
39 77 547
39 78 401
39 79 516
39 80 413
39 81 851
39 82 602
39 83 449
39 84 835
39 85 325
39 86 470
39 87 414
39 88 419
39 89 481
39 90 542
39 91 439
39 92 393
39 93 787
39 94 798
39 95 333
39 96 605
39 97 352
39 98 540
39 99 161
39 100 663
40 1 329
40 2 429
40 3 484
40 4 282
40 5 481
40 6 401
40 7 617
40 8 522
40 9 641
40 10 244
40 11 667
40 12 545
40 13 350
40 14 442
40 15 296
40 16 325
40 17 271
40 18 609
40 19 371
40 20 307
40 21 613
40 22 373
40 23 425
40 24 465
40 25 548
40 26 453
40 27 344
40 28 317
40 29 364
40 30 383
40 31 221
40 32 580
40 33 344
40 34 360
40 35 331
40 36 211
40 37 417
40 38 524
40 39 390
40 41 457
40 42 501
40 43 441
40 44 301
40 45 461
40 46 270
40 47 104
40 48 282
40 49 202
40 50 537
40 51 438
40 52 125
40 53 409
40 54 533
40 55 491
40 56 324
40 57 521
40 58 204
40 59 635
40 60 202
40 61 495
40 62 510
40 63 522
40 64 468
40 65 645
40 66 434
40 67 551
40 68 468
40 69 303
40 70 397
40 71 175
40 72 125
40 73 180
40 74 196
40 75 48
40 76 399
40 77 403
40 78 584
40 79 481
40 80 485
40 81 463
40 82 234
40 83 674
40 84 541
40 85 553
40 86 387
40 87 74
40 88 575
40 89 665
40 90 243
40 91 569
40 92 547
40 93 449
40 94 418
40 95 133
40 96 250
40 97 591
40 98 164
40 99 238
40 100 515
41 1 341
41 2 177
41 3 291
41 4 266
41 5 466
41 6 826
41 7 1049
41 8 906
41 9 622
41 10 655
41 11 654
41 12 875
41 13 596
41 14 230
41 15 688
41 16 150
41 17 600
41 18 599
41 19 233
41 20 729
41 21 568
41 22 769
41 23 595
41 24 540
41 25 163
41 26 874
41 27 201
41 28 387
41 29 357
41 30 814
41 31 255
41 32 881
41 33 774
41 34 429
41 35 657
41 36 247
41 37 668
41 38 236
41 39 209
41 40 457
41 42 900
41 43 870
41 44 735
41 45 342
41 46 425
41 47 553
41 48 681
41 49 658
41 50 399
41 51 887
41 52 560
41 53 828
41 54 605
41 55 828
41 56 631
41 57 971
41 58 524
41 59 534
41 60 597
41 61 817
41 62 790
41 63 697
41 64 693
41 65 222
41 66 773
41 67 843
41 68 288
41 69 737
41 70 798
41 71 284
41 72 339
41 73 278
41 74 343
41 75 462
41 76 728
41 77 723
41 78 192
41 79 713
41 80 620
41 81 902
41 82 690
41 83 647
41 84 972
41 85 530
41 86 655
41 87 508
41 88 627
41 89 686
41 90 667
41 91 234
41 92 601
41 93 899
41 94 809
41 95 346
41 96 704
41 97 552
41 98 621
41 99 304
41 100 843
42 1 609
42 2 920
42 3 777
42 4 645
42 5 634
42 6 531
42 7 188
42 8 44
42 9 693
42 10 533
42 11 698
42 12 174
42 13 358
42 14 775
42 15 215
42 16 799
42 17 652
42 18 669
42 19 869
42 20 516
42 21 705
42 22 133
42 23 857
42 24 543
42 25 1025
42 26 565
42 27 838
42 28 562
42 29 861
42 30 147
42 31 648
42 32 855
42 33 502
42 34 846
42 35 682
42 36 681
42 37 327
42 38 1018
42 39 745
42 40 501
42 41 900
42 43 114
42 44 481
42 45 717
42 46 501
42 47 466
42 48 563
42 49 358
42 50 757
42 51 437
42 52 491
42 53 105
42 54 557
42 55 159
42 56 292
42 57 238
42 58 377
42 59 769
42 60 554
42 61 772
42 62 831
42 63 427
42 64 851
42 65 1113
42 66 715
42 67 247
42 68 763
42 69 214
42 70 593
42 71 654
42 72 580
42 73 658
42 74 696
42 75 532
42 76 711
42 77 223
42 78 1062
42 79 345
42 80 477
42 81 497
42 82 344
42 83 716
42 84 135
42 85 663
42 86 312
42 87 429
42 88 591
42 89 660
42 90 260
42 91 1059
42 92 581
42 93 225
42 94 623
42 95 631
42 96 306
42 97 691
42 98 390
42 99 601
42 100 173
43 1 609
43 2 869
43 3 783
43 4 629
43 5 664
43 6 419
43 7 179
43 8 157
43 9 747
43 10 433
43 11 757
43 12 276
43 13 388
43 14 772
43 15 196
43 16 756
43 17 556
43 18 720
43 19 811
43 20 409
43 21 752
43 22 133
43 23 763
43 24 583
43 25 982
43 26 452
43 27 784
43 28 566
43 29 790
43 30 59
43 31 616
43 32 744
43 33 391
43 34 767
43 35 580
43 36 637
43 37 377
43 38 965
43 39 736
43 40 441
43 41 870
43 42 114
43 44 374
43 45 730
43 46 500
43 47 387
43 48 460
43 49 270
43 50 779
43 51 324
43 52 408
43 53 54
43 54 609
43 55 246
43 56 313
43 57 149
43 58 361
43 59 810
43 60 460
43 61 663
43 62 723
43 63 494
43 64 749
43 65 1076
43 66 606
43 67 342
43 68 768
43 69 139
43 70 482
43 71 607
43 72 537
43 73 611
43 74 632
43 75 464
43 76 605
43 77 272
43 78 1019
43 79 411
43 80 529
43 81 384
43 82 250
43 83 773
43 84 103
43 85 704
43 86 355
43 87 373
43 88 647
43 89 724
43 90 205
43 91 1009
43 92 633
43 93 117
43 94 512
43 95 573
43 96 214
43 97 735
43 98 307
43 99 581
43 100 267
44 1 620
44 2 660
44 3 783
44 4 582
44 5 755
44 6 102
44 7 499
44 8 520
44 9 897
44 10 92
44 11 919
44 12 609
44 13 547
44 14 743
44 15 375
44 16 590
44 17 212
44 18 865
44 19 586
44 20 35
44 21 879
44 22 404
44 23 413
44 24 715
44 25 792
44 26 155
44 27 578
44 28 600
44 29 516
44 30 336
44 31 520
44 32 380
44 33 44
44 34 467
44 35 216
44 36 493
44 37 588
44 38 739
44 39 690
44 40 301
44 41 735
44 42 481
44 43 374
44 45 755
44 46 541
44 47 199
44 48 97
44 49 171
44 50 828
44 51 162
44 52 180
44 53 380
44 54 772
44 55 561
44 56 486
44 57 358
44 58 420
44 59 912
44 60 148
44 61 294
44 62 350
44 63 713
44 64 381
44 65 895
44 66 234
44 67 651
44 68 767
44 69 288
44 70 125
44 71 455
44 72 424
44 73 461
44 74 407
44 75 280
44 76 232
44 77 520
44 78 826
44 79 647
44 80 706
44 81 167
44 82 161
44 83 930
44 84 440
44 85 821
44 86 556
44 87 293
44 88 815
44 89 905
44 90 298
44 91 792
44 92 791
44 93 302
44 94 154
44 95 390
44 96 196
44 97 858
44 98 176
44 99 538
44 100 587
45 1 136
45 2 488
45 3 68
45 4 194
45 5 132
45 6 856
45 7 895
45 8 708
45 9 281
45 10 704
45 11 314
45 12 635
45 13 361
45 14 113
45 15 535
45 16 376
45 17 712
45 18 258
45 19 506
45 20 765
45 21 228
45 22 602
45 23 798
45 24 224
45 25 504
45 26 909
45 27 460
45 28 168
45 29 605
45 30 682
45 31 280
45 32 1024
45 33 799
45 34 657
45 35 774
45 36 351
45 37 414
45 38 570
45 39 142
45 40 461
45 41 342
45 42 717
45 43 730
45 44 755
45 46 234
45 47 559
45 48 742
45 49 614
45 50 81
45 51 870
45 52 585
45 53 678
45 54 277
45 55 599
45 56 426
45 57 863
45 58 379
45 59 208
45 60 660
45 61 944
45 62 944
45 63 396
45 64 875
45 65 544
45 66 886
45 67 582
45 68 61
45 69 624
45 70 857
45 71 374
45 72 355
45 73 369
45 74 491
45 75 496
45 76 847
45 77 502
45 78 530
45 79 437
45 80 313
45 81 906
45 82 643
45 83 308
45 84 824
45 85 189
45 86 415
45 87 464
45 88 291
45 89 345
45 90 555
45 91 574
45 92 268
45 93 799
45 94 878
45 95 438
45 96 637
45 97 212
45 98 590
45 99 226
45 100 607
46 1 109
46 2 501
46 3 284
46 4 160
46 5 215
46 6 642
46 7 671
46 8 499
46 9 372
46 10 504
46 11 398
46 12 452
46 13 172
46 14 275
46 15 305
46 16 369
46 17 540
46 18 339
46 19 481
46 20 556
46 21 344
46 22 378
46 23 673
46 24 199
46 25 572
46 26 694
46 27 437
46 28 67
46 29 538
46 30 451
46 31 206
46 32 850
46 33 585
46 34 567
46 35 601
46 36 276
46 37 245
46 38 600
46 39 246
46 40 270
46 41 425
46 42 501
46 43 500
46 44 541
46 45 234
46 47 354
46 48 545
46 49 388
46 50 296
46 51 643
46 52 385
46 53 450
46 54 271
46 55 407
46 56 213
46 57 631
46 58 145
46 59 372
46 60 469
46 61 764
46 62 779
46 63 300
46 64 730
46 65 646
46 66 702
46 67 419
46 68 269
46 69 391
46 70 652
46 71 273
46 72 211
46 73 272
46 74 382
46 75 315
46 76 669
46 77 302
46 78 607
46 79 295
46 80 239
46 81 683
46 82 415
46 83 405
46 84 598
46 85 285
46 86 231
46 87 249
46 88 310
46 89 398
46 90 321
46 91 625
46 92 282
46 93 566
46 94 677
46 95 309
46 96 406
46 97 323
46 98 368
46 99 129
46 100 421
47 1 425
47 2 505
47 3 585
47 4 384
47 5 568
47 6 299
47 7 554
47 8 493
47 9 721
47 10 151
47 11 745
47 12 542
47 13 396
47 14 545
47 15 285
47 16 414
47 17 216
47 18 688
47 19 439
47 20 207
47 21 697
47 22 348
47 23 404
47 24 540
47 25 631
47 26 352
47 27 420
47 28 408
47 29 404
47 30 331
47 31 324
47 32 506
47 33 242
47 34 381
47 35 267
47 36 306
47 37 454
47 38 595
47 39 493
47 40 104
47 41 553
47 42 466
47 43 387
47 44 199
47 45 559
47 46 354
47 48 192
47 49 121
47 50 634
47 51 337
47 52 36
47 53 365
47 54 604
47 55 488
47 56 353
47 57 443
47 58 254
47 59 724
47 60 124
47 61 418
47 62 445
47 63 570
47 64 423
47 65 731
47 66 355
47 67 561
47 68 569
47 69 253
47 70 300
47 71 269
47 72 228
47 73 275
47 74 254
47 75 93
47 76 327
47 77 415
47 78 667
47 79 517
47 80 547
47 81 360
47 82 150
47 83 754
47 84 481
47 85 638
47 86 422
47 87 107
47 88 646
47 89 737
47 90 213
47 91 643
47 92 620
47 93 372
47 94 324
47 95 212
47 96 177
47 97 676
47 98 82
47 99 340
47 100 513
48 1 611
48 2 589
48 3 762
48 4 559
48 5 759
48 6 152
48 7 593
48 8 600
48 9 912
48 10 42
48 11 936
48 12 678
48 13 579
48 14 716
48 15 432
48 16 533
48 17 118
48 18 879
48 19 512
48 20 67
48 21 888
48 22 473
48 23 317
48 24 731
48 25 722
48 26 195
48 27 510
48 28 597
48 29 432
48 30 417
48 31 487
48 32 322
48 33 113
48 34 378
48 35 122
48 36 447
48 37 630
48 38 661
48 39 662
48 40 282
48 41 681
48 42 563
48 43 460
48 44 97
48 45 742
48 46 545
48 47 192
48 49 222
48 50 819
48 51 250
48 52 160
48 53 459
48 54 794
48 55 628
48 56 527
48 57 453
48 58 441
48 59 914
48 60 86
48 61 233
48 62 275
48 63 752
48 64 290
48 65 825
48 66 169
48 67 713
48 68 747
48 69 358
48 70 119
48 71 411
48 72 395
48 73 417
48 74 342
48 75 248
48 76 152
48 77 574
48 78 755
48 79 692
48 80 734
48 81 240
48 82 224
48 83 945
48 84 532
48 85 829
48 86 597
48 87 298
48 88 836
48 89 927
48 90 352
48 91 715
48 92 811
48 93 396
48 94 137
48 95 341
48 96 263
48 97 867
48 98 210
48 99 518
48 100 654
49 1 479
49 2 623
49 3 651
49 4 459
49 5 598
49 6 264
49 7 434
49 8 390
49 9 733
49 10 185
49 11 753
49 12 458
49 13 377
49 14 619
49 15 210
49 16 525
49 17 296
49 18 701
49 19 559
49 20 198
49 21 718
49 22 255
49 23 500
49 24 550
49 25 746
49 26 315
49 27 538
49 28 451
49 29 524
49 30 217
49 31 415
49 32 540
49 33 211
49 34 497
49 35 331
49 36 412
49 37 417
49 38 714
49 39 571
49 40 202
49 41 658
49 42 358
49 43 270
49 44 171
49 45 614
49 46 388
49 47 121
49 48 222
49 50 683
49 51 257
49 52 138
49 53 255
49 54 605
49 55 407
49 56 315
49 57 324
49 58 256
49 59 756
49 60 197
49 61 452
49 62 496
49 63 543
49 64 499
49 65 845
49 66 389
49 67 491
49 68 635
49 69 145
49 70 295
49 71 376
49 72 321
49 73 382
49 74 374
49 75 209
49 76 373
49 77 354
49 78 782
49 79 477
49 80 537
49 81 295
49 82 32
49 83 765
49 84 362
49 85 660
49 86 385
49 87 158
49 88 647
49 89 737
49 90 131
49 91 762
49 92 624
49 93 252
49 94 324
49 95 327
49 96 57
49 97 697
49 98 40
49 99 412
49 100 433
50 1 209
50 2 556
50 3 108
50 4 274
50 5 129
50 6 930
50 7 939
50 8 743
50 9 229
50 10 780
50 11 261
50 12 659
50 13 399
50 14 173
50 15 587
50 16 450
50 17 791
50 18 212
50 19 579
50 20 840
50 21 174
50 22 649
50 23 877
50 24 230
50 25 559
50 26 982
50 27 534
50 28 232
50 29 681
50 30 735
50 31 360
50 32 1104
50 33 872
50 34 735
50 35 854
50 36 431
50 37 440
50 38 633
50 39 214
50 40 537
50 41 399
50 42 757
50 43 779
50 44 828
50 45 81
50 46 296
50 47 634
50 48 819
50 49 683
50 51 939
50 52 661
50 53 727
50 54 264
50 55 628
50 56 469
50 57 917
50 58 439
50 59 136
50 60 737
50 61 1023
50 62 1023
50 63 399
50 64 955
50 65 588
50 66 964
50 67 599
50 68 113
50 69 682
50 70 933
50 71 454
50 72 434
50 73 449
50 74 571
50 75 574
50 76 926
50 77 537
50 78 582
50 79 453
50 80 318
50 81 976
50 82 710
50 83 252
50 84 870
50 85 152
50 86 448
50 87 536
50 88 266
50 89 300
50 90 615
50 91 632
50 92 248
50 93 856
50 94 955
50 95 518
50 96 702
50 97 162
50 98 660
50 99 305
50 100 633
51 1 735
51 2 820
51 3 906
51 4 712
51 5 850
51 6 124
51 7 396
51 8 480
51 9 975
51 10 253
51 11 993
51 12 594
51 13 608
51 14 873
51 15 408
51 16 745
51 17 368
51 18 945
51 19 747
51 20 184
51 21 965
51 22 405
51 23 557
51 24 794
51 25 952
51 26 136
51 27 737
51 28 707
51 29 678
51 30 310
51 31 659
51 32 445
51 33 139
51 34 627
51 35 358
51 36 642
51 37 632
51 38 900
51 39 823
51 40 438
51 41 887
51 42 437
51 43 324
51 44 162
51 45 870
51 46 643
51 47 337
51 48 250
51 49 257
51 50 939
51 52 327
51 53 352
51 54 842
51 55 556
51 56 537
51 57 247
51 58 506
51 59 1007
51 60 310
51 61 374
51 62 447
51 63 759
51 64 506
51 65 1054
51 66 330
51 67 651
51 68 890
51 69 301
51 70 198
51 71 604
51 72 563
51 73 610
51 74 566
51 75 426
51 76 347
51 77 544
51 78 986
51 79 683
51 80 769
51 81 60
51 82 229
51 83 1006
51 84 354
51 85 909
51 86 602
51 87 411
51 88 884
51 89 971
51 90 345
51 91 953
51 92 863
51 93 217
51 94 222
51 95 542
51 96 242
51 97 945
51 98 284
51 99 665
51 100 580
52 1 452
52 2 501
52 3 609
52 4 406
52 5 599
52 6 278
52 7 571
52 8 521
52 9 753
52 10 120
52 11 778
52 12 574
52 13 432
52 14 566
52 15 317
52 16 418
52 17 181
52 18 721
52 19 432
52 20 183
52 21 728
52 22 377
52 23 373
52 24 573
52 25 630
52 26 329
52 27 417
52 28 437
52 29 388
52 30 354
52 31 341
52 32 472
52 33 222
52 34 360
52 35 232
52 36 316
52 37 489
52 38 588
52 39 513
52 40 125
52 41 560
52 42 491
52 43 408
52 44 180
52 45 585
52 46 385
52 47 36
52 48 160
52 49 138
52 50 661
52 51 327
52 53 389
52 54 638
52 55 520
52 56 388
52 57 454
52 58 289
52 59 754
52 60 89
52 61 384
52 62 410
52 63 606
52 64 389
52 65 731
52 66 321
52 67 595
52 68 593
52 69 278
52 70 272
52 71 278
52 72 245
52 73 284
52 74 247
52 75 101
52 76 292
52 77 449
52 78 665
52 79 553
52 80 582
52 81 345
52 82 163
52 83 786
52 84 499
52 85 669
52 86 457
52 87 141
52 88 680
52 89 771
52 90 243
52 91 638
52 92 654
52 93 384
52 94 294
52 95 216
52 96 195
52 97 707
52 98 102
52 99 363
52 100 546
53 1 559
53 2 833
53 3 733
53 4 582
53 5 612
53 6 436
53 7 224
53 8 141
53 9 695
53 10 429
53 11 705
53 12 243
53 13 335
53 14 723
53 15 146
53 16 718
53 17 548
53 18 668
53 19 779
53 20 414
53 21 699
53 22 80
53 23 753
53 24 530
53 25 944
53 26 473
53 27 750
53 28 515
53 29 764
53 30 45
53 31 573
53 32 756
53 33 402
53 34 746
53 35 578
53 36 599
53 37 325
53 38 931
53 39 687
53 40 409
53 41 828
53 42 105
53 43 54
53 44 380
53 45 678
53 46 450
53 47 365
53 48 459
53 49 255
53 50 727
53 51 352
53 52 389
53 54 557
53 55 206
53 56 260
53 57 201
53 58 313
53 59 757
53 60 450
53 61 672
53 62 728
53 63 444
53 64 747
53 65 1036
53 66 613
53 67 302
53 68 718
53 69 112
53 70 494
53 71 569
53 72 498
53 73 573
53 74 602
53 75 435
53 76 608
53 77 221
53 78 981
53 79 362
53 80 477
53 81 411
53 82 240
53 83 721
53 84 149
53 85 651
53 86 302
53 87 339
53 88 595
53 89 673
53 90 167
53 91 973
53 92 580
53 93 159
53 94 525
53 95 540
53 96 201
53 97 683
53 98 287
53 99 535
53 100 229
54 1 283
54 2 728
54 3 343
54 4 378
54 5 146
54 6 868
54 7 744
54 8 533
54 9 138
54 10 752
54 11 152
54 12 426
54 13 235
54 14 386
54 15 441
54 16 601
54 17 804
54 18 113
54 19 725
54 20 793
54 21 151
54 22 478
54 23 943
54 24 75
54 25 767
54 26 919
54 27 679
54 28 253
54 29 799
54 30 578
54 31 455
54 32 1108
54 33 814
54 34 833
54 35 863
54 36 531
54 37 233
54 38 820
54 39 397
54 40 533
54 41 605
54 42 557
54 43 609
54 44 772
54 45 277
54 46 271
54 47 604
54 48 794
54 49 605
54 50 264
54 51 842
54 52 638
54 53 557
54 55 408
54 56 309
54 57 757
54 58 354
54 59 220
54 60 725
54 61 1021
54 62 1042
54 63 145
54 64 998
54 65 817
54 66 958
54 67 357
54 68 338
54 69 549
54 70 892
54 71 536
54 72 480
54 73 534
54 74 649
54 75 580
54 76 928
54 77 339
54 78 797
54 79 217
54 80 81
54 81 891
54 82 624
54 83 166
54 84 685
54 85 121
54 86 255
54 87 497
54 88 43
54 89 134
54 90 497
54 91 833
54 92 25
54 93 707
54 94 919
54 95 578
54 96 602
54 97 139
54 98 597
54 99 375
54 100 406
55 1 508
55 2 876
55 3 663
55 4 563
55 5 502
55 6 631
55 7 342
55 8 128
55 9 541
55 10 591
55 11 545
55 12 55
55 13 241
55 14 672
55 15 204
55 16 748
55 17 696
55 18 519
55 19 836
55 20 594
55 21 558
55 22 158
55 23 892
55 24 405
55 25 967
55 26 672
55 27 799
55 28 459
55 29 852
55 30 247
55 31 586
55 32 940
55 33 591
55 34 850
55 35 737
55 36 634
55 37 188
55 38 976
55 39 650
55 40 491
55 41 828
55 42 159
55 43 246
55 44 561
55 45 599
55 46 407
55 47 488
55 48 628
55 49 407
55 50 628
55 51 556
55 52 520
55 53 206
55 54 408
55 56 197
55 57 389
55 58 316
55 59 625
55 60 598
55 61 854
55 62 902
55 63 272
55 64 903
55 65 1047
55 66 792
55 67 97
55 68 650
55 69 274
55 70 683
55 71 614
55 72 537
55 73 616
55 74 681
55 75 531
55 76 780
55 77 105
55 78 1003
55 79 192
55 80 330
55 81 615
55 82 405
55 83 563
55 84 293
55 85 520
55 86 185
55 87 419
55 88 439
55 89 504
55 90 280
55 91 1010
55 92 432
55 93 362
55 94 713
55 95 609
55 96 368
55 97 545
55 98 428
55 99 524
55 100 26
56 1 319
56 2 682
56 3 485
56 4 367
56 5 352
56 6 576
56 7 471
56 8 286
56 9 445
56 10 486
56 11 460
56 12 247
56 13 76
56 14 486
56 15 133
56 16 552
56 17 568
56 18 416
56 19 646
56 20 512
56 21 444
56 22 182
56 23 745
56 24 272
56 25 770
56 26 625
56 27 607
56 28 271
56 29 673
56 30 275
56 31 389
56 32 848
56 33 524
56 34 681
56 35 619
56 36 441
56 37 103
56 38 783
56 39 459
56 40 324
56 41 631
56 42 292
56 43 313
56 44 486
56 45 426
56 46 213
56 47 353
56 48 527
56 49 315
56 50 469
56 51 537
56 52 388
56 53 260
56 54 309
56 55 197
56 57 457
56 58 127
56 59 498
56 60 475
56 61 760
56 62 795
56 63 228
56 64 775
56 65 850
56 66 696
56 67 232
56 68 471
56 69 241
56 70 609
56 71 424
56 72 348
56 73 426
56 74 503
56 75 369
56 76 674
56 77 93
56 78 806
56 79 166
56 80 233
56 81 589
56 82 329
56 83 474
56 84 402
56 85 393
56 86 71
56 87 260
56 88 349
56 89 435
56 90 195
56 91 815
56 92 331
56 93 402
56 94 638
56 95 428
56 96 302
56 97 426
56 98 318
56 99 328
56 100 215
57 1 737
57 2 946
57 3 913
57 4 745
57 5 807
57 6 365
57 7 150
57 8 280
57 9 895
57 10 438
57 11 906
57 12 411
57 13 532
57 14 897
57 15 331
57 16 845
57 17 565
57 18 868
57 19 882
57 20 391
57 21 899
57 22 279
57 23 770
57 24 728
57 25 1068
57 26 382
57 27 861
57 28 697
57 29 840
57 30 184
57 31 720
57 32 691
57 33 358
57 34 805
57 35 574
57 36 729
57 37 526
57 38 1037
57 39 856
57 40 521
57 41 971
57 42 238
57 43 149
57 44 358
57 45 863
57 46 631
57 47 443
57 48 453
57 49 324
57 50 917
57 51 247
57 52 454
57 53 201
57 54 757
57 55 389
57 56 457
57 58 487
57 59 955
57 60 481
57 61 618
57 62 688
57 63 643
57 64 735
57 65 1165
57 66 570
57 67 483
57 68 898
57 69 243
57 70 437
57 71 694
57 72 632
57 73 699
57 74 696
57 75 532
57 76 580
57 77 421
57 78 1104
57 79 560
57 80 678
57 81 302
57 82 294
57 83 922
57 84 119
57 85 849
57 86 502
57 87 463
57 88 795
57 89 873
57 90 314
57 91 1085
57 92 781
57 93 72
57 94 464
57 95 649
57 96 271
57 97 882
57 98 363
57 99 697
57 100 407
58 1 251
58 2 560
58 3 427
58 4 270
58 5 344
58 6 517
58 7 536
58 8 383
58 9 478
58 10 399
58 11 500
58 12 368
58 13 147
58 14 412
58 15 168
58 16 433
58 17 463
58 18 447
58 19 522
58 20 440
58 21 462
58 22 247
58 23 629
58 24 296
58 25 655
58 26 569
58 27 484
58 28 211
58 29 547
58 30 309
58 31 274
58 32 759
58 33 462
58 34 556
58 35 519
58 36 319
58 37 213
58 38 661
58 39 375
58 40 204
58 41 524
58 42 377
58 43 361
58 44 420
58 45 379
58 46 145
58 47 254
58 48 441
58 49 256
58 50 439
58 51 506
58 52 289
58 53 313
58 54 354
58 55 316
58 56 127
58 57 487
58 59 502
58 60 377
58 61 671
58 62 697
58 63 320
58 64 667
58 65 740
58 66 607
58 67 359
58 68 411
58 69 246
58 70 538
58 71 299
58 72 222
58 73 301
58 74 377
58 75 251
58 76 580
58 77 216
58 78 691
58 79 277
58 80 294
58 81 550
58 82 280
58 83 511
58 84 461
58 85 405
58 86 185
58 87 149
58 88 397
58 89 487
58 90 177
58 91 696
58 92 372
58 93 422
58 94 565
58 95 301
58 96 266
58 97 442
58 98 244
58 99 225
58 100 336
59 1 312
59 2 691
59 3 243
59 4 393
59 5 159
59 6 1013
59 7 955
59 8 748
59 9 121
59 10 874
59 11 146
59 12 645
59 13 423
59 14 308
59 15 627
59 16 583
59 17 898
59 18 121
59 19 713
59 20 928
59 21 74
59 22 678
59 23 999
59 24 228
59 25 691
59 26 1065
59 27 667
59 28 318
59 29 812
59 30 772
59 31 481
59 32 1211
59 33 956
59 34 863
59 35 960
59 36 555
59 37 442
59 38 768
59 39 347
59 40 635
59 41 534
59 42 769
59 43 810
59 44 912
59 45 208
59 46 372
59 47 724
59 48 914
59 49 756
59 50 136
59 51 1007
59 52 754
59 53 757
59 54 220
59 55 625
59 56 498
59 57 955
59 58 502
59 60 836
59 61 1128
59 62 1134
59 63 364
59 64 1072
59 65 715
59 66 1067
59 67 576
59 68 248
59 69 730
59 70 1024
59 71 574
59 72 544
59 73 570
59 74 693
59 75 675
59 76 1031
59 77 547
59 78 714
59 79 435
59 80 295
59 81 1050
59 82 781
59 83 131
59 84 892
59 85 107
59 86 459
59 87 621
59 88 200
59 89 195
59 90 669
59 91 766
59 92 197
59 93 899
59 94 1047
59 95 634
59 96 766
59 97 81
59 98 739
59 99 416
59 100 624
60 1 529
60 2 513
60 3 678
60 4 474
60 5 681
60 6 230
60 7 611
60 8 587
60 9 839
60 10 59
60 11 864
60 12 650
60 13 520
60 14 630
60 15 395
60 16 450
60 17 100
60 18 806
60 19 438
60 20 134
60 21 812
60 22 449
60 23 304
60 24 660
60 25 646
60 26 277
60 27 432
60 28 518
60 29 370
60 30 410
60 31 401
60 32 384
60 33 181
60 34 326
60 35 145
60 36 362
60 37 576
60 38 591
60 39 576
60 40 202
60 41 597
60 42 554
60 43 460
60 44 148
60 45 660
60 46 469
60 47 124
60 48 86
60 49 197
60 50 737
60 51 310
60 52 89
60 53 450
60 54 725
60 55 598
60 56 475
60 57 481
60 58 377
60 59 836
60 61 297
60 62 322
60 63 694
60 64 306
60 65 749
60 66 234
60 67 676
60 68 662
60 69 341
60 70 205
60 71 325
60 72 310
60 73 331
60 74 262
60 75 164
60 76 204
60 77 532
60 78 680
60 79 640
60 80 670
60 81 312
60 82 211
60 83 872
60 84 543
60 85 753
60 86 544
60 87 229
60 88 767
60 89 858
60 90 318
60 91 644
60 92 741
60 93 416
60 94 222
60 95 256
60 96 249
60 97 791
60 98 171
60 99 435
60 100 623
61 1 818
61 2 686
61 3 954
61 4 753
61 5 975
61 6 253
61 7 766
61 8 812
61 9 1135
61 10 274
61 11 1160
61 12 902
61 13 811
61 14 900
61 15 662
61 16 671
61 17 233
61 18 1102
61 19 608
61 20 260
61 21 1107
61 22 697
61 23 275
61 24 956
61 25 816
61 26 244
61 27 623
61 28 811
61 29 495
61 30 628
61 31 671
61 32 89
61 33 272
61 34 421
61 35 170
61 36 615
61 37 862
61 38 731
61 39 845
61 40 495
61 41 817
61 42 772
61 43 663
61 44 294
61 45 944
61 46 764
61 47 418
61 48 233
61 49 452
61 50 1023
61 51 374
61 52 384
61 53 672
61 54 1021
61 55 854
61 56 760
61 57 618
61 58 671
61 59 1128
61 60 297
61 62 79
61 63 984
61 64 179
61 65 915
61 66 64
61 67 941
61 68 939
61 69 580
61 70 183
61 71 583
61 72 590
61 73 589
61 74 483
61 75 453
61 76 97
61 77 805
61 78 843
61 79 924
61 80 964
61 81 327
61 82 449
61 83 1168
61 84 717
61 85 1048
61 86 830
61 87 525
61 88 1063
61 89 1154
61 90 582
61 91 787
61 92 1037
61 93 576
61 94 155
61 95 513
61 96 486
61 97 1086
61 98 442
61 99 719
61 100 879
62 1 823
62 2 647
62 3 948
62 4 751
62 5 986
62 6 323
62 7 835
62 8 869
62 9 1150
62 10 313
62 11 1176
62 12 952
62 13 841
62 14 891
62 15 705
62 16 647
62 17 239
62 18 1117
62 19 571
62 20 315
62 21 1119
62 22 747
62 23 217
62 24 974
62 25 774
62 26 320
62 27 591
62 28 821
62 29 452
62 30 685
62 31 666
62 32 93
62 33 335
62 34 376
62 35 180
62 36 604
62 37 897
62 38 684
62 39 837
62 40 510
62 41 790
62 42 831
62 43 723
62 44 350
62 45 944
62 46 779
62 47 445
62 48 275
62 49 496
62 50 1023
62 51 447
62 52 410
62 53 728
62 54 1042
62 55 902
62 56 795
62 57 688
62 58 697
62 59 1134
62 60 322
62 61 79
62 63 1015
62 64 113
62 65 871
62 66 119
62 67 987
62 68 934
62 69 631
62 70 251
62 71 575
62 72 591
62 73 580
62 74 466
62 75 464
62 76 123
62 77 847
62 78 799
62 79 960
62 80 989
62 81 402
62 82 498
62 83 1183
62 84 783
62 85 1060
62 86 865
62 87 549
62 88 1083
62 89 1173
62 90 626
62 91 739
62 92 1056
62 93 642
62 94 225
62 95 507
62 96 536
62 97 1098
62 98 481
62 99 721
62 100 928
63 1 358
63 2 796
63 3 464
63 4 445
63 5 272
63 6 803
63 7 613
63 8 400
63 9 270
63 10 710
63 11 273
63 12 285
63 13 175
63 14 495
63 15 351
63 16 664
63 17 783
63 18 251
63 19 780
63 20 739
63 21 294
63 22 369
63 23 946
63 24 172
63 25 855
63 26 851
63 27 736
63 28 314
63 29 835
63 30 472
63 31 504
63 32 1073
63 33 752
63 34 857
63 35 837
63 36 575
63 37 128
63 38 893
63 39 493
63 40 522
63 41 697
63 42 427
63 43 494
63 44 713
63 45 396
63 46 300
63 47 570
63 48 752
63 49 543
63 50 399
63 51 759
63 52 606
63 53 444
63 54 145
63 55 272
63 56 228
63 57 643
63 58 320
63 59 364
63 60 694
63 61 984
63 62 1015
63 64 986
63 65 916
63 66 920
63 67 213
63 68 455
63 69 459
63 70 837
63 71 570
63 72 502
63 73 570
63 74 672
63 75 569
63 76 896
63 77 223
63 78 887
63 79 83
63 80 83
63 81 813
63 82 556
63 83 291
63 84 559
63 85 265
63 86 159
63 87 469
63 88 169
63 89 233
63 90 421
63 91 914
63 92 167
63 93 600
63 94 866
63 95 597
63 96 528
63 97 284
63 98 544
63 99 425
63 100 267
64 1 761
64 2 543
64 3 873
64 4 682
64 5 929
64 6 383
64 7 879
64 8 886
64 9 1097
64 10 319
64 11 1126
64 12 956
64 13 813
64 14 813
64 15 701
64 16 555
64 17 209
64 18 1065
64 19 469
64 20 346
64 21 1063
64 22 753
64 23 106
64 24 928
64 25 667
64 26 393
64 27 493
64 28 765
64 29 347
64 30 705
64 31 595
64 32 202
64 33 378
64 34 271
64 35 169
64 36 527
64 37 874
64 38 575
64 39 759
64 40 468
64 41 693
64 42 851
64 43 749
64 44 381
64 45 875
64 46 730
64 47 423
64 48 290
64 49 499
64 50 955
64 51 506
64 52 389
64 53 747
64 54 998
64 55 903
64 56 775
64 57 735
64 58 667
64 59 1072
64 60 306
64 61 179
64 62 113
64 63 986
64 65 762
64 66 186
64 67 982
64 68 859
64 69 642
64 70 310
64 71 502
64 72 530
64 73 506
64 74 386
64 75 420
64 76 159
64 77 837
64 78 691
64 79 938
64 80 952
64 81 471
64 82 508
64 83 1131
64 84 820
64 85 1005
64 86 843
64 87 519
64 88 1039
64 89 1127
64 90 624
64 91 629
64 92 1011
64 93 682
64 94 292
64 95 438
64 96 547
64 97 1042
64 98 476
64 99 657
64 100 929
65 1 561
65 2 237
65 3 484
65 4 487
65 5 674
65 6 976
65 7 1254
65 8 1122
65 9 817
65 10 807
65 11 848
65 12 1095
65 13 817
65 14 432
65 15 899
65 16 321
65 17 726
65 18 797
65 19 315
65 20 882
65 21 761
65 22 981
65 23 657
65 24 754
65 25 103
65 26 1018
65 27 317
65 28 608
65 29 421
65 30 1018
65 31 467
65 32 963
65 33 929
65 34 496
65 35 773
65 36 439
65 37 889
65 38 190
65 39 424
65 40 645
65 41 222
65 42 1113
65 43 1076
65 44 895
65 45 544
65 46 646
65 47 731
65 48 825
65 49 845
65 50 588
65 51 1054
65 52 731
65 53 1036
65 54 817
65 55 1047
65 56 850
65 57 1165
65 58 740
65 59 715
65 60 749
65 61 915
65 62 871
65 63 916
65 64 762
65 66 883
65 67 1064
65 68 485
65 69 939
65 70 935
65 71 472
65 72 539
65 73 467
65 74 489
65 75 639
65 76 837
65 77 942
65 78 73
65 79 933
65 80 837
65 81 1060
65 82 876
65 83 839
65 84 1177
65 85 730
65 86 876
65 87 705
65 88 834
65 89 885
65 90 871
65 91 138
65 92 810
65 93 1094
65 94 940
65 95 519
65 96 895
65 97 748
65 98 806
65 99 523
65 100 1063
66 1 759
66 2 650
66 3 898
66 4 696
66 5 914
66 6 207
66 7 717
66 8 754
66 9 1073
66 10 210
66 11 1098
66 12 841
66 13 747
66 14 846
66 15 599
66 16 625
66 17 179
66 18 1040
66 19 572
66 20 200
66 21 1046
66 22 635
66 23 265
66 24 893
66 25 782
66 26 209
66 27 583
66 28 750
66 29 464
66 30 569
66 31 616
66 32 153
66 33 217
66 34 394
66 35 118
66 36 563
66 37 798
66 38 703
66 39 791
66 40 434
66 41 773
66 42 715
66 43 606
66 44 234
66 45 886
66 46 702
66 47 355
66 48 169
66 49 389
66 50 964
66 51 330
66 52 321
66 53 613
66 54 958
66 55 792
66 56 696
66 57 570
66 58 607
66 59 1067
66 60 234
66 61 64
66 62 119
66 63 920
66 64 186
66 65 883
66 67 879
66 68 883
66 69 519
66 70 133
66 71 530
66 72 532
66 73 536
66 74 435
66 75 393
66 76 47
66 77 742
66 78 811
66 79 861
66 80 901
66 81 290
66 82 387
66 83 1106
66 84 665
66 85 987
66 86 766
66 87 462
66 88 1000
66 89 1091
66 90 519
66 91 758
66 92 974
66 93 524
66 94 110
66 95 459
66 96 425
66 97 1025
66 98 379
66 99 660
66 100 818
67 1 510
67 2 909
67 3 649
67 4 578
67 5 471
67 6 724
67 7 422
67 8 210
67 9 481
67 10 675
67 11 480
67 12 78
67 13 248
67 14 667
67 15 282
67 16 778
67 17 774
67 18 463
67 19 877
67 20 682
67 21 506
67 22 250
67 23 964
67 24 370
67 25 990
67 26 766
67 27 837
67 28 461
67 29 904
67 30 342
67 31 614
67 32 1029
67 33 682
67 34 910
67 35 818
67 36 671
67 37 176
67 38 1010
67 39 653
67 40 551
67 41 843
67 42 247
67 43 342
67 44 651
67 45 582
67 46 419
67 47 561
67 48 713
67 49 491
67 50 599
67 51 651
67 52 595
67 53 302
67 54 357
67 55 97
67 56 232
67 57 483
67 58 359
67 59 576
67 60 676
67 61 941
67 62 987
67 63 213
67 64 982
67 65 1064
67 66 879
67 68 638
67 69 365
67 70 773
67 71 655
67 72 579
67 73 656
67 74 734
67 75 594
67 76 864
67 77 149
67 78 1025
67 79 147
67 80 285
67 81 710
67 82 492
67 83 499
67 84 381
67 85 475
67 86 189
67 87 482
67 88 381
67 89 435
67 90 361
67 91 1040
67 92 380
67 93 458
67 94 804
67 95 659
67 96 456
67 97 496
67 98 508
67 99 545
67 100 76
68 1 161
68 2 443
68 3 17
68 4 189
68 5 192
68 6 868
68 7 937
68 8 756
68 9 335
68 10 710
68 11 367
68 12 688
68 13 411
68 14 60
68 15 573
68 16 340
68 17 707
68 18 313
68 19 468
68 20 774
68 21 280
68 22 644
68 23 777
68 24 284
68 25 449
68 26 920
68 27 423
68 28 204
68 29 573
68 30 719
68 31 269
68 32 1017
68 33 811
68 34 630
68 35 769
68 36 333
68 37 467
68 38 520
68 39 104
68 40 468
68 41 288
68 42 763
68 43 768
68 44 767
68 45 61
68 46 269
68 47 569
68 48 747
68 49 635
68 50 113
68 51 890
68 52 593
68 53 718
68 54 338
68 55 650
68 56 471
68 57 898
68 58 411
68 59 248
68 60 662
68 61 939
68 62 934
68 63 455
68 64 859
68 65 485
68 66 883
68 67 638
68 69 657
68 70 863
68 71 360
68 72 353
68 73 355
68 74 474
68 75 499
68 76 843
68 77 551
68 78 475
68 79 493
68 80 372
68 81 923
68 82 665
68 83 360
68 84 865
68 85 245
68 86 466
68 87 480
68 88 351
68 89 401
68 90 586
68 91 522
68 92 328
68 93 832
68 94 883
68 95 428
68 96 662
68 97 266
68 98 607
68 99 230
68 100 660
69 1 496
69 2 730
69 3 672
69 4 504
69 5 577
69 6 360
69 7 316
69 8 246
69 9 685
69 10 325
69 11 700
69 12 322
69 13 315
69 14 654
69 15 109
69 16 619
69 17 440
69 18 656
69 19 673
69 20 320
69 21 681
69 22 117
69 23 644
69 24 508
69 25 845
69 26 403
69 27 646
69 28 457
69 29 654
69 30 81
69 31 483
69 32 667
69 33 317
69 34 634
69 35 473
69 36 501
69 37 332
69 38 826
69 39 614
69 40 303
69 41 737
69 42 214
69 43 139
69 44 288
69 45 624
69 46 391
69 47 253
69 48 358
69 49 145
69 50 682
69 51 301
69 52 278
69 53 112
69 54 549
69 55 274
69 56 241
69 57 243
69 58 246
69 59 730
69 60 341
69 61 580
69 62 631
69 63 459
69 64 642
69 65 939
69 66 519
69 67 365
69 68 657
69 70 409
69 71 469
69 72 401
69 73 473
69 74 494
69 75 326
69 76 509
69 77 245
69 78 882
69 79 383
69 80 473
69 81 356
69 82 135
69 83 715
69 84 240
69 85 627
69 86 302
69 87 235
69 88 590
69 89 675
69 90 72
69 91 870
69 92 571
69 93 176
69 94 439
69 95 435
69 96 96
69 97 662
69 98 176
69 99 456
69 100 300
70 1 724
70 2 698
70 3 879
70 4 676
70 5 867
70 6 74
70 7 585
70 8 633
70 9 1015
70 10 154
70 11 1037
70 12 729
70 13 669
70 14 834
70 15 499
70 16 649
70 17 211
70 18 982
70 19 621
70 20 99
70 21 994
70 22 525
70 23 371
70 24 832
70 25 832
70 26 90
70 27 622
70 28 708
70 29 530
70 30 450
70 31 605
70 32 263
70 33 93
70 34 468
70 35 179
70 36 566
70 37 712
70 38 765
70 39 780
70 40 397
70 41 798
70 42 593
70 43 482
70 44 125
70 45 857
70 46 652
70 47 300
70 48 119
70 49 295
70 50 933
70 51 198
70 52 272
70 53 494
70 54 892
70 55 683
70 56 609
70 57 437
70 58 538
70 59 1024
70 60 205
70 61 183
70 62 251
70 63 837
70 64 310
70 65 935
70 66 133
70 67 773
70 68 863
70 69 409
70 71 530
70 72 512
70 73 536
70 74 457
70 75 365
70 76 152
70 77 644
70 78 864
70 79 771
70 80 828
70 81 162
70 82 285
70 83 1047
70 84 535
70 85 935
70 86 679
70 87 404
70 88 934
70 89 1025
70 90 422
70 91 820
70 92 910
70 93 394
70 94 31
70 95 459
70 96 319
70 97 973
70 98 296
70 99 634
70 100 708
71 1 268
71 2 266
71 3 374
71 4 182
71 5 440
71 6 550
71 7 784
71 8 668
71 9 613
71 10 381
71 11 643
71 12 667
71 13 419
71 14 318
71 15 441
71 16 151
71 17 352
71 18 582
71 19 223
71 20 453
71 21 572
71 22 522
71 23 426
71 24 462
71 25 376
71 26 600
71 27 186
71 28 284
71 29 266
71 30 549
71 31 94
71 32 659
71 33 496
71 34 299
71 35 414
71 36 38
71 37 494
71 38 366
71 39 263
71 40 175
71 41 284
71 42 654
71 43 607
71 44 455
71 45 374
71 46 273
71 47 269
71 48 411
71 49 376
71 50 454
71 51 604
71 52 278
71 53 569
71 54 536
71 55 614
71 56 424
71 57 694
71 58 299
71 59 574
71 60 325
71 61 583
71 62 575
71 63 570
71 64 502
71 65 472
71 66 530
71 67 655
71 68 360
71 69 469
71 70 530
71 72 77
71 73 6
71 74 120
71 75 178
71 76 488
71 77 514
71 78 413
71 79 553
71 80 512
71 81 622
71 82 408
71 83 645
71 84 708
71 85 516
71 86 471
71 87 234
71 88 572
71 89 654
71 90 403
71 91 405
71 92 543
71 93 623
71 94 545
71 95 72
71 96 424
71 97 552
71 98 338
71 99 165
71 100 635
72 1 232
72 2 342
72 3 369
72 4 165
72 5 399
72 6 523
72 7 715
72 8 593
72 9 569
72 10 359
72 11 598
72 12 590
72 13 346
72 14 322
72 15 366
72 16 221
72 17 358
72 18 537
72 19 300
72 20 427
72 21 533
72 22 447
72 23 466
72 24 407
72 25 447
72 26 574
72 27 263
72 28 236
72 29 334
72 30 479
72 31 97
72 32 671
72 33 467
72 34 357
72 35 420
72 36 102
72 37 421
72 38 442
72 39 268
72 40 125
72 41 339
72 42 580
72 43 537
72 44 424
72 45 355
72 46 211
72 47 228
72 48 395
72 49 321
72 50 434
72 51 563
72 52 245
72 53 498
72 54 480
72 55 537
72 56 348
72 57 632
72 58 222
72 59 544
72 60 310
72 61 590
72 62 591
72 63 502
72 64 530
72 65 539
72 66 532
72 67 579
72 68 353
72 69 401
72 70 512
72 71 77
72 73 80
72 74 171
72 75 148
72 76 493
72 77 438
72 78 484
72 79 481
72 80 449
72 81 587
72 82 353
72 83 602
72 84 639
72 85 475
72 86 397
72 87 170
72 88 518
72 89 604
72 90 333
72 91 480
72 92 490
72 93 561
72 94 531
72 95 98
72 96 365
72 97 512
72 98 286
72 99 130
72 100 558
73 1 265
73 2 263
73 3 369
73 4 178
73 5 436
73 6 556
73 7 789
73 8 671
73 9 610
73 10 387
73 11 640
73 12 669
73 13 420
73 14 312
73 15 444
73 16 146
73 17 358
73 18 579
73 19 221
73 20 459
73 21 569
73 22 525
73 23 430
73 24 460
73 25 372
73 26 606
73 27 183
73 28 282
73 29 267
73 30 553
73 31 90
73 32 665
73 33 502
73 34 301
73 35 419
73 36 32
73 37 495
73 38 363
73 39 257
73 40 180
73 41 278
73 42 658
73 43 611
73 44 461
73 45 369
73 46 272
73 47 275
73 48 417
73 49 382
73 50 449
73 51 610
73 52 284
73 53 573
73 54 534
73 55 616
73 56 426
73 57 699
73 58 301
73 59 570
73 60 331
73 61 589
73 62 580
73 63 570
73 64 506
73 65 467
73 66 536
73 67 656
73 68 355
73 69 473
73 70 536
73 71 6
73 72 80
73 74 123
73 75 184
73 76 493
73 77 516
73 78 409
73 79 554
73 80 511
73 81 628
73 82 413
73 83 642
73 84 712
73 85 513
73 86 472
73 87 239
73 88 569
73 89 652
73 90 407
73 91 402
73 92 541
73 93 628
73 94 551
73 95 78
73 96 430
73 97 548
73 98 344
73 99 162
73 100 637
74 1 387
74 2 256
74 3 487
74 4 300
74 5 558
74 6 491
74 7 804
74 8 717
74 9 731
74 10 320
74 11 761
74 12 735
74 13 511
74 14 428
74 15 491
74 16 194
74 17 259
74 18 700
74 19 186
74 20 395
74 21 691
74 22 568
74 23 307
74 24 576
74 25 386
74 26 536
74 27 172
74 28 400
74 29 171
74 30 574
74 31 212
74 32 554
74 33 442
74 34 186
74 35 317
74 36 141
74 37 585
74 38 342
74 39 373
74 40 196
74 41 343
74 42 696
74 43 632
74 44 407
74 45 491
74 46 382
74 47 254
74 48 342
74 49 374
74 50 571
74 51 566
74 52 247
74 53 602
74 54 649
74 55 681
74 56 503
74 57 696
74 58 377
74 59 693
74 60 262
74 61 483
74 62 466
74 63 672
74 64 386
74 65 489
74 66 435
74 67 734
74 68 474
74 69 494
74 70 457
74 71 120
74 72 171
74 73 123
74 75 169
74 76 390
74 77 588
74 78 421
74 79 646
74 80 620
74 81 572
74 82 403
74 83 764
74 84 729
74 85 635
74 86 559
74 87 269
74 88 686
74 89 771
74 90 437
74 91 392
74 92 658
74 93 626
74 94 467
74 95 77
74 96 429
74 97 670
74 98 334
74 99 283
74 100 704
75 1 367
75 2 415
75 3 515
75 4 311
75 5 523
75 6 377
75 7 636
75 8 555
75 9 686
75 10 212
75 11 712
75 12 585
75 13 397
75 14 469
75 15 333
75 16 322
75 17 226
75 18 653
75 19 351
75 20 281
75 21 656
75 22 406
75 23 378
75 24 511
75 25 539
75 26 428
75 27 330
75 28 359
75 29 330
75 30 406
75 31 242
75 32 537
75 33 322
75 34 320
75 35 287
75 36 216
75 37 463
75 38 507
75 39 415
75 40 48
75 41 462
75 42 532
75 43 464
75 44 280
75 45 496
75 46 315
75 47 93
75 48 248
75 49 209
75 50 574
75 51 426
75 52 101
75 53 435
75 54 580
75 55 531
75 56 369
75 57 532
75 58 251
75 59 675
75 60 164
75 61 453
75 62 464
75 63 569
75 64 420
75 65 639
75 66 393
75 67 594
75 68 499
75 69 326
75 70 365
75 71 178
75 72 148
75 73 184
75 74 169
75 76 357
75 77 446
75 78 575
75 79 527
75 80 533
75 81 445
75 82 239
75 83 719
75 84 561
75 85 597
75 86 434
75 87 113
75 88 621
75 89 710
75 90 272
75 91 554
75 92 593
75 93 460
75 94 384
75 95 120
75 96 262
75 97 635
75 98 169
75 99 271
75 100 555
76 1 721
76 2 604
76 3 857
76 4 656
76 5 879
76 6 224
76 7 725
76 8 748
76 9 1040
76 10 190
76 11 1066
76 12 830
76 13 722
76 14 804
76 15 583
76 16 580
76 17 136
76 18 1007
76 19 525
76 20 197
76 21 1012
76 22 625
76 23 226
76 24 862
76 25 736
76 26 236
76 27 537
76 28 715
76 29 419
76 30 565
76 31 575
76 32 182
76 33 222
76 34 349
76 35 74
76 36 520
76 37 776
76 38 657
76 39 749
76 40 399
76 41 728
76 42 711
76 43 605
76 44 232
76 45 847
76 46 669
76 47 327
76 48 152
76 49 373
76 50 926
76 51 347
76 52 292
76 53 608
76 54 928
76 55 780
76 56 674
76 57 580
76 58 580
76 59 1031
76 60 204
76 61 97
76 62 123
76 63 896
76 64 159
76 65 837
76 66 47
76 67 864
76 68 843
76 69 509
76 70 152
76 71 488
76 72 493
76 73 493
76 74 390
76 75 357
76 77 724
76 78 765
76 79 839
76 80 873
76 81 313
76 82 375
76 83 1073
76 84 669
76 85 952
76 86 744
76 87 432
76 88 970
76 89 1060
76 90 503
76 91 713
76 92 943
76 93 529
76 94 135
76 95 417
76 96 414
76 97 990
76 98 359
76 99 622
76 100 805
77 1 405
77 2 774
77 3 564
77 4 459
77 5 413
77 6 601
77 7 409
77 8 207
77 9 477
77 10 535
77 11 485
77 12 154
77 13 141
77 14 570
77 15 145
77 16 645
77 17 629
77 18 451
77 19 737
77 20 549
77 21 486
77 22 146
77 23 816
77 24 321
77 25 863
77 26 646
77 27 699
77 28 356
77 29 759
77 30 249
77 31 482
77 32 893
77 33 554
77 34 762
77 35 675
77 36 533
77 37 107
77 38 875
77 39 547
77 40 403
77 41 723
77 42 223
77 43 272
77 44 520
77 45 502
77 46 302
77 47 415
77 48 574
77 49 354
77 50 537
77 51 544
77 52 449
77 53 221
77 54 339
77 55 105
77 56 93
77 57 421
77 58 216
77 59 547
77 60 532
77 61 805
77 62 847
77 63 223
77 64 837
77 65 942
77 66 742
77 67 149
77 68 551
77 69 245
77 70 644
77 71 514
77 72 438
77 73 516
77 74 588
77 75 446
77 76 724
77 78 899
77 79 142
77 80 259
77 81 600
77 82 360
77 83 502
77 84 347
77 85 441
77 86 90
77 87 334
77 88 375
77 89 452
77 90 224
77 91 907
77 92 363
77 93 377
77 94 674
77 95 514
77 96 326
77 97 470
77 98 366
77 99 420
77 100 122
78 1 530
78 2 167
78 3 476
78 4 449
78 5 657
78 6 906
78 7 1197
78 8 1072
78 9 809
78 10 738
78 11 841
78 12 1052
78 13 778
78 14 418
78 15 847
78 16 264
78 17 655
78 18 787
78 19 244
78 20 813
78 21 754
78 22 929
78 23 585
78 24 731
78 25 37
78 26 948
78 27 249
78 28 575
78 29 349
78 30 961
78 31 418
78 32 891
78 33 860
78 34 424
78 35 701
78 36 382
78 37 851
78 38 120
78 39 401
78 40 584
78 41 192
78 42 1062
78 43 1019
78 44 826
78 45 530
78 46 607
78 47 667
78 48 755
78 49 782
78 50 582
78 51 986
78 52 665
78 53 981
78 54 797
78 55 1003
78 56 806
78 57 1104
78 58 691
78 59 714
78 60 680
78 61 843
78 62 799
78 63 887
78 64 691
78 65 73
78 66 811
78 67 1025
78 68 475
78 69 882
78 70 864
78 71 413
78 72 484
78 73 409
78 74 421
78 75 575
78 76 765
78 77 899
78 79 899
78 80 810
78 81 991
78 82 813
78 83 833
78 84 1120
78 85 718
78 86 836
78 87 647
78 88 818
78 89 874
78 90 815
78 91 75
78 92 792
78 93 1033
78 94 869
78 95 456
78 96 834
78 97 740
78 98 743
78 99 481
78 100 1020
79 1 374
79 2 795
79 3 504
79 4 451
79 5 324
79 6 733
79 7 532
79 8 319
79 9 349
79 10 651
79 11 354
79 12 211
79 13 136
79 14 526
79 15 277
79 16 662
79 17 732
79 18 327
79 19 771
79 20 674
79 21 367
79 22 288
79 23 905
79 24 223
79 25 865
79 26 780
79 27 728
79 28 326
79 29 814
79 30 391
79 31 498
79 32 1013
79 33 684
79 34 829
79 35 784
79 36 563
79 37 65
79 38 894
79 39 516
79 40 481
79 41 713
79 42 345
79 43 411
79 44 647
79 45 437
79 46 295
79 47 517
79 48 692
79 49 477
79 50 453
79 51 683
79 52 553
79 53 362
79 54 217
79 55 192
79 56 166
79 57 560
79 58 277
79 59 435
79 60 640
79 61 924
79 62 960
79 63 83
79 64 938
79 65 933
79 66 861
79 67 147
79 68 493
79 69 383
79 70 771
79 71 553
79 72 481
79 73 554
79 74 646
79 75 527
79 76 839
79 77 142
79 78 899
79 80 141
79 81 738
79 82 488
79 83 372
79 84 477
79 85 332
79 86 96
79 87 421
79 88 247
79 89 316
79 90 351
79 91 919
79 92 241
79 93 519
79 94 800
79 95 570
79 96 457
79 97 355
79 98 483
79 99 423
79 100 189
80 1 282
80 2 726
80 3 381
80 4 373
80 5 190
80 6 800
80 7 664
80 8 454
80 9 218
80 10 693
80 11 229
80 12 351
80 13 162
80 14 413
80 15 365
80 16 595
80 17 753
80 18 193
80 19 715
80 20 729
80 21 229
80 22 399
80 23 904
80 24 90
80 25 779
80 26 851
80 27 670
80 28 242
80 29 777
80 30 499
80 31 439
80 32 1052
80 33 747
80 34 805
80 35 810
80 36 512
80 37 153
80 38 821
80 39 413
80 40 485
80 41 620
80 42 477
80 43 529
80 44 706
80 45 313
80 46 239
80 47 547
80 48 734
80 49 537
80 50 318
80 51 769
80 52 582
80 53 477
80 54 81
80 55 330
80 56 233
80 57 678
80 58 294
80 59 295
80 60 670
80 61 964
80 62 989
80 63 83
80 64 952
80 65 837
80 66 901
80 67 285
80 68 372
80 69 473
80 70 828
80 71 512
80 72 449
80 73 511
80 74 620
80 75 533
80 76 873
80 77 259
80 78 810
80 79 141
80 81 819
80 82 555
80 83 245
80 84 605
80 85 192
80 86 176
80 87 441
80 88 118
80 89 203
80 90 425
80 91 840
80 92 105
80 93 628
80 94 855
80 95 546
80 96 531
80 97 216
80 98 532
80 99 359
80 100 329
81 1 771
81 2 824
81 3 939
81 4 741
81 5 893
81 6 93
81 7 451
81 8 540
81 9 1023
81 10 253
81 11 1042
81 12 654
81 13 658
81 14 902
81 15 462
81 16 757
81 17 354
81 18 992
81 19 749
81 20 178
81 21 1011
81 22 463
81 23 531
81 24 841
81 25 957
81 26 84
81 27 743
81 28 745
81 29 671
81 30 369
81 31 683
81 32 393
81 33 131
81 34 615
81 35 334
81 36 659
81 37 685
81 38 899
81 39 851
81 40 463
81 41 902
81 42 497
81 43 384
81 44 167
81 45 906
81 46 683
81 47 360
81 48 240
81 49 295
81 50 976
81 51 60
81 52 345
81 53 411
81 54 891
81 55 615
81 56 589
81 57 302
81 58 550
81 59 1050
81 60 312
81 61 327
81 62 402
81 63 813
81 64 471
81 65 1060
81 66 290
81 67 710
81 68 923
81 69 356
81 70 162
81 71 622
81 72 587
81 73 628
81 74 572
81 75 445
81 76 313
81 77 600
81 78 991
81 79 738
81 80 819
81 82 271
81 83 1054
81 84 412
81 85 953
81 86 654
81 87 443
81 88 933
81 89 1021
81 90 395
81 91 953
81 92 912
81 93 276
81 94 180
81 95 557
81 96 289
81 97 990
81 98 317
81 99 695
81 100 639
82 1 508
82 2 653
82 3 681
82 4 490
82 5 623
82 6 247
82 7 409
82 8 379
82 9 754
82 10 190
82 11 774
82 12 455
82 13 394
82 14 650
82 15 215
82 16 557
82 17 308
82 18 723
82 19 588
82 20 191
82 21 741
82 22 250
82 23 515
82 24 572
82 25 777
82 26 297
82 27 568
82 28 479
82 29 550
82 30 200
82 31 447
82 32 537
82 33 197
82 34 521
82 35 339
82 36 444
82 37 430
82 38 744
82 39 602
82 40 234
82 41 690
82 42 344
82 43 250
82 44 161
82 45 643
82 46 415
82 47 150
82 48 224
82 49 32
82 50 710
82 51 229
82 52 163
82 53 240
82 54 624
82 55 405
82 56 329
82 57 294
82 58 280
82 59 781
82 60 211
82 61 449
82 62 498
82 63 556
82 64 508
82 65 876
82 66 387
82 67 492
82 68 665
82 69 135
82 70 285
82 71 408
82 72 353
82 73 413
82 74 403
82 75 239
82 76 375
82 77 360
82 78 813
82 79 488
82 80 555
82 81 271
82 83 786
82 84 338
82 85 683
82 86 398
82 87 189
82 88 667
82 89 756
82 90 138
82 91 792
82 92 644
82 93 223
82 94 314
82 95 358
82 96 40
82 97 721
82 98 71
82 99 442
82 100 431
83 1 378
83 2 795
83 3 358
83 4 470
83 5 206
83 6 1027
83 7 903
83 8 690
83 9 34
83 10 904
83 11 20
83 12 574
83 13 400
83 14 418
83 15 607
83 16 679
83 17 945
83 18 66
83 19 808
83 20 949
83 21 80
83 22 643
83 23 1067
83 24 216
83 25 808
83 26 1079
83 27 762
83 28 367
83 29 898
83 30 744
83 31 556
83 32 1254
83 33 972
83 34 942
83 35 1005
83 36 633
83 37 397
83 38 878
83 39 449
83 40 674
83 41 647
83 42 716
83 43 773
83 44 930
83 45 308
83 46 405
83 47 754
83 48 945
83 49 765
83 50 252
83 51 1006
83 52 786
83 53 721
83 54 166
83 55 563
83 56 474
83 57 922
83 58 511
83 59 131
83 60 872
83 61 1168
83 62 1183
83 63 291
83 64 1131
83 65 839
83 66 1106
83 67 499
83 68 360
83 69 715
83 70 1047
83 71 645
83 72 602
83 73 642
83 74 764
83 75 719
83 76 1073
83 77 502
83 78 833
83 79 372
83 80 245
83 81 1054
83 82 786
83 84 846
83 85 130
83 86 420
83 87 647
83 88 127
83 89 72
83 90 662
83 91 881
83 92 144
83 93 873
83 94 1073
83 95 698
83 96 765
83 97 98
83 98 754
83 99 481
83 100 557
84 1 707
84 2 969
84 3 880
84 4 730
84 5 752
84 6 466
84 7 77
84 8 172
84 9 822
84 10 509
84 11 829
84 12 306
84 13 474
84 14 871
84 15 294
84 16 858
84 17 635
84 18 797
84 19 911
84 20 474
84 21 832
84 22 222
84 23 843
84 24 665
84 25 1084
84 26 489
84 27 885
84 28 662
84 29 885
84 30 160
84 31 718
84 32 794
84 33 449
84 34 858
84 35 653
84 36 739
84 37 453
84 38 1065
84 39 835
84 40 541
84 41 972
84 42 135
84 43 103
84 44 440
84 45 824
84 46 598
84 47 481
84 48 532
84 49 362
84 50 870
84 51 354
84 52 499
84 53 149
84 54 685
84 55 293
84 56 402
84 57 119
84 58 461
84 59 892
84 60 543
84 61 717
84 62 783
84 63 559
84 64 820
84 65 1177
84 66 665
84 67 381
84 68 865
84 69 240
84 70 535
84 71 708
84 72 639
84 73 712
84 74 729
84 75 561
84 76 669
84 77 347
84 78 1120
84 79 477
84 80 605
84 81 412
84 82 338
84 83 846
84 85 786
84 86 434
84 87 474
84 88 720
84 89 792
84 90 307
84 91 1109
84 92 709
84 93 142
84 94 563
84 95 673
84 96 305
84 97 816
84 98 400
84 99 682
84 100 307
85 1 249
85 2 671
85 3 247
85 4 341
85 5 77
85 6 920
85 7 849
85 8 643
85 9 98
85 10 788
85 11 130
85 12 542
85 13 317
85 14 301
85 15 523
85 16 552
85 17 822
85 18 71
85 19 681
85 20 838
85 21 60
85 22 572
85 23 939
85 24 122
85 25 692
85 26 972
85 27 634
85 28 240
85 29 769
85 30 667
85 31 427
85 32 1133
85 33 864
85 34 813
85 35 883
85 36 503
85 37 336
85 38 756
85 39 325
85 40 553
85 41 530
85 42 663
85 43 704
85 44 821
85 45 189
85 46 285
85 47 638
85 48 829
85 49 660
85 50 152
85 51 909
85 52 669
85 53 651
85 54 121
85 55 520
85 56 393
85 57 849
85 58 405
85 59 107
85 60 753
85 61 1048
85 62 1060
85 63 265
85 64 1005
85 65 730
85 66 987
85 67 475
85 68 245
85 69 627
85 70 935
85 71 516
85 72 475
85 73 513
85 74 635
85 75 597
85 76 952
85 77 441
85 78 718
85 79 332
85 80 192
85 81 953
85 82 683
85 83 130
85 84 786
85 86 352
85 87 532
85 88 115
85 89 156
85 90 568
85 91 762
85 92 102
85 93 794
85 94 960
85 95 570
85 96 667
85 97 39
85 98 645
85 99 353
85 100 520
86 1 327
86 2 722
86 3 479
86 4 390
86 5 323
86 6 644
86 7 498
86 8 297
86 9 393
86 10 556
86 11 405
86 12 225
86 13 60
86 14 489
86 15 194
86 16 590
86 17 637
86 18 366
86 19 692
86 20 582
86 21 399
86 22 224
86 23 811
86 24 232
86 25 801
86 26 693
86 27 651
86 28 277
86 29 727
86 30 324
86 31 426
86 32 919
86 33 594
86 34 739
86 35 688
86 36 485
86 37 33
86 38 822
86 39 470
86 40 387
86 41 655
86 42 312
86 43 355
86 44 556
86 45 415
86 46 231
86 47 422
86 48 597
86 49 385
86 50 448
86 51 602
86 52 457
86 53 302
86 54 255
86 55 185
86 56 71
86 57 502
86 58 185
86 59 459
86 60 544
86 61 830
86 62 865
86 63 159
86 64 843
86 65 876
86 66 766
86 67 189
86 68 466
86 69 302
86 70 679
86 71 471
86 72 397
86 73 472
86 74 559
86 75 434
86 76 744
86 77 90
86 78 836
86 79 96
86 80 176
86 81 654
86 82 398
86 83 420
86 84 434
86 85 352
86 87 326
86 88 294
86 89 375
86 90 262
86 91 851
86 92 279
86 93 453
86 94 708
86 95 483
86 96 369
86 97 383
86 98 389
86 99 356
86 100 195
87 1 329
87 2 496
87 3 496
87 4 302
87 5 464
87 6 395
87 7 551
87 8 449
87 9 614
87 10 257
87 11 638
87 12 474
87 13 295
87 14 463
87 15 223
87 16 385
87 17 314
87 18 582
87 19 441
87 20 307
87 21 591
87 22 300
87 23 486
87 24 433
87 25 610
87 26 447
87 27 412
87 28 307
87 29 437
87 30 315
87 31 260
87 32 612
87 33 337
87 34 432
87 35 370
87 36 267
87 37 357
87 38 593
87 39 414
87 40 74
87 41 508
87 42 429
87 43 373
87 44 293
87 45 464
87 46 249
87 47 107
87 48 298
87 49 158
87 50 536
87 51 411
87 52 141
87 53 339
87 54 497
87 55 419
87 56 260
87 57 463
87 58 149
87 59 621
87 60 229
87 61 525
87 62 549
87 63 469
87 64 519
87 65 705
87 66 462
87 67 482
87 68 480
87 69 235
87 70 404
87 71 234
87 72 170
87 73 239
87 74 269
87 75 113
87 76 432
87 77 334
87 78 647
87 79 421
87 80 441
87 81 443
87 82 189
87 83 647
87 84 474
87 85 532
87 86 326
87 88 539
87 89 630
87 90 172
87 91 636
87 92 513
87 93 391
87 94 428
87 95 203
87 96 197
87 97 570
87 98 128
87 99 255
87 100 443
88 1 314
88 2 756
88 3 355
88 4 410
88 5 161
88 6 911
88 7 778
88 8 565
88 9 103
88 10 795
88 11 111
88 12 453
88 13 277
88 14 403
88 15 482
88 16 630
88 17 845
88 18 82
88 19 756
88 20 836
88 21 128
88 22 517
88 23 982
88 24 112
88 25 789
88 26 962
88 27 710
88 28 288
88 29 833
88 30 617
88 31 488
88 32 1151
88 33 856
88 34 870
88 35 905
88 36 565
88 37 270
88 38 846
88 39 419
88 40 575
88 41 627
88 42 591
88 43 647
88 44 815
88 45 291
88 46 310
88 47 646
88 48 836
88 49 647
88 50 266
88 51 884
88 52 680
88 53 595
88 54 43
88 55 439
88 56 349
88 57 795
88 58 397
88 59 200
88 60 767
88 61 1063
88 62 1083
88 63 169
88 64 1039
88 65 834
88 66 1000
88 67 381
88 68 351
88 69 590
88 70 934
88 71 572
88 72 518
88 73 569
88 74 686
88 75 621
88 76 970
88 77 375
88 78 818
88 79 247
88 80 118
88 81 933
88 82 667
88 83 127
88 84 720
88 85 115
88 86 294
88 87 539
88 89 91
88 90 539
88 91 856
88 92 29
88 93 746
88 94 961
88 95 616
88 96 644
88 97 121
88 98 639
88 99 409
88 100 435
89 1 391
89 2 825
89 3 401
89 4 486
89 5 225
89 6 1000
89 7 846
89 8 631
89 9 75
89 10 885
89 11 53
89 12 511
89 13 364
89 14 457
89 15 566
89 16 703
89 17 935
89 18 88
89 19 831
89 20 926
89 21 129
89 22 596
89 23 1069
89 24 200
89 25 848
89 26 1051
89 27 784
89 28 371
89 29 913
89 30 698
89 31 568
89 32 1241
89 33 946
89 34 953
89 35 995
89 36 645
89 37 349
89 38 911
89 39 481
89 40 665
89 41 686
89 42 660
89 43 724
89 44 905
89 45 345
89 46 398
89 47 737
89 48 927
89 49 737
89 50 300
89 51 971
89 52 771
89 53 673
89 54 134
89 55 504
89 56 435
89 57 873
89 58 487
89 59 195
89 60 858
89 61 1154
89 62 1173
89 63 233
89 64 1127
89 65 885
89 66 1091
89 67 435
89 68 401
89 69 675
89 70 1025
89 71 654
89 72 604
89 73 652
89 74 771
89 75 710
89 76 1060
89 77 452
89 78 874
89 79 316
89 80 203
89 81 1021
89 82 756
89 83 72
89 84 792
89 85 156
89 86 375
89 87 630
89 88 91
89 90 627
89 91 918
89 92 118
89 93 827
89 94 1052
89 95 701
89 96 732
89 97 138
89 98 729
89 99 491
89 100 497
90 1 426
90 2 667
90 3 602
90 4 432
90 5 514
90 6 383
90 7 383
90 8 284
90 9 631
90 10 314
90 11 648
90 12 333
90 13 264
90 14 583
90 15 80
90 16 552
90 17 417
90 18 601
90 19 612
90 20 326
90 21 623
90 22 136
90 23 615
90 24 451
90 25 778
90 26 431
90 27 583
90 28 388
90 29 602
90 30 147
90 31 413
90 32 670
90 33 334
90 34 588
90 35 458
90 36 433
90 37 294
90 38 764
90 39 542
90 40 243
90 41 667
90 42 260
90 43 205
90 44 298
90 45 555
90 46 321
90 47 213
90 48 352
90 49 131
90 50 615
90 51 345
90 52 243
90 53 167
90 54 497
90 55 280
90 56 195
90 57 314
90 58 177
90 59 669
90 60 318
90 61 582
90 62 626
90 63 421
90 64 624
90 65 871
90 66 519
90 67 361
90 68 586
90 69 72
90 70 422
90 71 403
90 72 333
90 73 407
90 74 437
90 75 272
90 76 503
90 77 224
90 78 815
90 79 351
90 80 425
90 81 395
90 82 138
90 83 662
90 84 307
90 85 568
90 86 262
90 87 172
90 88 539
90 89 627
90 91 806
90 92 519
90 93 246
90 94 451
90 95 374
90 96 108
90 97 604
90 98 148
90 99 384
90 100 306
91 1 558
91 2 141
91 3 524
91 4 470
91 5 697
91 6 866
91 7 1185
91 8 1072
91 9 855
91 10 702
91 11 887
91 12 1061
91 13 793
91 14 463
91 15 845
91 16 263
91 17 610
91 18 831
91 19 207
91 20 776
91 21 801
91 22 926
91 23 523
91 24 764
91 25 78
91 26 906
91 27 225
91 28 600
91 29 295
91 30 951
91 31 426
91 32 831
91 33 823
91 34 367
91 35 652
91 36 379
91 37 868
91 38 56
91 39 439
91 40 569
91 41 234
91 42 1059
91 43 1009
91 44 792
91 45 574
91 46 625
91 47 643
91 48 715
91 49 762
91 50 632
91 51 953
91 52 638
91 53 973
91 54 833
91 55 1010
91 56 815
91 57 1085
91 58 696
91 59 766
91 60 644
91 61 787
91 62 739
91 63 914
91 64 629
91 65 138
91 66 758
91 67 1040
91 68 522
91 69 870
91 70 820
91 71 405
91 72 480
91 73 402
91 74 392
91 75 554
91 76 713
91 77 907
91 78 75
91 79 919
91 80 840
91 81 953
91 82 792
91 83 881
91 84 1109
91 85 762
91 86 851
91 87 636
91 88 856
91 89 918
91 90 806
91 92 830
91 93 1014
91 94 822
91 95 438
91 96 815
91 97 786
91 98 723
91 99 497
91 100 1029
92 1 285
92 2 728
92 3 333
92 4 381
92 5 137
92 6 888
92 7 768
92 8 557
92 9 115
92 10 769
92 11 130
92 12 450
92 13 257
92 14 378
92 15 463
92 16 602
92 17 818
92 18 89
92 19 728
92 20 812
92 21 127
92 22 502
92 23 954
92 24 84
92 25 763
92 26 939
92 27 682
92 28 259
92 29 805
92 30 601
92 31 460
92 32 1124
92 33 833
92 34 841
92 35 878
92 36 536
92 37 257
92 38 819
92 39 393
92 40 547
92 41 601
92 42 581
92 43 633
92 44 791
92 45 268
92 46 282
92 47 620
92 48 811
92 49 624
92 50 248
92 51 863
92 52 654
92 53 580
92 54 25
92 55 432
92 56 331
92 57 781
92 58 372
92 59 197
92 60 741
92 61 1037
92 62 1056
92 63 167
92 64 1011
92 65 810
92 66 974
92 67 380
92 68 328
92 69 571
92 70 910
92 71 543
92 72 490
92 73 541
92 74 658
92 75 593
92 76 943
92 77 363
92 78 792
92 79 241
92 80 105
92 81 912
92 82 644
92 83 144
92 84 709
92 85 102
92 86 279
92 87 513
92 88 29
92 89 118
92 90 519
92 91 830
92 93 730
92 94 937
92 95 587
92 96 623
92 97 117
92 98 615
92 99 380
92 100 429
93 1 671
93 2 875
93 3 848
93 4 676
93 5 748
93 6 325
93 7 198
93 8 269
93 9 845
93 10 376
93 11 857
93 12 392
93 13 478
93 14 829
93 15 272
93 16 773
93 17 504
93 18 817
93 19 810
93 20 336
93 21 845
93 22 232
93 23 710
93 24 674
93 25 996
93 26 350
93 27 789
93 28 632
93 29 771
93 30 130
93 31 649
93 32 653
93 33 308
93 34 738
93 35 517
93 36 657
93 37 479
93 38 966
93 39 787
93 40 449
93 41 899
93 42 225
93 43 117
93 44 302
93 45 799
93 46 566
93 47 372
93 48 396
93 49 252
93 50 856
93 51 217
93 52 384
93 53 159
93 54 707
93 55 362
93 56 402
93 57 72
93 58 422
93 59 899
93 60 416
93 61 576
93 62 642
93 63 600
93 64 682
93 65 1094
93 66 524
93 67 458
93 68 832
93 69 176
93 70 394
93 71 623
93 72 561
93 73 628
93 74 626
93 75 460
93 76 529
93 77 377
93 78 1033
93 79 519
93 80 628
93 81 276
93 82 223
93 83 873
93 84 142
93 85 794
93 86 453
93 87 391
93 88 746
93 89 827
93 90 246
93 91 1014
93 92 730
93 94 422
93 95 578
93 96 199
93 97 828
93 98 292
93 99 628
93 100 383
94 1 746
94 2 704
94 3 899
94 4 695
94 5 891
94 6 99
94 7 612
94 8 663
94 9 1041
94 10 175
94 11 1064
94 12 759
94 13 697
94 14 852
94 15 529
94 16 660
94 17 215
94 18 1008
94 19 625
94 20 127
94 21 1019
94 22 556
94 23 360
94 24 858
94 25 837
94 26 101
94 27 629
94 28 731
94 29 531
94 30 480
94 31 622
94 32 233
94 33 123
94 34 466
94 35 174
94 36 581
94 37 741
94 38 767
94 39 798
94 40 418
94 41 809
94 42 623
94 43 512
94 44 154
94 45 878
94 46 677
94 47 324
94 48 137
94 49 324
94 50 955
94 51 222
94 52 294
94 53 525
94 54 919
94 55 713
94 56 638
94 57 464
94 58 565
94 59 1047
94 60 222
94 61 155
94 62 225
94 63 866
94 64 292
94 65 940
94 66 110
94 67 804
94 68 883
94 69 439
94 70 31
94 71 545
94 72 531
94 73 551
94 74 467
94 75 384
94 76 135
94 77 674
94 78 869
94 79 800
94 80 855
94 81 180
94 82 314
94 83 1073
94 84 563
94 85 960
94 86 708
94 87 428
94 88 961
94 89 1052
94 90 451
94 91 822
94 92 937
94 93 422
94 95 474
94 96 349
94 97 998
94 98 324
94 99 655
94 100 739
95 1 324
95 2 298
95 3 442
95 4 245
95 5 494
95 6 482
95 7 749
95 8 650
95 9 665
95 10 312
95 11 694
95 12 663
95 13 435
95 14 388
95 15 422
95 16 203
95 17 281
95 18 633
95 19 239
95 20 385
95 21 627
95 22 501
95 23 369
95 24 505
95 25 420
95 26 531
95 27 213
95 28 332
95 29 246
95 30 515
95 31 160
95 32 590
95 33 429
95 34 261
95 35 343
95 36 107
95 37 509
95 38 392
95 39 333
95 40 133
95 41 346
95 42 631
95 43 573
95 44 390
95 45 438
95 46 309
95 47 212
95 48 341
95 49 327
95 50 518
95 51 542
95 52 216
95 53 540
95 54 578
95 55 609
95 56 428
95 57 649
95 58 301
95 59 634
95 60 256
95 61 513
95 62 507
95 63 597
95 64 438
95 65 519
95 66 459
95 67 659
95 68 428
95 69 435
95 70 459
95 71 72
95 72 98
95 73 78
95 74 77
95 75 120
95 76 417
95 77 514
95 78 456
95 79 570
95 80 546
95 81 557
95 82 358
95 83 698
95 84 673
95 85 570
95 86 483
95 87 203
95 88 616
95 89 701
95 90 374
95 91 438
95 92 587
95 93 578
95 94 474
95 96 379
95 97 606
95 98 288
95 99 219
95 100 631
96 1 504
96 2 676
96 3 678
96 4 493
96 5 609
96 6 276
96 7 378
96 8 340
96 9 734
96 10 229
96 11 753
96 12 416
96 13 369
96 14 651
96 15 182
96 16 575
96 17 347
96 18 703
96 19 613
96 20 227
96 21 723
96 22 211
96 23 553
96 24 553
96 25 797
96 26 324
96 27 591
96 28 471
96 29 581
96 30 162
96 31 456
96 32 574
96 33 229
96 34 554
96 35 378
96 36 459
96 37 401
96 38 768
96 39 605
96 40 250
96 41 704
96 42 306
96 43 214
96 44 196
96 45 637
96 46 406
96 47 177
96 48 263
96 49 57
96 50 702
96 51 242
96 52 195
96 53 201
96 54 602
96 55 368
96 56 302
96 57 271
96 58 266
96 59 766
96 60 249
96 61 486
96 62 536
96 63 528
96 64 547
96 65 895
96 66 425
96 67 456
96 68 662
96 69 96
96 70 319
96 71 424
96 72 365
96 73 430
96 74 429
96 75 262
96 76 414
96 77 326
96 78 834
96 79 457
96 80 531
96 81 289
96 82 40
96 83 765
96 84 305
96 85 667
96 86 369
96 87 197
96 88 644
96 89 732
96 90 108
96 91 815
96 92 623
96 93 199
96 94 349
96 95 379
96 97 704
96 98 96
96 99 445
96 100 393
97 1 284
97 2 698
97 3 265
97 4 375
97 5 113
97 6 958
97 7 878
97 8 669
97 9 70
97 10 826
97 11 102
97 12 565
97 13 350
97 14 323
97 15 557
97 16 582
97 17 860
97 18 51
97 19 711
97 20 876
97 21 22
97 22 604
97 23 975
97 24 155
97 25 714
97 26 1010
97 27 665
97 28 278
97 29 802
97 30 700
97 31 461
97 32 1171
97 33 901
97 34 847
97 35 921
97 36 537
97 37 365
97 38 782
97 39 352
97 40 591
97 41 552
97 42 691
97 43 735
97 44 858
97 45 212
97 46 323
97 47 676
97 48 867
97 49 697
97 50 162
97 51 945
97 52 707
97 53 683
97 54 139
97 55 545
97 56 426
97 57 882
97 58 442
97 59 81
97 60 791
97 61 1086
97 62 1098
97 63 284
97 64 1042
97 65 748
97 66 1025
97 67 496
97 68 266
97 69 662
97 70 973
97 71 552
97 72 512
97 73 548
97 74 670
97 75 635
97 76 990
97 77 470
97 78 740
97 79 355
97 80 216
97 81 990
97 82 721
97 83 98
97 84 816
97 85 39
97 86 383
97 87 570
97 88 121
97 89 138
97 90 604
97 91 786
97 92 117
97 93 828
97 94 998
97 95 606
97 96 704
97 98 683
97 99 388
97 100 544
98 1 454
98 2 584
98 3 624
98 4 429
98 5 581
98 6 275
98 7 473
98 8 420
98 9 722
98 10 170
98 11 743
98 12 480
98 13 374
98 14 590
98 15 226
98 16 487
98 17 270
98 18 690
98 19 519
98 20 197
98 21 704
98 22 280
98 23 470
98 24 539
98 25 707
98 26 327
98 27 498
98 28 429
98 29 486
98 30 252
98 31 380
98 32 531
98 33 219
98 34 461
98 35 311
98 36 374
98 37 421
98 38 675
98 39 540
98 40 164
98 41 621
98 42 390
98 43 307
98 44 176
98 45 590
98 46 368
98 47 82
98 48 210
98 49 40
98 50 660
98 51 284
98 52 102
98 53 287
98 54 597
98 55 428
98 56 318
98 57 363
98 58 244
98 59 739
98 60 171
98 61 442
98 62 481
98 63 544
98 64 476
98 65 806
98 66 379
98 67 508
98 68 607
98 69 176
98 70 296
98 71 338
98 72 286
98 73 344
98 74 334
98 75 169
98 76 359
98 77 366
98 78 743
98 79 483
98 80 532
98 81 317
98 82 71
98 83 754
98 84 400
98 85 645
98 86 389
98 87 128
98 88 639
98 89 729
98 90 148
98 91 723
98 92 615
98 93 292
98 94 324
98 95 288
98 96 96
98 97 683
98 99 382
98 100 453
99 1 105
99 2 373
99 3 246
99 4 49
99 5 276
99 6 638
99 7 758
99 8 605
99 9 449
99 10 481
99 11 479
99 12 573
99 13 298
99 14 209
99 15 391
99 16 240
99 17 487
99 18 418
99 19 357
99 20 545
99 21 409
99 22 471
99 23 587
99 24 301
99 25 446
99 26 691
99 27 312
99 28 122
99 29 425
99 30 527
99 31 81
99 32 800
99 33 581
99 34 463
99 35 549
99 36 157
99 37 372
99 38 471
99 39 161
99 40 238
99 41 304
99 42 601
99 43 581
99 44 538
99 45 226
99 46 129
99 47 340
99 48 518
99 49 412
99 50 305
99 51 665
99 52 363
99 53 535
99 54 375
99 55 524
99 56 328
99 57 697
99 58 225
99 59 416
99 60 435
99 61 719
99 62 721
99 63 425
99 64 657
99 65 523
99 66 660
99 67 545
99 68 230
99 69 456
99 70 634
99 71 165
99 72 130
99 73 162
99 74 283
99 75 271
99 76 622
99 77 420
99 78 481
99 79 423
99 80 359
99 81 695
99 82 442
99 83 481
99 84 682
99 85 353
99 86 356
99 87 255
99 88 409
99 89 491
99 90 384
99 91 497
99 92 380
99 93 628
99 94 655
99 95 219
99 96 445
99 97 388
99 98 382
99 100 541
100 1 520
100 2 895
100 3 672
100 4 579
100 5 505
100 6 656
100 7 352
100 8 138
100 9 536
100 10 617
100 11 538
100 12 33
100 13 253
100 14 683
100 15 229
100 16 767
100 17 722
100 18 516
100 19 857
100 20 620
100 21 556
100 22 184
100 23 917
100 24 407
100 25 984
100 26 697
100 27 820
100 28 471
100 29 875
100 30 270
100 31 604
100 32 966
100 33 616
100 34 874
100 35 763
100 36 654
100 37 194
100 38 996
100 39 663
100 40 515
100 41 843
100 42 173
100 43 267
100 44 587
100 45 607
100 46 421
100 47 513
100 48 654
100 49 433
100 50 633
100 51 580
100 52 546
100 53 229
100 54 406
100 55 26
100 56 215
100 57 407
100 58 336
100 59 624
100 60 623
100 61 879
100 62 928
100 63 267
100 64 929
100 65 1063
100 66 818
100 67 76
100 68 660
100 69 300
100 70 708
100 71 635
100 72 558
100 73 637
100 74 704
100 75 555
100 76 805
100 77 122
100 78 1020
100 79 189
100 80 329
100 81 639
100 82 431
100 83 557
100 84 307
100 85 520
100 86 195
100 87 443
100 88 435
100 89 497
100 90 306
100 91 1029
100 92 429
100 93 383
100 94 739
100 95 631
100 96 393
100 97 544
100 98 453
100 99 541
