nnodes nedges type capacity P s t
100  4950  graph  1000 100 1 100 
nodename posx posy itemvalue itemweight
1 153 986 0 0
2 371 86 335 5
3 816 646 444 7
4 707 5 73 3
5 773 666 173 8
6 920 896 347 4
7 83 550 293 4
8 270 902 205 1
9 999 337 17 9
10 47 883 416 2
11 486 505 86 9
12 226 133 240 2
13 330 796 114 2
14 529 28 467 6
15 297 94 392 5
16 107 802 332 9
17 432 479 380 9
18 889 600 323 5
19 477 948 347 7
20 605 602 287 10
21 967 877 4 3
22 498 50 35 8
23 780 768 239 1
24 304 779 138 5
25 458 352 359 6
26 14 296 188 6
27 209 241 464 10
28 781 539 139 8
29 37 311 441 6
30 919 686 403 4
31 757 379 372 6
32 489 189 42 3
33 858 730 104 5
34 790 687 277 1
35 30 747 463 6
36 289 349 322 7
37 977 140 400 6
38 751 757 466 8
39 260 56 298 6
40 888 70 245 8
41 408 903 361 4
42 367 969 303 4
43 496 148 63 2
44 509 885 401 6
45 811 780 399 5
46 571 568 39 10
47 159 412 241 1
48 758 369 373 4
49 494 900 297 1
50 56 877 294 9
51 647 698 416 7
52 226 624 77 6
53 190 978 174 5
54 733 450 453 1
55 386 622 350 9
56 873 146 478 10
57 877 592 333 3
58 115 373 33 7
59 740 976 74 6
60 258 904 102 4
61 757 181 440 3
62 472 916 93 10
63 594 230 425 7
64 638 440 376 3
65 130 694 170 1
66 317 130 183 5
67 744 896 488 2
68 106 934 400 1
69 226 840 6 5
70 737 612 484 5
71 462 610 253 1
72 758 339 64 5
73 202 873 93 8
74 64 294 332 8
75 202 322 233 5
76 198 959 341 5
77 855 671 277 6
78 227 801 56 3
79 253 865 454 1
80 242 736 125 3
81 912 911 452 8
82 218 656 208 1
83 807 324 419 9
84 591 385 303 6
85 164 680 163 6
86 997 978 130 6
87 642 107 247 5
88 317 844 352 1
89 333 733 344 5
90 490 535 61 9
91 55 689 320 1
92 846 263 453 8
93 712 425 38 8
94 64 317 353 4
95 291 306 291 7
96 405 555 466 4
97 570 623 136 5
98 211 729 384 6
99 948 154 484 6
100 115 464 0 0
endpoint1 endpoint2 weight
1 2 927
1 3 746
1 4 1127
1 5 698
1 6 773
1 7 442
1 8 145
1 9 1067
1 10 148
1 11 586
1 12 857
1 13 260
1 14 1030
1 15 904
1 16 190
1 17 579
1 18 832
1 19 327
1 20 594
1 21 822
1 22 998
1 23 664
1 24 257
1 25 704
1 26 704
1 27 748
1 28 771
1 29 685
1 30 823
1 31 857
1 32 865
1 33 751
1 34 704
1 35 269
1 36 652
1 37 1181
1 38 641
1 39 937
1 40 1175
1 41 269
1 42 215
1 43 906
1 44 371
1 45 690
1 46 592
1 47 575
1 48 865
1 49 352
1 50 146
1 51 572
1 52 370
1 53 38
1 54 790
1 55 433
1 56 1107
1 57 825
1 58 615
1 59 588
1 60 134
1 61 1007
1 62 327
1 63 876
1 64 731
1 65 293
1 66 872
1 67 598
1 68 71
1 69 164
1 70 694
1 71 487
1 72 886
1 73 124
1 74 698
1 75 666
1 76 53
1 77 770
1 78 200
1 79 157
1 80 266
1 81 763
1 82 337
1 83 931
1 84 744
1 85 307
1 86 845
1 87 1006
1 88 217
1 89 311
1 90 564
1 91 313
1 92 1002
1 93 792
1 94 675
1 95 694
1 96 500
1 97 553
1 98 264
1 99 1151
1 100 524
2 1 927
2 3 716
2 4 346
2 5 706
2 6 979
2 7 547
2 8 823
2 9 677
2 10 861
2 11 435
2 12 153
2 13 712
2 14 169
2 15 75
2 16 764
2 17 398
2 18 730
2 19 869
2 20 567
2 21 991
2 22 133
2 23 796
2 24 697
2 25 280
2 26 415
2 27 225
2 28 611
2 29 403
2 30 813
2 31 485
2 32 157
2 33 808
2 34 733
2 35 744
2 36 276
2 37 609
2 38 772
2 39 115
2 40 518
2 41 818
2 42 884
2 43 140
2 44 811
2 45 822
2 46 522
2 47 389
2 48 480
2 49 824
2 50 852
2 51 672
2 52 558
2 53 911
2 54 514
2 55 537
2 56 506
2 57 716
2 58 385
2 59 964
2 60 826
2 61 398
2 62 837
2 63 266
2 64 444
2 65 655
2 66 70
2 67 892
2 68 889
2 69 768
2 70 641
2 71 532
2 72 463
2 73 805
2 74 371
2 75 291
2 76 890
2 77 760
2 78 730
2 79 788
2 80 663
2 81 987
2 82 591
2 83 497
2 84 372
2 85 630
2 86 1090
2 87 272
2 88 760
2 89 649
2 90 465
2 91 681
2 92 507
2 93 481
2 94 385
2 95 235
2 96 471
2 97 573
2 98 663
2 99 581
2 100 457
3 1 746
3 2 716
3 4 651
3 5 48
3 6 271
3 7 740
3 8 604
3 9 360
3 10 805
3 11 359
3 12 782
3 13 509
3 14 682
3 15 758
3 16 726
3 17 419
3 18 87
3 19 455
3 20 216
3 21 276
3 22 676
3 23 128
3 24 529
3 25 464
3 26 876
3 27 730
3 28 113
3 29 848
3 30 111
3 31 274
3 32 562
3 33 94
3 34 49
3 35 793
3 36 605
3 37 531
3 38 129
3 39 811
3 40 581
3 41 483
3 42 554
3 43 592
3 44 390
3 45 135
3 46 258
3 47 698
3 48 284
3 49 411
3 50 795
3 51 177
3 52 591
3 53 709
3 54 213
3 55 431
3 56 504
3 57 82
3 58 753
3 59 339
3 60 615
3 61 469
3 62 438
3 63 472
3 64 273
3 65 688
3 66 718
3 67 261
3 68 767
3 69 622
3 70 87
3 71 356
3 72 313
3 73 655
3 74 831
3 75 695
3 76 693
3 77 47
3 78 610
3 79 605
3 80 582
3 81 282
3 82 599
3 83 323
3 84 345
3 85 653
3 86 379
3 87 567
3 88 537
3 89 491
3 90 345
3 91 763
3 92 385
3 93 245
3 94 821
3 95 626
3 96 421
3 97 248
3 98 611
3 99 510
3 100 725
4 1 1127
4 2 346
4 3 651
4 5 665
4 6 917
4 7 829
4 8 998
4 9 443
4 10 1099
4 11 547
4 12 498
4 13 877
4 14 180
4 15 420
4 16 998
4 17 548
4 18 623
4 19 971
4 20 606
4 21 910
4 22 214
4 23 767
4 24 873
4 25 428
4 26 752
4 27 552
4 28 540
4 29 737
4 30 714
4 31 378
4 32 286
4 33 741
4 34 688
4 35 1005
4 36 542
4 37 302
4 38 754
4 39 450
4 40 193
4 41 947
4 42 1023
4 43 255
4 44 902
4 45 782
4 46 580
4 47 683
4 48 368
4 49 920
4 50 1089
4 51 696
4 52 784
4 53 1102
4 54 446
4 55 696
4 56 218
4 57 612
4 58 698
4 59 972
4 60 1005
4 61 183
4 62 941
4 63 252
4 64 441
4 65 899
4 66 410
4 67 892
4 68 1107
4 69 964
4 70 608
4 71 653
4 72 338
4 73 1005
4 74 705
4 75 597
4 76 1082
4 77 683
4 78 930
4 79 973
4 80 867
4 81 929
4 82 815
4 83 335
4 84 398
4 85 867
4 86 1016
4 87 121
4 88 926
4 89 819
4 90 573
4 91 945
4 92 294
4 93 421
4 94 715
4 95 514
4 96 628
4 97 634
4 98 878
4 99 284
4 100 750
5 1 698
5 2 706
5 3 48
5 4 665
5 6 273
5 7 700
5 8 556
5 9 400
5 10 758
5 11 330
5 12 764
5 13 462
5 14 684
5 15 745
5 16 680
5 17 389
5 18 134
5 19 409
5 20 180
5 21 287
5 22 675
5 23 103
5 24 483
5 25 445
5 26 845
5 27 707
5 28 128
5 29 818
5 30 148
5 31 288
5 32 556
5 33 107
5 34 28
5 35 748
5 36 579
5 37 565
5 38 94
5 39 798
5 40 607
5 41 436
5 42 507
5 43 588
5 44 344
5 45 121
5 46 225
5 47 665
5 48 298
5 49 365
5 50 748
5 51 130
5 52 549
5 53 662
5 54 220
5 55 390
5 56 530
5 57 128
5 58 721
5 59 312
5 60 568
5 61 486
5 62 392
5 63 472
5 64 264
5 65 644
5 66 704
5 67 232
5 68 719
5 69 575
5 70 65
5 71 317
5 72 328
5 73 608
5 74 801
5 75 667
5 76 646
5 77 83
5 78 563
5 79 557
5 80 536
5 81 282
5 82 556
5 83 344
5 84 335
5 85 610
5 86 385
5 87 575
5 88 490
5 89 446
5 90 312
5 91 719
5 92 410
5 93 249
5 94 791
5 95 602
5 96 385
5 97 208
5 98 566
5 99 542
5 100 689
6 1 773
6 2 979
6 3 271
6 4 917
6 5 273
6 7 906
6 8 651
6 9 565
6 10 874
6 11 585
6 12 1032
6 13 599
6 14 953
6 15 1016
6 16 819
6 17 642
6 18 298
6 19 447
6 20 431
6 21 51
6 22 946
6 23 190
6 24 628
6 25 714
6 26 1087
6 27 967
6 28 384
6 29 1060
6 30 211
6 31 543
6 32 829
6 33 178
6 34 247
6 35 903
6 36 836
6 37 759
6 38 219
6 39 1069
6 40 827
6 41 513
6 42 558
6 43 860
6 44 412
6 45 160
6 46 479
6 47 902
6 48 552
6 49 427
6 50 865
6 51 338
6 52 746
6 53 735
6 54 484
6 55 601
6 56 752
6 57 308
6 58 960
6 59 197
6 60 663
6 61 734
6 62 449
6 63 742
6 64 537
6 65 816
6 66 975
6 67 176
6 68 815
6 69 697
6 70 338
6 71 540
6 72 581
6 73 719
6 74 1047
6 75 920
6 76 725
6 77 235
6 78 700
6 79 668
6 80 697
6 81 17
6 82 742
6 83 584
6 84 608
6 85 787
6 86 113
6 87 837
6 88 606
6 89 610
6 90 562
6 91 890
6 92 638
6 93 515
6 94 1034
6 95 863
6 96 618
6 97 444
6 98 729
6 99 743
6 100 914
7 1 442
7 2 547
7 3 740
7 4 829
7 5 700
7 6 906
7 8 399
7 9 941
7 10 335
7 11 406
7 12 441
7 13 349
7 14 687
7 15 504
7 16 254
7 17 357
7 18 808
7 19 561
7 20 525
7 21 943
7 22 650
7 23 731
7 24 319
7 25 425
7 26 264
7 27 334
7 28 699
7 29 244
7 30 847
7 31 696
7 32 544
7 33 796
7 34 721
7 35 205
7 36 288
7 37 984
7 38 700
7 39 525
7 40 938
7 41 480
7 42 507
7 43 577
7 44 542
7 45 764
7 46 489
7 47 158
7 48 699
7 49 540
7 50 329
7 51 584
7 52 162
7 53 442
7 54 658
7 55 312
7 56 888
7 57 796
7 58 180
7 59 784
7 60 395
7 61 769
7 62 535
7 63 603
7 64 566
7 65 152
7 66 481
7 67 747
7 68 385
7 69 324
7 70 657
7 71 384
7 72 708
7 73 345
7 74 257
7 75 258
7 76 425
7 77 782
7 78 290
7 79 358
7 80 245
7 81 905
7 82 172
7 83 759
7 84 535
7 85 154
7 86 1010
7 87 714
7 88 376
7 89 310
7 90 408
7 91 142
7 92 816
7 93 642
7 94 234
7 95 321
7 96 323
7 97 493
7 98 221
7 99 952
7 100 92
8 1 145
8 2 823
8 3 604
8 4 998
8 5 556
8 6 651
8 7 399
8 9 923
8 10 224
8 11 452
8 12 771
8 13 122
8 14 912
8 15 809
8 16 192
8 17 453
8 18 689
8 19 213
8 20 450
8 21 698
8 22 882
8 23 528
8 24 128
8 25 582
8 26 658
8 27 664
8 28 627
8 29 636
8 30 685
8 31 715
8 32 746
8 33 613
8 34 563
8 35 286
8 36 554
8 37 1040
8 38 503
8 39 847
8 40 1037
8 41 139
8 42 118
8 43 788
8 44 240
8 45 555
8 46 450
8 47 503
8 48 723
8 49 225
8 50 216
8 51 429
8 52 282
8 53 111
8 54 648
8 55 304
8 56 968
8 57 682
8 58 552
8 59 476
8 60 13
8 61 871
8 62 203
8 63 747
8 64 591
8 65 251
8 66 774
8 67 475
8 68 168
8 69 77
8 70 550
8 71 350
8 72 746
8 73 74
8 74 642
8 75 584
8 76 92
8 77 629
8 78 110
8 79 41
8 80 169
8 81 643
8 82 252
8 83 789
8 84 609
8 85 247
8 86 731
8 87 878
8 88 75
8 89 181
8 90 428
8 91 303
8 92 861
8 93 651
8 94 621
8 95 597
8 96 373
8 97 410
8 98 183
8 99 1010
8 100 465
9 1 1067
9 2 677
9 3 360
9 4 443
9 5 400
9 6 565
9 7 941
9 8 923
9 10 1098
9 11 540
9 12 800
9 13 812
9 14 563
9 15 743
9 16 1006
9 17 585
9 18 286
9 19 804
9 20 475
9 21 541
9 22 578
9 23 484
9 24 824
9 25 542
9 26 986
9 27 796
9 28 298
9 29 963
9 30 359
9 31 246
9 32 532
9 33 418
9 34 408
9 35 1053
9 36 711
9 37 199
9 38 488
9 39 791
9 40 290
9 41 819
9 42 894
9 43 538
9 44 736
9 45 482
9 46 487
9 47 844
9 48 244
9 49 757
9 50 1087
9 51 505
9 52 825
9 53 1033
9 54 290
9 55 677
9 56 229
9 57 283
9 58 885
9 59 690
9 60 934
9 61 288
9 62 783
9 63 419
9 64 376
9 65 940
9 66 713
9 67 615
9 68 1075
9 69 923
9 70 380
9 71 603
9 72 242
9 73 961
9 74 936
9 75 798
9 76 1015
9 77 364
9 78 901
9 79 914
9 80 856
9 81 581
9 82 844
9 83 193
9 84 411
9 85 903
9 86 642
9 87 425
9 88 850
9 89 775
9 90 547
9 91 1008
9 92 170
9 93 301
9 94 936
9 95 709
9 96 633
9 97 516
9 98 881
9 99 190
9 100 894
10 1 148
10 2 861
10 3 805
10 4 1099
10 5 758
10 6 874
10 7 335
10 8 224
10 9 1098
10 11 580
10 12 772
10 13 297
10 14 982
10 15 828
10 16 101
10 17 559
10 18 889
10 19 435
10 20 625
10 21 921
10 22 948
10 23 742
10 24 278
10 25 672
10 26 588
10 27 663
10 28 811
10 29 573
10 30 894
10 31 871
10 32 823
10 33 826
10 34 769
10 35 138
10 36 587
10 37 1191
10 38 716
10 39 854
10 40 1170
10 41 362
10 42 332
10 43 862
10 44 463
10 45 771
10 46 612
10 47 485
10 48 878
10 49 448
10 50 11
10 51 628
10 52 315
10 53 172
10 54 812
10 55 428
10 56 1107
10 57 880
10 58 515
10 59 700
10 60 213
10 61 999
10 62 427
10 63 852
10 64 739
10 65 207
10 66 800
10 67 698
10 68 78
10 69 185
10 70 742
10 71 497
10 72 896
10 73 156
10 74 590
10 75 583
10 76 170
10 77 836
10 78 198
10 79 207
10 80 245
10 81 866
10 82 285
10 83 944
10 84 738
10 85 235
10 86 955
10 87 978
10 88 273
10 89 323
10 90 564
10 91 195
10 92 1012
10 93 808
10 94 567
10 95 627
10 96 486
10 97 585
10 98 225
10 99 1159
10 100 425
11 1 586
11 2 435
11 3 359
11 4 547
11 5 330
11 6 585
11 7 406
11 8 452
11 9 540
11 10 580
11 12 454
11 13 331
11 14 479
11 15 453
11 16 482
11 17 60
11 18 415
11 19 444
11 20 154
11 21 609
11 22 456
11 23 395
11 24 329
11 25 156
11 26 517
11 27 383
11 28 297
11 29 490
11 30 470
11 31 299
11 32 317
11 33 435
11 34 355
11 35 517
11 36 252
11 37 612
11 38 366
11 39 503
11 40 593
11 41 406
11 42 480
11 43 358
11 44 381
11 45 426
11 46 106
11 47 340
11 48 305
11 49 396
11 50 569
11 51 252
11 52 286
11 53 558
11 54 254
11 55 154
11 56 528
11 57 401
11 58 394
11 59 536
11 60 460
11 61 423
11 62 412
11 63 296
11 64 166
11 65 404
11 66 412
11 67 469
11 68 574
11 69 425
11 70 273
11 71 108
11 72 319
11 73 465
11 74 472
11 75 338
11 76 538
11 77 405
11 78 394
11 79 429
11 80 337
11 81 589
11 82 308
11 83 369
11 84 160
11 85 367
11 86 697
11 87 428
11 88 379
11 89 275
11 90 31
11 91 469
11 92 434
11 93 240
11 94 462
11 95 279
11 96 96
11 97 145
11 98 355
11 99 581
11 100 374
12 1 857
12 2 153
12 3 782
12 4 498
12 5 764
12 6 1032
12 7 441
12 8 771
12 9 800
12 10 772
12 11 454
12 13 672
12 14 321
12 15 82
12 16 680
12 17 403
12 18 811
12 19 853
12 20 603
12 21 1051
12 22 285
12 23 843
12 24 651
12 25 320
12 26 268
12 27 110
12 28 688
12 29 260
12 30 887
12 31 586
12 32 269
12 33 870
12 34 791
12 35 645
12 36 225
12 37 752
12 38 816
12 39 85
12 40 665
12 41 792
12 42 848
12 43 271
12 44 804
12 45 873
12 46 556
12 47 287
12 48 582
12 49 813
12 50 764
12 51 705
12 52 491
12 53 846
12 54 598
12 55 515
12 56 648
12 57 797
12 58 265
12 59 988
12 60 772
12 61 534
12 62 821
12 63 381
12 64 514
12 65 570
12 66 92
12 67 923
12 68 810
12 69 707
12 70 701
12 71 533
12 72 571
12 73 741
12 74 229
12 75 191
12 76 827
12 77 828
12 78 669
12 79 733
12 80 604
12 81 1038
12 82 524
12 83 612
12 84 444
12 85 551
12 86 1144
12 87 417
12 88 717
12 89 610
12 90 481
12 91 582
12 92 634
12 93 567
12 94 246
12 95 185
12 96 459
12 97 599
12 98 597
12 99 723
12 100 350
13 1 260
13 2 712
13 3 509
13 4 877
13 5 462
13 6 599
13 7 349
13 8 122
13 9 812
13 10 297
13 11 331
13 12 672
13 14 794
13 15 703
13 16 224
13 17 334
13 18 593
13 19 212
13 20 337
13 21 643
13 22 765
13 23 451
13 24 32
13 25 463
13 26 592
13 27 569
13 28 520
13 29 567
13 30 600
13 31 597
13 32 628
13 33 533
13 34 473
13 35 304
13 36 449
13 37 922
13 38 423
13 39 744
13 40 916
13 41 133
13 42 177
13 43 669
13 44 200
13 45 482
13 46 332
13 47 421
13 48 605
13 49 195
13 50 286
13 51 332
13 52 201
13 53 230
13 54 532
13 55 183
13 56 847
13 57 584
13 58 475
13 59 448
13 60 130
13 61 749
13 62 186
13 63 625
13 64 471
13 65 225
13 66 667
13 67 426
13 68 264
13 69 113
13 70 447
13 71 229
13 72 627
13 73 150
13 74 569
13 75 491
13 76 210
13 77 540
13 78 104
13 79 104
13 80 107
13 81 594
13 82 180
13 83 672
13 84 487
13 85 203
13 86 692
13 87 757
13 88 50
13 89 64
13 90 307
13 91 296
13 92 742
13 93 533
13 94 548
13 95 492
13 96 253
13 97 296
13 98 137
13 99 892
13 100 396
14 1 1030
14 2 169
14 3 682
14 4 180
14 5 684
14 6 953
14 7 687
14 8 912
14 9 563
14 10 982
14 11 479
14 12 321
14 13 794
14 15 242
14 16 882
14 17 462
14 18 676
14 19 922
14 20 580
14 21 956
14 22 39
14 23 782
14 24 784
14 25 332
14 26 581
14 27 385
14 28 570
14 29 568
14 30 765
14 31 419
14 32 166
14 33 776
14 34 709
14 35 876
14 36 401
14 37 462
14 38 763
14 39 271
14 40 362
14 41 884
14 42 955
14 43 125
14 44 858
14 45 804
14 46 542
14 47 534
14 48 411
14 49 873
14 50 972
14 51 681
14 52 669
14 53 1009
14 54 469
14 55 611
14 56 364
14 57 663
14 58 539
14 59 972
14 60 917
14 61 275
14 62 890
14 63 213
14 64 427
14 65 777
14 66 236
14 67 895
14 68 1000
14 69 867
14 70 620
14 71 586
14 72 387
14 73 907
14 74 536
14 75 440
14 76 989
14 77 721
14 78 830
14 79 882
14 80 764
14 81 963
14 82 701
14 83 407
14 84 363
14 85 748
14 86 1060
14 87 138
14 88 844
14 89 732
14 90 509
14 91 814
14 92 395
14 93 438
14 94 548
14 95 366
14 96 542
14 97 597
14 98 770
14 99 438
14 100 602
15 1 904
15 2 75
15 3 758
15 4 420
15 5 745
15 6 1016
15 7 504
15 8 809
15 9 743
15 10 828
15 11 453
15 12 82
15 13 703
15 14 242
15 16 734
15 17 408
15 18 779
15 19 873
15 20 595
15 21 1031
15 22 206
15 23 830
15 24 686
15 25 305
15 26 348
15 27 172
15 28 658
15 29 339
15 30 859
15 31 542
15 32 215
15 33 849
15 34 772
15 35 706
15 36 256
15 37 682
15 38 804
15 39 54
15 40 592
15 41 817
15 42 878
15 43 207
15 44 819
15 45 858
15 46 548
15 47 347
15 48 537
15 49 830
15 50 820
15 51 699
15 52 535
15 53 891
15 54 563
15 55 536
15 56 579
15 57 765
15 58 334
15 59 988
15 60 811
15 61 469
15 62 841
15 63 327
15 64 486
15 65 623
15 66 42
15 67 919
15 68 862
15 69 750
15 70 680
15 71 542
15 72 523
15 73 785
15 74 308
15 75 247
15 76 871
15 77 803
15 78 711
15 79 773
15 80 645
15 81 1023
15 82 568
15 83 560
15 84 414
15 85 601
15 86 1128
15 87 346
15 88 751
15 89 641
15 90 482
15 91 643
15 92 575
15 93 531
15 94 323
15 95 213
15 96 474
15 97 596
15 98 641
15 99 654
15 100 413
16 1 190
16 2 764
16 3 726
16 4 998
16 5 680
16 6 819
16 7 254
16 8 192
16 9 1006
16 10 101
16 11 482
16 12 680
16 13 224
16 14 882
16 15 734
16 17 459
16 18 808
16 19 398
16 20 537
16 21 864
16 22 848
16 23 674
16 24 199
16 25 571
16 26 515
16 27 571
16 28 724
16 29 496
16 30 821
16 31 776
16 32 723
16 33 755
16 34 693
16 35 95
16 36 489
16 37 1094
16 38 646
16 39 762
16 40 1071
16 41 318
16 42 310
16 43 761
16 44 411
16 45 705
16 46 520
16 47 394
16 48 782
16 49 400
16 50 91
16 51 550
16 52 215
16 53 195
16 54 719
16 55 333
16 56 1009
16 57 799
16 58 430
16 59 657
16 60 183
16 61 899
16 62 383
16 63 752
16 64 643
16 65 111
16 66 705
16 67 644
16 68 133
16 69 125
16 70 659
16 71 404
16 72 799
16 73 119
16 74 510
16 75 490
16 76 182
16 77 760
16 78 121
16 79 160
16 80 151
16 81 813
16 82 184
16 83 848
16 84 639
16 85 135
16 86 908
16 87 878
16 88 215
16 89 237
16 90 467
16 91 125
16 92 915
16 93 713
16 94 487
16 95 530
16 96 388
16 97 497
16 98 128
16 99 1062
16 100 339
17 1 579
17 2 398
17 3 419
17 4 548
17 5 389
17 6 642
17 7 357
17 8 453
17 9 585
17 10 559
17 11 60
17 12 403
17 13 334
17 14 462
17 15 408
17 16 459
17 18 473
17 19 472
17 20 213
17 21 667
17 22 435
17 23 453
17 24 327
17 25 130
17 26 457
17 27 327
17 28 355
17 29 430
17 30 530
17 31 341
17 32 296
17 33 495
17 34 415
17 35 484
17 36 194
17 37 642
17 38 424
17 39 457
17 40 613
17 41 425
17 42 495
17 43 338
17 44 414
17 45 484
17 46 166
17 47 282
17 48 345
17 49 426
17 50 548
17 51 307
17 52 252
17 53 555
17 54 303
17 55 151
17 56 553
17 57 460
17 58 335
17 59 585
17 60 460
17 61 441
17 62 439
17 63 298
17 64 210
17 65 371
17 66 368
17 67 521
17 68 560
17 69 416
17 70 333
17 71 135
17 72 355
17 73 457
17 74 412
17 75 279
17 76 534
17 77 465
17 78 382
17 79 426
17 80 320
17 81 646
17 82 278
17 83 406
17 84 185
17 85 335
17 86 754
17 87 428
17 88 383
17 89 273
17 90 81
17 91 432
17 92 467
17 93 286
17 94 403
17 95 224
17 96 81
17 97 200
17 98 334
17 99 610
17 100 318
18 1 832
18 2 730
18 3 87
18 4 623
18 5 134
18 6 298
18 7 808
18 8 689
18 9 286
18 10 889
18 11 415
18 12 811
18 13 593
18 14 676
18 15 779
18 16 808
18 17 473
18 19 540
18 20 285
18 21 288
18 22 675
18 23 201
18 24 612
18 25 498
18 26 927
18 27 769
18 28 125
18 29 900
18 30 92
18 31 258
18 32 574
18 33 134
18 34 132
18 35 872
18 36 651
18 37 469
18 38 210
18 39 832
18 40 531
18 41 569
18 42 640
18 43 599
18 44 475
18 45 197
18 46 320
18 47 754
18 48 266
18 49 497
18 50 878
18 51 262
18 52 664
18 53 795
18 54 217
18 55 504
18 56 455
18 57 15
18 58 807
18 59 405
18 60 701
18 61 440
18 62 524
18 63 474
18 64 298
18 65 765
18 66 741
18 67 330
18 68 852
18 69 706
18 70 153
18 71 428
18 72 293
18 73 740
18 74 880
18 75 742
18 76 779
18 77 79
18 78 692
18 79 689
18 80 662
18 81 312
18 82 674
18 83 288
18 84 368
18 85 730
18 86 394
18 87 552
18 88 622
18 89 572
18 90 405
18 91 839
18 92 340
18 93 249
18 94 873
18 95 667
18 96 487
18 97 320
18 98 691
18 99 450
18 100 786
19 1 327
19 2 869
19 3 455
19 4 971
19 5 409
19 6 447
19 7 561
19 8 213
19 9 804
19 10 435
19 11 444
19 12 853
19 13 212
19 14 922
19 15 873
19 16 398
19 17 472
19 18 540
19 20 369
19 21 496
19 22 899
19 23 353
19 24 242
19 25 597
19 26 800
19 27 757
19 28 510
19 29 775
19 30 514
19 31 635
19 32 760
19 33 439
19 34 408
19 35 491
19 36 628
19 37 951
19 38 335
19 39 919
19 40 970
19 41 83
19 42 112
19 43 801
19 44 71
19 45 374
19 46 392
19 47 624
19 48 644
19 49 51
19 50 427
19 51 303
19 52 410
19 53 289
19 54 560
19 55 339
19 56 895
19 57 536
19 58 680
19 59 265
19 60 224
19 61 817
19 62 33
19 63 728
19 64 533
19 65 431
19 66 834
19 67 273
19 68 372
19 69 274
19 70 425
19 71 339
19 72 671
19 73 286
19 74 774
19 75 684
19 76 280
19 77 469
19 78 291
19 79 239
19 80 317
19 81 437
19 82 391
19 83 706
19 84 575
19 85 413
19 86 521
19 87 858
19 88 191
19 89 259
19 90 414
19 91 496
19 92 779
19 93 574
19 94 755
19 95 669
19 96 400
19 97 339
19 98 345
19 99 924
19 100 605
20 1 594
20 2 567
20 3 216
20 4 606
20 5 180
20 6 431
20 7 525
20 8 450
20 9 475
20 10 625
20 11 154
20 12 603
20 13 337
20 14 580
20 15 595
20 16 537
20 17 213
20 18 285
20 19 369
20 21 455
20 22 563
20 23 242
20 24 350
20 25 291
20 26 666
20 27 536
20 28 187
20 29 639
20 30 326
20 31 270
20 32 429
20 33 284
20 34 204
20 35 594
20 36 405
20 37 594
20 38 213
20 39 646
20 40 603
20 41 360
20 42 438
20 43 467
20 44 299
20 45 273
20 46 49
20 47 485
20 48 279
20 49 319
20 50 615
20 51 105
20 52 380
20 53 561
20 54 199
20 55 220
20 56 529
20 57 273
20 58 541
20 59 398
20 60 461
20 61 448
20 62 342
20 63 373
20 64 166
20 65 484
20 66 553
20 67 326
20 68 600
20 69 448
20 70 133
20 71 144
20 72 305
20 73 486
20 74 623
20 75 491
20 76 542
20 77 260
20 78 428
20 79 440
20 80 387
20 81 436
20 82 391
20 83 344
20 84 218
20 85 448
20 86 544
20 87 497
20 88 377
20 89 302
20 90 134
20 91 557
20 92 416
20 93 207
20 94 612
20 95 432
20 96 206
20 97 41
20 98 414
20 99 565
20 100 510
21 1 822
21 2 991
21 3 276
21 4 910
21 5 287
21 6 51
21 7 943
21 8 698
21 9 541
21 10 921
21 11 609
21 12 1051
21 13 643
21 14 956
21 15 1031
21 16 864
21 17 667
21 18 288
21 19 496
21 20 455
21 22 951
21 23 217
21 24 671
21 25 732
21 26 1117
21 27 990
21 28 386
21 29 1089
21 30 197
21 31 541
21 32 838
21 33 184
21 34 260
21 35 946
21 36 860
21 37 738
21 38 248
21 39 1084
21 40 811
21 41 560
21 42 608
21 43 868
21 44 459
21 45 184
21 46 503
21 47 933
21 48 550
21 49 474
21 50 911
21 51 367
21 52 784
21 53 784
21 54 487
21 55 635
21 56 738
21 57 299
21 58 990
21 59 248
21 60 710
21 61 727
21 62 497
21 63 747
21 64 548
21 65 857
21 66 991
21 67 224
21 68 863
21 69 742
21 70 351
21 71 572
21 72 578
21 73 766
21 74 1075
21 75 946
21 76 774
21 77 235
21 78 744
21 79 715
21 80 739
21 81 65
21 82 781
21 83 576
21 84 620
21 85 827
21 86 106
21 87 836
21 88 651
21 89 651
21 90 587
21 91 932
21 92 626
21 93 519
21 94 1063
21 95 885
21 96 648
21 97 472
21 98 771
21 99 724
21 100 947
22 1 998
22 2 133
22 3 676
22 4 214
22 5 675
22 6 946
22 7 650
22 8 882
22 9 578
22 10 948
22 11 456
22 12 285
22 13 765
22 14 39
22 15 206
22 16 848
22 17 435
22 18 675
22 19 899
22 20 563
22 21 951
22 23 772
22 24 755
22 25 305
22 26 543
22 27 347
22 28 565
22 29 530
22 30 763
22 31 419
22 32 140
22 33 770
22 34 701
22 35 840
22 36 365
22 37 488
22 38 751
22 39 239
22 40 391
22 41 858
22 42 929
22 43 99
22 44 836
22 45 795
22 46 524
22 47 496
22 48 412
22 49 851
22 50 938
22 51 665
22 52 636
22 53 978
22 54 464
22 55 583
22 56 388
22 57 662
22 58 502
22 59 958
22 60 888
22 61 291
22 62 867
22 63 204
22 64 415
22 65 742
22 66 198
22 67 882
22 68 968
22 69 836
22 70 611
22 71 562
22 72 389
22 73 875
22 74 498
22 75 402
22 76 958
22 77 717
22 78 799
22 79 852
22 80 733
22 81 956
22 82 668
22 83 413
22 84 348
22 85 714
22 86 1054
22 87 155
22 88 815
22 89 703
22 90 486
22 91 778
22 92 409
22 93 432
22 94 510
22 95 330
22 96 514
22 97 578
22 98 738
22 99 462
22 100 564
23 1 664
23 2 796
23 3 128
23 4 767
23 5 103
23 6 190
23 7 731
23 8 528
23 9 484
23 10 742
23 11 395
23 12 843
23 13 451
23 14 782
23 15 830
23 16 674
23 17 453
23 18 201
23 19 353
23 20 242
23 21 217
23 22 772
23 24 477
23 25 527
23 26 900
23 27 778
23 28 230
23 29 873
23 30 162
23 31 390
23 32 649
23 33 87
23 34 82
23 35 751
23 36 646
23 37 659
23 38 32
23 39 882
23 40 707
23 41 396
23 42 460
23 43 682
23 44 296
23 45 34
23 46 290
23 47 716
23 48 400
23 49 315
23 50 733
23 51 151
23 52 573
23 53 627
23 54 322
23 55 421
23 56 629
23 57 201
23 58 774
23 59 212
23 60 540
23 61 588
23 62 342
23 63 570
23 64 358
23 65 655
23 66 789
23 67 133
23 68 695
23 69 559
23 70 162
23 71 356
23 72 430
23 73 588
23 74 859
23 75 731
23 76 613
23 77 123
23 78 554
23 79 536
23 80 539
23 81 195
23 82 574
23 83 445
23 84 428
23 85 623
23 86 302
23 87 676
23 88 470
23 89 449
23 90 373
23 91 730
23 92 510
23 93 350
23 94 847
23 95 673
23 96 432
23 97 256
23 98 571
23 99 637
23 100 732
24 1 257
24 2 697
24 3 529
24 4 873
24 5 483
24 6 628
24 7 319
24 8 128
24 9 824
24 10 278
24 11 329
24 12 651
24 13 32
24 14 784
24 15 686
24 16 199
24 17 327
24 18 612
24 19 242
24 20 350
24 21 671
24 22 755
24 23 477
24 25 454
24 26 564
24 27 547
24 28 534
24 29 539
24 30 622
24 31 605
24 32 619
24 33 557
24 34 495
24 35 276
24 36 431
24 37 929
24 38 448
24 39 725
24 40 919
24 41 162
24 42 201
24 43 660
24 44 231
24 45 508
24 46 341
24 47 395
24 48 612
24 49 226
24 50 267
24 51 353
24 52 174
24 53 230
24 54 541
24 55 178
24 56 852
24 57 603
24 58 448
24 59 479
24 60 134
24 61 751
24 62 217
24 63 621
24 64 476
24 65 194
24 66 650
24 67 456
24 68 252
24 69 100
24 70 465
24 71 232
24 72 633
24 73 139
24 74 542
24 75 469
24 76 209
24 77 562
24 78 81
24 79 100
24 80 76
24 81 623
24 82 151
24 83 679
24 84 488
24 85 172
24 86 722
24 87 753
24 88 67
24 89 55
24 90 307
24 91 265
24 92 749
24 93 541
24 94 521
24 95 474
24 96 246
24 97 309
24 98 106
24 99 898
24 100 368
25 1 704
25 2 280
25 3 464
25 4 428
25 5 445
25 6 714
25 7 425
25 8 582
25 9 542
25 10 672
25 11 156
25 12 320
25 13 463
25 14 332
25 15 305
25 16 571
25 17 130
25 18 498
25 19 597
25 20 291
25 21 732
25 22 305
25 23 527
25 24 454
25 26 448
25 27 273
25 28 374
25 29 423
25 30 570
25 31 301
25 32 166
25 33 551
25 34 472
25 35 583
25 36 170
25 37 561
25 38 500
25 39 357
25 40 515
25 41 554
25 42 624
25 43 208
25 44 536
25 45 555
25 46 244
25 47 305
25 48 301
25 49 550
25 50 662
25 51 395
25 52 358
25 53 681
25 54 292
25 55 280
25 56 464
25 57 483
25 58 344
25 59 685
25 60 588
25 61 345
25 62 565
25 63 183
25 64 201
25 65 474
25 66 263
25 67 615
25 68 681
25 69 541
25 70 382
25 71 259
25 72 301
25 73 581
25 74 399
25 75 258
25 76 661
25 77 510
25 78 505
25 79 553
25 80 441
25 81 721
25 82 388
25 83 351
25 84 138
25 85 441
25 86 827
25 87 307
25 88 512
25 89 401
25 90 186
25 91 526
25 92 399
25 93 265
25 94 396
25 95 174
25 96 210
25 97 294
25 98 451
25 99 529
25 100 361
26 1 704
26 2 415
26 3 876
26 4 752
26 5 845
26 6 1087
26 7 264
26 8 658
26 9 986
26 10 588
26 11 517
26 12 268
26 13 592
26 14 581
26 15 348
26 16 515
26 17 457
26 18 927
26 19 800
26 20 666
26 21 1117
26 22 543
26 23 900
26 24 564
26 25 448
26 27 203
26 28 805
26 29 28
26 30 986
26 31 748
26 32 487
26 33 950
26 34 869
26 35 452
26 36 281
26 37 976
26 38 870
26 39 344
26 40 903
26 41 724
26 42 760
26 43 505
26 44 770
26 45 933
26 46 620
26 47 186
26 48 748
26 49 772
26 50 583
26 51 750
26 52 391
26 53 705
26 54 736
26 55 495
26 56 872
26 57 913
26 58 128
26 59 995
26 60 656
26 61 752
26 62 771
26 63 584
26 64 641
26 65 415
26 66 346
26 67 945
26 68 645
26 69 584
26 70 790
26 71 548
26 72 746
26 73 607
26 74 51
26 75 190
26 76 689
26 77 921
26 78 549
26 79 618
26 80 496
26 81 1089
26 82 414
26 83 794
26 84 584
26 85 413
26 86 1197
26 87 656
26 88 627
26 89 542
26 90 533
26 91 396
26 92 833
26 93 710
26 94 55
26 95 278
26 96 470
26 97 646
26 98 476
26 99 945
26 100 197
27 1 748
27 2 225
27 3 730
27 4 552
27 5 707
27 6 967
27 7 334
27 8 664
27 9 796
27 10 663
27 11 383
27 12 110
27 13 569
27 14 385
27 15 172
27 16 571
27 17 327
27 18 769
27 19 757
27 20 536
27 21 990
27 22 347
27 23 778
27 24 547
27 25 273
27 26 203
27 28 645
27 29 186
27 30 838
27 31 566
27 32 285
27 33 813
27 34 733
27 35 537
27 36 135
27 37 775
27 38 749
27 39 192
27 40 701
27 41 692
27 42 745
27 43 302
27 44 711
27 45 809
27 46 488
27 47 179
27 48 564
27 49 718
27 50 655
27 51 634
27 52 384
27 53 738
27 54 565
27 55 421
27 56 671
27 57 755
27 58 163
27 59 907
27 60 665
27 61 552
27 62 725
27 63 386
27 64 473
27 65 460
27 66 155
27 67 846
27 68 701
27 69 600
27 70 646
27 71 448
27 72 558
27 73 633
27 74 155
27 75 82
27 76 719
27 77 777
27 78 561
27 79 626
27 80 497
27 81 972
27 82 416
27 83 604
27 84 409
27 85 442
27 86 1079
27 87 454
27 88 613
27 89 508
27 90 407
27 91 474
27 92 638
27 93 536
27 94 164
27 95 105
27 96 371
27 97 526
27 98 489
27 99 745
27 100 243
28 1 771
28 2 611
28 3 113
28 4 540
28 5 128
28 6 384
28 7 699
28 8 627
28 9 298
28 10 811
28 11 297
28 12 688
28 13 520
28 14 570
28 15 658
28 16 724
28 17 355
28 18 125
28 19 510
28 20 187
28 21 386
28 22 565
28 23 230
28 24 534
28 25 374
28 26 805
28 27 645
28 29 779
28 30 202
28 31 162
28 32 456
28 33 206
28 34 149
28 35 780
28 36 528
28 37 445
28 38 221
28 39 711
28 40 482
28 41 522
28 42 597
28 43 484
28 44 441
28 45 243
28 46 212
28 47 635
28 48 172
28 49 462
28 50 800
28 51 208
28 52 562
28 53 737
28 54 102
28 55 404
28 56 404
28 57 110
28 58 687
28 59 439
28 60 638
28 61 359
28 62 488
28 63 362
28 64 174
28 65 670
28 66 619
28 67 359
28 68 783
28 69 632
28 70 86
28 71 327
28 72 202
28 73 669
28 74 758
28 75 619
28 76 719
28 77 152
28 78 613
28 79 621
28 80 574
28 81 395
28 82 576
28 83 217
28 84 245
28 85 633
28 86 490
28 87 454
28 88 556
28 89 489
28 90 292
28 91 742
28 92 284
28 93 134
28 94 751
28 95 543
28 96 377
28 97 228
28 98 601
28 99 420
28 100 671
29 1 685
29 2 403
29 3 848
29 4 737
29 5 818
29 6 1060
29 7 244
29 8 636
29 9 963
29 10 573
29 11 490
29 12 260
29 13 567
29 14 568
29 15 339
29 16 496
29 17 430
29 18 900
29 19 775
29 20 639
29 21 1089
29 22 530
29 23 873
29 24 539
29 25 423
29 26 28
29 27 186
29 28 779
29 30 959
29 31 724
29 32 469
29 33 922
29 34 842
29 35 437
29 36 255
29 37 956
29 38 842
29 39 339
29 40 885
29 41 699
29 42 737
29 43 488
29 44 744
29 45 906
29 46 593
29 47 159
29 48 724
29 49 746
29 50 567
29 51 723
29 52 366
29 53 685
29 54 710
29 55 468
29 56 853
29 57 886
29 58 100
29 59 968
29 60 633
29 61 732
29 62 746
29 63 563
29 64 615
29 65 395
29 66 334
29 67 918
29 68 627
29 69 562
29 70 762
29 71 520
29 72 722
29 73 586
29 74 32
29 75 166
29 76 668
29 77 894
29 78 526
29 79 595
29 80 472
29 81 1061
29 82 390
29 83 771
29 84 559
29 85 391
29 86 1169
29 87 639
29 88 603
29 89 516
29 90 506
29 91 379
29 92 811
29 93 685
29 94 28
29 95 255
29 96 442
29 97 618
29 98 453
29 99 925
29 100 172
30 1 823
30 2 813
30 3 111
30 4 714
30 5 148
30 6 211
30 7 847
30 8 685
30 9 359
30 10 894
30 11 470
30 12 887
30 13 600
30 14 765
30 15 859
30 16 821
30 17 530
30 18 92
30 19 514
30 20 326
30 21 197
30 22 763
30 23 162
30 24 622
30 25 570
30 26 986
30 27 838
30 28 202
30 29 959
30 31 348
30 32 658
30 33 76
30 34 130
30 35 892
30 36 715
30 37 550
30 38 183
30 39 912
30 40 617
30 41 556
30 42 621
30 43 685
30 44 456
30 45 144
30 46 368
30 47 808
30 48 356
30 49 476
30 50 884
30 51 273
30 52 696
30 53 786
30 54 301
30 55 537
30 56 542
30 57 103
30 58 863
30 59 341
30 60 697
30 61 531
30 62 503
30 63 560
30 64 374
30 65 790
30 66 820
30 67 274
30 68 850
30 69 710
30 70 197
30 71 464
30 72 383
30 73 741
30 74 941
30 75 805
30 76 771
30 77 66
30 78 702
30 79 690
30 80 679
30 81 226
30 82 702
30 83 379
30 84 446
30 85 756
30 86 303
30 87 642
30 88 623
30 89 588
30 90 455
30 91 865
30 92 430
30 93 334
30 94 932
30 95 735
30 96 531
30 97 355
30 98 710
30 99 533
30 100 835
31 1 857
31 2 485
31 3 274
31 4 378
31 5 288
31 6 543
31 7 696
31 8 715
31 9 246
31 10 871
31 11 299
31 12 586
31 13 597
31 14 419
31 15 542
31 16 776
31 17 341
31 18 258
31 19 635
31 20 270
31 21 541
31 22 419
31 23 390
31 24 605
31 25 301
31 26 748
31 27 566
31 28 162
31 29 724
31 30 348
31 32 329
31 33 366
31 34 310
31 35 815
31 36 469
31 37 325
31 38 379
31 39 593
31 40 336
31 41 630
31 42 708
31 43 349
31 44 564
31 45 405
31 46 266
31 47 599
31 48 11
31 49 584
31 50 860
31 51 338
31 52 585
31 53 825
31 54 75
31 55 444
31 56 261
31 57 245
31 58 643
31 59 598
31 60 725
31 61 198
31 62 608
31 63 221
31 64 134
31 65 702
31 66 506
31 67 518
31 68 856
31 69 704
31 70 234
31 71 375
31 72 41
31 73 744
31 74 699
31 75 558
31 76 806
31 77 309
31 78 678
31 79 701
31 80 627
31 81 555
31 82 607
31 83 75
31 84 167
31 85 666
31 86 646
31 87 296
31 88 641
31 89 553
31 90 310
31 91 768
31 92 147
31 93 65
31 94 696
31 95 472
31 96 394
31 97 308
31 98 649
31 99 296
31 100 648
32 1 865
32 2 157
32 3 562
32 4 286
32 5 556
32 6 829
32 7 544
32 8 746
32 9 532
32 10 823
32 11 317
32 12 269
32 13 628
32 14 166
32 15 215
32 16 723
32 17 296
32 18 574
32 19 760
32 20 429
32 21 838
32 22 140
32 23 649
32 24 619
32 25 166
32 26 487
32 27 285
32 28 456
32 29 469
32 30 658
32 31 329
32 33 655
32 34 582
32 35 723
32 36 257
32 37 491
32 38 626
32 39 265
32 40 417
32 41 719
32 42 790
32 43 42
32 44 697
32 45 674
32 46 388
32 47 399
32 48 324
32 49 712
32 50 813
32 51 533
32 52 509
32 53 844
32 54 358
32 55 446
32 56 387
32 57 560
32 58 417
32 59 827
32 60 752
32 61 269
32 62 728
32 63 113
32 64 292
32 65 620
32 66 182
32 67 752
32 68 838
32 69 703
32 70 491
32 71 422
32 72 308
32 73 742
32 74 438
32 75 317
32 76 824
32 77 606
32 78 666
32 79 717
32 80 601
32 81 837
32 82 540
32 83 346
32 84 221
32 85 589
32 86 939
32 87 174
32 88 678
32 89 566
32 90 347
32 91 663
32 92 365
32 93 325
32 94 444
32 95 230
32 96 376
32 97 442
32 98 608
32 99 461
32 100 465
33 1 751
33 2 808
33 3 94
33 4 741
33 5 107
33 6 178
33 7 796
33 8 613
33 9 418
33 10 826
33 11 435
33 12 870
33 13 533
33 14 776
33 15 849
33 16 755
33 17 495
33 18 134
33 19 439
33 20 284
33 21 184
33 22 770
33 23 87
33 24 557
33 25 551
33 26 950
33 27 813
33 28 206
33 29 922
33 30 76
33 31 366
33 32 655
33 34 81
33 35 829
33 36 685
33 37 602
33 38 111
33 39 902
33 40 661
33 41 483
33 42 547
33 43 686
33 44 382
33 45 69
33 46 330
33 47 768
33 48 375
33 49 402
33 50 816
33 51 214
33 52 641
33 53 713
33 54 307
33 55 485
33 56 585
33 57 140
33 58 825
33 59 273
33 60 625
33 61 559
33 62 429
33 63 566
33 64 365
33 65 729
33 66 808
33 67 202
33 68 780
33 69 642
33 70 170
33 71 414
33 72 404
33 73 672
33 74 906
33 75 773
33 76 699
33 77 60
33 78 635
33 79 620
33 80 617
33 81 189
33 82 645
33 83 410
33 84 437
33 85 696
33 86 285
33 87 660
33 88 553
33 89 526
33 90 417
33 91 805
33 92 468
33 93 339
33 94 895
33 95 709
33 96 486
33 97 308
33 98 648
33 99 583
33 100 790
34 1 704
34 2 733
34 3 49
34 4 688
34 5 28
34 6 247
34 7 721
34 8 563
34 9 408
34 10 769
34 11 355
34 12 791
34 13 473
34 14 709
34 15 772
34 16 693
34 17 415
34 18 132
34 19 408
34 20 204
34 21 260
34 22 701
34 23 82
34 24 495
34 25 472
34 26 869
34 27 733
34 28 149
34 29 842
34 30 130
34 31 310
34 32 582
34 33 81
34 35 763
34 36 605
34 37 579
34 38 81
34 39 825
34 40 625
34 41 439
34 42 509
34 43 614
34 44 344
34 45 96
34 46 250
34 47 689
34 48 320
34 49 365
34 50 759
34 51 144
34 52 568
34 53 667
34 54 244
34 55 410
34 56 548
34 57 129
34 58 745
34 59 294
34 60 575
34 61 508
34 62 392
34 63 498
34 64 291
34 65 661
34 66 731
34 67 215
34 68 728
34 69 585
34 70 92
34 71 337
34 72 350
34 73 617
34 74 826
34 75 693
34 76 652
34 77 67
34 78 575
34 79 566
34 80 551
34 81 256
34 82 573
34 83 364
34 84 362
34 85 627
34 86 358
34 87 599
34 88 499
34 89 460
34 90 337
34 91 736
34 92 428
34 93 274
34 94 815
34 95 628
34 96 407
34 97 230
34 98 581
34 99 556
34 100 711
35 1 269
35 2 744
35 3 793
35 4 1005
35 5 748
35 6 903
35 7 205
35 8 286
35 9 1053
35 10 138
35 11 517
35 12 645
35 13 304
35 14 876
35 15 706
35 16 95
35 17 484
35 18 872
35 19 491
35 20 594
35 21 946
35 22 840
35 23 751
35 24 276
35 25 583
35 26 452
35 27 537
35 28 780
35 29 437
35 30 892
35 31 815
35 32 723
35 33 829
35 34 763
35 36 475
35 37 1125
35 38 722
35 39 729
35 40 1093
35 41 409
35 42 404
35 43 759
35 44 499
35 45 782
35 46 570
35 47 359
35 48 821
35 49 489
35 50 133
35 51 619
35 52 232
35 53 281
35 54 764
35 55 378
35 56 1036
35 57 862
35 58 384
35 59 747
35 60 277
35 61 922
35 62 474
35 63 766
35 64 682
35 65 114
35 66 681
35 67 730
35 68 202
35 69 217
35 70 720
35 71 454
35 72 835
35 73 214
35 74 455
35 75 459
35 76 271
35 77 829
35 78 205
35 79 253
35 80 213
35 81 898
35 82 209
35 83 885
35 84 668
35 85 150
35 86 995
35 87 886
35 88 303
35 89 304
35 90 507
35 91 64
35 92 949
35 93 755
35 94 432
35 95 513
35 96 422
35 97 555
35 98 182
35 99 1093
35 100 296
36 1 652
36 2 276
36 3 605
36 4 542
36 5 579
36 6 836
36 7 288
36 8 554
36 9 711
36 10 587
36 11 252
36 12 225
36 13 449
36 14 401
36 15 256
36 16 489
36 17 194
36 18 651
36 19 628
36 20 405
36 21 860
36 22 365
36 23 646
36 24 431
36 25 170
36 26 281
36 27 135
36 28 528
36 29 255
36 30 715
36 31 469
36 32 257
36 33 685
36 34 605
36 35 475
36 37 720
36 38 617
36 39 295
36 40 661
36 41 567
36 42 625
36 43 289
36 44 580
36 45 677
36 46 358
36 47 145
36 48 470
36 49 588
36 50 578
36 51 500
36 52 283
36 53 637
36 54 456
36 55 290
36 56 619
36 57 637
36 58 176
36 59 773
36 60 556
36 61 498
36 62 596
36 63 328
36 64 361
36 65 380
36 66 221
36 67 712
36 68 613
36 69 496
36 70 520
36 71 314
36 72 470
36 73 532
36 74 232
36 75 92
36 76 617
36 77 652
36 78 457
36 79 518
36 80 390
36 81 840
36 82 316
36 83 519
36 84 305
36 85 354
36 86 948
36 87 428
36 88 496
36 89 387
36 90 274
36 91 413
36 92 564
36 93 430
36 94 228
36 95 44
36 96 237
36 97 393
36 98 388
36 99 688
36 100 209
37 1 1181
37 2 609
37 3 531
37 4 302
37 5 565
37 6 759
37 7 984
37 8 1040
37 9 199
37 10 1191
37 11 612
37 12 752
37 13 922
37 14 462
37 15 682
37 16 1094
37 17 642
37 18 469
37 19 951
37 20 594
37 21 738
37 22 488
37 23 659
37 24 929
37 25 561
37 26 976
37 27 775
37 28 445
37 29 956
37 30 550
37 31 325
37 32 491
37 33 602
37 34 579
37 35 1125
37 36 720
37 38 658
37 39 722
37 40 114
37 41 952
37 42 1030
37 43 482
37 44 880
37 45 662
37 46 590
37 47 863
37 48 317
37 49 901
37 50 1180
37 51 649
37 52 894
37 53 1150
37 54 395
37 55 763
37 56 105
37 57 463
37 58 893
37 59 869
37 60 1050
37 61 224
37 62 926
37 63 394
37 64 453
37 65 1013
37 66 661
37 67 792
37 68 1179
37 69 1027
37 70 530
37 71 698
37 72 296
37 73 1067
37 74 926
37 75 797
37 76 1131
37 77 545
37 78 1000
37 79 1025
37 80 947
37 81 774
37 82 918
37 83 251
37 84 458
37 85 976
37 86 839
37 87 337
37 88 965
37 89 876
37 90 628
37 91 1074
37 92 180
37 93 390
37 94 930
37 95 706
37 96 707
37 97 632
37 98 967
37 99 33
37 100 921
38 1 641
38 2 772
38 3 129
38 4 754
38 5 94
38 6 219
38 7 700
38 8 503
38 9 488
38 10 716
38 11 366
38 12 816
38 13 423
38 14 763
38 15 804
38 16 646
38 17 424
38 18 210
38 19 335
38 20 213
38 21 248
38 22 751
38 23 32
38 24 448
38 25 500
38 26 870
38 27 749
38 28 221
38 29 842
38 30 183
38 31 379
38 32 626
38 33 111
38 34 81
38 35 722
38 36 617
38 37 658
38 39 856
38 40 701
38 41 373
38 42 439
38 43 661
38 44 274
38 45 65
38 46 261
38 47 686
38 48 389
38 49 295
38 50 706
38 51 120
38 52 542
38 53 603
38 54 308
38 55 390
38 56 624
38 57 208
38 58 743
38 59 220
38 60 515
38 61 577
38 62 322
38 63 550
38 64 337
38 65 625
38 66 763
38 67 140
38 68 669
38 69 532
38 70 146
38 71 325
38 72 419
38 73 562
38 74 829
38 75 701
38 76 589
38 77 135
38 78 526
38 79 510
38 80 510
38 81 223
38 82 543
38 83 437
38 84 405
38 85 593
38 86 331
38 87 660
38 88 443
38 89 419
38 90 343
38 91 700
38 92 504
38 93 335
38 94 816
38 95 645
38 96 401
38 97 226
38 98 541
38 99 635
38 100 701
39 1 937
39 2 115
39 3 811
39 4 450
39 5 798
39 6 1069
39 7 525
39 8 847
39 9 791
39 10 854
39 11 503
39 12 85
39 13 744
39 14 271
39 15 54
39 16 762
39 17 457
39 18 832
39 19 919
39 20 646
39 21 1084
39 22 239
39 23 882
39 24 725
39 25 357
39 26 344
39 27 192
39 28 711
39 29 339
39 30 912
39 31 593
39 32 265
39 33 902
39 34 825
39 35 729
39 36 295
39 37 722
39 38 856
39 40 629
39 41 860
39 42 920
39 43 254
39 44 866
39 45 910
39 46 600
39 47 371
39 48 589
39 49 876
39 50 846
39 51 750
39 52 570
39 53 925
39 54 616
39 55 580
39 56 620
39 57 818
39 58 349
39 59 1038
39 60 849
39 61 513
39 62 886
39 63 377
39 64 539
39 65 652
39 66 94
39 67 970
39 68 892
39 69 785
39 70 733
39 71 590
39 72 573
39 73 820
39 74 309
39 75 273
39 76 906
39 77 856
39 78 746
39 79 810
39 80 681
39 81 1076
39 82 602
39 83 610
39 84 467
39 85 632
39 86 1181
39 87 386
39 88 791
39 89 681
39 90 532
39 91 666
39 92 622
39 93 584
39 94 327
39 95 252
39 96 520
39 97 647
39 98 675
39 99 695
39 100 433
40 1 1175
40 2 518
40 3 581
40 4 193
40 5 607
40 6 827
40 7 938
40 8 1037
40 9 290
40 10 1170
40 11 593
40 12 665
40 13 916
40 14 362
40 15 592
40 16 1071
40 17 613
40 18 531
40 19 970
40 20 603
40 21 811
40 22 391
40 23 707
40 24 919
40 25 515
40 26 903
40 27 701
40 28 482
40 29 885
40 30 617
40 31 336
40 32 417
40 33 661
40 34 625
40 35 1093
40 36 661
40 37 114
40 38 701
40 39 629
40 41 962
40 42 1040
40 43 400
40 44 899
40 45 715
40 46 591
40 47 806
40 48 327
40 49 919
40 50 1160
40 51 673
40 52 864
40 53 1146
40 54 411
40 55 747
40 56 78
40 57 523
40 58 831
40 59 919
40 60 1046
40 61 172
40 62 943
40 63 335
40 64 447
40 65 982
40 66 575
40 67 839
40 68 1166
40 69 1016
40 70 563
40 71 688
40 72 299
40 73 1057
40 74 854
40 75 731
40 76 1126
40 77 602
40 78 986
40 79 1018
40 80 928
40 81 842
40 82 891
40 83 267
40 84 433
40 85 947
40 86 915
40 87 249
40 88 962
40 89 865
40 90 613
40 91 1038
40 92 198
40 93 397
40 94 861
40 95 642
40 96 685
40 97 638
40 98 945
40 99 104
40 100 868
41 1 269
41 2 818
41 3 483
41 4 947
41 5 436
41 6 513
41 7 480
41 8 139
41 9 819
41 10 362
41 11 406
41 12 792
41 13 133
41 14 884
41 15 817
41 16 318
41 17 425
41 18 569
41 19 83
41 20 360
41 21 560
41 22 858
41 23 396
41 24 162
41 25 554
41 26 724
41 27 692
41 28 522
41 29 699
41 30 556
41 31 630
41 32 719
41 33 483
41 34 439
41 35 409
41 36 567
41 37 952
41 38 373
41 39 860
41 40 962
41 42 78
41 43 761
41 44 103
41 45 422
41 46 373
41 47 551
41 48 639
41 49 87
41 50 353
41 51 315
41 52 334
41 53 231
41 54 558
41 55 282
41 56 889
41 57 563
41 58 606
41 59 340
41 60 151
41 61 802
41 62 66
41 63 699
41 64 517
41 65 348
41 66 779
41 67 337
41 68 304
41 69 193
41 70 440
41 71 298
41 72 664
41 73 209
41 74 700
41 75 617
41 76 218
41 77 504
41 78 208
41 79 160
41 80 236
41 81 505
41 82 312
41 83 704
41 84 550
41 85 331
41 86 594
41 87 830
41 88 109
41 89 186
41 90 378
41 91 413
41 92 776
41 93 567
41 94 680
41 95 609
41 96 349
41 97 324
41 98 263
41 99 924
41 100 528
42 1 215
42 2 884
42 3 554
42 4 1023
42 5 507
42 6 558
42 7 507
42 8 118
42 9 894
42 10 332
42 11 480
42 12 848
42 13 177
42 14 955
42 15 878
42 16 310
42 17 495
42 18 640
42 19 112
42 20 438
42 21 608
42 22 929
42 23 460
42 24 201
42 25 624
42 26 760
42 27 745
42 28 597
42 29 737
42 30 621
42 31 708
42 32 790
42 33 547
42 34 509
42 35 404
42 36 625
42 37 1030
42 38 439
42 39 920
42 40 1040
42 41 78
42 43 832
42 44 165
42 45 483
42 46 450
42 47 595
42 48 717
42 49 145
42 50 325
42 51 390
42 52 373
42 53 178
42 54 636
42 55 348
42 56 967
42 57 635
42 58 648
42 59 374
42 60 127
42 61 880
42 62 118
42 63 774
42 64 595
42 65 364
42 66 841
42 67 385
42 68 264
42 69 192
42 70 515
42 71 372
42 72 742
42 73 191
42 74 740
42 75 668
42 76 170
42 77 572
42 78 219
42 79 155
42 80 265
42 81 549
42 82 347
42 83 781
42 84 626
42 85 354
42 86 631
42 87 905
42 88 135
42 89 239
42 90 452
42 91 420
42 92 854
42 93 645
42 94 719
42 95 668
42 96 416
42 97 402
42 98 287
42 99 1001
42 100 565
43 1 906
43 2 140
43 3 592
43 4 255
43 5 588
43 6 860
43 7 577
43 8 788
43 9 538
43 10 862
43 11 358
43 12 271
43 13 669
43 14 125
43 15 207
43 16 761
43 17 338
43 18 599
43 19 801
43 20 467
43 21 868
43 22 99
43 23 682
43 24 660
43 25 208
43 26 505
43 27 302
43 28 484
43 29 488
43 30 685
43 31 349
43 32 42
43 33 686
43 34 614
43 35 759
43 36 289
43 37 482
43 38 661
43 39 254
43 40 400
43 41 761
43 42 832
43 44 738
43 45 707
43 46 427
43 47 429
43 48 343
43 49 753
43 50 852
43 51 571
43 52 548
43 53 885
43 54 384
43 55 487
43 56 378
43 57 586
43 58 443
43 59 864
43 60 793
43 61 264
43 62 769
43 63 128
43 64 325
43 65 658
43 66 180
43 67 789
43 68 878
43 69 743
43 70 523
43 71 464
43 72 325
43 73 783
43 74 457
43 75 342
43 76 865
43 77 635
43 78 707
43 79 758
43 80 641
43 81 870
43 82 580
43 83 358
43 84 256
43 85 628
43 86 970
43 87 152
43 88 719
43 89 608
43 90 388
43 91 698
43 92 369
43 93 352
43 94 464
43 95 259
43 96 418
43 97 481
43 98 648
43 99 453
43 100 495
44 1 371
44 2 811
44 3 390
44 4 902
44 5 344
44 6 412
44 7 542
44 8 240
44 9 736
44 10 463
44 11 381
44 12 804
44 13 200
44 14 858
44 15 819
44 16 411
44 17 414
44 18 475
44 19 71
44 20 299
44 21 459
44 22 836
44 23 296
44 24 231
44 25 536
44 26 770
44 27 711
44 28 441
44 29 744
44 30 456
44 31 564
44 32 697
44 33 382
44 34 344
44 35 499
44 36 580
44 37 880
44 38 274
44 39 866
44 40 899
44 41 103
44 42 165
44 43 738
44 45 320
44 46 324
44 47 589
44 48 573
44 49 22
44 50 454
44 51 233
44 52 385
44 53 333
44 54 490
44 55 291
44 56 824
44 57 471
44 58 647
44 59 249
44 60 252
44 61 747
44 62 49
44 63 661
44 64 464
44 65 425
44 66 780
44 67 236
44 68 406
44 69 287
44 70 356
44 71 279
44 72 601
44 73 308
44 74 740
44 75 642
44 76 320
44 77 407
44 78 295
44 79 257
44 80 306
44 81 404
44 82 371
44 83 636
44 84 507
44 85 402
44 86 497
44 87 790
44 88 197
44 89 233
44 90 351
44 91 495
44 92 708
44 93 503
44 94 722
44 95 619
44 96 346
44 97 270
44 98 337
44 99 853
44 100 577
45 1 690
45 2 822
45 3 135
45 4 782
45 5 121
45 6 160
45 7 764
45 8 555
45 9 482
45 10 771
45 11 426
45 12 873
45 13 482
45 14 804
45 15 858
45 16 705
45 17 484
45 18 197
45 19 374
45 20 273
45 21 184
45 22 795
45 23 34
45 24 508
45 25 555
45 26 933
45 27 809
45 28 243
45 29 906
45 30 144
45 31 405
45 32 674
45 33 69
45 34 96
45 35 782
45 36 677
45 37 662
45 38 65
45 39 910
45 40 715
45 41 422
45 42 483
45 43 707
45 44 320
45 46 321
45 47 749
45 48 415
45 49 339
45 50 762
45 51 184
45 52 606
45 53 652
45 54 340
45 55 454
45 56 638
45 57 200
45 58 807
45 59 209
45 60 567
45 61 602
45 62 366
45 63 592
45 64 382
45 65 687
45 66 817
45 67 134
45 68 722
45 69 589
45 70 184
45 71 389
45 72 445
45 73 617
45 74 892
45 75 763
45 76 639
45 77 118
45 78 585
45 79 565
45 80 571
45 81 166
45 82 606
45 83 457
45 84 453
45 85 655
45 86 272
45 87 694
45 88 499
45 89 481
45 90 404
45 91 762
45 92 519
45 93 369
45 94 879
45 95 704
45 96 465
45 97 288
45 98 603
45 99 641
45 100 765
46 1 592
46 2 522
46 3 258
46 4 580
46 5 225
46 6 479
46 7 489
46 8 450
46 9 487
46 10 612
46 11 106
46 12 556
46 13 332
46 14 542
46 15 548
46 16 520
46 17 166
46 18 320
46 19 392
46 20 49
46 21 503
46 22 524
46 23 290
46 24 341
46 25 244
46 26 620
46 27 488
46 28 212
46 29 593
46 30 368
46 31 266
46 32 388
46 33 330
46 34 250
46 35 570
46 36 358
46 37 590
46 38 261
46 39 600
46 40 591
46 41 373
46 42 450
46 43 427
46 44 324
46 45 321
46 47 441
46 48 274
46 49 341
46 50 601
46 51 151
46 52 350
46 53 560
46 54 201
46 55 193
46 56 519
46 57 307
46 58 496
46 59 442
46 60 460
46 61 430
46 62 362
46 63 339
46 64 145
46 65 459
46 66 507
46 67 371
46 68 592
46 69 440
46 70 172
46 71 117
46 72 296
46 73 479
46 74 577
46 75 444
46 76 541
46 77 303
46 78 416
46 79 436
46 80 370
46 81 484
46 82 364
46 83 340
46 84 185
46 85 423
46 86 592
46 87 467
46 88 376
46 89 290
46 90 88
46 91 530
46 92 411
46 93 201
46 94 566
46 95 384
46 96 167
46 97 56
46 98 395
46 99 560
46 100 468
47 1 575
47 2 389
47 3 698
47 4 683
47 5 665
47 6 902
47 7 158
47 8 503
47 9 844
47 10 485
47 11 340
47 12 287
47 13 421
47 14 534
47 15 347
47 16 394
47 17 282
47 18 754
47 19 624
47 20 485
47 21 933
47 22 496
47 23 716
47 24 395
47 25 305
47 26 186
47 27 179
47 28 635
47 29 159
47 30 808
47 31 599
47 32 399
47 33 768
47 34 689
47 35 359
47 36 145
47 37 863
47 38 686
47 39 371
47 40 806
47 41 551
47 42 595
47 43 429
47 44 589
47 45 749
47 46 441
47 48 601
47 49 592
47 50 477
47 51 566
47 52 223
47 53 567
47 54 576
47 55 310
47 56 762
47 57 741
47 58 59
47 59 810
47 60 502
47 61 642
47 62 594
47 63 472
47 64 480
47 65 284
47 66 324
47 67 760
47 68 525
47 69 434
47 70 612
47 71 362
47 72 604
47 73 464
47 74 152
47 75 100
47 76 549
47 77 743
47 78 395
47 79 463
47 80 335
47 81 904
47 82 252
47 83 654
47 84 433
47 85 269
47 86 1012
47 87 572
47 88 460
47 89 366
47 90 354
47 91 296
47 92 703
47 93 554
47 94 135
47 95 170
47 96 285
47 97 462
47 98 322
47 99 831
47 100 69
48 1 865
48 2 480
48 3 284
48 4 368
48 5 298
48 6 552
48 7 699
48 8 723
48 9 244
48 10 878
48 11 305
48 12 582
48 13 605
48 14 411
48 15 537
48 16 782
48 17 345
48 18 266
48 19 644
48 20 279
48 21 550
48 22 412
48 23 400
48 24 612
48 25 301
48 26 748
48 27 564
48 28 172
48 29 724
48 30 356
48 31 11
48 32 324
48 33 375
48 34 320
48 35 821
48 36 470
48 37 317
48 38 389
48 39 589
48 40 327
48 41 639
48 42 717
48 43 343
48 44 573
48 45 415
48 46 274
48 47 601
48 49 594
48 50 867
48 51 348
48 52 590
48 53 833
48 54 85
48 55 450
48 56 251
48 57 253
48 58 644
48 59 608
48 60 733
48 61 189
48 62 618
48 63 215
48 64 140
48 65 708
48 66 502
48 67 528
48 68 863
48 69 711
48 70 244
48 71 382
48 72 30
48 73 751
48 74 699
48 75 558
48 76 814
48 77 318
48 78 685
48 79 708
48 80 634
48 81 564
48 82 612
48 83 67
48 84 168
48 85 671
48 86 655
48 87 287
48 88 649
48 89 560
48 90 316
48 91 773
48 92 138
48 93 73
48 94 696
48 95 472
48 96 400
48 97 317
48 98 655
48 99 287
48 100 650
49 1 352
49 2 824
49 3 411
49 4 920
49 5 365
49 6 427
49 7 540
49 8 225
49 9 757
49 10 448
49 11 396
49 12 813
49 13 195
49 14 873
49 15 830
49 16 400
49 17 426
49 18 497
49 19 51
49 20 319
49 21 474
49 22 851
49 23 315
49 24 226
49 25 550
49 26 772
49 27 718
49 28 462
49 29 746
49 30 476
49 31 584
49 32 712
49 33 402
49 34 365
49 35 489
49 36 588
49 37 901
49 38 295
49 39 876
49 40 919
49 41 87
49 42 145
49 43 753
49 44 22
49 45 339
49 46 341
49 47 592
49 48 594
49 50 439
49 51 254
49 52 385
49 53 314
49 54 510
49 55 299
49 56 844
49 57 492
49 58 650
49 59 258
49 60 237
49 61 766
49 62 28
49 63 678
49 64 483
49 65 419
49 66 791
49 67 251
49 68 390
49 69 275
49 70 377
49 71 292
49 72 621
49 73 294
49 74 744
49 75 648
49 76 302
49 77 428
49 78 285
49 79 244
49 80 301
49 81 419
49 82 369
49 83 656
49 84 525
49 85 397
49 86 510
49 87 807
49 88 186
49 89 232
49 90 366
49 91 488
49 92 728
49 93 523
49 94 725
49 95 628
49 96 357
49 97 288
49 98 331
49 99 874
49 100 578
50 1 146
50 2 852
50 3 795
50 4 1089
50 5 748
50 6 865
50 7 329
50 8 216
50 9 1087
50 10 11
50 11 569
50 12 764
50 13 286
50 14 972
50 15 820
50 16 91
50 17 548
50 18 878
50 19 427
50 20 615
50 21 911
50 22 938
50 23 733
50 24 267
50 25 662
50 26 583
50 27 655
50 28 800
50 29 567
50 30 884
50 31 860
50 32 813
50 33 816
50 34 759
50 35 133
50 36 578
50 37 1180
50 38 706
50 39 846
50 40 1160
50 41 353
50 42 325
50 43 852
50 44 454
50 45 762
50 46 601
50 47 477
50 48 867
50 49 439
50 51 618
50 52 305
50 53 168
50 54 801
50 55 418
50 56 1097
50 57 870
50 58 508
50 59 692
50 60 204
50 61 988
50 62 418
50 63 842
50 64 728
50 65 198
50 66 792
50 67 689
50 68 76
50 69 174
50 70 731
50 71 486
50 72 885
50 73 147
50 74 584
50 75 574
50 76 164
50 77 826
50 78 188
50 79 198
50 80 234
50 81 857
50 82 275
50 83 933
50 84 727
50 85 225
50 86 947
50 87 968
50 88 264
50 89 313
50 90 553
50 91 189
50 92 1001
50 93 797
50 94 561
50 95 618
50 96 475
50 97 574
50 98 215
50 99 1149
50 100 418
51 1 572
51 2 672
51 3 177
51 4 696
51 5 130
51 6 338
51 7 584
51 8 429
51 9 505
51 10 628
51 11 252
51 12 705
51 13 332
51 14 681
51 15 699
51 16 550
51 17 307
51 18 262
51 19 303
51 20 105
51 21 367
51 22 665
51 23 151
51 24 353
51 25 395
51 26 750
51 27 634
51 28 208
51 29 723
51 30 273
51 31 338
51 32 533
51 33 214
51 34 144
51 35 619
51 36 500
51 37 649
51 38 120
51 39 750
51 40 673
51 41 315
51 42 390
51 43 571
51 44 233
51 45 184
51 46 151
51 47 566
51 48 348
51 49 254
51 50 618
51 52 428
51 53 536
51 54 263
51 55 272
51 56 597
51 57 254
51 58 624
51 59 294
51 60 441
51 61 529
51 62 280
51 63 471
51 64 259
51 65 518
51 66 657
51 67 221
51 68 591
51 69 445
51 70 125
51 71 205
51 72 376
51 73 479
51 74 710
51 75 583
51 76 520
51 77 210
51 78 433
51 79 428
51 80 407
51 81 340
51 82 432
51 83 407
51 84 318
51 85 484
51 86 449
51 87 592
51 88 361
51 89 316
51 90 227
51 91 593
51 92 479
51 93 281
51 94 697
51 95 530
51 96 282
51 97 108
51 98 438
51 99 622
51 100 582
52 1 370
52 2 558
52 3 591
52 4 784
52 5 549
52 6 746
52 7 162
52 8 282
52 9 825
52 10 315
52 11 286
52 12 491
52 13 201
52 14 669
52 15 535
52 16 215
52 17 252
52 18 664
52 19 410
52 20 380
52 21 784
52 22 636
52 23 573
52 24 174
52 25 358
52 26 391
52 27 384
52 28 562
52 29 366
52 30 696
52 31 585
52 32 509
52 33 641
52 34 568
52 35 232
52 36 283
52 37 894
52 38 542
52 39 570
52 40 864
52 41 334
52 42 373
52 43 548
52 44 385
52 45 606
52 46 350
52 47 223
52 48 590
52 49 385
52 50 305
52 51 428
52 53 356
52 54 537
52 55 161
52 56 805
52 57 652
52 58 275
52 59 623
52 60 282
52 61 692
52 62 382
52 63 540
52 64 452
52 65 119
52 66 503
52 67 586
52 68 333
52 69 216
52 70 512
52 71 237
52 72 604
52 73 251
52 74 368
52 75 303
52 76 337
52 77 631
52 78 178
52 79 243
52 80 114
52 81 744
52 82 33
52 83 654
52 84 437
52 85 84
52 86 849
52 87 664
52 88 239
52 89 153
52 90 279
52 91 183
52 92 718
52 93 526
52 94 348
52 95 325
52 96 192
52 97 345
52 98 107
52 99 862
52 100 195
53 1 38
53 2 911
53 3 709
53 4 1102
53 5 662
53 6 735
53 7 442
53 8 111
53 9 1033
53 10 172
53 11 558
53 12 846
53 13 230
53 14 1009
53 15 891
53 16 195
53 17 555
53 18 795
53 19 289
53 20 561
53 21 784
53 22 978
53 23 627
53 24 230
53 25 681
53 26 705
53 27 738
53 28 737
53 29 685
53 30 786
53 31 825
53 32 844
53 33 713
53 34 667
53 35 281
53 36 637
53 37 1150
53 38 603
53 39 925
53 40 1146
53 41 231
53 42 178
53 43 885
53 44 333
53 45 652
53 46 560
53 47 567
53 48 833
53 49 314
53 50 168
53 51 536
53 52 356
53 54 758
53 55 407
53 56 1077
53 57 789
53 58 610
53 59 551
53 60 101
53 61 979
53 62 289
53 63 851
53 64 701
53 65 291
53 66 858
53 67 561
53 68 95
53 69 143
53 70 659
53 71 458
53 72 855
53 73 106
53 74 696
53 75 657
53 76 21
53 77 733
53 78 181
53 79 130
53 80 248
53 81 726
53 82 324
53 83 900
53 84 716
53 85 300
53 86 807
53 87 982
53 88 185
53 89 284
53 90 536
53 91 319
53 92 971
53 93 761
53 94 673
53 95 680
53 96 475
53 97 521
53 98 250
53 99 1120
53 100 520
54 1 790
54 2 514
54 3 213
54 4 446
54 5 220
54 6 484
54 7 658
54 8 648
54 9 290
54 10 812
54 11 254
54 12 598
54 13 532
54 14 469
54 15 563
54 16 719
54 17 303
54 18 217
54 19 560
54 20 199
54 21 487
54 22 464
54 23 322
54 24 541
54 25 292
54 26 736
54 27 565
54 28 102
54 29 710
54 30 301
54 31 75
54 32 358
54 33 307
54 34 244
54 35 764
54 36 456
54 37 395
54 38 308
54 39 616
54 40 411
54 41 558
54 42 636
54 43 384
54 44 490
54 45 340
54 46 201
54 47 576
54 48 85
54 49 510
54 50 801
54 51 263
54 52 537
54 53 758
54 55 388
54 56 335
54 57 203
54 58 623
54 59 527
54 60 658
54 61 271
54 62 535
54 63 261
54 64 96
54 65 651
54 66 525
54 67 447
54 68 793
54 69 640
54 70 163
54 71 315
54 72 114
54 73 679
54 74 687
54 75 547
54 76 739
54 77 253
54 78 616
54 79 635
54 80 569
54 81 495
54 82 555
54 83 147
54 84 157
54 85 614
54 86 591
54 87 355
54 88 573
54 89 490
54 90 258
54 91 719
54 92 219
54 93 33
54 94 683
54 95 465
54 96 345
54 97 238
54 98 592
54 99 366
54 100 619
55 1 433
55 2 537
55 3 431
55 4 696
55 5 390
55 6 601
55 7 312
55 8 304
55 9 677
55 10 428
55 11 154
55 12 515
55 13 183
55 14 611
55 15 536
55 16 333
55 17 151
55 18 504
55 19 339
55 20 220
55 21 635
55 22 583
55 23 421
55 24 178
55 25 280
55 26 495
55 27 421
55 28 404
55 29 468
55 30 537
55 31 444
55 32 446
55 33 485
55 34 410
55 35 378
55 36 290
55 37 763
55 38 390
55 39 580
55 40 747
55 41 282
55 42 348
55 43 487
55 44 291
55 45 454
55 46 193
55 47 310
55 48 450
55 49 299
55 50 418
55 51 272
55 52 161
55 53 407
55 54 388
55 56 681
55 57 492
55 58 369
55 59 501
55 60 310
55 61 577
55 62 307
55 63 444
55 64 311
55 65 266
55 66 497
55 67 451
55 68 420
55 69 271
55 70 352
55 71 77
55 72 468
55 73 312
55 74 460
55 75 352
55 76 386
55 77 472
55 78 240
55 79 278
55 80 184
55 81 601
55 82 172
55 83 516
55 84 314
55 85 230
55 86 708
55 87 576
55 88 233
55 89 124
55 90 136
55 91 338
55 92 584
55 93 381
55 94 444
55 95 330
55 96 70
55 97 185
55 98 206
55 99 732
55 100 314
56 1 1107
56 2 506
56 3 504
56 4 218
56 5 530
56 6 752
56 7 888
56 8 968
56 9 229
56 10 1107
56 11 528
56 12 648
56 13 847
56 14 364
56 15 579
56 16 1009
56 17 553
56 18 455
56 19 895
56 20 529
56 21 738
56 22 388
56 23 629
56 24 852
56 25 464
56 26 872
56 27 671
56 28 404
56 29 853
56 30 542
56 31 261
56 32 387
56 33 585
56 34 548
56 35 1036
56 36 619
56 37 105
56 38 624
56 39 620
56 40 78
56 41 889
56 42 967
56 43 378
56 44 824
56 45 638
56 46 519
56 47 762
56 48 251
56 49 844
56 50 1097
56 51 597
56 52 805
56 53 1077
56 54 335
56 55 681
56 57 447
56 58 792
56 59 841
56 60 977
56 61 122
56 62 869
56 63 292
56 64 377
56 65 924
56 66 557
56 67 762
56 68 1100
56 69 949
56 70 486
56 71 620
56 72 225
56 73 990
56 74 823
56 75 694
56 76 1057
56 77 526
56 78 920
56 79 950
56 80 864
56 81 766
56 82 831
56 83 190
56 84 370
56 85 888
56 86 842
56 87 235
56 88 893
56 89 798
56 90 546
56 91 982
56 92 121
56 93 323
56 94 827
56 95 604
56 96 622
56 97 566
56 98 883
56 99 76
56 100 823
57 1 825
57 2 716
57 3 82
57 4 612
57 5 128
57 6 308
57 7 796
57 8 682
57 9 283
57 10 880
57 11 401
57 12 797
57 13 584
57 14 663
57 15 765
57 16 799
57 17 460
57 18 15
57 19 536
57 20 273
57 21 299
57 22 662
57 23 201
57 24 603
57 25 483
57 26 913
57 27 755
57 28 110
57 29 886
57 30 103
57 31 245
57 32 560
57 33 140
57 34 129
57 35 862
57 36 637
57 37 463
57 38 208
57 39 818
57 40 523
57 41 563
57 42 635
57 43 586
57 44 471
57 45 200
57 46 307
57 47 741
57 48 253
57 49 492
57 50 870
57 51 254
57 52 652
57 53 789
57 54 203
57 55 492
57 56 447
57 58 793
57 59 408
57 60 694
57 61 429
57 62 519
57 63 460
57 64 284
57 65 754
57 66 726
57 67 332
57 68 844
57 69 697
57 70 142
57 71 416
57 72 280
57 73 732
57 74 866
57 75 727
57 76 772
57 77 83
57 78 683
57 79 682
57 80 652
57 81 321
57 82 663
57 83 277
57 84 354
57 85 719
57 86 405
57 87 539
57 88 615
57 89 562
57 90 392
57 91 828
57 92 331
57 93 235
57 94 859
57 95 653
57 96 474
57 97 309
57 98 680
57 99 444
57 100 773
58 1 615
58 2 385
58 3 753
58 4 698
58 5 721
58 6 960
58 7 180
58 8 552
58 9 885
58 10 515
58 11 394
58 12 265
58 13 475
58 14 539
58 15 334
58 16 430
58 17 335
58 18 807
58 19 680
58 20 541
58 21 990
58 22 502
58 23 774
58 24 448
58 25 344
58 26 128
58 27 163
58 28 687
58 29 100
58 30 863
58 31 643
58 32 417
58 33 825
58 34 745
58 35 384
58 36 176
58 37 893
58 38 743
58 39 349
58 40 831
58 41 606
58 42 648
58 43 443
58 44 647
58 45 807
58 46 496
58 47 59
58 48 644
58 49 650
58 50 508
58 51 624
58 52 275
58 53 610
58 54 623
58 55 369
58 56 792
58 57 793
58 59 869
58 60 550
58 61 671
58 62 650
58 63 500
58 64 528
58 65 322
58 66 316
58 67 819
58 68 562
58 69 481
58 70 667
58 71 421
58 72 644
58 73 508
58 74 95
58 75 101
58 76 592
58 77 798
58 78 443
58 79 511
58 80 385
58 81 962
58 82 302
58 83 694
58 84 477
58 85 311
58 86 1070
58 87 591
58 88 513
58 89 421
58 90 409
58 91 322
58 92 740
58 93 600
58 94 76
58 95 189
58 96 343
58 97 520
58 98 369
58 99 862
58 100 91
59 1 588
59 2 964
59 3 339
59 4 972
59 5 312
59 6 197
59 7 784
59 8 476
59 9 690
59 10 700
59 11 536
59 12 988
59 13 448
59 14 972
59 15 988
59 16 657
59 17 585
59 18 405
59 19 265
59 20 398
59 21 248
59 22 958
59 23 212
59 24 479
59 25 685
59 26 995
59 27 907
59 28 439
59 29 968
59 30 341
59 31 598
59 32 827
59 33 273
59 34 294
59 35 747
59 36 773
59 37 869
59 38 220
59 39 1038
59 40 919
59 41 340
59 42 374
59 43 864
59 44 249
59 45 209
59 46 442
59 47 810
59 48 608
59 49 258
59 50 692
59 51 294
59 52 623
59 53 551
59 54 527
59 55 501
59 56 841
59 57 408
59 58 869
59 60 488
59 61 796
59 62 275
59 63 761
59 64 546
59 65 673
59 66 946
59 67 81
59 68 636
59 69 532
59 70 365
59 71 460
59 72 638
59 73 548
59 74 961
59 75 847
59 76 543
59 77 326
59 78 543
59 79 500
59 80 553
59 81 184
59 82 613
59 83 656
59 84 610
59 85 648
59 86 258
59 87 875
59 88 444
59 89 475
59 90 507
59 91 743
59 92 721
59 93 552
59 94 945
59 95 807
59 96 539
59 97 392
59 98 584
59 99 848
59 100 808
60 1 134
60 2 826
60 3 615
60 4 1005
60 5 568
60 6 663
60 7 395
60 8 13
60 9 934
60 10 213
60 11 460
60 12 772
60 13 130
60 14 917
60 15 811
60 16 183
60 17 460
60 18 701
60 19 224
60 20 461
60 21 710
60 22 888
60 23 540
60 24 134
60 25 588
60 26 656
60 27 665
60 28 638
60 29 633
60 30 697
60 31 725
60 32 752
60 33 625
60 34 575
60 35 277
60 36 556
60 37 1050
60 38 515
60 39 849
60 40 1046
60 41 151
60 42 127
60 43 793
60 44 252
60 45 567
60 46 460
60 47 502
60 48 733
60 49 237
60 50 204
60 51 441
60 52 282
60 53 101
60 54 658
60 55 310
60 56 977
60 57 694
60 58 550
60 59 488
60 61 879
60 62 215
60 63 754
60 64 600
60 65 246
60 66 777
60 67 487
60 68 155
60 69 72
60 70 561
60 71 358
60 72 755
60 73 65
60 74 641
60 75 585
60 76 82
60 77 641
60 78 108
60 79 40
60 80 169
60 81 655
60 82 252
60 83 799
60 84 617
60 85 243
60 86 743
60 87 885
60 88 85
60 89 187
60 90 436
60 91 296
60 92 870
60 93 660
60 94 619
60 95 599
60 96 379
60 97 420
60 98 182
60 99 1020
60 100 463
61 1 1007
61 2 398
61 3 469
61 4 183
61 5 486
61 6 734
61 7 769
61 8 871
61 9 288
61 10 999
61 11 423
61 12 534
61 13 749
61 14 275
61 15 469
61 16 899
61 17 441
61 18 440
61 19 817
61 20 448
61 21 727
61 22 291
61 23 588
61 24 751
61 25 345
61 26 752
61 27 552
61 28 359
61 29 732
61 30 531
61 31 198
61 32 269
61 33 559
61 34 508
61 35 922
61 36 498
61 37 224
61 38 577
61 39 513
61 40 172
61 41 802
61 42 880
61 43 264
61 44 747
61 45 602
61 46 430
61 47 642
61 48 189
61 49 766
61 50 988
61 51 529
61 52 692
61 53 979
61 54 271
61 55 577
61 56 122
61 57 429
61 58 671
61 59 796
61 60 879
61 62 789
61 63 171
61 64 286
61 65 811
61 66 443
61 67 716
61 68 996
61 69 847
61 70 432
61 71 521
61 72 159
61 73 888
61 74 703
61 75 573
61 76 959
61 77 500
61 78 816
61 79 850
61 80 758
61 81 747
61 82 719
61 83 152
61 84 264
61 85 776
61 86 833
61 87 137
61 88 796
61 89 697
61 90 444
61 91 867
61 92 122
61 93 249
61 94 707
61 95 483
61 96 514
61 97 480
61 98 774
61 99 193
61 100 702
62 1 327
62 2 837
62 3 438
62 4 941
62 5 392
62 6 449
62 7 535
62 8 203
62 9 783
62 10 427
62 11 412
62 12 821
62 13 186
62 14 890
62 15 841
62 16 383
62 17 439
62 18 524
62 19 33
62 20 342
62 21 497
62 22 867
62 23 342
62 24 217
62 25 565
62 26 771
62 27 725
62 28 488
62 29 746
62 30 503
62 31 608
62 32 728
62 33 429
62 34 392
62 35 474
62 36 596
62 37 926
62 38 322
62 39 886
62 40 943
62 41 66
62 42 118
62 43 769
62 44 49
62 45 366
62 46 362
62 47 594
62 48 618
62 49 28
62 50 418
62 51 280
62 52 382
62 53 289
62 54 535
62 55 307
62 56 869
62 57 519
62 58 650
62 59 275
62 60 215
62 61 789
62 63 697
62 64 505
62 65 408
62 66 802
62 67 273
62 68 367
62 69 258
62 70 404
62 71 307
62 72 644
62 73 274
62 74 744
62 75 653
62 76 278
62 77 455
62 78 271
62 79 225
62 80 293
62 81 441
62 82 364
62 83 681
62 84 545
62 85 389
62 86 529
62 87 827
62 88 171
62 89 230
62 90 382
62 91 475
62 92 753
62 93 547
62 94 725
62 95 637
62 96 368
62 97 309
62 98 322
62 99 899
62 100 576
63 1 876
63 2 266
63 3 472
63 4 252
63 5 472
63 6 742
63 7 603
63 8 747
63 9 419
63 10 852
63 11 296
63 12 381
63 13 625
63 14 213
63 15 327
63 16 752
63 17 298
63 18 474
63 19 728
63 20 373
63 21 747
63 22 204
63 23 570
63 24 621
63 25 183
63 26 584
63 27 386
63 28 362
63 29 563
63 30 560
63 31 221
63 32 113
63 33 566
63 34 498
63 35 766
63 36 328
63 37 394
63 38 550
63 39 377
63 40 335
63 41 699
63 42 774
63 43 128
63 44 661
63 45 592
63 46 339
63 47 472
63 48 215
63 49 678
63 50 842
63 51 471
63 52 540
63 53 851
63 54 261
63 55 444
63 56 292
63 57 460
63 58 500
63 59 761
63 60 754
63 61 171
63 62 697
63 64 215
63 65 657
63 66 295
63 67 683
63 68 857
63 69 713
63 70 408
63 71 403
63 72 197
63 73 754
63 74 534
63 75 403
63 76 830
63 77 513
63 78 679
63 79 721
63 80 617
63 81 752
63 82 569
63 83 233
63 84 156
63 85 623
63 86 850
63 87 133
63 88 674
63 89 567
63 90 323
63 91 708
63 92 255
63 93 228
63 94 538
63 95 313
63 96 376
63 97 394
63 98 630
63 99 363
63 100 534
64 1 731
64 2 444
64 3 273
64 4 441
64 5 264
64 6 537
64 7 566
64 8 591
64 9 376
64 10 739
64 11 166
64 12 514
64 13 471
64 14 427
64 15 486
64 16 643
64 17 210
64 18 298
64 19 533
64 20 166
64 21 548
64 22 415
64 23 358
64 24 476
64 25 201
64 26 641
64 27 473
64 28 174
64 29 615
64 30 374
64 31 134
64 32 292
64 33 365
64 34 291
64 35 682
64 36 361
64 37 453
64 38 337
64 39 539
64 40 447
64 41 517
64 42 595
64 43 325
64 44 464
64 45 382
64 46 145
64 47 480
64 48 140
64 49 483
64 50 728
64 51 259
64 52 452
64 53 701
64 54 96
64 55 311
64 56 377
64 57 284
64 58 528
64 59 546
64 60 600
64 61 286
64 62 505
64 63 215
64 65 568
64 66 447
64 67 469
64 68 726
64 69 575
64 70 199
64 71 245
64 72 157
64 73 615
64 74 593
64 75 452
64 76 681
64 77 317
64 78 548
64 79 574
64 80 495
64 81 545
64 82 473
64 83 205
64 84 73
64 85 532
64 86 647
64 87 334
64 88 517
64 89 423
64 90 176
64 91 634
64 92 274
64 93 76
64 94 588
64 95 372
64 96 260
64 97 196
64 98 516
64 99 422
64 100 524
65 1 293
65 2 655
65 3 688
65 4 899
65 5 644
65 6 816
65 7 152
65 8 251
65 9 940
65 10 207
65 11 404
65 12 570
65 13 225
65 14 777
65 15 623
65 16 111
65 17 371
65 18 765
65 19 431
65 20 484
65 21 857
65 22 742
65 23 655
65 24 194
65 25 474
65 26 415
65 27 460
65 28 670
65 29 395
65 30 790
65 31 702
65 32 620
65 33 729
65 34 661
65 35 114
65 36 380
65 37 1013
65 38 625
65 39 652
65 40 982
65 41 348
65 42 364
65 43 658
65 44 425
65 45 687
65 46 459
65 47 284
65 48 708
65 49 419
65 50 198
65 51 518
65 52 119
65 53 291
65 54 651
65 55 266
65 56 924
65 57 754
65 58 322
65 59 673
65 60 246
65 61 811
65 62 408
65 63 657
65 64 568
65 66 595
65 67 647
65 68 242
65 69 175
65 70 613
65 71 343
65 72 722
65 73 193
65 74 406
65 75 379
65 76 274
65 77 726
65 78 145
65 79 211
65 80 120
65 81 812
65 82 96
65 83 772
65 84 555
65 85 37
65 86 913
65 87 779
65 88 240
65 89 207
65 90 394
65 91 76
65 92 836
65 93 642
65 94 383
65 95 421
65 96 309
65 97 446
65 98 89
65 99 981
65 100 231
66 1 872
66 2 70
66 3 718
66 4 410
66 5 704
66 6 975
66 7 481
66 8 774
66 9 713
66 10 800
66 11 412
66 12 92
66 13 667
66 14 236
66 15 42
66 16 705
66 17 368
66 18 741
66 19 834
66 20 553
66 21 991
66 22 198
66 23 789
66 24 650
66 25 263
66 26 346
66 27 155
66 28 619
66 29 334
66 30 820
66 31 506
66 32 182
66 33 808
66 34 731
66 35 681
66 36 221
66 37 661
66 38 763
66 39 94
66 40 575
66 41 779
66 42 841
66 43 180
66 44 780
66 45 817
66 46 507
66 47 324
66 48 502
66 49 791
66 50 792
66 51 657
66 52 503
66 53 858
66 54 525
66 55 497
66 56 557
66 57 726
66 58 316
66 59 946
66 60 777
66 61 443
66 62 802
66 63 295
66 64 447
66 65 595
66 67 877
66 68 832
66 69 716
66 70 640
66 71 502
66 72 489
66 73 752
66 74 302
66 75 224
66 76 838
66 77 763
66 78 678
66 79 738
66 80 611
66 81 982
66 82 536
66 83 528
66 84 375
66 85 571
66 86 1087
66 87 326
66 88 714
66 89 604
66 90 441
66 91 618
66 92 546
66 93 494
66 94 315
66 95 178
66 96 435
66 97 555
66 98 609
66 99 632
66 100 391
67 1 598
67 2 892
67 3 261
67 4 892
67 5 232
67 6 176
67 7 747
67 8 475
67 9 615
67 10 698
67 11 469
67 12 923
67 13 426
67 14 895
67 15 919
67 16 644
67 17 521
67 18 330
67 19 273
67 20 326
67 21 224
67 22 882
67 23 133
67 24 456
67 25 615
67 26 945
67 27 846
67 28 359
67 29 918
67 30 274
67 31 518
67 32 752
67 33 202
67 34 215
67 35 730
67 36 712
67 37 792
67 38 140
67 39 970
67 40 839
67 41 337
67 42 385
67 43 789
67 44 236
67 45 134
67 46 371
67 47 760
67 48 528
67 49 251
67 50 689
67 51 221
67 52 586
67 53 561
67 54 447
67 55 451
67 56 762
67 57 332
67 58 819
67 59 81
67 60 487
67 61 716
67 62 273
67 63 683
67 64 469
67 65 647
67 66 877
67 68 640
67 69 522
67 70 285
67 71 402
67 72 558
67 73 543
67 74 909
67 75 790
67 76 550
67 77 251
67 78 526
67 79 492
67 80 527
67 81 169
67 82 579
67 83 576
67 84 534
67 85 619
67 86 266
67 87 796
67 88 431
67 89 443
67 90 442
67 91 720
67 92 642
67 93 473
67 94 894
67 95 744
67 96 481
67 97 324
67 98 559
67 99 770
67 100 764
68 1 71
68 2 889
68 3 767
68 4 1107
68 5 719
68 6 815
68 7 385
68 8 168
68 9 1075
68 10 78
68 11 574
68 12 810
68 13 264
68 14 1000
68 15 862
68 16 133
68 17 560
68 18 852
68 19 372
68 20 600
68 21 863
68 22 968
68 23 695
68 24 252
68 25 681
68 26 645
68 27 701
68 28 783
68 29 627
68 30 850
68 31 856
68 32 838
68 33 780
68 34 728
68 35 202
68 36 613
68 37 1179
68 38 669
68 39 892
68 40 1166
68 41 304
68 42 264
68 43 878
68 44 406
68 45 722
68 46 592
68 47 525
68 48 863
68 49 390
68 50 76
68 51 591
68 52 333
68 53 95
68 54 793
68 55 420
68 56 1100
68 57 844
68 58 562
68 59 636
68 60 155
68 61 996
68 62 367
68 63 857
68 64 726
68 65 242
68 66 832
68 67 640
68 69 153
68 70 709
68 71 482
68 72 883
68 73 114
68 74 642
68 75 620
68 76 96
68 77 794
68 78 180
68 79 163
68 80 241
68 81 807
68 82 300
68 83 930
68 84 733
68 85 261
68 86 893
68 87 986
68 88 230
68 89 304
68 90 554
68 91 251
68 92 999
68 93 792
68 94 619
68 95 655
68 96 483
68 97 559
68 98 231
68 99 1148
68 100 471
69 1 164
69 2 768
69 3 622
69 4 964
69 5 575
69 6 697
69 7 324
69 8 77
69 9 923
69 10 185
69 11 425
69 12 707
69 13 113
69 14 867
69 15 750
69 16 125
69 17 416
69 18 706
69 19 274
69 20 448
69 21 742
69 22 836
69 23 559
69 24 100
69 25 541
69 26 584
69 27 600
69 28 632
69 29 562
69 30 710
69 31 704
69 32 703
69 33 642
69 34 585
69 35 217
69 36 496
69 37 1027
69 38 532
69 39 785
69 40 1016
69 41 193
69 42 192
69 43 743
69 44 287
69 45 589
69 46 440
69 47 434
69 48 711
69 49 275
69 50 174
69 51 445
69 52 216
69 53 143
69 54 640
69 55 271
69 56 949
69 57 697
69 58 481
69 59 532
69 60 72
69 61 847
69 62 258
69 63 713
69 64 575
69 65 175
69 66 716
69 67 522
69 68 153
69 70 560
69 71 330
69 72 731
69 73 41
69 74 570
69 75 519
69 76 123
69 77 652
69 78 40
69 79 37
69 80 106
69 81 690
69 82 185
69 83 778
69 84 584
69 85 172
69 86 784
69 87 843
69 88 92
69 89 152
69 90 404
69 91 229
69 92 847
69 93 640
69 94 548
69 95 538
69 96 337
69 97 407
69 98 113
69 99 996
69 100 393
70 1 694
70 2 641
70 3 87
70 4 608
70 5 65
70 6 338
70 7 657
70 8 550
70 9 380
70 10 742
70 11 273
70 12 701
70 13 447
70 14 620
70 15 680
70 16 659
70 17 333
70 18 153
70 19 425
70 20 133
70 21 351
70 22 611
70 23 162
70 24 465
70 25 382
70 26 790
70 27 646
70 28 86
70 29 762
70 30 197
70 31 234
70 32 491
70 33 170
70 34 92
70 35 720
70 36 520
70 37 530
70 38 146
70 39 733
70 40 563
70 41 440
70 42 515
70 43 523
70 44 356
70 45 184
70 46 172
70 47 612
70 48 244
70 49 377
70 50 731
70 51 125
70 52 512
70 53 659
70 54 163
70 55 352
70 56 486
70 57 142
70 58 667
70 59 365
70 60 561
70 61 432
70 62 404
70 63 408
70 64 199
70 65 613
70 66 640
70 67 285
70 68 709
70 69 560
70 71 276
70 72 274
70 73 596
70 74 745
70 75 609
70 76 642
70 77 132
70 78 544
70 79 547
70 80 511
70 81 347
70 82 521
70 83 297
70 84 270
70 85 578
70 86 449
70 87 514
70 88 480
70 89 422
70 90 259
70 91 687
70 92 366
70 93 189
70 94 735
70 95 541
70 96 337
70 97 168
70 98 539
70 99 505
70 100 640
71 1 487
71 2 532
71 3 356
71 4 653
71 5 317
71 6 540
71 7 384
71 8 350
71 9 603
71 10 497
71 11 108
71 12 533
71 13 229
71 14 586
71 15 542
71 16 404
71 17 135
71 18 428
71 19 339
71 20 144
71 21 572
71 22 562
71 23 356
71 24 232
71 25 259
71 26 548
71 27 448
71 28 327
71 29 520
71 30 464
71 31 375
71 32 422
71 33 414
71 34 337
71 35 454
71 36 314
71 37 698
71 38 325
71 39 590
71 40 688
71 41 298
71 42 372
71 43 464
71 44 279
71 45 389
71 46 117
71 47 362
71 48 382
71 49 292
71 50 486
71 51 205
71 52 237
71 53 458
71 54 315
71 55 77
71 56 620
71 57 416
71 58 421
71 59 460
71 60 358
71 61 521
71 62 307
71 63 403
71 64 245
71 65 343
71 66 502
71 67 402
71 68 482
71 69 330
71 70 276
71 72 402
71 73 370
71 74 509
71 75 388
71 76 438
71 77 398
71 78 303
71 79 330
71 80 254
71 81 542
71 82 249
71 83 449
71 84 260
71 85 307
71 86 650
71 87 535
71 88 276
71 89 179
71 90 81
71 91 415
71 92 518
71 93 312
71 94 495
71 95 349
71 96 80
71 97 109
71 98 278
71 99 667
71 100 377
72 1 886
72 2 463
72 3 313
72 4 338
72 5 328
72 6 581
72 7 708
72 8 746
72 9 242
72 10 896
72 11 319
72 12 571
72 13 627
72 14 387
72 15 523
72 16 799
72 17 355
72 18 293
72 19 671
72 20 305
72 21 578
72 22 389
72 23 430
72 24 633
72 25 301
72 26 746
72 27 558
72 28 202
72 29 722
72 30 383
72 31 41
72 32 308
72 33 404
72 34 350
72 35 835
72 36 470
72 37 296
72 38 419
72 39 573
72 40 299
72 41 664
72 42 742
72 43 325
72 44 601
72 45 445
72 46 296
72 47 604
72 48 30
72 49 621
72 50 885
72 51 376
72 52 604
72 53 855
72 54 114
72 55 468
72 56 225
72 57 280
72 58 644
72 59 638
72 60 755
72 61 159
72 62 644
72 63 197
72 64 157
72 65 722
72 66 489
72 67 558
72 68 883
72 69 731
72 70 274
72 71 402
72 73 771
72 74 696
72 75 557
72 76 836
72 77 346
72 78 704
72 79 730
72 80 652
72 81 593
72 82 627
72 83 52
72 84 174
72 85 685
72 86 683
72 87 260
72 88 671
72 89 580
72 90 333
72 91 786
72 92 117
72 93 98
72 94 695
72 95 469
72 96 414
72 97 341
72 98 672
72 99 266
72 100 656
73 1 124
73 2 805
73 3 655
73 4 1005
73 5 608
73 6 719
73 7 345
73 8 74
73 9 961
73 10 156
73 11 465
73 12 741
73 13 150
73 14 907
73 15 785
73 16 119
73 17 457
73 18 740
73 19 286
73 20 486
73 21 766
73 22 875
73 23 588
73 24 139
73 25 581
73 26 607
73 27 633
73 28 669
73 29 586
73 30 741
73 31 744
73 32 742
73 33 672
73 34 617
73 35 214
73 36 532
73 37 1067
73 38 562
73 39 820
73 40 1057
73 41 209
73 42 191
73 43 783
73 44 308
73 45 617
73 46 479
73 47 464
73 48 751
73 49 294
73 50 147
73 51 479
73 52 251
73 53 106
73 54 679
73 55 312
73 56 990
73 57 732
73 58 508
73 59 548
73 60 65
73 61 888
73 62 274
73 63 754
73 64 615
73 65 193
73 66 752
73 67 543
73 68 114
73 69 41
73 70 596
73 71 370
73 72 771
73 74 596
73 75 551
73 76 87
73 77 684
73 78 77
73 79 52
73 80 143
73 81 712
73 82 218
73 83 817
73 84 625
73 85 197
73 86 802
73 87 884
73 88 119
73 89 192
73 90 445
73 91 236
73 92 888
73 93 679
73 94 573
73 95 574
73 96 378
73 97 445
73 98 145
73 99 1037
73 100 419
74 1 698
74 2 371
74 3 831
74 4 705
74 5 801
74 6 1047
74 7 257
74 8 642
74 9 936
74 10 590
74 11 472
74 12 229
74 13 569
74 14 536
74 15 308
74 16 510
74 17 412
74 18 880
74 19 774
74 20 623
74 21 1075
74 22 498
74 23 859
74 24 542
74 25 399
74 26 51
74 27 155
74 28 758
74 29 32
74 30 941
74 31 699
74 32 438
74 33 906
74 34 826
74 35 455
74 36 232
74 37 926
74 38 829
74 39 309
74 40 854
74 41 700
74 42 740
74 43 457
74 44 740
74 45 892
74 46 577
74 47 152
74 48 699
74 49 744
74 50 584
74 51 710
74 52 368
74 53 696
74 54 687
74 55 460
74 56 823
74 57 866
74 58 95
74 59 961
74 60 641
74 61 703
74 62 744
74 63 534
74 64 593
74 65 406
74 66 302
74 67 909
74 68 642
74 69 570
74 70 745
74 71 509
74 72 696
74 73 596
74 75 141
74 76 679
74 77 877
74 78 533
74 79 602
74 80 477
74 81 1049
74 82 394
74 83 744
74 84 535
74 85 399
74 86 1157
74 87 608
74 88 606
74 89 515
74 90 490
74 91 396
74 92 783
74 93 662
74 94 23
74 95 228
74 96 430
74 97 604
74 98 460
74 99 896
74 100 178
75 1 666
75 2 291
75 3 695
75 4 597
75 5 667
75 6 920
75 7 258
75 8 584
75 9 798
75 10 583
75 11 338
75 12 191
75 13 491
75 14 440
75 15 247
75 16 490
75 17 279
75 18 742
75 19 684
75 20 491
75 21 946
75 22 402
75 23 731
75 24 469
75 25 258
75 26 190
75 27 82
75 28 619
75 29 166
75 30 805
75 31 558
75 32 317
75 33 773
75 34 693
75 35 459
75 36 92
75 37 797
75 38 701
75 39 273
75 40 731
75 41 617
75 42 668
75 43 342
75 44 642
75 45 763
75 46 444
75 47 100
75 48 558
75 49 648
75 50 574
75 51 583
75 52 303
75 53 657
75 54 547
75 55 352
75 56 694
75 57 727
75 58 101
75 59 847
75 60 585
75 61 573
75 62 653
75 63 403
75 64 452
75 65 379
75 66 224
75 67 790
75 68 620
75 69 519
75 70 609
75 71 388
75 72 557
75 73 551
75 74 141
75 76 638
75 77 741
75 78 480
75 79 546
75 80 416
75 81 923
75 82 335
75 83 606
75 84 395
75 85 361
75 86 1031
75 87 490
75 88 535
75 89 432
75 90 359
75 91 396
75 92 647
75 93 521
75 94 139
75 95 91
75 96 310
75 97 476
75 98 408
75 99 765
75 100 167
76 1 53
76 2 890
76 3 693
76 4 1082
76 5 646
76 6 725
76 7 425
76 8 92
76 9 1015
76 10 170
76 11 538
76 12 827
76 13 210
76 14 989
76 15 871
76 16 182
76 17 534
76 18 779
76 19 280
76 20 542
76 21 774
76 22 958
76 23 613
76 24 209
76 25 661
76 26 689
76 27 719
76 28 719
76 29 668
76 30 771
76 31 806
76 32 824
76 33 699
76 34 652
76 35 271
76 36 617
76 37 1131
76 38 589
76 39 906
76 40 1126
76 41 218
76 42 170
76 43 865
76 44 320
76 45 639
76 46 541
76 47 549
76 48 814
76 49 302
76 50 164
76 51 520
76 52 337
76 53 21
76 54 739
76 55 386
76 56 1057
76 57 772
76 58 592
76 59 543
76 60 82
76 61 959
76 62 278
76 63 830
76 64 681
76 65 274
76 66 838
76 67 550
76 68 96
76 69 123
76 70 642
76 71 438
76 72 836
76 73 87
76 74 679
76 75 638
76 77 718
76 78 161
76 79 109
76 80 228
76 81 716
76 82 304
76 83 880
76 84 696
76 85 282
76 86 800
76 87 961
76 88 166
76 89 264
76 90 515
76 91 306
76 92 951
76 93 742
76 94 656
76 95 660
76 96 454
76 97 502
76 98 231
76 99 1101
76 100 502
77 1 770
77 2 760
77 3 47
77 4 683
77 5 83
77 6 235
77 7 782
77 8 629
77 9 364
77 10 836
77 11 405
77 12 828
77 13 540
77 14 721
77 15 803
77 16 760
77 17 465
77 18 79
77 19 469
77 20 260
77 21 235
77 22 717
77 23 123
77 24 562
77 25 510
77 26 921
77 27 777
77 28 152
77 29 894
77 30 66
77 31 309
77 32 606
77 33 60
77 34 67
77 35 829
77 36 652
77 37 545
77 38 135
77 39 856
77 40 602
77 41 504
77 42 572
77 43 635
77 44 407
77 45 118
77 46 303
77 47 743
77 48 318
77 49 428
77 50 826
77 51 210
77 52 631
77 53 733
77 54 253
77 55 472
77 56 526
77 57 83
77 58 798
77 59 326
77 60 641
77 61 500
77 62 455
77 63 513
77 64 317
77 65 726
77 66 763
77 67 251
77 68 794
77 69 652
77 70 132
77 71 398
77 72 346
77 73 684
77 74 877
77 75 741
77 76 718
77 78 642
77 79 633
77 80 617
77 81 247
77 82 638
77 83 351
77 84 390
77 85 692
77 86 339
77 87 603
77 88 566
77 89 526
77 90 390
77 91 801
77 92 409
77 93 285
77 94 867
77 95 672
77 96 465
77 97 290
77 98 647
77 99 526
77 100 769
78 1 200
78 2 730
78 3 610
78 4 930
78 5 563
78 6 700
78 7 290
78 8 110
78 9 901
78 10 198
78 11 394
78 12 669
78 13 104
78 14 830
78 15 711
78 16 121
78 17 382
78 18 692
78 19 291
78 20 428
78 21 744
78 22 799
78 23 554
78 24 81
78 25 505
78 26 549
78 27 561
78 28 613
78 29 526
78 30 702
78 31 678
78 32 666
78 33 635
78 34 575
78 35 205
78 36 457
78 37 1000
78 38 526
78 39 746
78 40 986
78 41 208
78 42 219
78 43 707
78 44 295
78 45 585
78 46 416
78 47 395
78 48 685
78 49 285
78 50 188
78 51 433
78 52 178
78 53 181
78 54 616
78 55 240
78 56 920
78 57 683
78 58 443
78 59 543
78 60 108
78 61 816
78 62 271
78 63 679
78 64 548
78 65 145
78 66 678
78 67 526
78 68 180
78 69 40
78 70 544
78 71 303
78 72 704
78 73 77
78 74 533
78 75 480
78 76 161
78 77 642
78 79 70
78 80 67
78 81 694
78 82 146
78 83 751
78 84 553
78 85 137
78 86 791
78 87 809
78 88 100
78 89 126
78 90 375
78 91 206
78 92 821
78 93 614
78 94 511
78 95 500
78 96 304
78 97 387
78 98 74
78 99 969
78 100 356
79 1 157
79 2 788
79 3 605
79 4 973
79 5 557
79 6 668
79 7 358
79 8 41
79 9 914
79 10 207
79 11 429
79 12 733
79 13 104
79 14 882
79 15 773
79 16 160
79 17 426
79 18 689
79 19 239
79 20 440
79 21 715
79 22 852
79 23 536
79 24 100
79 25 553
79 26 618
79 27 626
79 28 621
79 29 595
79 30 690
79 31 701
79 32 717
79 33 620
79 34 566
79 35 253
79 36 518
79 37 1025
79 38 510
79 39 810
79 40 1018
79 41 160
79 42 155
79 43 758
79 44 257
79 45 565
79 46 436
79 47 463
79 48 708
79 49 244
79 50 198
79 51 428
79 52 243
79 53 130
79 54 635
79 55 278
79 56 950
79 57 682
79 58 511
79 59 500
79 60 40
79 61 850
79 62 225
79 63 721
79 64 574
79 65 211
79 66 738
79 67 492
79 68 163
79 69 37
79 70 547
79 71 330
79 72 730
79 73 52
79 74 602
79 75 546
79 76 109
79 77 633
79 78 70
79 80 130
79 81 661
79 82 212
79 83 775
79 84 588
79 85 206
79 86 753
79 87 852
79 88 68
79 89 155
79 90 407
79 91 265
79 92 846
79 93 636
79 94 580
79 95 561
79 96 346
79 97 399
79 98 143
79 99 995
79 100 425
80 1 266
80 2 663
80 3 582
80 4 867
80 5 536
80 6 697
80 7 245
80 8 169
80 9 856
80 10 245
80 11 337
80 12 604
80 13 107
80 14 764
80 15 645
80 16 151
80 17 320
80 18 662
80 19 317
80 20 387
80 21 739
80 22 733
80 23 539
80 24 76
80 25 441
80 26 496
80 27 497
80 28 574
80 29 472
80 30 679
80 31 627
80 32 601
80 33 617
80 34 551
80 35 213
80 36 390
80 37 947
80 38 510
80 39 681
80 40 928
80 41 236
80 42 265
80 43 641
80 44 306
80 45 571
80 46 370
80 47 335
80 48 634
80 49 301
80 50 234
80 51 407
80 52 114
80 53 248
80 54 569
80 55 184
80 56 864
80 57 652
80 58 385
80 59 553
80 60 169
80 61 758
80 62 293
80 63 617
80 64 495
80 65 120
80 66 611
80 67 527
80 68 241
80 69 106
80 70 511
80 71 254
80 72 652
80 73 143
80 74 477
80 75 416
80 76 228
80 77 617
80 78 67
80 79 130
80 81 693
80 82 84
80 83 700
80 84 495
80 85 97
80 86 793
80 87 746
80 88 132
80 89 92
80 90 320
80 91 193
80 92 768
80 93 564
80 94 456
80 95 433
80 96 244
80 97 347
80 98 32
80 99 915
80 100 301
81 1 763
81 2 987
81 3 282
81 4 929
81 5 282
81 6 17
81 7 905
81 8 643
81 9 581
81 10 866
81 11 589
81 12 1038
81 13 594
81 14 963
81 15 1023
81 16 813
81 17 646
81 18 312
81 19 437
81 20 436
81 21 65
81 22 956
81 23 195
81 24 623
81 25 721
81 26 1089
81 27 972
81 28 395
81 29 1061
81 30 226
81 31 555
81 32 837
81 33 189
81 34 256
81 35 898
81 36 840
81 37 774
81 38 223
81 39 1076
81 40 842
81 41 505
81 42 549
81 43 870
81 44 404
81 45 166
81 46 484
81 47 904
81 48 564
81 49 419
81 50 857
81 51 340
81 52 744
81 53 726
81 54 495
81 55 601
81 56 766
81 57 321
81 58 962
81 59 184
81 60 655
81 61 747
81 62 441
81 63 752
81 64 545
81 65 812
81 66 982
81 67 169
81 68 807
81 69 690
81 70 347
81 71 542
81 72 593
81 73 712
81 74 1049
81 75 923
81 76 716
81 77 247
81 78 694
81 79 661
81 80 693
81 82 740
81 83 597
81 84 617
81 85 783
81 86 109
81 87 849
81 88 599
81 89 606
81 90 566
81 91 886
81 92 652
81 93 526
81 94 1036
81 95 867
81 96 620
81 97 448
81 98 725
81 99 758
81 100 914
82 1 337
82 2 591
82 3 599
82 4 815
82 5 556
82 6 742
82 7 172
82 8 252
82 9 844
82 10 285
82 11 308
82 12 524
82 13 180
82 14 701
82 15 568
82 16 184
82 17 278
82 18 674
82 19 391
82 20 391
82 21 781
82 22 668
82 23 574
82 24 151
82 25 388
82 26 414
82 27 416
82 28 576
82 29 390
82 30 702
82 31 607
82 32 540
82 33 645
82 34 573
82 35 209
82 36 316
82 37 918
82 38 543
82 39 602
82 40 891
82 41 312
82 42 347
82 43 580
82 44 371
82 45 606
82 46 364
82 47 252
82 48 612
82 49 369
82 50 275
82 51 432
82 52 33
82 53 324
82 54 555
82 55 172
82 56 831
82 57 663
82 58 302
82 59 613
82 60 252
82 61 719
82 62 364
82 63 569
82 64 473
82 65 96
82 66 536
82 67 579
82 68 300
82 69 185
82 70 521
82 71 249
82 72 627
82 73 218
82 74 394
82 75 335
82 76 304
82 77 638
82 78 146
82 79 212
82 80 84
82 81 740
82 83 677
82 84 462
82 85 60
82 86 843
82 87 694
82 88 213
82 89 139
82 90 298
82 91 167
82 92 741
82 93 546
82 94 373
82 95 358
82 96 213
82 97 354
82 98 74
82 99 886
82 100 218
83 1 931
83 2 497
83 3 323
83 4 335
83 5 344
83 6 584
83 7 759
83 8 789
83 9 193
83 10 944
83 11 369
83 12 612
83 13 672
83 14 407
83 15 560
83 16 848
83 17 406
83 18 288
83 19 706
83 20 344
83 21 576
83 22 413
83 23 445
83 24 679
83 25 351
83 26 794
83 27 604
83 28 217
83 29 771
83 30 379
83 31 75
83 32 346
83 33 410
83 34 364
83 35 885
83 36 519
83 37 251
83 38 437
83 39 610
83 40 267
83 41 704
83 42 781
83 43 358
83 44 636
83 45 457
83 46 340
83 47 654
83 48 67
83 49 656
83 50 933
83 51 407
83 52 654
83 53 900
83 54 147
83 55 516
83 56 190
83 57 277
83 58 694
83 59 656
83 60 799
83 61 152
83 62 681
83 63 233
83 64 205
83 65 772
83 66 528
83 67 576
83 68 930
83 69 778
83 70 297
83 71 449
83 72 52
83 73 817
83 74 744
83 75 606
83 76 880
83 77 351
83 78 751
83 79 775
83 80 700
83 81 597
83 82 677
83 84 225
83 85 735
83 86 682
83 87 273
83 88 715
83 89 627
83 90 381
83 91 836
83 92 73
83 93 139
83 94 744
83 95 517
83 96 464
83 97 382
83 98 721
83 99 221
83 100 707
84 1 744
84 2 372
84 3 345
84 4 398
84 5 335
84 6 608
84 7 535
84 8 609
84 9 411
84 10 738
84 11 160
84 12 444
84 13 487
84 14 363
84 15 414
84 16 639
84 17 185
84 18 368
84 19 575
84 20 218
84 21 620
84 22 348
84 23 428
84 24 488
84 25 138
84 26 584
84 27 409
84 28 245
84 29 559
84 30 446
84 31 167
84 32 221
84 33 437
84 34 362
84 35 668
84 36 305
84 37 458
84 38 405
84 39 467
84 40 433
84 41 550
84 42 626
84 43 256
84 44 507
84 45 453
84 46 185
84 47 433
84 48 168
84 49 525
84 50 727
84 51 318
84 52 437
84 53 716
84 54 157
84 55 314
84 56 370
84 57 354
84 58 477
84 59 610
84 60 617
84 61 264
84 62 545
84 63 156
84 64 73
84 65 555
84 66 375
84 67 534
84 68 733
84 69 584
84 70 270
84 71 260
84 72 174
84 73 625
84 74 535
84 75 395
84 76 696
84 77 390
84 78 553
84 79 588
84 80 495
84 81 617
84 82 462
84 83 225
84 85 519
84 86 719
84 87 283
84 88 535
84 89 434
84 90 181
84 91 617
84 92 283
84 93 128
84 94 532
84 95 311
84 96 252
84 97 239
84 98 513
84 99 426
84 100 483
85 1 307
85 2 630
85 3 653
85 4 867
85 5 610
85 6 787
85 7 154
85 8 247
85 9 903
85 10 235
85 11 367
85 12 551
85 13 203
85 14 748
85 15 601
85 16 135
85 17 335
85 18 730
85 19 413
85 20 448
85 21 827
85 22 714
85 23 623
85 24 172
85 25 441
85 26 413
85 27 442
85 28 633
85 29 391
85 30 756
85 31 666
85 32 589
85 33 696
85 34 627
85 35 150
85 36 354
85 37 976
85 38 593
85 39 632
85 40 947
85 41 331
85 42 354
85 43 628
85 44 402
85 45 655
85 46 423
85 47 269
85 48 671
85 49 397
85 50 225
85 51 484
85 52 84
85 53 300
85 54 614
85 55 230
85 56 888
85 57 719
85 58 311
85 59 648
85 60 243
85 61 776
85 62 389
85 63 623
85 64 532
85 65 37
85 66 571
85 67 619
85 68 261
85 69 172
85 70 578
85 71 307
85 72 685
85 73 197
85 74 399
85 75 361
85 76 282
85 77 692
85 78 137
85 79 206
85 80 97
85 81 783
85 82 60
85 83 735
85 84 519
85 86 885
85 87 747
85 88 225
85 89 178
85 90 357
85 91 110
85 92 800
85 93 605
85 94 377
85 95 395
85 96 272
85 97 410
85 98 68
85 99 945
85 100 222
86 1 845
86 2 1090
86 3 379
86 4 1016
86 5 385
86 6 113
86 7 1010
86 8 731
86 9 642
86 10 955
86 11 697
86 12 1144
86 13 692
86 14 1060
86 15 1128
86 16 908
86 17 754
86 18 394
86 19 521
86 20 544
86 21 106
86 22 1054
86 23 302
86 24 722
86 25 827
86 26 1197
86 27 1079
86 28 490
86 29 1169
86 30 303
86 31 646
86 32 939
86 33 285
86 34 358
86 35 995
86 36 948
86 37 839
86 38 331
86 39 1181
86 40 915
86 41 594
86 42 631
86 43 970
86 44 497
86 45 272
86 46 592
86 47 1012
86 48 655
86 49 510
86 50 947
86 51 449
86 52 849
86 53 807
86 54 591
86 55 708
86 56 842
86 57 405
86 58 1070
86 59 258
86 60 743
86 61 833
86 62 529
86 63 850
86 64 647
86 65 913
86 66 1087
86 67 266
86 68 893
86 69 784
86 70 449
86 71 650
86 72 683
86 73 802
86 74 1157
86 75 1031
86 76 800
86 77 339
86 78 791
86 79 753
86 80 793
86 81 109
86 82 843
86 83 682
86 84 719
86 85 885
86 87 941
86 88 694
86 89 708
86 90 674
86 91 986
86 92 731
86 93 623
86 94 1144
86 95 975
86 96 728
86 97 556
86 98 825
86 99 826
86 100 1021
87 1 1006
87 2 272
87 3 567
87 4 121
87 5 575
87 6 837
87 7 714
87 8 878
87 9 425
87 10 978
87 11 428
87 12 417
87 13 757
87 14 138
87 15 346
87 16 878
87 17 428
87 18 552
87 19 858
87 20 497
87 21 836
87 22 155
87 23 676
87 24 753
87 25 307
87 26 656
87 27 454
87 28 454
87 29 639
87 30 642
87 31 296
87 32 174
87 33 660
87 34 599
87 35 886
87 36 428
87 37 337
87 38 660
87 39 386
87 40 249
87 41 830
87 42 905
87 43 152
87 44 790
87 45 694
87 46 467
87 47 572
87 48 287
87 49 807
87 50 968
87 51 592
87 52 664
87 53 982
87 54 355
87 55 576
87 56 235
87 57 539
87 58 591
87 59 875
87 60 885
87 61 137
87 62 827
87 63 133
87 64 334
87 65 779
87 66 326
87 67 796
87 68 986
87 69 843
87 70 514
87 71 535
87 72 260
87 73 884
87 74 608
87 75 490
87 76 961
87 77 603
87 78 809
87 79 852
87 80 746
87 81 849
87 82 694
87 83 273
87 84 283
87 85 747
87 86 941
87 88 806
87 89 699
87 90 455
87 91 827
87 92 257
87 93 326
87 94 615
87 95 404
87 96 507
87 97 521
87 98 757
87 99 310
87 100 637
88 1 217
88 2 760
88 3 537
88 4 926
88 5 490
88 6 606
88 7 376
88 8 75
88 9 850
88 10 273
88 11 379
88 12 717
88 13 50
88 14 844
88 15 751
88 16 215
88 17 383
88 18 622
88 19 191
88 20 377
88 21 651
88 22 815
88 23 470
88 24 67
88 25 512
88 26 627
88 27 613
88 28 556
88 29 603
88 30 623
88 31 641
88 32 678
88 33 553
88 34 499
88 35 303
88 36 496
88 37 965
88 38 443
88 39 791
88 40 962
88 41 109
88 42 135
88 43 719
88 44 197
88 45 499
88 46 376
88 47 460
88 48 649
88 49 186
88 50 264
88 51 361
88 52 239
88 53 185
88 54 573
88 55 233
88 56 893
88 57 615
88 58 513
88 59 444
88 60 85
88 61 796
88 62 171
88 63 674
88 64 517
88 65 240
88 66 714
88 67 431
88 68 230
88 69 92
88 70 480
88 71 276
88 72 671
88 73 119
88 74 606
88 75 535
88 76 166
88 77 566
88 78 100
88 79 68
88 80 132
88 81 599
88 82 213
88 83 715
88 84 535
88 85 225
88 86 694
88 87 806
88 89 113
88 90 355
88 91 305
88 92 786
88 93 576
88 94 585
88 95 539
88 96 303
88 97 336
88 98 157
88 99 936
88 100 431
89 1 311
89 2 649
89 3 491
89 4 819
89 5 446
89 6 610
89 7 310
89 8 181
89 9 775
89 10 323
89 11 275
89 12 610
89 13 64
89 14 732
89 15 641
89 16 237
89 17 273
89 18 572
89 19 259
89 20 302
89 21 651
89 22 703
89 23 449
89 24 55
89 25 401
89 26 542
89 27 508
89 28 489
89 29 516
89 30 588
89 31 553
89 32 566
89 33 526
89 34 460
89 35 304
89 36 387
89 37 876
89 38 419
89 39 681
89 40 865
89 41 186
89 42 239
89 43 608
89 44 233
89 45 481
89 46 290
89 47 366
89 48 560
89 49 232
89 50 313
89 51 316
89 52 153
89 53 284
89 54 490
89 55 124
89 56 798
89 57 562
89 58 421
89 59 475
89 60 187
89 61 697
89 62 230
89 63 567
89 64 423
89 65 207
89 66 604
89 67 443
89 68 304
89 69 152
89 70 422
89 71 179
89 72 580
89 73 192
89 74 515
89 75 432
89 76 264
89 77 526
89 78 126
89 79 155
89 80 92
89 81 606
89 82 139
89 83 627
89 84 434
89 85 178
89 86 708
89 87 699
89 88 113
89 90 253
89 91 282
89 92 696
89 93 489
89 94 496
89 95 430
89 96 193
89 97 262
89 98 123
89 99 845
89 100 347
90 1 564
90 2 465
90 3 345
90 4 573
90 5 312
90 6 562
90 7 408
90 8 428
90 9 547
90 10 564
90 11 31
90 12 481
90 13 307
90 14 509
90 15 482
90 16 467
90 17 81
90 18 405
90 19 414
90 20 134
90 21 587
90 22 486
90 23 373
90 24 307
90 25 186
90 26 533
90 27 407
90 28 292
90 29 506
90 30 455
90 31 310
90 32 347
90 33 417
90 34 337
90 35 507
90 36 274
90 37 628
90 38 343
90 39 532
90 40 613
90 41 378
90 42 452
90 43 388
90 44 351
90 45 404
90 46 88
90 47 354
90 48 316
90 49 366
90 50 553
90 51 227
90 52 279
90 53 536
90 54 258
90 55 136
90 56 546
90 57 392
90 58 409
90 59 507
90 60 436
90 61 444
90 62 382
90 63 323
90 64 176
90 65 394
90 66 441
90 67 442
90 68 554
90 69 404
90 70 259
90 71 81
90 72 333
90 73 445
90 74 490
90 75 359
90 76 515
90 77 390
90 78 375
90 79 407
90 80 320
90 81 566
90 82 298
90 83 381
90 84 181
90 85 357
90 86 674
90 87 455
90 88 355
90 89 253
90 91 462
90 92 449
90 93 248
90 94 479
90 95 304
90 96 88
90 97 119
90 98 340
90 99 596
90 100 382
91 1 313
91 2 681
91 3 763
91 4 945
91 5 719
91 6 890
91 7 142
91 8 303
91 9 1008
91 10 195
91 11 469
91 12 582
91 13 296
91 14 814
91 15 643
91 16 125
91 17 432
91 18 839
91 19 496
91 20 557
91 21 932
91 22 778
91 23 730
91 24 265
91 25 526
91 26 396
91 27 474
91 28 742
91 29 379
91 30 865
91 31 768
91 32 663
91 33 805
91 34 736
91 35 64
91 36 413
91 37 1074
91 38 700
91 39 666
91 40 1038
91 41 413
91 42 420
91 43 698
91 44 495
91 45 762
91 46 530
91 47 296
91 48 773
91 49 488
91 50 189
91 51 593
91 52 183
91 53 319
91 54 719
91 55 338
91 56 982
91 57 828
91 58 322
91 59 743
91 60 296
91 61 867
91 62 475
91 63 708
91 64 634
91 65 76
91 66 618
91 67 720
91 68 251
91 69 229
91 70 687
91 71 415
91 72 786
91 73 236
91 74 396
91 75 396
91 76 306
91 77 801
91 78 206
91 79 265
91 80 193
91 81 886
91 82 167
91 83 836
91 84 617
91 85 110
91 86 986
91 87 827
91 88 305
91 89 282
91 90 462
91 92 899
91 93 709
91 94 373
91 95 450
91 96 375
91 97 520
91 98 162
91 99 1041
91 100 233
92 1 1002
92 2 507
92 3 385
92 4 294
92 5 410
92 6 638
92 7 816
92 8 861
92 9 170
92 10 1012
92 11 434
92 12 634
92 13 742
92 14 395
92 15 575
92 16 915
92 17 467
92 18 340
92 19 779
92 20 416
92 21 626
92 22 409
92 23 510
92 24 749
92 25 399
92 26 833
92 27 638
92 28 284
92 29 811
92 30 430
92 31 147
92 32 365
92 33 468
92 34 428
92 35 949
92 36 564
92 37 180
92 38 504
92 39 622
92 40 198
92 41 776
92 42 854
92 43 369
92 44 708
92 45 519
92 46 411
92 47 703
92 48 138
92 49 728
92 50 1001
92 51 479
92 52 718
92 53 971
92 54 219
92 55 584
92 56 121
92 57 331
92 58 740
92 59 721
92 60 870
92 61 122
92 62 753
92 63 255
92 64 274
92 65 836
92 66 546
92 67 642
92 68 999
92 69 847
92 70 366
92 71 518
92 72 117
92 73 888
92 74 783
92 75 647
92 76 951
92 77 409
92 78 821
92 79 846
92 80 768
92 81 652
92 82 741
92 83 73
92 84 283
92 85 800
92 86 731
92 87 257
92 88 786
92 89 696
92 90 449
92 91 899
92 93 211
92 94 784
92 95 557
92 96 529
92 97 454
92 98 788
92 99 150
92 100 759
93 1 792
93 2 481
93 3 245
93 4 421
93 5 249
93 6 515
93 7 642
93 8 651
93 9 301
93 10 808
93 11 240
93 12 567
93 13 533
93 14 438
93 15 531
93 16 713
93 17 286
93 18 249
93 19 574
93 20 207
93 21 519
93 22 432
93 23 350
93 24 541
93 25 265
93 26 710
93 27 536
93 28 134
93 29 685
93 30 334
93 31 65
93 32 325
93 33 339
93 34 274
93 35 755
93 36 430
93 37 390
93 38 335
93 39 584
93 40 397
93 41 567
93 42 645
93 43 352
93 44 503
93 45 369
93 46 201
93 47 554
93 48 73
93 49 523
93 50 797
93 51 281
93 52 526
93 53 761
93 54 33
93 55 381
93 56 323
93 57 235
93 58 600
93 59 552
93 60 660
93 61 249
93 62 547
93 63 228
93 64 76
93 65 642
93 66 494
93 67 473
93 68 792
93 69 640
93 70 189
93 71 312
93 72 98
93 73 679
93 74 662
93 75 521
93 76 742
93 77 285
93 78 614
93 79 636
93 80 564
93 81 526
93 82 546
93 83 139
93 84 128
93 85 605
93 86 623
93 87 326
93 88 576
93 89 489
93 90 248
93 91 709
93 92 211
93 94 657
93 95 438
93 96 334
93 97 244
93 98 587
93 99 360
93 100 599
94 1 675
94 2 385
94 3 821
94 4 715
94 5 791
94 6 1034
94 7 234
94 8 621
94 9 936
94 10 567
94 11 462
94 12 246
94 13 548
94 14 548
94 15 323
94 16 487
94 17 403
94 18 873
94 19 755
94 20 612
94 21 1063
94 22 510
94 23 847
94 24 521
94 25 396
94 26 55
94 27 164
94 28 751
94 29 28
94 30 932
94 31 696
94 32 444
94 33 895
94 34 815
94 35 432
94 36 228
94 37 930
94 38 816
94 39 327
94 40 861
94 41 680
94 42 719
94 43 464
94 44 722
94 45 879
94 46 566
94 47 135
94 48 696
94 49 725
94 50 561
94 51 697
94 52 348
94 53 673
94 54 683
94 55 444
94 56 827
94 57 859
94 58 76
94 59 945
94 60 619
94 61 707
94 62 725
94 63 538
94 64 588
94 65 383
94 66 315
94 67 894
94 68 619
94 69 548
94 70 735
94 71 495
94 72 695
94 73 573
94 74 23
94 75 139
94 76 656
94 77 867
94 78 511
94 79 580
94 80 456
94 81 1036
94 82 373
94 83 744
94 84 532
94 85 377
94 86 1144
94 87 615
94 88 585
94 89 496
94 90 479
94 91 373
94 92 784
94 93 657
94 95 228
94 96 416
94 97 592
94 98 438
94 99 899
94 100 156
95 1 694
95 2 235
95 3 626
95 4 514
95 5 602
95 6 863
95 7 321
95 8 597
95 9 709
95 10 627
95 11 279
95 12 185
95 13 492
95 14 366
95 15 213
95 16 530
95 17 224
95 18 667
95 19 669
95 20 432
95 21 885
95 22 330
95 23 673
95 24 474
95 25 174
95 26 278
95 27 105
95 28 543
95 29 255
95 30 735
95 31 472
95 32 230
95 33 709
95 34 628
95 35 513
95 36 44
95 37 706
95 38 645
95 39 252
95 40 642
95 41 609
95 42 668
95 43 259
95 44 619
95 45 704
95 46 384
95 47 170
95 48 472
95 49 628
95 50 618
95 51 530
95 52 325
95 53 680
95 54 465
95 55 330
95 56 604
95 57 653
95 58 189
95 59 807
95 60 599
95 61 483
95 62 637
95 63 313
95 64 372
95 65 421
95 66 178
95 67 744
95 68 655
95 69 538
95 70 541
95 71 349
95 72 469
95 73 574
95 74 228
95 75 91
95 76 660
95 77 672
95 78 500
95 79 561
95 80 433
95 81 867
95 82 358
95 83 517
95 84 311
95 85 395
95 86 975
95 87 404
95 88 539
95 89 430
95 90 304
95 91 450
95 92 557
95 93 438
95 94 228
95 96 274
95 97 423
95 98 431
95 99 675
95 100 237
96 1 500
96 2 471
96 3 421
96 4 628
96 5 385
96 6 618
96 7 323
96 8 373
96 9 633
96 10 486
96 11 96
96 12 459
96 13 253
96 14 542
96 15 474
96 16 388
96 17 81
96 18 487
96 19 400
96 20 206
96 21 648
96 22 514
96 23 432
96 24 246
96 25 210
96 26 470
96 27 371
96 28 377
96 29 442
96 30 531
96 31 394
96 32 376
96 33 486
96 34 407
96 35 422
96 36 237
96 37 707
96 38 401
96 39 520
96 40 685
96 41 349
96 42 416
96 43 418
96 44 346
96 45 465
96 46 167
96 47 285
96 48 400
96 49 357
96 50 475
96 51 282
96 52 192
96 53 475
96 54 345
96 55 70
96 56 622
96 57 474
96 58 343
96 59 539
96 60 379
96 61 514
96 62 368
96 63 376
96 64 260
96 65 309
96 66 435
96 67 481
96 68 483
96 69 337
96 70 337
96 71 80
96 72 414
96 73 378
96 74 430
96 75 310
96 76 454
96 77 465
96 78 304
96 79 346
96 80 244
96 81 620
96 82 213
96 83 464
96 84 252
96 85 272
96 86 728
96 87 507
96 88 303
96 89 193
96 90 88
96 91 375
96 92 529
96 93 334
96 94 416
96 95 274
96 97 179
96 98 261
96 99 676
96 100 304
97 1 553
97 2 573
97 3 248
97 4 634
97 5 208
97 6 444
97 7 493
97 8 410
97 9 516
97 10 585
97 11 145
97 12 599
97 13 296
97 14 597
97 15 596
97 16 497
97 17 200
97 18 320
97 19 339
97 20 41
97 21 472
97 22 578
97 23 256
97 24 309
97 25 294
97 26 646
97 27 526
97 28 228
97 29 618
97 30 355
97 31 308
97 32 442
97 33 308
97 34 230
97 35 555
97 36 393
97 37 632
97 38 226
97 39 647
97 40 638
97 41 324
97 42 402
97 43 481
97 44 270
97 45 288
97 46 56
97 47 462
97 48 317
97 49 288
97 50 574
97 51 108
97 52 345
97 53 521
97 54 238
97 55 185
97 56 566
97 57 309
97 58 520
97 59 392
97 60 420
97 61 480
97 62 309
97 63 394
97 64 196
97 65 446
97 66 555
97 67 324
97 68 559
97 69 407
97 70 168
97 71 109
97 72 341
97 73 445
97 74 604
97 75 476
97 76 502
97 77 290
97 78 387
97 79 399
97 80 347
97 81 448
97 82 354
97 83 382
97 84 239
97 85 410
97 86 556
97 87 521
97 88 336
97 89 262
97 90 119
97 91 520
97 92 454
97 93 244
97 94 592
97 95 423
97 96 179
97 98 375
97 99 603
97 100 482
98 1 264
98 2 663
98 3 611
98 4 878
98 5 566
98 6 729
98 7 221
98 8 183
98 9 881
98 10 225
98 11 355
98 12 597
98 13 137
98 14 770
98 15 641
98 16 128
98 17 334
98 18 691
98 19 345
98 20 414
98 21 771
98 22 738
98 23 571
98 24 106
98 25 451
98 26 476
98 27 489
98 28 601
98 29 453
98 30 710
98 31 649
98 32 608
98 33 648
98 34 581
98 35 182
98 36 388
98 37 967
98 38 541
98 39 675
98 40 945
98 41 263
98 42 287
98 43 648
98 44 337
98 45 603
98 46 395
98 47 322
98 48 655
98 49 331
98 50 215
98 51 438
98 52 107
98 53 250
98 54 592
98 55 206
98 56 883
98 57 680
98 58 369
98 59 584
98 60 182
98 61 774
98 62 322
98 63 630
98 64 516
98 65 89
98 66 609
98 67 559
98 68 231
98 69 113
98 70 539
98 71 278
98 72 672
98 73 145
98 74 460
98 75 408
98 76 231
98 77 647
98 78 74
98 79 143
98 80 32
98 81 725
98 82 74
98 83 721
98 84 513
98 85 68
98 86 825
98 87 757
98 88 157
98 89 123
98 90 340
98 91 162
98 92 788
98 93 587
98 94 438
98 95 431
98 96 261
98 97 375
98 99 935
98 100 282
99 1 1151
99 2 581
99 3 510
99 4 284
99 5 542
99 6 743
99 7 952
99 8 1010
99 9 190
99 10 1159
99 11 581
99 12 723
99 13 892
99 14 438
99 15 654
99 16 1062
99 17 610
99 18 450
99 19 924
99 20 565
99 21 724
99 22 462
99 23 637
99 24 898
99 25 529
99 26 945
99 27 745
99 28 420
99 29 925
99 30 533
99 31 296
99 32 461
99 33 583
99 34 556
99 35 1093
99 36 688
99 37 33
99 38 635
99 39 695
99 40 104
99 41 924
99 42 1001
99 43 453
99 44 853
99 45 641
99 46 560
99 47 831
99 48 287
99 49 874
99 50 1149
99 51 622
99 52 862
99 53 1120
99 54 366
99 55 732
99 56 76
99 57 444
99 58 862
99 59 848
99 60 1020
99 61 193
99 62 899
99 63 363
99 64 422
99 65 981
99 66 632
99 67 770
99 68 1148
99 69 996
99 70 505
99 71 667
99 72 266
99 73 1037
99 74 896
99 75 765
99 76 1101
99 77 526
99 78 969
99 79 995
99 80 915
99 81 758
99 82 886
99 83 221
99 84 426
99 85 945
99 86 826
99 87 310
99 88 936
99 89 845
99 90 596
99 91 1041
99 92 150
99 93 360
99 94 899
99 95 675
99 96 676
99 97 603
99 98 935
99 100 889
100 1 524
100 2 457
100 3 725
100 4 750
100 5 689
100 6 914
100 7 92
100 8 465
100 9 894
100 10 425
100 11 374
100 12 350
100 13 396
100 14 602
100 15 413
100 16 339
100 17 318
100 18 786
100 19 605
100 20 510
100 21 947
100 22 564
100 23 732
100 24 368
100 25 361
100 26 197
100 27 243
100 28 671
100 29 172
100 30 835
100 31 648
100 32 465
100 33 790
100 34 711
100 35 296
100 36 209
100 37 921
100 38 701
100 39 433
100 40 868
100 41 528
100 42 565
100 43 495
100 44 577
100 45 765
100 46 468
100 47 69
100 48 650
100 49 578
100 50 418
100 51 582
100 52 195
100 53 520
100 54 619
100 55 314
100 56 823
100 57 773
100 58 91
100 59 808
100 60 463
100 61 702
100 62 576
100 63 534
100 64 524
100 65 231
100 66 391
100 67 764
100 68 471
100 69 393
100 70 640
100 71 377
100 72 656
100 73 419
100 74 178
100 75 167
100 76 502
100 77 769
100 78 356
100 79 425
100 80 301
100 81 914
100 82 218
100 83 707
100 84 483
100 85 222
100 86 1021
100 87 637
100 88 431
100 89 347
100 90 382
100 91 233
100 92 759
100 93 599
100 94 156
100 95 237
100 96 304
100 97 482
100 98 282
100 99 889
