nnodes nedges type capacity P s t
100  4950  graph  1000 100 1 100 
nodename posx posy itemvalue itemweight
1 517 76 0 0
2 294 698 9 6
3 338 915 15 2
4 543 682 28 1
5 879 815 11 8
6 368 555 22 8
7 195 734 1 7
8 312 952 47 1
9 539 320 44 4
10 254 797 46 2
11 320 107 35 3
12 825 633 1 1
13 660 26 14 10
14 834 718 5 4
15 592 100 23 5
16 148 462 42 9
17 528 442 7 2
18 160 218 44 4
19 358 55 6 3
20 900 589 24 6
21 222 269 1 7
22 144 418 45 3
23 3 808 24 1
24 370 894 15 7
25 128 625 7 1
26 691 449 10 3
27 84 869 25 2
28 82 745 36 10
29 895 268 33 2
30 463 839 34 5
31 368 611 26 7
32 301 896 15 5
33 54 813 31 1
34 115 764 10 6
35 868 367 33 3
36 353 443 1 3
37 988 498 31 7
38 861 343 37 6
39 658 583 39 4
40 237 787 24 5
41 208 281 16 3
42 236 293 40 10
43 150 670 46 5
44 390 397 29 9
45 938 205 18 4
46 236 659 35 4
47 168 890 43 10
48 907 574 30 3
49 703 374 10 9
50 338 924 10 2
51 742 44 23 2
52 367 730 27 3
53 894 580 8 5
54 426 552 9 6
55 163 663 18 2
56 339 724 43 3
57 944 927 17 2
58 369 94 24 2
59 597 759 8 5
60 491 888 42 7
61 316 80 18 7
62 547 484 20 2
63 970 454 26 9
64 59 25 36 7
65 829 749 39 5
66 301 923 30 1
67 793 20 8 6
68 5 687 14 5
69 600 431 21 4
70 592 116 13 10
71 95 283 5 5
72 840 391 23 3
73 211 209 38 6
74 838 160 35 7
75 320 681 50 8
76 48 636 23 10
77 761 947 4 5
78 472 731 33 1
79 754 883 45 9
80 109 583 17 4
81 633 410 15 7
82 858 778 44 5
83 431 863 4 9
84 818 383 39 6
85 295 410 32 3
86 499 742 16 9
87 693 339 9 8
88 133 256 11 8
89 900 971 35 7
90 417 572 44 5
91 653 817 25 9
92 560 414 6 8
93 117 33 15 8
94 498 871 11 1
95 916 607 8 7
96 454 549 44 5
97 369 664 25 10
98 680 800 49 1
99 527 498 50 9
100 184 822 0 0
endpoint1 endpoint2 weight
1 2 661
1 3 858
1 4 607
1 5 823
1 6 502
1 7 733
1 8 900
1 9 245
1 10 768
1 11 200
1 12 637
1 13 152
1 14 716
1 15 79
1 16 535
1 17 367
1 18 385
1 19 161
1 20 641
1 21 353
1 22 507
1 23 895
1 24 832
1 25 673
1 26 412
1 27 904
1 28 798
1 29 424
1 30 765
1 31 556
1 32 848
1 33 871
1 34 797
1 35 456
1 36 402
1 37 633
1 38 436
1 39 527
1 40 765
1 41 371
1 42 356
1 43 699
1 44 346
1 45 441
1 46 648
1 47 886
1 48 633
1 49 352
1 50 867
1 51 228
1 52 671
1 53 630
1 54 485
1 55 686
1 56 673
1 57 953
1 58 150
1 59 688
1 60 813
1 61 202
1 62 410
1 63 590
1 64 461
1 65 742
1 66 875
1 67 282
1 68 798
1 69 365
1 70 85
1 71 471
1 72 452
1 73 334
1 74 332
1 75 637
1 76 731
1 77 905
1 78 657
1 79 842
1 80 651
1 81 354
1 82 781
1 83 792
1 84 430
1 85 402
1 86 667
1 87 317
1 88 425
1 89 974
1 90 506
1 91 754
1 92 341
1 93 403
1 94 796
1 95 665
1 96 478
1 97 607
1 98 743
1 99 423
1 100 817
2 1 661
2 3 222
2 4 250
2 5 597
2 6 162
2 7 106
2 8 255
2 9 451
2 10 107
2 11 592
2 12 535
2 13 766
2 14 541
2 15 669
2 16 278
2 17 347
2 18 499
2 19 647
2 20 616
2 21 435
2 22 318
2 23 312
2 24 211
2 25 182
2 26 469
2 27 271
2 28 218
2 29 739
2 30 221
2 31 115
2 32 199
2 33 267
2 34 191
2 35 663
2 36 262
2 37 723
2 38 669
2 39 382
2 40 106
2 41 426
2 42 410
2 43 147
2 44 316
2 45 812
2 46 70
2 47 230
2 48 626
2 49 522
2 50 231
2 51 793
2 52 80
2 53 612
2 54 197
2 55 136
2 56 52
2 57 690
2 58 609
2 59 310
2 60 274
2 61 619
2 62 332
2 63 719
2 64 713
2 65 538
2 66 226
2 67 842
2 68 290
2 69 407
2 70 654
2 71 461
2 72 627
2 73 496
2 74 766
2 75 32
2 76 254
2 77 530
2 78 182
2 79 496
2 80 218
2 81 445
2 82 570
2 83 215
2 84 612
2 85 289
2 86 210
2 87 537
2 88 471
2 89 665
2 90 177
2 91 379
2 92 390
2 93 689
2 94 268
2 95 629
2 96 219
2 97 83
2 98 400
2 99 308
2 100 166
3 1 858
3 2 222
3 4 311
3 5 551
3 6 362
3 7 231
3 8 46
3 9 629
3 10 145
3 11 809
3 12 563
3 13 946
3 14 534
3 15 854
3 16 492
3 17 510
3 18 720
3 19 861
3 20 650
3 21 657
3 22 534
3 23 352
3 24 39
3 25 359
3 26 585
3 27 259
3 28 308
3 29 854
3 30 147
3 31 306
3 32 42
3 33 302
3 34 270
3 35 763
3 36 473
3 37 773
3 38 776
3 39 462
3 40 164
3 41 648
3 42 631
3 43 309
3 44 521
3 45 930
3 46 276
3 47 172
3 48 664
3 49 653
3 50 9
3 51 961
3 52 188
3 53 650
3 54 374
3 55 307
3 56 192
3 57 607
3 58 822
3 59 303
3 60 156
3 61 836
3 62 480
3 63 783
3 64 933
3 65 519
3 66 38
3 67 1005
3 68 404
3 69 551
3 70 839
3 71 678
3 72 726
3 73 718
3 74 906
3 75 235
3 76 403
3 77 425
3 78 228
3 79 418
3 80 404
3 81 585
3 82 538
3 83 107
3 84 717
3 85 507
3 86 237
3 87 677
3 88 691
3 89 565
3 90 352
3 91 330
3 92 548
3 93 910
3 94 166
3 95 655
3 96 384
3 97 253
3 98 361
3 99 458
3 100 180
4 1 607
4 2 250
4 3 311
4 5 362
4 6 217
4 7 352
4 8 356
4 9 363
4 10 312
4 11 617
4 12 287
4 13 667
4 14 294
4 15 585
4 16 453
4 17 241
4 18 602
4 19 654
4 20 369
4 21 524
4 22 479
4 23 555
4 24 274
4 25 419
4 26 277
4 27 496
4 28 466
4 29 544
4 30 177
4 31 189
4 32 324
4 33 507
4 34 436
4 35 453
4 36 306
4 37 482
4 38 465
4 39 152
4 40 324
4 41 523
4 42 496
4 43 394
4 44 324
4 45 620
4 46 308
4 47 429
4 48 380
4 49 348
4 50 318
4 51 669
4 52 183
4 53 366
4 54 175
4 55 381
4 56 209
4 57 470
4 58 614
4 59 95
4 60 213
4 61 644
4 62 199
4 63 485
4 64 817
4 65 294
4 66 342
4 67 708
4 68 539
4 69 258
4 70 569
4 71 600
4 72 416
4 73 578
4 74 600
4 75 224
4 76 498
4 77 344
4 78 87
4 79 292
4 80 446
4 81 287
4 82 330
4 83 213
4 84 407
4 85 369
4 86 75
4 87 375
4 88 592
4 89 460
4 90 168
4 91 175
4 92 269
4 93 777
4 94 195
4 95 381
4 96 161
4 97 175
4 98 181
4 99 185
4 100 386
5 1 823
5 2 597
5 3 551
5 4 362
5 6 574
5 7 689
5 8 584
5 9 601
5 10 626
5 11 903
5 12 190
5 13 819
5 14 107
5 15 771
5 16 812
5 17 513
5 18 935
5 19 922
5 20 227
5 21 855
5 22 836
5 23 877
5 24 516
5 25 775
5 26 412
5 27 797
5 28 801
5 29 548
5 30 417
5 31 551
5 32 584
5 33 826
5 34 766
5 35 449
5 36 645
5 37 336
5 38 473
5 39 321
5 40 643
5 41 858
5 42 829
5 43 744
5 44 644
5 45 613
5 46 662
5 47 715
5 48 243
5 49 475
5 50 552
5 51 784
5 52 520
5 53 236
5 54 524
5 55 732
5 56 548
5 57 130
5 58 884
5 59 288
5 60 395
5 61 926
5 62 469
5 63 373
5 64 1139
5 65 83
5 66 589
5 67 800
5 68 884
5 69 475
5 70 756
5 71 948
5 72 426
5 73 902
5 74 657
5 75 575
5 76 851
5 77 178
5 78 416
5 79 143
5 80 805
5 81 474
5 82 43
5 83 451
5 84 437
5 85 711
5 86 387
5 87 512
5 88 933
5 89 158
5 90 523
5 91 227
5 92 513
5 93 1092
5 94 386
5 95 212
5 96 502
5 97 532
5 98 200
5 99 474
5 100 696
6 1 502
6 2 162
6 3 362
6 4 217
6 5 574
6 7 249
6 8 401
6 9 291
6 10 268
6 11 451
6 12 464
6 13 605
6 14 494
6 15 508
6 16 239
6 17 196
6 18 397
6 19 501
6 20 534
6 21 322
6 22 263
6 23 445
6 24 340
6 25 250
6 26 340
6 27 424
6 28 344
6 29 601
6 30 300
6 31 56
6 32 348
6 33 407
6 34 329
6 35 535
6 36 113
6 37 623
6 38 537
6 39 292
6 40 267
6 41 318
6 42 294
6 43 247
6 44 160
6 45 669
6 46 169
6 47 391
6 48 540
6 49 381
6 50 371
6 51 634
6 52 176
6 53 527
6 54 59
6 55 232
6 56 172
6 57 686
6 58 462
6 59 307
6 60 355
6 61 478
6 62 193
6 63 611
6 64 614
6 65 501
6 66 375
6 67 684
6 68 387
6 69 264
6 70 493
6 71 386
6 72 500
6 73 380
6 74 614
6 75 135
6 76 331
6 77 556
6 78 205
6 79 507
6 80 261
6 81 303
6 82 539
6 83 315
6 84 482
6 85 163
6 86 229
6 87 391
6 88 381
6 89 676
6 90 52
6 91 388
6 92 239
6 93 580
6 94 342
6 95 551
6 96 87
6 97 110
6 98 397
6 99 169
6 100 325
7 1 733
7 2 106
7 3 231
7 4 352
7 5 689
7 6 249
7 8 248
7 9 539
7 10 87
7 11 640
7 12 639
7 13 848
7 14 640
7 15 749
7 16 277
7 17 443
7 18 518
7 19 699
7 20 720
7 21 466
7 22 321
7 23 206
7 24 238
7 25 128
7 26 573
7 27 175
7 28 114
7 29 841
7 30 288
7 31 213
7 32 194
7 33 162
7 34 86
7 35 767
7 36 332
7 37 828
7 38 773
7 39 488
7 40 68
7 41 454
7 42 443
7 43 79
7 44 390
7 45 913
7 46 86
7 47 159
7 48 730
7 49 623
7 50 238
7 51 881
7 52 173
7 53 716
7 54 295
7 55 78
7 56 145
7 57 774
7 58 664
7 59 403
7 60 334
7 61 666
7 62 432
7 63 825
7 64 722
7 65 635
7 66 217
7 67 932
7 68 196
7 69 506
7 70 735
7 71 462
7 72 731
7 73 526
7 74 862
7 75 136
7 76 177
7 77 605
7 78 278
7 79 579
7 80 174
7 81 545
7 82 665
7 83 269
7 84 716
7 85 340
7 86 305
7 87 636
7 88 483
7 89 744
7 90 275
7 91 466
7 92 486
7 93 706
7 94 333
7 95 733
7 96 319
7 97 188
7 98 490
7 99 408
7 100 89
8 1 900
8 2 255
8 3 46
8 4 356
8 5 584
8 6 401
8 7 248
8 9 672
8 10 166
8 11 846
8 12 605
8 13 990
8 14 573
8 15 897
8 16 517
8 17 554
8 18 750
8 19 899
8 20 692
8 21 689
8 22 560
8 23 341
8 24 83
8 25 376
8 26 630
8 27 243
8 28 310
8 29 899
8 30 189
8 31 346
8 32 58
8 33 294
8 34 273
8 35 808
8 36 511
8 37 815
8 38 820
8 39 506
8 40 182
8 41 680
8 42 664
8 43 326
8 44 561
8 45 975
8 46 303
8 47 157
8 48 705
8 49 698
8 50 39
8 51 1005
8 52 229
8 53 691
8 54 416
8 55 326
8 56 230
8 57 633
8 58 860
8 59 345
8 60 191
8 61 873
8 62 524
8 63 826
8 64 961
8 65 556
8 66 32
8 67 1049
8 68 406
8 69 596
8 70 882
8 71 704
8 72 771
8 73 750
8 74 951
8 75 272
8 76 412
8 77 450
8 78 273
8 79 448
8 80 422
8 81 630
8 82 574
8 83 149
8 84 762
8 85 543
8 86 282
8 87 722
8 88 719
8 89 589
8 90 395
8 91 367
8 92 593
8 93 940
8 94 203
8 95 696
8 96 428
8 97 294
8 98 399
8 99 503
8 100 183
9 1 245
9 2 451
9 3 629
9 4 363
9 5 601
9 6 291
9 7 539
9 8 672
9 10 556
9 11 306
9 12 424
9 13 318
9 14 496
9 15 227
9 16 416
9 17 123
9 18 393
9 19 321
9 20 451
9 21 322
9 22 407
9 23 725
9 24 599
9 25 512
9 26 200
9 27 714
9 28 625
9 29 360
9 30 525
9 31 338
9 32 624
9 33 692
9 34 614
9 35 333
9 36 223
9 37 483
9 38 323
9 39 289
9 40 557
9 41 334
9 42 305
9 43 524
9 44 168
9 45 416
9 46 455
9 47 681
9 48 448
9 49 173
9 50 637
9 51 343
9 52 445
9 53 441
9 54 259
9 55 509
9 56 451
9 57 730
9 58 283
9 59 443
9 60 571
9 61 328
9 62 165
9 63 452
9 64 564
9 65 518
9 66 649
9 67 394
9 68 648
9 69 127
9 70 211
9 71 446
9 72 310
9 73 347
9 74 340
9 75 423
9 76 584
9 77 666
9 78 417
9 79 603
9 80 505
9 81 131
9 82 559
9 83 554
9 84 287
9 85 261
9 86 424
9 87 156
9 88 412
9 89 745
9 90 280
9 91 510
9 92 97
9 93 511
9 94 553
9 95 474
9 96 245
9 97 384
9 98 501
9 99 179
9 100 615
10 1 768
10 2 107
10 3 145
10 4 312
10 5 626
10 6 268
10 7 87
10 8 166
10 9 556
10 11 694
10 12 595
10 13 872
10 14 586
10 15 775
10 16 352
10 17 449
10 18 587
10 19 750
10 20 679
10 21 529
10 22 395
10 23 252
10 24 152
10 25 214
10 26 559
10 27 185
10 28 180
10 29 832
10 30 214
10 31 219
10 32 110
10 33 201
10 34 143
10 35 750
10 36 368
10 37 793
10 38 759
10 39 458
10 40 20
10 41 519
10 42 505
10 43 165
10 44 423
10 45 905
10 46 140
10 47 127
10 48 691
10 49 617
10 50 153
10 51 898
10 52 132
10 53 676
10 54 300
10 55 162
10 56 113
10 57 703
10 58 713
10 59 346
10 60 254
10 61 720
10 62 429
10 63 794
10 64 797
10 65 577
10 66 135
10 67 946
10 68 273
10 69 504
10 70 761
10 71 539
10 72 713
10 73 590
10 74 865
10 75 134
10 76 262
10 77 529
10 78 228
10 79 508
10 80 259
10 81 542
10 82 605
10 83 189
10 84 700
10 85 390
10 86 252
10 87 635
10 88 555
10 89 670
10 90 278
10 91 400
10 92 491
10 93 777
10 94 255
10 95 689
10 96 319
10 97 176
10 98 427
10 99 405
10 100 75
11 1 200
11 2 592
11 3 809
11 4 617
11 5 903
11 6 451
11 7 640
11 8 846
11 9 306
11 10 694
11 12 730
11 13 350
11 14 799
11 15 273
11 16 395
11 17 395
11 18 195
11 19 65
11 20 755
11 21 190
11 22 358
11 23 770
11 24 789
11 25 553
11 26 505
11 27 798
11 28 681
11 29 598
11 30 746
11 31 507
11 32 790
11 33 755
11 34 689
11 35 607
11 36 338
11 37 775
11 38 591
11 39 584
11 40 686
11 41 207
11 42 205
11 43 589
11 44 299
11 45 626
11 46 559
11 47 798
11 48 751
11 49 467
11 50 818
11 51 427
11 52 625
11 53 744
11 54 458
11 55 578
11 56 618
11 57 1031
11 58 51
11 59 709
11 60 800
11 61 28
11 62 441
11 63 737
11 64 274
11 65 820
11 66 817
11 67 481
11 68 661
11 69 429
11 70 273
11 71 286
11 72 593
11 73 150
11 74 521
11 75 574
11 76 595
11 77 949
11 78 643
11 79 890
11 80 521
11 81 436
11 82 861
11 83 765
11 84 570
11 85 305
11 86 660
11 87 440
11 88 240
11 89 1041
11 90 476
11 91 785
11 92 390
11 93 217
11 94 785
11 95 778
11 96 462
11 97 560
11 98 781
11 99 443
11 100 728
12 1 637
12 2 535
12 3 563
12 4 287
12 5 190
12 6 464
12 7 639
12 8 605
12 9 424
12 10 595
12 11 730
12 13 630
12 14 86
12 15 582
12 16 699
12 17 354
12 18 784
12 19 744
12 20 87
12 21 705
12 22 715
12 23 841
12 24 525
12 25 698
12 26 228
12 27 778
12 28 752
12 29 372
12 30 417
12 31 458
12 32 587
12 33 792
12 34 722
12 35 270
12 36 509
12 37 212
12 38 293
12 39 175
12 40 608
12 41 711
12 42 681
12 43 677
12 44 495
12 45 443
12 46 590
12 47 706
12 48 102
12 49 287
12 50 568
12 51 595
12 52 469
12 53 88
12 54 408
12 55 663
12 56 495
12 57 318
12 58 707
12 59 261
12 60 421
12 61 752
12 62 316
12 63 231
12 64 978
12 65 117
12 66 599
12 67 614
12 68 822
12 69 303
12 70 568
12 71 810
12 72 243
12 73 747
12 74 474
12 75 508
12 76 778
12 77 321
12 78 367
12 79 260
12 80 718
12 81 295
12 82 149
12 83 457
12 84 251
12 85 576
12 86 344
12 87 323
12 88 789
12 89 347
12 90 413
12 91 252
12 92 344
12 93 929
12 94 405
12 95 95
12 96 381
12 97 458
12 98 222
12 99 328
12 100 669
13 1 152
13 2 766
13 3 946
13 4 667
13 5 819
13 6 605
13 7 848
13 8 990
13 9 318
13 10 872
13 11 350
13 12 630
13 14 714
13 15 101
13 16 673
13 17 437
13 18 536
13 19 304
13 20 613
13 21 501
13 22 649
13 23 1022
13 24 916
13 25 802
13 26 425
13 27 1021
13 28 923
13 29 338
13 30 837
13 31 654
13 32 942
13 33 994
13 34 918
13 35 400
13 36 518
13 37 575
13 38 376
13 39 558
13 40 871
13 41 519
13 42 502
13 43 822
13 44 459
13 45 331
13 46 762
13 47 995
13 48 602
13 49 351
13 50 954
13 51 84
13 52 763
13 53 602
13 54 576
13 55 808
13 56 769
13 57 945
13 58 299
13 59 736
13 60 879
13 61 349
13 62 472
13 63 529
13 64 602
13 65 743
13 66 967
13 67 134
13 68 931
13 69 410
13 70 113
13 71 621
13 72 407
13 73 485
13 74 223
13 75 738
13 76 865
13 77 927
13 78 730
13 79 863
13 80 784
13 81 385
13 82 778
13 83 868
13 84 391
13 85 530
13 86 734
13 87 315
13 88 576
13 89 975
13 90 598
13 91 792
13 92 401
13 93 544
13 94 861
13 95 635
13 96 563
13 97 702
13 98 775
13 99 491
13 100 928
14 1 716
14 2 541
14 3 534
14 4 294
14 5 107
14 6 494
14 7 640
14 8 573
14 9 496
14 10 586
14 11 799
14 12 86
14 13 714
14 15 664
14 16 733
14 17 413
14 18 840
14 19 817
14 20 145
14 21 760
14 22 753
14 23 836
14 24 497
14 25 713
14 26 305
14 27 766
14 28 753
14 29 455
14 30 391
14 31 479
14 32 562
14 33 786
14 34 721
14 35 353
14 36 555
14 37 269
14 38 376
14 39 222
14 40 601
14 41 764
14 42 734
14 43 686
14 44 548
14 45 524
14 46 601
14 47 688
14 48 162
14 49 369
14 50 538
14 51 681
14 52 468
14 53 151
14 54 441
14 55 674
14 56 496
14 57 237
14 58 779
14 59 241
14 60 383
14 61 822
14 62 371
14 63 297
14 64 1040
14 65 32
14 66 572
14 67 700
14 68 830
14 69 371
14 70 649
14 71 858
14 72 328
14 73 805
14 74 559
14 75 516
14 76 791
14 77 241
14 78 363
14 79 184
14 80 738
14 81 368
14 82 65
14 83 429
14 84 336
14 85 621
14 86 336
14 87 405
14 88 840
14 89 262
14 90 442
14 91 207
14 92 410
14 93 992
14 94 370
14 95 139
14 96 416
14 97 469
14 98 175
14 99 378
14 100 659
15 1 79
15 2 669
15 3 854
15 4 585
15 5 771
15 6 508
15 7 749
15 8 897
15 9 227
15 10 775
15 11 273
15 12 582
15 13 101
15 14 664
15 16 573
15 17 348
15 18 448
15 19 239
15 20 578
15 21 407
15 22 550
15 23 921
15 24 825
15 25 701
15 26 363
15 27 922
15 28 823
15 29 347
15 30 751
15 31 558
15 32 848
15 33 894
15 34 818
15 35 385
15 36 419
15 37 562
15 38 363
15 39 488
15 40 774
15 41 425
15 42 405
15 43 722
15 44 360
15 45 362
15 46 663
15 47 897
15 48 570
15 49 296
15 50 863
15 51 161
15 52 669
15 53 568
15 54 482
15 55 708
15 56 674
15 57 899
15 58 224
15 59 660
15 60 795
15 61 277
15 62 387
15 63 518
15 64 539
15 65 691
15 66 873
15 67 217
15 68 831
15 69 332
15 70 16
15 71 530
15 72 383
15 73 397
15 74 254
15 75 642
15 76 764
15 77 864
15 78 643
15 79 800
15 80 684
15 81 313
15 82 729
15 83 780
15 84 363
15 85 430
15 86 649
15 87 260
15 88 485
15 89 924
15 90 504
15 91 720
15 92 316
15 93 480
15 94 777
15 95 602
15 96 470
15 97 607
15 98 706
15 99 404
15 100 830
16 1 535
16 2 278
16 3 492
16 4 453
16 5 812
16 6 239
16 7 277
16 8 517
16 9 416
16 10 352
16 11 395
16 12 699
16 13 673
16 14 733
16 15 573
16 17 381
16 18 245
16 19 458
16 20 763
16 21 207
16 22 45
16 23 376
16 24 486
16 25 165
16 26 544
16 27 413
16 28 291
16 29 772
16 30 492
16 31 266
16 32 461
16 33 364
16 34 304
16 35 727
16 36 206
16 37 841
16 38 723
16 39 525
16 40 337
16 41 191
16 42 191
16 43 209
16 44 251
16 45 831
16 46 216
16 47 429
16 48 768
16 49 562
16 50 500
16 51 727
16 52 347
16 53 756
16 54 293
16 55 202
16 56 325
16 57 922
16 58 430
16 59 539
16 60 547
16 61 418
16 62 400
16 63 823
16 64 446
16 65 740
16 66 486
16 67 782
16 68 267
16 69 454
16 70 563
16 71 187
16 72 696
16 73 261
16 74 754
16 75 279
16 76 201
16 77 782
16 78 422
16 79 738
16 80 128
16 81 488
16 82 778
16 83 491
16 84 675
16 85 156
16 86 449
16 87 559
16 88 207
16 89 909
16 90 291
16 91 618
16 92 415
16 93 431
16 94 539
16 95 782
16 96 319
16 97 300
16 98 631
16 99 381
16 100 362
17 1 367
17 2 347
17 3 510
17 4 241
17 5 513
17 6 196
17 7 443
17 8 554
17 9 123
17 10 449
17 11 395
17 12 354
17 13 437
17 14 413
17 15 348
17 16 381
17 18 431
17 19 423
17 20 400
17 21 352
17 22 385
17 23 640
17 24 479
17 25 440
17 26 164
17 27 617
17 28 540
17 29 407
17 30 403
17 31 233
17 32 508
17 33 602
17 34 524
17 35 349
17 36 176
17 37 464
17 38 348
17 39 192
17 40 452
17 41 359
17 42 328
17 43 442
17 44 146
17 45 474
17 46 364
17 47 575
17 48 402
17 49 188
17 50 519
17 51 452
17 52 330
17 53 392
17 54 151
17 55 427
17 56 340
17 57 639
17 58 383
17 59 325
17 60 448
17 61 420
17 62 47
17 63 443
17 64 628
17 65 430
17 66 532
17 67 499
17 68 578
17 69 73
17 70 333
17 71 462
17 72 317
17 73 394
17 74 420
17 75 317
17 76 518
17 77 557
17 78 295
17 79 496
17 80 443
17 81 110
17 82 471
17 83 433
17 84 296
17 85 236
17 86 302
17 87 195
17 88 437
17 89 647
17 90 171
17 91 396
17 92 43
17 93 580
17 94 431
17 95 422
17 96 131
17 97 274
17 98 389
17 99 57
17 100 513
18 1 385
18 2 499
18 3 720
18 4 602
18 5 935
18 6 397
18 7 518
18 8 750
18 9 393
18 10 587
18 11 195
18 12 784
18 13 536
18 14 840
18 15 448
18 16 245
18 17 431
18 19 257
18 20 828
18 21 81
18 22 201
18 23 611
18 24 708
18 25 409
18 26 580
18 27 656
18 28 533
18 29 737
18 30 691
18 31 445
18 32 693
18 33 605
18 34 548
18 35 724
18 36 297
18 37 875
18 38 713
18 39 618
18 40 575
18 41 80
18 42 107
18 43 453
18 44 292
18 45 779
18 46 448
18 47 673
18 48 828
18 49 565
18 50 729
18 51 608
18 52 553
18 53 819
18 54 427
18 55 446
18 56 537
18 57 1058
18 58 244
18 59 696
18 60 748
18 61 209
18 62 470
18 63 844
18 64 218
18 65 855
18 66 719
18 67 664
18 68 494
18 69 489
18 70 444
18 71 92
18 72 702
18 73 52
18 74 681
18 75 490
18 76 433
18 77 945
18 78 601
18 79 892
18 80 369
18 81 511
18 82 895
18 83 700
18 84 679
18 85 235
18 86 625
18 87 547
18 88 47
18 89 1056
18 90 438
18 91 776
18 92 446
18 93 190
18 94 736
18 95 851
18 96 443
18 97 493
18 98 781
18 99 462
18 100 605
19 1 161
19 2 647
19 3 861
19 4 654
19 5 922
19 6 501
19 7 699
19 8 899
19 9 321
19 10 750
19 11 65
19 12 744
19 13 304
19 14 817
19 15 239
19 16 458
19 17 423
19 18 257
19 20 761
19 21 254
19 22 422
19 23 833
19 24 840
19 25 615
19 26 516
19 27 859
19 28 744
19 29 578
19 30 791
19 31 557
19 32 843
19 33 817
19 34 750
19 35 598
19 36 389
19 37 771
19 38 580
19 39 608
19 40 742
19 41 272
19 42 268
19 43 650
19 44 344
19 45 600
19 46 617
19 47 857
19 48 756
19 49 470
19 50 870
19 51 385
19 52 676
19 53 751
19 54 502
19 55 639
19 56 670
19 57 1051
19 58 41
19 59 744
19 60 844
19 61 49
19 62 469
19 63 731
19 64 301
19 65 839
19 66 870
19 67 437
19 68 724
19 69 448
19 70 242
19 71 349
19 72 588
19 73 213
19 74 492
19 75 628
19 76 659
19 77 979
19 78 686
19 79 918
19 80 584
19 81 450
19 82 880
19 83 812
19 84 565
19 85 361
19 86 702
19 87 440
19 88 302
19 89 1065
19 90 521
19 91 818
19 92 412
19 93 243
19 94 828
19 95 785
19 96 504
19 97 610
19 98 812
19 99 475
19 100 787
20 1 641
20 2 616
20 3 650
20 4 369
20 5 227
20 6 534
20 7 720
20 8 692
20 9 451
20 10 679
20 11 755
20 12 87
20 13 613
20 14 145
20 15 578
20 16 763
20 17 400
20 18 828
20 19 761
20 21 750
20 22 776
20 23 924
20 24 612
20 25 773
20 26 252
20 27 863
20 28 833
20 29 322
20 30 504
20 31 533
20 32 674
20 33 876
20 34 805
20 35 225
20 36 567
20 37 127
20 38 250
20 39 243
20 40 692
20 41 758
20 42 727
20 43 755
20 44 545
20 45 386
20 46 668
20 47 792
20 48 17
20 49 292
20 50 655
20 51 568
20 52 552
20 53 11
20 54 476
20 55 741
20 56 578
20 57 341
20 58 726
20 59 348
20 60 507
20 61 775
20 62 369
20 63 153
20 64 1013
20 65 176
20 66 686
20 67 579
20 68 901
20 69 340
20 70 565
20 71 862
20 72 207
20 73 787
20 74 434
20 75 588
20 76 854
20 77 385
20 78 451
20 79 329
20 80 792
20 81 322
20 82 194
20 83 544
20 84 222
20 85 631
20 86 430
20 87 325
20 88 837
20 89 382
20 90 484
20 91 337
20 92 383
20 93 961
20 94 492
20 95 25
20 96 448
20 97 537
20 98 305
20 99 384
20 100 753
21 1 353
21 2 435
21 3 657
21 4 524
21 5 855
21 6 322
21 7 466
21 8 689
21 9 322
21 10 529
21 11 190
21 12 705
21 13 501
21 14 760
21 15 407
21 16 207
21 17 352
21 18 81
21 19 254
21 20 750
21 22 169
21 23 582
21 24 643
21 25 369
21 26 503
21 27 616
21 28 497
21 29 674
21 30 619
21 31 372
21 32 632
21 33 570
21 34 507
21 35 654
21 36 218
21 37 800
21 38 644
21 39 538
21 40 519
21 41 19
21 42 28
21 43 408
21 44 212
21 45 719
21 46 391
21 47 624
21 48 750
21 49 493
21 50 666
21 51 567
21 52 484
21 53 741
21 54 349
21 55 399
21 56 470
21 57 977
21 58 229
21 59 618
21 60 675
21 61 212
21 62 390
21 63 771
21 64 294
21 65 774
21 66 659
21 67 623
21 68 471
21 69 412
21 70 401
21 71 128
21 72 630
21 73 61
21 74 626
21 75 424
21 76 407
21 77 867
21 78 526
21 79 813
21 80 334
21 81 435
21 82 815
21 83 630
21 84 607
21 85 159
21 86 549
21 87 477
21 88 90
21 89 976
21 90 361
21 91 698
21 92 368
21 93 259
21 94 663
21 95 772
21 96 364
21 97 422
21 98 702
21 99 382
21 100 555
22 1 507
22 2 318
22 3 534
22 4 479
22 5 836
22 6 263
22 7 321
22 8 560
22 9 407
22 10 395
22 11 358
22 12 715
22 13 649
22 14 753
22 15 550
22 16 45
22 17 385
22 18 201
22 19 422
22 20 776
22 21 169
22 23 415
22 24 527
22 25 208
22 26 548
22 27 455
22 28 333
22 29 766
22 30 529
22 31 296
22 32 504
22 33 406
22 34 348
22 35 726
22 36 211
22 37 848
22 38 721
22 39 540
22 40 381
22 41 152
22 42 156
22 43 253
22 44 247
22 45 823
22 46 258
22 47 473
22 48 779
22 49 561
22 50 542
22 51 706
22 52 384
22 53 768
22 54 313
22 55 246
22 56 363
22 57 949
22 58 395
22 59 568
22 60 585
22 61 380
22 62 409
22 63 827
22 64 403
22 65 761
22 66 529
22 67 762
22 68 303
22 69 457
22 70 541
22 71 144
22 72 697
22 73 220
22 74 741
22 75 317
22 76 239
22 77 813
22 78 454
22 79 768
22 80 169
22 81 490
22 82 800
22 83 530
22 84 675
22 85 152
22 86 481
22 87 555
22 88 163
22 89 937
22 90 314
22 91 647
22 92 417
22 93 386
22 94 575
22 95 795
22 96 337
22 97 334
22 98 659
22 99 392
22 100 406
23 1 895
23 2 312
23 3 352
23 4 555
23 5 877
23 6 445
23 7 206
23 8 341
23 9 725
23 10 252
23 11 770
23 12 841
23 13 1022
23 14 836
23 15 921
23 16 376
23 17 640
23 18 611
23 19 833
23 20 924
23 21 582
23 22 415
23 24 377
23 25 222
23 26 777
23 27 102
23 28 102
23 29 1043
23 30 462
23 31 415
23 32 311
23 33 52
23 34 121
23 35 971
23 36 506
23 37 1033
23 38 976
23 39 693
23 40 235
23 41 566
23 42 566
23 43 202
23 44 565
23 45 1113
23 46 277
23 47 185
23 48 934
23 49 824
23 50 355
23 51 1063
23 52 373
23 53 920
23 54 495
23 55 216
23 56 347
23 57 949
23 58 803
23 59 597
23 60 495
23 61 793
23 62 634
23 63 1030
23 64 785
23 65 829
23 66 320
23 67 1116
23 68 122
23 69 707
23 70 909
23 71 533
23 72 936
23 73 635
23 74 1057
23 75 342
23 76 178
23 77 771
23 78 476
23 79 755
23 80 249
23 81 746
23 82 856
23 83 432
23 84 920
23 85 494
23 86 501
23 87 835
23 88 568
23 89 912
23 90 477
23 91 651
23 92 683
23 93 784
23 94 499
23 95 935
23 96 521
23 97 394
23 98 678
23 99 609
23 100 182
24 1 832
24 2 211
24 3 39
24 4 274
24 5 516
24 6 340
24 7 238
24 8 83
24 9 599
24 10 152
24 11 789
24 12 525
24 13 916
24 14 497
24 15 825
24 16 486
24 17 479
24 18 708
24 19 840
24 20 612
24 21 643
24 22 527
24 23 377
24 25 362
24 26 549
24 27 288
24 28 325
24 29 818
24 30 109
24 31 284
24 32 70
24 33 327
24 34 287
24 35 726
24 36 452
24 37 734
24 38 739
24 39 424
24 40 171
24 41 635
24 42 616
24 43 314
24 44 498
24 45 893
24 46 271
24 47 203
24 48 626
24 49 618
24 50 44
24 51 928
24 52 165
24 53 611
24 54 347
24 55 311
24 56 173
24 57 575
24 58 801
24 59 265
24 60 122
24 61 816
24 62 447
24 63 745
24 64 923
24 65 482
24 66 75
24 67 971
24 68 420
24 69 517
24 70 810
24 71 671
24 72 689
24 73 704
24 74 871
24 75 219
24 76 413
24 77 395
24 78 193
24 79 385
24 80 407
24 81 551
24 82 502
24 83 69
24 84 680
24 85 490
24 86 200
24 87 643
24 88 681
24 89 536
24 90 326
24 91 294
24 92 517
24 93 898
24 94 131
24 95 617
24 96 356
24 97 231
24 98 324
24 99 426
24 100 200
25 1 673
25 2 182
25 3 359
25 4 419
25 5 775
25 6 250
25 7 128
25 8 376
25 9 512
25 10 214
25 11 553
25 12 698
25 13 802
25 14 713
25 15 701
25 16 165
25 17 440
25 18 409
25 19 615
25 20 773
25 21 369
25 22 208
25 23 222
25 24 362
25 26 590
25 27 248
25 28 129
25 29 847
25 30 398
25 31 241
25 32 322
25 33 203
25 34 140
25 35 784
25 36 290
25 37 870
25 38 786
25 39 532
25 40 196
25 41 354
25 42 350
25 43 51
25 44 348
25 45 913
25 46 114
25 47 269
25 48 781
25 49 628
25 50 366
25 51 846
25 52 262
25 53 768
25 54 307
25 55 52
25 56 234
25 57 871
25 58 584
25 59 488
25 60 449
25 61 577
25 62 443
25 63 860
25 64 604
25 65 712
25 66 345
25 67 900
25 68 138
25 69 511
25 70 689
25 71 344
25 72 750
25 73 425
25 74 849
25 75 200
25 76 81
25 77 711
25 78 360
25 79 678
25 80 47
25 81 549
25 82 746
25 83 386
25 84 732
25 85 273
25 86 390
25 87 634
25 88 370
25 89 846
25 90 294
25 91 560
25 92 481
25 93 593
25 94 445
25 95 789
25 96 335
25 97 245
25 98 580
25 99 419
25 100 205
26 1 412
26 2 469
26 3 585
26 4 277
26 5 412
26 6 340
26 7 573
26 8 630
26 9 200
26 10 559
26 11 505
26 12 228
26 13 425
26 14 305
26 15 363
26 16 544
26 17 164
26 18 580
26 19 516
26 20 252
26 21 503
26 22 548
26 23 777
26 24 549
26 25 590
26 27 739
26 28 678
26 29 273
26 30 452
26 31 362
26 32 594
26 33 734
26 34 657
26 35 196
26 36 339
26 37 302
26 38 201
26 39 139
26 40 567
26 41 512
26 42 481
26 43 585
26 44 306
26 45 348
26 46 502
26 47 685
26 48 250
26 49 76
26 50 592
26 51 409
26 52 429
26 53 242
26 54 285
26 55 570
26 56 447
26 57 541
26 58 480
26 59 324
26 60 483
26 61 527
26 62 149
26 63 280
26 64 762
26 65 331
26 66 614
26 67 441
26 68 727
26 69 93
26 70 348
26 71 619
26 72 160
26 73 537
26 74 325
26 75 438
26 76 670
26 77 503
26 78 358
26 79 439
26 80 598
26 81 70
26 82 369
26 83 489
26 84 144
26 85 398
26 86 351
26 87 111
26 88 591
26 89 563
26 90 301
26 91 370
26 92 136
26 93 709
26 94 465
26 95 275
26 96 258
26 97 388
26 98 352
26 99 172
26 100 630
27 1 904
27 2 271
27 3 259
27 4 496
27 5 797
27 6 424
27 7 175
27 8 243
27 9 714
27 10 185
27 11 798
27 12 778
27 13 1021
27 14 766
27 15 922
27 16 413
27 17 617
27 18 656
27 19 859
27 20 863
27 21 616
27 22 455
27 23 102
27 24 288
27 25 248
27 26 739
27 28 125
27 29 1010
27 30 381
27 31 384
27 32 219
27 33 64
27 34 110
27 35 931
27 36 504
27 37 978
27 38 939
27 39 642
27 40 174
27 41 601
27 42 596
27 43 210
27 44 563
27 45 1082
27 46 260
27 47 87
27 48 875
27 49 793
27 50 260
27 51 1056
27 52 316
27 53 861
27 54 467
27 55 221
27 56 294
27 57 862
27 58 826
27 59 525
27 60 408
27 61 823
27 62 603
27 63 979
27 64 845
27 65 755
27 66 224
27 67 1107
27 68 199
27 69 677
27 70 909
27 71 587
27 72 895
27 73 673
27 74 1035
27 75 302
27 76 236
27 77 682
27 78 412
27 79 671
27 80 288
27 81 716
27 82 780
27 83 348
27 84 881
27 85 506
27 86 434
27 87 808
27 88 615
27 89 823
27 90 447
27 91 572
27 92 659
27 93 837
27 94 415
27 95 873
27 96 490
27 97 352
27 98 600
27 99 578
27 100 111
28 1 798
28 2 218
28 3 308
28 4 466
28 5 801
28 6 344
28 7 114
28 8 310
28 9 625
28 10 180
28 11 681
28 12 752
28 13 923
28 14 753
28 15 823
28 16 291
28 17 540
28 18 533
28 19 744
28 20 833
28 21 497
28 22 333
28 23 102
28 24 325
28 25 129
28 26 678
28 27 125
28 29 943
28 30 393
28 31 316
28 32 267
28 33 74
28 34 39
28 35 873
28 36 406
28 37 940
28 38 877
28 39 599
28 40 161
28 41 481
28 42 478
28 43 102
28 44 465
28 45 1013
28 46 177
28 47 169
28 48 843
28 49 724
28 50 313
28 51 963
28 52 286
28 53 829
28 54 395
28 55 116
28 56 258
28 57 882
28 58 712
28 59 516
28 60 434
28 61 705
28 62 534
28 63 935
28 64 721
28 65 748
28 66 283
28 67 1016
28 68 97
28 69 606
28 70 810
28 71 463
28 72 837
28 73 552
28 74 956
28 75 247
28 76 115
28 77 709
28 78 391
28 79 687
28 80 165
28 81 645
28 82 777
28 83 369
28 84 821
28 85 397
28 86 418
28 87 734
28 88 492
28 89 849
28 90 378
28 91 576
28 92 582
28 93 713
28 94 435
28 95 846
28 96 421
28 97 299
28 98 601
28 99 509
28 100 128
29 1 424
29 2 739
29 3 854
29 4 544
29 5 548
29 6 601
29 7 841
29 8 899
29 9 360
29 10 832
29 11 598
29 12 372
29 13 338
29 14 455
29 15 347
29 16 772
29 17 407
29 18 737
29 19 578
29 20 322
29 21 674
29 22 766
29 23 1043
29 24 818
29 25 847
29 26 273
29 27 1010
29 28 943
29 30 717
29 31 629
29 32 865
29 33 1003
29 34 925
29 35 103
29 36 570
29 37 249
29 38 83
29 39 395
29 40 839
29 41 688
29 42 660
29 43 847
29 44 522
29 45 77
29 46 767
29 47 957
29 48 307
29 49 220
29 50 861
29 51 272
29 52 702
29 53 313
29 54 549
29 55 832
29 56 720
29 57 661
29 58 555
29 59 575
29 60 741
29 61 609
29 62 410
29 63 201
29 64 871
29 65 486
29 66 885
29 67 269
29 68 984
29 69 338
29 70 339
29 71 801
29 72 135
29 73 687
29 74 123
29 75 708
29 76 924
29 77 693
29 78 628
29 79 631
29 80 847
29 81 299
29 82 512
29 83 755
29 84 139
29 85 617
29 86 618
29 87 215
29 88 763
29 89 704
29 90 567
29 91 600
29 92 366
29 93 813
29 94 722
29 95 340
29 96 523
29 97 659
29 98 574
29 99 434
29 100 902
30 1 765
30 2 221
30 3 147
30 4 177
30 5 417
30 6 300
30 7 288
30 8 189
30 9 525
30 10 214
30 11 746
30 12 417
30 13 837
30 14 391
30 15 751
30 16 492
30 17 403
30 18 691
30 19 791
30 20 504
30 21 619
30 22 529
30 23 462
30 24 109
30 25 398
30 26 452
30 27 381
30 28 393
30 29 717
30 31 247
30 32 172
30 33 410
30 34 356
30 35 622
30 36 411
30 37 627
30 38 636
30 39 322
30 40 232
30 41 614
30 42 592
30 43 356
30 44 448
30 45 793
30 46 290
30 47 300
30 48 518
30 49 524
30 50 152
30 51 843
30 52 146
30 53 503
30 54 290
30 55 348
30 56 170
30 57 489
30 58 751
30 59 157
30 60 57
30 61 774
30 62 365
30 63 637
30 64 909
30 65 377
30 66 183
30 67 883
30 68 483
30 69 431
30 70 735
30 71 667
30 72 586
30 73 679
30 74 776
30 75 214
30 76 462
30 77 317
30 78 109
30 79 295
30 80 437
30 81 462
30 82 400
30 83 40
30 84 578
30 85 461
30 86 104
30 87 551
30 88 670
30 89 457
30 90 271
30 91 192
30 92 436
30 93 878
30 94 48
30 95 509
30 96 291
30 97 199
30 98 221
30 99 347
30 100 280
31 1 556
31 2 115
31 3 306
31 4 189
31 5 551
31 6 56
31 7 213
31 8 346
31 9 338
31 10 219
31 11 507
31 12 458
31 13 654
31 14 479
31 15 558
31 16 266
31 17 233
31 18 445
31 19 557
31 20 533
31 21 372
31 22 296
31 23 415
31 24 284
31 25 241
31 26 362
31 27 384
31 28 316
31 29 629
31 30 247
31 32 293
31 33 374
31 34 296
31 35 557
31 36 169
31 37 631
31 38 562
31 39 292
31 40 220
31 41 367
31 42 345
31 43 226
31 44 216
31 45 700
31 46 141
31 47 344
31 48 541
31 49 411
31 50 315
31 51 680
31 52 120
31 53 527
31 54 83
31 55 212
31 56 117
31 57 657
31 58 518
31 59 273
31 60 304
31 61 534
31 62 220
31 63 623
31 64 663
31 65 482
31 66 320
31 67 728
31 68 371
31 69 294
31 70 544
31 71 427
31 72 521
31 73 432
31 74 652
31 75 85
31 76 321
31 77 518
31 78 159
31 79 473
31 80 261
31 81 333
31 82 518
31 83 260
31 84 505
31 85 214
31 86 186
31 87 424
31 88 426
31 89 643
31 90 63
31 91 352
31 92 276
31 93 631
31 94 291
31 95 549
31 96 107
31 97 54
31 98 365
31 99 196
31 100 280
32 1 848
32 2 199
32 3 42
32 4 324
32 5 584
32 6 348
32 7 194
32 8 58
32 9 624
32 10 110
32 11 790
32 12 587
32 13 942
32 14 562
32 15 848
32 16 461
32 17 508
32 18 693
32 19 843
32 20 674
32 21 632
32 22 504
32 23 311
32 24 70
32 25 322
32 26 594
32 27 219
32 28 267
32 29 865
32 30 172
32 31 293
32 33 261
32 34 229
32 35 776
32 36 456
32 37 794
32 38 788
32 39 475
32 40 127
32 41 622
32 42 607
32 43 272
32 44 507
32 45 940
32 46 246
32 47 134
32 48 687
32 49 659
32 50 47
32 51 960
32 52 179
32 53 672
32 54 367
32 55 271
32 56 177
32 57 644
32 58 805
32 59 327
32 60 191
32 61 817
32 62 480
32 63 802
32 64 904
32 65 549
32 66 27
32 67 1005
32 68 363
32 69 553
32 70 833
32 71 647
32 72 739
32 73 693
32 74 912
32 75 216
32 76 363
32 77 463
32 78 238
32 79 454
32 80 368
32 81 589
32 82 570
32 83 135
32 84 729
32 85 487
32 86 251
32 87 682
32 88 662
32 89 604
32 90 345
32 91 361
32 92 548
32 93 883
32 94 199
32 95 680
32 96 380
32 97 242
32 98 391
32 99 458
32 100 139
33 1 871
33 2 267
33 3 302
33 4 507
33 5 826
33 6 407
33 7 162
33 8 294
33 9 692
33 10 201
33 11 755
33 12 792
33 13 994
33 14 786
33 15 894
33 16 364
33 17 602
33 18 605
33 19 817
33 20 876
33 21 570
33 22 406
33 23 52
33 24 327
33 25 203
33 26 734
33 27 64
33 28 74
33 29 1003
33 30 410
33 31 374
33 32 261
33 34 79
33 35 929
33 36 476
33 37 986
33 38 934
33 39 647
33 40 185
33 41 554
33 42 551
33 43 173
33 44 535
33 45 1073
33 46 239
33 47 138
33 48 886
33 49 784
33 50 305
33 51 1032
33 52 324
33 53 872
33 54 455
33 55 186
33 56 299
33 57 898
33 58 785
33 59 546
33 60 444
33 61 779
33 62 593
33 63 984
33 64 789
33 65 778
33 66 271
33 67 1084
33 68 136
33 69 667
33 70 881
33 71 532
33 72 893
33 73 625
33 74 1021
33 75 297
33 76 178
33 77 720
33 78 426
33 79 704
33 80 237
33 81 706
33 82 805
33 83 381
33 84 877
33 85 470
33 86 451
33 87 796
33 88 563
33 89 861
33 90 436
33 91 600
33 92 645
33 93 783
33 94 448
33 95 887
33 96 480
33 97 349
33 98 627
33 99 569
33 100 131
34 1 797
34 2 191
34 3 270
34 4 436
34 5 766
34 6 329
34 7 86
34 8 273
34 9 614
34 10 143
34 11 689
34 12 722
34 13 918
34 14 721
34 15 818
34 16 304
34 17 524
34 18 548
34 19 750
34 20 805
34 21 507
34 22 348
34 23 121
34 24 287
34 25 140
34 26 657
34 27 110
34 28 39
34 29 925
34 30 356
34 31 296
34 32 229
34 33 79
34 35 852
34 36 400
34 37 913
34 38 857
34 39 573
34 40 125
34 41 492
34 42 487
34 43 101
34 44 459
34 45 995
34 46 161
34 47 137
34 48 815
34 49 706
34 50 275
34 51 955
34 52 255
34 53 801
34 54 377
34 55 112
34 56 228
34 57 845
34 58 717
34 59 483
34 60 396
34 61 713
34 62 515
34 63 910
34 64 742
34 65 715
34 66 245
34 67 1007
34 68 135
34 69 589
34 70 805
34 71 482
34 72 816
34 73 564
34 74 943
34 75 222
34 76 145
34 77 672
34 78 359
34 79 650
34 80 182
34 81 628
34 82 744
34 83 332
34 84 800
34 85 398
34 86 385
34 87 718
34 88 509
34 89 812
34 90 358
34 91 541
34 92 567
34 93 732
34 94 398
34 95 817
34 96 402
34 97 273
34 98 567
34 99 491
34 100 91
35 1 456
35 2 663
35 3 763
35 4 453
35 5 449
35 6 535
35 7 767
35 8 808
35 9 333
35 10 750
35 11 607
35 12 270
35 13 400
35 14 353
35 15 385
35 16 727
35 17 349
35 18 724
35 19 598
35 20 225
35 21 654
35 22 726
35 23 971
35 24 726
35 25 784
35 26 196
35 27 931
35 28 873
35 29 103
35 30 622
35 31 557
35 32 776
35 33 929
35 34 852
35 36 521
35 37 178
35 38 25
35 39 302
35 40 758
35 41 666
35 42 637
35 43 780
35 44 479
35 45 177
35 46 697
35 47 874
35 48 211
35 49 166
35 50 769
35 51 347
35 52 619
35 53 215
35 54 480
35 55 765
35 56 639
35 57 566
35 58 569
35 59 477
35 60 644
35 61 623
35 62 342
35 63 135
35 64 879
35 65 384
35 66 795
35 67 356
35 68 921
35 69 276
35 70 374
35 71 778
35 72 37
35 73 676
35 74 210
35 75 632
35 76 863
35 77 590
35 78 538
35 79 529
35 80 790
35 81 239
35 82 412
35 83 662
35 84 53
35 85 575
35 86 527
35 87 178
35 88 744
35 89 605
35 90 496
35 91 499
35 92 312
35 93 822
35 94 626
35 95 245
35 96 453
35 97 581
35 98 473
35 99 366
35 100 822
36 1 402
36 2 262
36 3 473
36 4 306
36 5 645
36 6 113
36 7 332
36 8 511
36 9 223
36 10 368
36 11 338
36 12 509
36 13 518
36 14 555
36 15 419
36 16 206
36 17 176
36 18 297
36 19 389
36 20 567
36 21 218
36 22 211
36 23 506
36 24 452
36 25 290
36 26 339
36 27 504
36 28 406
36 29 570
36 30 411
36 31 169
36 32 456
36 33 476
36 34 400
36 35 521
36 37 638
36 38 518
36 39 336
36 40 364
36 41 218
36 42 191
36 43 305
36 44 60
36 45 632
36 46 246
36 47 484
36 48 570
36 49 357
36 50 482
36 51 558
36 52 288
36 53 559
36 54 132
36 55 291
36 56 282
36 57 764
36 58 350
36 59 400
36 60 466
36 61 365
36 62 199
36 63 618
36 64 512
36 65 566
36 66 483
36 67 611
36 68 426
36 69 248
36 70 406
36 71 304
36 72 490
36 73 274
36 74 562
36 75 241
36 76 361
36 77 649
36 78 312
36 79 596
36 80 282
36 81 282
36 82 607
36 83 428
36 84 469
36 85 67
36 86 333
36 87 356
36 88 289
36 89 761
36 90 145
36 91 480
36 92 210
36 93 474
36 94 452
36 95 587
36 96 147
36 97 222
36 98 485
36 99 183
36 100 415
37 1 633
37 2 723
37 3 773
37 4 482
37 5 336
37 6 623
37 7 828
37 8 815
37 9 483
37 10 793
37 11 775
37 12 212
37 13 575
37 14 269
37 15 562
37 16 841
37 17 464
37 18 875
37 19 771
37 20 127
37 21 800
37 22 848
37 23 1033
37 24 734
37 25 870
37 26 302
37 27 978
37 28 940
37 29 249
37 30 627
37 31 631
37 32 794
37 33 986
37 34 913
37 35 178
37 36 638
37 38 201
37 39 341
37 40 805
37 41 810
37 42 780
37 43 856
37 44 607
37 45 298
37 46 770
37 47 909
37 48 112
37 49 311
37 50 778
37 51 517
37 52 663
37 53 125
37 54 565
37 55 842
37 56 688
37 57 432
37 58 740
37 59 471
37 60 632
37 61 792
37 62 442
37 63 48
37 64 1043
37 65 298
37 66 808
37 67 517
37 68 1002
37 69 394
37 70 551
37 71 919
37 72 183
37 73 830
37 74 370
37 75 693
37 76 951
37 77 504
37 78 567
37 79 451
37 80 884
37 81 366
37 82 309
37 83 666
37 84 206
37 85 699
37 86 547
37 87 336
37 88 889
37 89 482
37 90 576
37 91 463
37 92 437
37 93 988
37 94 616
37 95 131
37 96 537
37 97 641
37 98 432
37 99 461
37 100 867
38 1 436
38 2 669
38 3 776
38 4 465
38 5 473
38 6 537
38 7 773
38 8 820
38 9 323
38 10 759
38 11 591
38 12 293
38 13 376
38 14 376
38 15 363
38 16 723
38 17 348
38 18 713
38 19 580
38 20 250
38 21 644
38 22 721
38 23 976
38 24 739
38 25 786
38 26 201
38 27 939
38 28 877
38 29 83
38 30 636
38 31 562
38 32 788
38 33 934
38 34 857
38 35 25
38 36 518
38 37 201
38 39 315
38 40 766
38 41 656
38 42 627
38 43 783
38 44 475
38 45 159
38 46 701
38 47 883
38 48 236
38 49 162
38 50 782
38 51 322
38 52 628
38 53 240
38 54 483
38 55 768
38 56 647
38 57 590
38 58 552
38 59 493
38 60 659
38 61 606
38 62 345
38 63 156
38 64 863
38 65 408
38 66 807
38 67 331
38 68 923
38 69 276
38 70 352
38 71 769
38 72 53
38 73 664
38 74 185
38 75 638
38 76 865
38 77 613
38 78 550
38 79 551
38 80 790
38 81 238
38 82 436
38 83 675
38 84 59
38 85 570
38 86 539
38 87 169
38 88 734
38 89 630
38 90 500
38 91 518
38 92 310
38 93 806
38 94 641
38 95 270
38 96 457
38 97 588
38 98 492
38 99 369
38 100 830
39 1 527
39 2 382
39 3 462
39 4 152
39 5 321
39 6 292
39 7 488
39 8 506
39 9 289
39 10 458
39 11 584
39 12 175
39 13 558
39 14 222
39 15 488
39 16 525
39 17 192
39 18 618
39 19 608
39 20 243
39 21 538
39 22 540
39 23 693
39 24 424
39 25 532
39 26 139
39 27 642
39 28 599
39 29 395
39 30 322
39 31 292
39 32 475
39 33 647
39 34 573
39 35 302
39 36 336
39 37 341
39 38 315
39 40 468
39 41 542
39 42 513
39 43 516
39 44 327
39 45 471
39 46 429
39 47 579
39 48 250
39 49 214
39 50 468
39 51 546
39 52 327
39 53 237
39 54 235
39 55 502
39 56 349
39 57 448
39 58 569
39 59 187
39 60 348
39 61 609
39 62 149
39 63 338
39 64 819
39 65 239
39 66 493
39 67 579
39 68 662
39 69 163
39 70 472
39 71 638
39 72 265
39 73 583
39 74 460
39 75 352
39 76 613
39 77 379
39 78 238
39 79 315
39 80 549
39 81 175
39 82 280
39 83 361
39 84 257
39 85 403
39 86 225
39 87 247
39 88 619
39 89 458
39 90 242
39 91 235
39 92 196
39 93 772
39 94 330
39 95 260
39 96 207
39 97 301
39 98 219
39 99 157
39 100 531
40 1 765
40 2 106
40 3 164
40 4 324
40 5 643
40 6 267
40 7 68
40 8 182
40 9 557
40 10 20
40 11 686
40 12 608
40 13 871
40 14 601
40 15 774
40 16 337
40 17 452
40 18 575
40 19 742
40 20 692
40 21 519
40 22 381
40 23 235
40 24 171
40 25 196
40 26 567
40 27 174
40 28 161
40 29 839
40 30 232
40 31 220
40 32 127
40 33 185
40 34 125
40 35 758
40 36 364
40 37 805
40 38 766
40 39 468
40 41 507
40 42 495
40 43 146
40 44 419
40 45 912
40 46 129
40 47 124
40 48 704
40 49 623
40 50 171
40 51 899
40 52 142
40 53 689
40 54 302
40 55 145
40 56 120
40 57 721
40 58 706
40 59 362
40 60 274
40 61 712
40 62 434
40 63 806
40 64 783
40 65 594
40 66 151
40 67 948
40 68 253
40 69 509
40 70 760
40 71 524
40 72 722
40 73 579
40 74 869
40 75 135
40 76 242
40 77 548
40 78 242
40 79 526
40 80 241
40 81 547
40 82 622
40 83 209
40 84 708
40 85 382
40 86 266
40 87 640
40 88 542
40 89 689
40 90 281
40 91 418
40 92 494
40 93 764
40 94 275
40 95 703
40 96 323
40 97 181
40 98 444
40 99 410
40 100 64
41 1 371
41 2 426
41 3 648
41 4 523
41 5 858
41 6 318
41 7 454
41 8 680
41 9 334
41 10 519
41 11 207
41 12 711
41 13 519
41 14 764
41 15 425
41 16 191
41 17 359
41 18 80
41 19 272
41 20 758
41 21 19
41 22 152
41 23 566
41 24 635
41 25 354
41 26 512
41 27 601
41 28 481
41 29 688
41 30 614
41 31 367
41 32 622
41 33 554
41 34 492
41 35 666
41 36 218
41 37 810
41 38 656
41 39 542
41 40 507
41 42 31
41 43 394
41 44 216
41 45 734
41 46 380
41 47 611
41 48 758
41 49 504
41 50 657
41 51 585
41 52 477
41 53 749
41 54 348
41 55 385
41 56 462
41 57 980
41 58 247
41 59 617
41 60 670
41 61 229
41 62 396
41 63 782
41 64 297
41 65 778
41 66 649
41 67 641
41 68 454
41 69 420
41 70 418
41 71 114
41 72 642
41 73 73
41 74 642
41 75 416
41 76 390
41 77 866
41 78 522
41 79 813
41 80 318
41 81 445
41 82 819
41 83 624
41 84 619
41 85 156
41 86 546
41 87 489
41 88 80
41 89 978
41 90 359
41 91 697
41 92 377
41 93 265
41 94 658
41 95 780
41 96 364
41 97 416
41 98 702
41 99 386
41 100 542
42 1 356
42 2 410
42 3 631
42 4 496
42 5 829
42 6 294
42 7 443
42 8 664
42 9 305
42 10 505
42 11 205
42 12 681
42 13 502
42 14 734
42 15 405
42 16 191
42 17 328
42 18 107
42 19 268
42 20 727
42 21 28
42 22 156
42 23 566
42 24 616
42 25 350
42 26 481
42 27 596
42 28 478
42 29 660
42 30 592
42 31 345
42 32 607
42 33 551
42 34 487
42 35 637
42 36 191
42 37 780
42 38 627
42 39 513
42 40 495
42 41 31
42 43 387
42 44 186
42 45 708
42 46 366
42 47 601
42 48 728
42 49 474
42 50 640
42 51 564
42 52 457
42 53 718
42 54 322
42 55 378
42 56 444
42 57 951
42 58 240
42 59 590
42 60 648
42 61 228
42 62 365
42 63 752
42 64 322
42 65 749
42 66 634
42 67 621
42 68 457
42 69 390
42 70 398
42 71 142
42 72 612
42 73 88
42 74 617
42 75 397
42 76 392
42 77 839
42 78 498
42 79 786
42 80 317
42 81 414
42 82 789
42 83 603
42 84 589
42 85 132
42 86 521
42 87 460
42 88 110
42 89 949
42 90 333
42 91 670
42 92 346
42 93 286
42 94 635
42 95 749
42 96 337
42 97 395
42 98 674
42 99 356
42 100 532
43 1 699
43 2 147
43 3 309
43 4 394
43 5 744
43 6 247
43 7 79
43 8 326
43 9 524
43 10 165
43 11 589
43 12 677
43 13 822
43 14 686
43 15 722
43 16 209
43 17 442
43 18 453
43 19 650
43 20 755
43 21 408
43 22 253
43 23 202
43 24 314
43 25 51
43 26 585
43 27 210
43 28 102
43 29 847
43 30 356
43 31 226
43 32 272
43 33 173
43 34 101
43 35 780
43 36 305
43 37 856
43 38 783
43 39 516
43 40 146
43 41 394
43 42 387
43 44 364
43 45 915
43 46 87
43 47 221
43 48 764
43 49 628
43 50 317
43 51 862
43 52 226
43 53 750
43 54 301
43 55 15
43 56 197
43 57 835
43 58 617
43 59 456
43 60 405
43 61 613
43 62 439
43 63 848
43 64 652
43 65 684
43 66 295
43 67 915
43 68 146
43 69 510
43 70 709
43 71 391
43 72 745
43 73 466
43 74 857
43 75 171
43 76 108
43 77 671
43 78 328
43 79 641
43 80 97
43 81 549
43 82 717
43 83 341
43 84 728
43 85 298
43 86 357
43 87 636
43 88 415
43 89 809
43 90 285
43 91 525
43 92 484
43 93 638
43 94 402
43 95 769
43 96 328
43 97 220
43 98 546
43 99 415
43 100 156
44 1 346
44 2 316
44 3 521
44 4 324
44 5 644
44 6 160
44 7 390
44 8 561
44 9 168
44 10 423
44 11 299
44 12 495
44 13 459
44 14 548
44 15 360
44 16 251
44 17 146
44 18 292
44 19 344
44 20 545
44 21 212
44 22 247
44 23 565
44 24 498
44 25 348
44 26 306
44 27 563
44 28 465
44 29 522
44 30 448
44 31 216
44 32 507
44 33 535
44 34 459
44 35 479
44 36 60
44 37 607
44 38 475
44 39 327
44 40 419
44 41 216
44 42 186
44 43 364
44 45 581
44 46 304
44 47 541
44 48 547
44 49 314
44 50 530
44 51 499
44 52 334
44 53 537
44 54 160
44 55 350
44 56 331
44 57 767
44 58 304
44 59 418
44 60 502
44 61 326
44 62 180
44 63 583
44 64 498
44 65 563
44 66 534
44 67 552
44 68 483
44 69 213
44 70 347
44 71 317
44 72 451
44 73 260
44 74 507
44 75 293
44 76 418
44 77 664
44 78 344
44 79 608
44 80 337
44 81 244
44 82 604
44 83 468
44 84 429
44 85 96
44 86 362
44 87 309
44 88 294
44 89 768
44 90 178
44 91 496
44 92 171
44 93 455
44 94 487
44 95 567
44 96 165
44 97 268
44 98 497
44 99 171
44 100 473
45 1 441
45 2 812
45 3 930
45 4 620
45 5 613
45 6 669
45 7 913
45 8 975
45 9 416
45 10 905
45 11 626
45 12 443
45 13 331
45 14 524
45 15 362
45 16 831
45 17 474
45 18 779
45 19 600
45 20 386
45 21 719
45 22 823
45 23 1113
45 24 893
45 25 913
45 26 348
45 27 1082
45 28 1013
45 29 77
45 30 793
45 31 700
45 32 940
45 33 1073
45 34 995
45 35 177
45 36 632
45 37 298
45 38 159
45 39 471
45 40 912
45 41 734
45 42 708
45 43 915
45 44 581
45 46 837
45 47 1031
45 48 371
45 49 290
45 50 937
45 51 254
45 52 776
45 53 378
45 54 619
45 55 901
45 56 793
45 57 723
45 58 580
45 59 651
45 60 817
45 61 635
45 62 481
45 63 252
45 64 898
45 65 555
45 66 960
45 67 236
45 68 1051
45 69 407
45 70 358
45 71 847
45 72 211
45 73 728
45 74 110
45 75 781
45 76 989
45 77 763
45 78 703
45 79 703
45 80 912
45 81 368
45 82 579
45 83 831
45 84 215
45 85 675
45 86 694
45 87 280
45 88 807
45 89 767
45 90 638
45 91 676
45 92 432
45 93 839
45 94 799
45 95 403
45 96 594
45 97 732
45 98 649
45 99 505
45 100 975
46 1 648
46 2 70
46 3 276
46 4 308
46 5 662
46 6 169
46 7 86
46 8 303
46 9 455
46 10 140
46 11 559
46 12 590
46 13 762
46 14 601
46 15 663
46 16 216
46 17 364
46 18 448
46 19 617
46 20 668
46 21 391
46 22 258
46 23 277
46 24 271
46 25 114
46 26 502
46 27 260
46 28 177
46 29 767
46 30 290
46 31 141
46 32 246
46 33 239
46 34 161
46 35 697
46 36 246
46 37 770
46 38 701
46 39 429
46 40 129
46 41 380
46 42 366
46 43 87
46 44 304
46 45 837
46 47 241
46 48 677
46 49 548
46 50 284
46 51 797
46 52 150
46 53 663
46 54 219
46 55 74
46 56 122
46 57 758
46 58 581
46 59 375
46 60 343
46 61 585
46 62 357
46 63 763
46 64 659
46 65 600
46 66 272
46 67 848
46 68 233
46 69 430
46 70 650
46 71 402
46 72 661
46 73 451
46 74 782
46 75 87
46 76 190
46 77 599
46 78 247
46 79 565
46 80 149
46 81 469
46 82 634
46 83 283
46 84 645
46 85 256
46 86 276
46 87 558
46 88 416
46 89 734
46 90 201
46 91 446
46 92 407
46 93 638
46 94 338
46 95 682
46 96 245
46 97 134
46 98 466
46 99 333
46 100 172
47 1 886
47 2 230
47 3 172
47 4 429
47 5 715
47 6 391
47 7 159
47 8 157
47 9 681
47 10 127
47 11 798
47 12 706
47 13 995
47 14 688
47 15 897
47 16 429
47 17 575
47 18 673
47 19 857
47 20 792
47 21 624
47 22 473
47 23 185
47 24 203
47 25 269
47 26 685
47 27 87
47 28 169
47 29 957
47 30 300
47 31 344
47 32 134
47 33 138
47 34 137
47 35 874
47 36 484
47 37 909
47 38 883
47 39 579
47 40 124
47 41 611
47 42 601
47 43 221
47 44 541
47 45 1031
47 46 241
47 48 804
47 49 744
47 50 174
47 51 1023
47 52 256
47 53 790
47 54 426
47 55 228
47 56 239
47 57 777
47 58 821
47 59 449
47 60 324
47 61 824
47 62 556
47 63 913
47 64 872
47 65 676
47 66 138
47 67 1072
47 68 261
47 69 631
47 70 883
47 71 612
47 72 838
47 73 683
47 74 991
47 75 259
47 76 281
47 77 596
47 78 344
47 79 587
47 80 313
47 81 669
47 82 700
47 83 265
47 84 825
47 85 497
47 86 363
47 87 762
47 88 635
47 89 737
47 90 404
47 91 491
47 92 617
47 93 859
47 94 331
47 95 800
47 96 446
47 97 303
47 98 520
47 99 532
47 100 70
48 1 633
48 2 626
48 3 664
48 4 380
48 5 243
48 6 540
48 7 730
48 8 705
48 9 448
48 10 691
48 11 751
48 12 102
48 13 602
48 14 162
48 15 570
48 16 768
48 17 402
48 18 828
48 19 756
48 20 17
48 21 750
48 22 779
48 23 934
48 24 626
48 25 781
48 26 250
48 27 875
48 28 843
48 29 307
48 30 518
48 31 541
48 32 687
48 33 886
48 34 815
48 35 211
48 36 570
48 37 112
48 38 236
48 39 250
48 40 704
48 41 758
48 42 728
48 43 764
48 44 547
48 45 371
48 46 677
48 47 804
48 49 286
48 50 669
48 51 556
48 52 563
48 53 15
48 54 482
48 55 750
48 56 588
48 57 355
48 58 722
48 59 362
48 60 522
48 61 771
48 62 372
48 63 136
48 64 1011
48 65 192
48 66 700
48 67 566
48 68 910
48 69 339
48 70 556
48 71 863
48 72 195
48 73 786
48 74 420
48 75 597
48 76 862
48 77 401
48 78 463
48 79 345
48 80 799
48 81 320
48 82 210
48 83 557
48 84 211
48 85 634
48 86 442
48 87 318
48 88 837
48 89 398
48 90 491
48 91 352
48 92 383
48 93 958
48 94 506
48 95 35
48 96 454
48 97 546
48 98 321
48 99 388
48 100 765
49 1 352
49 2 522
49 3 653
49 4 348
49 5 475
49 6 381
49 7 623
49 8 698
49 9 173
49 10 617
49 11 467
49 12 287
49 13 351
49 14 369
49 15 296
49 16 562
49 17 188
49 18 565
49 19 470
49 20 292
49 21 493
49 22 561
49 23 824
49 24 618
49 25 628
49 26 76
49 27 793
49 28 724
49 29 220
49 30 524
49 31 411
49 32 659
49 33 784
49 34 706
49 35 166
49 36 357
49 37 311
49 38 162
49 39 214
49 40 623
49 41 504
49 42 474
49 43 628
49 44 314
49 45 290
49 46 548
49 47 744
49 48 286
49 50 661
49 51 333
49 52 490
49 53 281
49 54 330
49 55 613
49 56 505
49 57 604
49 58 436
49 59 400
49 60 557
49 61 487
49 62 191
49 63 279
49 64 733
49 65 396
49 66 681
49 67 366
49 68 765
49 69 118
49 70 281
49 71 615
49 72 139
49 73 519
49 74 254
49 75 491
49 76 706
49 77 576
49 78 426
49 79 512
49 80 630
49 81 79
49 82 433
49 83 560
49 84 116
49 85 410
49 86 421
49 87 37
49 88 583
49 89 629
49 90 348
49 91 446
49 92 149
49 93 678
49 94 538
49 95 316
49 96 305
49 97 443
49 98 427
49 99 216
49 100 686
50 1 867
50 2 231
50 3 9
50 4 318
50 5 552
50 6 371
50 7 238
50 8 39
50 9 637
50 10 153
50 11 818
50 12 568
50 13 954
50 14 538
50 15 863
50 16 500
50 17 519
50 18 729
50 19 870
50 20 655
50 21 666
50 22 542
50 23 355
50 24 44
50 25 366
50 26 592
50 27 260
50 28 313
50 29 861
50 30 152
50 31 315
50 32 47
50 33 305
50 34 275
50 35 769
50 36 482
50 37 778
50 38 782
50 39 468
50 40 171
50 41 657
50 42 640
50 43 317
50 44 530
50 45 937
50 46 284
50 47 174
50 48 669
50 49 661
50 51 969
50 52 197
50 53 654
50 54 383
50 55 315
50 56 201
50 57 607
50 58 831
50 59 308
50 60 158
50 61 845
50 62 488
50 63 788
50 64 942
50 65 522
50 66 38
50 67 1013
50 68 409
50 69 559
50 70 847
50 71 686
50 72 733
50 73 727
50 74 914
50 75 244
50 76 409
50 77 424
50 78 235
50 79 419
50 80 411
50 81 593
50 82 541
50 83 112
50 84 724
50 85 516
50 86 243
50 87 685
50 88 699
50 89 564
50 90 361
50 91 333
50 92 557
50 93 918
50 94 169
50 95 660
50 96 393
50 97 262
50 98 364
50 99 467
50 100 185
51 1 228
51 2 793
51 3 961
51 4 669
51 5 784
51 6 634
51 7 881
51 8 1005
51 9 343
51 10 898
51 11 427
51 12 595
51 13 84
51 14 681
51 15 161
51 16 727
51 17 452
51 18 608
51 19 385
51 20 568
51 21 567
51 22 706
51 23 1063
51 24 928
51 25 846
51 26 409
51 27 1056
51 28 963
51 29 272
51 30 843
51 31 680
51 32 960
51 33 1032
51 34 955
51 35 347
51 36 558
51 37 517
51 38 322
51 39 546
51 40 899
51 41 585
51 42 564
51 43 862
51 44 499
51 45 254
51 46 797
51 47 1023
51 48 556
51 49 333
51 50 969
51 52 782
51 53 558
51 54 599
51 55 848
51 56 791
51 57 906
51 58 377
51 59 730
51 60 881
51 61 428
51 62 482
51 63 470
51 64 684
51 65 711
51 66 984
51 67 57
51 68 979
51 69 413
51 70 167
51 71 690
51 72 361
51 73 557
51 74 151
51 75 765
51 76 913
51 77 904
51 78 739
51 79 840
51 80 832
51 81 382
51 82 744
51 83 877
51 84 348
51 85 578
51 86 740
51 87 300
51 88 645
51 89 941
51 90 621
51 91 779
51 92 413
51 93 626
51 94 863
51 95 590
51 96 582
51 97 724
51 98 759
51 99 503
51 100 958
52 1 671
52 2 80
52 3 188
52 4 183
52 5 520
52 6 176
52 7 173
52 8 229
52 9 445
52 10 132
52 11 625
52 12 469
52 13 763
52 14 468
52 15 669
52 16 347
52 17 330
52 18 553
52 19 676
52 20 552
52 21 484
52 22 384
52 23 373
52 24 165
52 25 262
52 26 429
52 27 316
52 28 286
52 29 702
52 30 146
52 31 120
52 32 179
52 33 324
52 34 255
52 35 619
52 36 288
52 37 663
52 38 628
52 39 327
52 40 142
52 41 477
52 42 457
52 43 226
52 44 334
52 45 776
52 46 150
52 47 256
52 48 563
52 49 490
52 50 197
52 51 782
52 53 548
52 54 188
52 55 215
52 56 29
52 57 610
52 58 637
52 59 232
52 60 201
52 61 652
52 62 305
52 63 664
52 64 770
52 65 463
52 66 204
52 67 828
52 68 365
52 69 380
52 70 654
52 71 524
52 72 582
52 73 544
52 74 740
52 75 68
52 76 333
52 77 450
52 78 106
52 79 417
52 80 297
52 81 417
52 82 494
52 83 148
52 84 570
52 85 328
52 86 133
52 87 510
52 88 529
52 89 585
52 90 166
52 91 299
52 92 371
52 93 741
52 94 193
52 95 563
52 96 201
52 97 67
52 98 321
52 99 282
52 100 205
53 1 630
53 2 612
53 3 650
53 4 366
53 5 236
53 6 527
53 7 716
53 8 691
53 9 441
53 10 676
53 11 744
53 12 88
53 13 602
53 14 151
53 15 568
53 16 756
53 17 392
53 18 819
53 19 751
53 20 11
53 21 741
53 22 768
53 23 920
53 24 611
53 25 768
53 26 242
53 27 861
53 28 829
53 29 313
53 30 503
53 31 527
53 32 672
53 33 872
53 34 801
53 35 215
53 36 559
53 37 125
53 38 240
53 39 237
53 40 689
53 41 749
53 42 718
53 43 750
53 44 537
53 45 378
53 46 663
53 47 790
53 48 15
53 49 281
53 50 654
53 51 558
53 52 548
53 54 469
53 55 736
53 56 574
53 57 351
53 58 716
53 59 347
53 60 508
53 61 765
53 62 361
53 63 148
53 64 1003
53 65 182
53 66 686
53 67 570
53 68 896
53 69 330
53 70 554
53 71 853
53 72 197
53 73 778
53 74 424
53 75 583
53 76 848
53 77 391
53 78 449
53 79 334
53 80 786
53 81 312
53 82 202
53 83 543
53 84 212
53 85 623
53 86 427
53 87 314
53 88 828
53 89 392
53 90 478
53 91 339
53 92 373
53 93 951
53 94 492
53 95 35
53 96 442
53 97 532
53 98 307
53 99 377
53 100 751
54 1 485
54 2 197
54 3 374
54 4 175
54 5 524
54 6 59
54 7 295
54 8 416
54 9 259
54 10 300
54 11 458
54 12 408
54 13 576
54 14 441
54 15 482
54 16 293
54 17 151
54 18 427
54 19 502
54 20 476
54 21 349
54 22 313
54 23 495
54 24 347
54 25 307
54 26 285
54 27 467
54 28 395
54 29 549
54 30 290
54 31 83
54 32 367
54 33 455
54 34 377
54 35 480
54 36 132
54 37 565
54 38 483
54 39 235
54 40 302
54 41 348
54 42 322
54 43 301
54 44 160
54 45 619
54 46 219
54 47 426
54 48 482
54 49 330
54 50 383
54 51 599
54 52 188
54 53 469
54 55 286
54 56 193
54 57 640
54 58 462
54 59 269
54 60 343
54 61 485
54 62 139
54 63 553
54 64 643
54 65 449
54 66 392
54 67 647
54 68 443
54 69 212
54 70 467
54 71 427
54 72 445
54 73 405
54 74 569
54 75 167
54 76 388
54 77 518
54 78 185
54 79 466
54 80 319
54 81 252
54 82 488
54 83 312
54 84 427
54 85 194
54 86 204
54 87 342
54 88 417
54 89 633
54 90 22
54 91 349
54 92 193
54 93 605
54 94 328
54 95 494
54 96 29
54 97 126
54 98 355
54 99 115
54 100 363
55 1 686
55 2 136
55 3 307
55 4 381
55 5 732
55 6 232
55 7 78
55 8 326
55 9 509
55 10 162
55 11 578
55 12 663
55 13 808
55 14 674
55 15 708
55 16 202
55 17 427
55 18 446
55 19 639
55 20 741
55 21 399
55 22 246
55 23 216
55 24 311
55 25 52
55 26 570
55 27 221
55 28 116
55 29 832
55 30 348
55 31 212
55 32 271
55 33 186
55 34 112
55 35 765
55 36 291
55 37 842
55 38 768
55 39 502
55 40 145
55 41 385
55 42 378
55 43 15
55 44 350
55 45 901
55 46 74
55 47 228
55 48 750
55 49 613
55 50 315
55 51 848
55 52 215
55 53 736
55 54 286
55 56 187
55 57 825
55 58 606
55 59 445
55 60 398
55 61 603
55 62 424
55 63 834
55 64 647
55 65 672
55 66 295
55 67 901
55 68 160
55 69 495
55 70 696
55 71 387
55 72 730
55 73 457
55 74 842
55 75 159
55 76 119
55 77 663
55 78 317
55 79 631
55 80 97
55 81 534
55 82 705
55 83 335
55 84 713
55 85 286
55 86 346
55 87 622
55 88 409
55 89 799
55 90 270
55 91 514
55 92 469
55 93 632
55 94 395
55 95 756
55 96 313
55 97 207
55 98 535
55 99 400
55 100 161
56 1 673
56 2 52
56 3 192
56 4 209
56 5 548
56 6 172
56 7 145
56 8 230
56 9 451
56 10 113
56 11 618
56 12 495
56 13 769
56 14 496
56 15 674
56 16 325
56 17 340
56 18 537
56 19 670
56 20 578
56 21 470
56 22 363
56 23 347
56 24 173
56 25 234
56 26 447
56 27 294
56 28 258
56 29 720
56 30 170
56 31 117
56 32 177
56 33 299
56 34 228
56 35 639
56 36 282
56 37 688
56 38 647
56 39 349
56 40 120
56 41 462
56 42 444
56 43 197
56 44 331
56 45 793
56 46 122
56 47 239
56 48 588
56 49 505
56 50 201
56 51 791
56 52 29
56 53 574
56 54 193
56 55 187
56 57 639
56 58 631
56 59 261
56 60 224
56 61 645
56 62 318
56 63 687
56 64 753
56 65 491
56 66 203
56 67 838
56 68 337
56 69 393
56 70 659
56 71 505
56 72 602
56 73 531
56 74 754
56 75 48
56 76 305
56 77 478
56 78 134
56 79 445
56 80 270
56 81 431
56 82 522
56 83 167
56 84 588
56 85 318
56 86 162
56 87 524
56 88 512
56 89 613
56 90 171
56 91 328
56 92 381
56 93 726
56 94 217
56 95 589
56 96 210
56 97 68
56 98 350
56 99 294
56 100 184
57 1 953
57 2 690
57 3 607
57 4 470
57 5 130
57 6 686
57 7 774
57 8 633
57 9 730
57 10 703
57 11 1031
57 12 318
57 13 945
57 14 237
57 15 899
57 16 922
57 17 639
57 18 1058
57 19 1051
57 20 341
57 21 977
57 22 949
57 23 949
57 24 575
57 25 871
57 26 541
57 27 862
57 28 882
57 29 661
57 30 489
57 31 657
57 32 644
57 33 898
57 34 845
57 35 566
57 36 764
57 37 432
57 38 590
57 39 448
57 40 721
57 41 980
57 42 951
57 43 835
57 44 767
57 45 723
57 46 758
57 47 777
57 48 355
57 49 604
57 50 607
57 51 906
57 52 610
57 53 351
57 54 640
57 55 825
57 56 639
57 58 1013
57 59 386
57 60 455
57 61 1055
57 62 595
57 63 474
57 64 1264
57 65 212
57 66 644
57 67 920
57 68 970
57 69 604
57 70 885
57 71 1066
57 72 546
57 73 1027
57 74 775
57 75 671
57 76 943
57 77 185
57 78 512
57 79 196
57 80 904
57 81 604
57 82 173
57 83 517
57 84 559
57 85 830
57 86 482
57 87 640
57 88 1053
57 89 63
57 90 636
57 91 312
57 92 641
57 93 1218
57 94 450
57 95 322
57 96 619
57 97 633
57 98 293
57 99 599
57 100 768
58 1 150
58 2 609
58 3 822
58 4 614
58 5 884
58 6 462
58 7 664
58 8 860
58 9 283
58 10 713
58 11 51
58 12 707
58 13 299
58 14 779
58 15 224
58 16 430
58 17 383
58 18 244
58 19 41
58 20 726
58 21 229
58 22 395
58 23 803
58 24 801
58 25 584
58 26 480
58 27 826
58 28 712
58 29 555
58 30 751
58 31 518
58 32 805
58 33 785
58 34 717
58 35 569
58 36 350
58 37 740
58 38 552
58 39 569
58 40 706
58 41 247
58 42 240
58 43 617
58 44 304
58 45 580
58 46 581
58 47 821
58 48 722
58 49 436
58 50 831
58 51 377
58 52 637
58 53 716
58 54 462
58 55 606
58 56 631
58 57 1013
58 59 703
58 60 804
58 61 55
58 62 429
58 63 701
58 64 318
58 65 801
58 66 832
58 67 431
58 68 696
58 69 409
58 70 225
58 71 333
58 72 557
58 73 196
58 74 474
58 75 590
58 76 630
58 77 939
58 78 646
58 79 878
58 80 554
58 81 412
58 82 841
58 83 772
58 84 534
58 85 325
58 86 661
58 87 407
58 88 287
58 89 1026
58 90 481
58 91 777
58 92 373
58 93 260
58 94 788
58 95 750
58 96 463
58 97 570
58 98 772
58 99 434
58 100 752
59 1 688
59 2 310
59 3 303
59 4 95
59 5 288
59 6 307
59 7 403
59 8 345
59 9 443
59 10 346
59 11 709
59 12 261
59 13 736
59 14 241
59 15 660
59 16 539
59 17 325
59 18 696
59 19 744
59 20 348
59 21 618
59 22 568
59 23 597
59 24 265
59 25 488
59 26 324
59 27 525
59 28 516
59 29 575
59 30 157
59 31 273
59 32 327
59 33 546
59 34 483
59 35 477
59 36 400
59 37 471
59 38 493
59 39 187
59 40 362
59 41 617
59 42 590
59 43 456
59 44 418
59 45 651
59 46 375
59 47 449
59 48 362
59 49 400
59 50 308
59 51 730
59 52 232
59 53 347
59 54 269
59 55 445
59 56 261
59 57 386
59 58 703
59 60 167
59 61 735
59 62 280
59 63 482
59 64 911
59 65 233
59 66 339
59 67 765
59 68 597
59 69 329
59 70 644
59 71 692
59 72 441
59 73 672
59 74 646
59 75 288
59 76 563
59 77 250
59 78 129
59 79 201
59 80 519
59 81 351
59 82 262
59 83 196
59 84 437
59 85 462
59 86 100
59 87 431
59 88 685
59 89 370
59 90 260
59 91 81
59 92 347
59 93 871
59 94 150
59 95 354
59 96 255
59 97 247
59 98 93
59 99 271
59 100 418
60 1 813
60 2 274
60 3 156
60 4 213
60 5 395
60 6 355
60 7 334
60 8 191
60 9 571
60 10 254
60 11 800
60 12 421
60 13 879
60 14 383
60 15 795
60 16 547
60 17 448
60 18 748
60 19 844
60 20 507
60 21 675
60 22 585
60 23 495
60 24 122
60 25 449
60 26 483
60 27 408
60 28 434
60 29 741
60 30 57
60 31 304
60 32 191
60 33 444
60 34 396
60 35 644
60 36 466
60 37 632
60 38 659
60 39 348
60 40 274
60 41 670
60 42 648
60 43 405
60 44 502
60 45 817
60 46 343
60 47 324
60 48 522
60 49 557
60 50 158
60 51 881
60 52 201
60 53 508
60 54 343
60 55 398
60 56 224
60 57 455
60 58 804
60 59 167
60 61 827
60 62 408
60 63 647
60 64 966
60 65 366
60 66 194
60 67 920
60 68 526
60 69 470
60 70 779
60 71 724
60 72 608
60 73 735
60 74 807
60 75 269
60 76 510
60 77 277
60 78 159
60 79 264
60 80 489
60 81 499
60 82 384
60 83 65
60 84 602
60 85 517
60 86 147
60 87 585
60 88 727
60 89 418
60 90 325
60 91 177
60 92 479
60 93 934
60 94 19
60 95 510
60 96 342
60 97 256
60 98 209
60 99 392
60 100 315
61 1 202
61 2 619
61 3 836
61 4 644
61 5 926
61 6 478
61 7 666
61 8 873
61 9 328
61 10 720
61 11 28
61 12 752
61 13 349
61 14 822
61 15 277
61 16 418
61 17 420
61 18 209
61 19 49
61 20 775
61 21 212
61 22 380
61 23 793
61 24 816
61 25 577
61 26 527
61 27 823
61 28 705
61 29 609
61 30 774
61 31 534
61 32 817
61 33 779
61 34 713
61 35 623
61 36 365
61 37 792
61 38 606
61 39 609
61 40 712
61 41 229
61 42 228
61 43 613
61 44 326
61 45 635
61 46 585
61 47 824
61 48 771
61 49 487
61 50 845
61 51 428
61 52 652
61 53 765
61 54 485
61 55 603
61 56 645
61 57 1055
61 58 55
61 59 735
61 60 827
61 62 466
61 63 754
61 64 263
61 65 844
61 66 844
61 67 481
61 68 683
61 69 452
61 70 279
61 71 301
61 72 610
61 73 167
61 74 529
61 75 602
61 76 618
61 77 975
61 78 670
61 79 915
61 80 544
61 81 458
61 82 884
61 83 792
61 84 587
61 85 331
61 86 687
61 87 458
61 88 254
61 89 1066
61 90 503
61 91 811
61 92 414
61 93 205
61 94 812
61 95 799
61 96 489
61 97 587
61 98 807
61 99 469
61 100 754
62 1 410
62 2 332
62 3 480
62 4 199
62 5 469
62 6 193
62 7 432
62 8 524
62 9 165
62 10 429
62 11 441
62 12 316
62 13 472
62 14 371
62 15 387
62 16 400
62 17 47
62 18 470
62 19 469
62 20 369
62 21 390
62 22 409
62 23 634
62 24 447
62 25 443
62 26 149
62 27 603
62 28 534
62 29 410
62 30 365
62 31 220
62 32 480
62 33 593
62 34 515
62 35 342
62 36 199
62 37 442
62 38 345
62 39 149
62 40 434
62 41 396
62 42 365
62 43 439
62 44 180
62 45 481
62 46 357
62 47 556
62 48 372
62 49 191
62 50 488
62 51 482
62 52 305
62 53 361
62 54 139
62 55 424
62 56 318
62 57 595
62 58 429
62 59 280
62 60 408
62 61 466
62 63 425
62 64 670
62 65 387
62 66 504
62 67 526
62 68 579
62 69 75
62 70 371
62 71 495
62 72 308
62 73 435
62 74 436
62 75 301
62 76 522
62 77 511
62 78 259
62 79 450
62 80 450
62 81 114
62 82 428
62 83 397
62 84 290
62 85 263
62 86 263
62 87 206
62 88 473
62 89 602
62 90 157
62 91 350
62 92 72
62 93 624
62 94 391
62 95 389
62 96 114
62 97 254
62 98 343
62 99 25
62 100 496
63 1 590
63 2 719
63 3 783
63 4 485
63 5 373
63 6 611
63 7 825
63 8 826
63 9 452
63 10 794
63 11 737
63 12 231
63 13 529
63 14 297
63 15 518
63 16 823
63 17 443
63 18 844
63 19 731
63 20 153
63 21 771
63 22 827
63 23 1030
63 24 745
63 25 860
63 26 280
63 27 979
63 28 935
63 29 201
63 30 637
63 31 623
63 32 802
63 33 984
63 34 910
63 35 135
63 36 618
63 37 48
63 38 156
63 39 338
63 40 806
63 41 782
63 42 752
63 43 848
63 44 583
63 45 252
63 46 763
63 47 913
63 48 136
63 49 279
63 50 788
63 51 470
63 52 664
63 53 148
63 54 553
63 55 834
63 56 687
63 57 474
63 58 701
63 59 482
63 60 647
63 61 754
63 62 425
63 64 1007
63 65 327
63 66 818
63 67 469
63 68 993
63 69 371
63 70 508
63 71 892
63 72 145
63 73 798
63 74 323
63 75 689
63 76 940
63 77 536
63 78 570
63 79 481
63 80 871
63 81 340
63 82 343
63 83 677
63 84 168
63 85 677
63 86 553
63 87 300
63 88 861
63 89 522
63 90 566
63 91 482
63 92 412
63 93 952
63 94 630
63 95 163
63 96 525
63 97 637
63 98 452
63 99 446
63 100 868
64 1 461
64 2 713
64 3 933
64 4 817
64 5 1139
64 6 614
64 7 722
64 8 961
64 9 564
64 10 797
64 11 274
64 12 978
64 13 602
64 14 1040
64 15 539
64 16 446
64 17 628
64 18 218
64 19 301
64 20 1013
64 21 294
64 22 403
64 23 785
64 24 923
64 25 604
64 26 762
64 27 845
64 28 721
64 29 871
64 30 909
64 31 663
64 32 904
64 33 789
64 34 742
64 35 879
64 36 512
64 37 1043
64 38 863
64 39 819
64 40 783
64 41 297
64 42 322
64 43 652
64 44 498
64 45 898
64 46 659
64 47 872
64 48 1011
64 49 733
64 50 942
64 51 684
64 52 770
64 53 1003
64 54 643
64 55 647
64 56 753
64 57 1264
64 58 318
64 59 911
64 60 966
64 61 263
64 62 670
64 63 1007
64 65 1057
64 66 931
64 67 735
64 68 665
64 69 677
64 70 541
64 71 261
64 72 863
64 73 239
64 74 791
64 75 707
64 76 612
64 77 1159
64 78 818
64 79 1105
64 80 561
64 81 692
64 82 1098
64 83 917
64 84 840
64 85 452
64 86 842
64 87 708
64 88 243
64 89 1266
64 90 654
64 91 990
64 92 635
64 93 59
64 94 954
64 95 1036
64 96 657
64 97 711
64 98 994
64 99 666
64 100 807
65 1 742
65 2 538
65 3 519
65 4 294
65 5 83
65 6 501
65 7 635
65 8 556
65 9 518
65 10 577
65 11 820
65 12 117
65 13 743
65 14 32
65 15 691
65 16 740
65 17 430
65 18 855
65 19 839
65 20 176
65 21 774
65 22 761
65 23 829
65 24 482
65 25 712
65 26 331
65 27 755
65 28 748
65 29 486
65 30 377
65 31 482
65 32 549
65 33 778
65 34 715
65 35 384
65 36 566
65 37 298
65 38 408
65 39 239
65 40 594
65 41 778
65 42 749
65 43 684
65 44 563
65 45 555
65 46 600
65 47 676
65 48 192
65 49 396
65 50 522
65 51 711
65 52 463
65 53 182
65 54 449
65 55 672
65 56 491
65 57 212
65 58 801
65 59 233
65 60 366
65 61 844
65 62 387
65 63 327
65 64 1057
65 66 556
65 67 730
65 68 827
65 69 392
65 70 676
65 71 870
65 72 359
65 73 821
65 74 590
65 75 514
65 76 790
65 77 210
65 78 358
65 79 154
65 80 739
65 81 392
65 82 42
65 83 415
65 84 367
65 85 633
65 86 331
65 87 432
65 88 853
65 89 234
65 90 449
65 91 189
65 92 430
65 93 1010
65 94 353
65 95 167
65 96 425
65 97 468
65 98 158
65 99 393
65 100 650
66 1 875
66 2 226
66 3 38
66 4 342
66 5 589
66 6 375
66 7 217
66 8 32
66 9 649
66 10 135
66 11 817
66 12 599
66 13 967
66 14 572
66 15 873
66 16 486
66 17 532
66 18 719
66 19 870
66 20 686
66 21 659
66 22 529
66 23 320
66 24 75
66 25 345
66 26 614
66 27 224
66 28 283
66 29 885
66 30 183
66 31 320
66 32 27
66 33 271
66 34 245
66 35 795
66 36 483
66 37 808
66 38 807
66 39 493
66 40 151
66 41 649
66 42 634
66 43 295
66 44 534
66 45 960
66 46 272
66 47 138
66 48 700
66 49 681
66 50 38
66 51 984
66 52 204
66 53 686
66 54 392
66 55 295
66 56 203
66 57 644
66 58 832
66 59 339
66 60 194
66 61 844
66 62 504
66 63 818
66 64 931
66 65 556
66 67 1029
66 68 379
66 69 576
66 70 858
66 71 673
66 72 758
66 73 720
66 74 934
66 75 243
66 76 383
66 77 461
66 78 258
66 79 455
66 80 391
66 81 612
66 82 576
66 83 144
66 84 748
66 85 514
66 86 269
66 87 704
66 88 688
66 89 601
66 90 370
66 91 368
66 92 572
66 93 909
66 94 204
66 95 692
66 96 405
66 97 268
66 98 399
66 99 482
66 100 155
67 1 282
67 2 842
67 3 1005
67 4 708
67 5 800
67 6 684
67 7 932
67 8 1049
67 9 394
67 10 946
67 11 481
67 12 614
67 13 134
67 14 700
67 15 217
67 16 782
67 17 499
67 18 664
67 19 437
67 20 579
67 21 623
67 22 762
67 23 1116
67 24 971
67 25 900
67 26 441
67 27 1107
67 28 1016
67 29 269
67 30 883
67 31 728
67 32 1005
67 33 1084
67 34 1007
67 35 356
67 36 611
67 37 517
67 38 331
67 39 579
67 40 948
67 41 641
67 42 621
67 43 915
67 44 552
67 45 236
67 46 848
67 47 1072
67 48 566
67 49 366
67 50 1013
67 51 57
67 52 828
67 53 570
67 54 647
67 55 901
67 56 838
67 57 920
67 58 431
67 59 765
67 60 920
67 61 481
67 62 526
67 63 469
67 64 735
67 65 730
67 66 1029
67 68 1033
67 69 455
67 70 223
67 71 746
67 72 374
67 73 612
67 74 148
67 75 813
67 76 967
67 77 928
67 78 781
67 79 864
67 80 886
67 81 422
67 82 761
67 83 918
67 84 364
67 85 633
67 86 780
67 87 335
67 88 701
67 89 958
67 90 668
67 91 810
67 92 458
67 93 677
67 94 901
67 95 600
67 96 629
67 97 772
67 98 789
67 99 548
67 100 1008
68 1 798
68 2 290
68 3 404
68 4 539
68 5 884
68 6 387
68 7 196
68 8 406
68 9 648
68 10 273
68 11 661
68 12 822
68 13 931
68 14 830
68 15 831
68 16 267
68 17 578
68 18 494
68 19 724
68 20 901
68 21 471
68 22 303
68 23 122
68 24 420
68 25 138
68 26 727
68 27 199
68 28 97
68 29 984
68 30 483
68 31 371
68 32 363
68 33 136
68 34 135
68 35 921
68 36 426
68 37 1002
68 38 923
68 39 662
68 40 253
68 41 454
68 42 457
68 43 146
68 44 483
68 45 1051
68 46 233
68 47 261
68 48 910
68 49 765
68 50 409
68 51 979
68 52 365
68 53 896
68 54 443
68 55 160
68 56 337
68 57 970
68 58 696
68 59 597
68 60 526
68 61 683
68 62 579
68 63 993
68 64 665
68 65 827
68 66 379
68 67 1033
68 69 648
68 70 819
68 71 414
68 72 886
68 73 521
68 74 986
68 75 316
68 76 67
68 77 800
68 78 470
68 79 775
68 80 148
68 81 687
68 82 858
68 83 461
68 84 868
68 85 402
68 86 498
68 87 772
68 88 450
68 89 939
68 90 428
68 91 661
68 92 619
68 93 664
68 94 527
68 95 915
68 96 470
68 97 365
68 98 685
68 99 556
68 100 225
69 1 365
69 2 407
69 3 551
69 4 258
69 5 475
69 6 264
69 7 506
69 8 596
69 9 127
69 10 504
69 11 429
69 12 303
69 13 410
69 14 371
69 15 332
69 16 454
69 17 73
69 18 489
69 19 448
69 20 340
69 21 412
69 22 457
69 23 707
69 24 517
69 25 511
69 26 93
69 27 677
69 28 606
69 29 338
69 30 431
69 31 294
69 32 553
69 33 667
69 34 589
69 35 276
69 36 248
69 37 394
69 38 276
69 39 163
69 40 509
69 41 420
69 42 390
69 43 510
69 44 213
69 45 407
69 46 430
69 47 631
69 48 339
69 49 118
69 50 559
69 51 413
69 52 380
69 53 330
69 54 212
69 55 495
69 56 393
69 57 604
69 58 409
69 59 329
69 60 470
69 61 452
69 62 75
69 63 371
69 64 677
69 65 392
69 66 576
69 67 455
69 68 648
69 70 316
69 71 527
69 72 244
69 73 448
69 74 361
69 75 376
69 76 589
69 77 541
69 78 327
69 79 478
69 80 514
69 81 40
69 82 433
69 83 464
69 84 224
69 85 306
69 86 327
69 87 131
69 88 499
69 89 618
69 90 232
69 91 390
69 92 44
69 93 626
69 94 452
69 95 362
69 96 188
69 97 329
69 98 378
69 99 100
69 100 571
70 1 85
70 2 654
70 3 839
70 4 569
70 5 756
70 6 493
70 7 735
70 8 882
70 9 211
70 10 761
70 11 273
70 12 568
70 13 113
70 14 649
70 15 16
70 16 563
70 17 333
70 18 444
70 19 242
70 20 565
70 21 401
70 22 541
70 23 909
70 24 810
70 25 689
70 26 348
70 27 909
70 28 810
70 29 339
70 30 735
70 31 544
70 32 833
70 33 881
70 34 805
70 35 374
70 36 406
70 37 551
70 38 352
70 39 472
70 40 760
70 41 418
70 42 398
70 43 709
70 44 347
70 45 358
70 46 650
70 47 883
70 48 556
70 49 281
70 50 847
70 51 167
70 52 654
70 53 554
70 54 467
70 55 696
70 56 659
70 57 885
70 58 225
70 59 644
70 60 779
70 61 279
70 62 371
70 63 508
70 64 541
70 65 676
70 66 858
70 67 223
70 68 819
70 69 316
70 71 525
70 72 371
70 73 393
70 74 250
70 75 628
70 76 753
70 77 849
70 78 627
70 79 784
70 80 672
70 81 297
70 82 714
70 83 765
70 84 350
70 85 418
70 86 633
70 87 245
70 88 480
70 89 909
70 90 489
70 91 704
70 92 300
70 93 483
70 94 761
70 95 589
70 96 455
70 97 592
70 98 690
70 99 388
70 100 816
71 1 471
71 2 461
71 3 678
71 4 600
71 5 948
71 6 386
71 7 462
71 8 704
71 9 446
71 10 539
71 11 286
71 12 810
71 13 621
71 14 858
71 15 530
71 16 187
71 17 462
71 18 92
71 19 349
71 20 862
71 21 128
71 22 144
71 23 533
71 24 671
71 25 344
71 26 619
71 27 587
71 28 463
71 29 801
71 30 667
71 31 427
71 32 647
71 33 532
71 34 482
71 35 778
71 36 304
71 37 919
71 38 769
71 39 638
71 40 524
71 41 114
71 42 142
71 43 391
71 44 317
71 45 847
71 46 402
71 47 612
71 48 863
71 49 615
71 50 686
71 51 690
71 52 524
71 53 853
71 54 427
71 55 387
71 56 505
71 57 1066
71 58 333
71 59 692
71 60 724
71 61 301
71 62 495
71 63 892
71 64 261
71 65 870
71 66 673
71 67 746
71 68 414
71 69 527
71 70 525
71 72 753
71 73 138
71 74 754
71 75 458
71 76 357
71 77 941
71 78 586
71 79 892
71 80 301
71 81 553
71 82 910
71 83 671
71 84 730
71 85 237
71 86 612
71 87 601
71 88 47
71 89 1059
71 90 433
71 91 773
71 92 484
71 93 251
71 94 713
71 95 883
71 96 447
71 97 470
71 98 781
71 99 483
71 100 547
72 1 452
72 2 627
72 3 726
72 4 416
72 5 426
72 6 500
72 7 731
72 8 771
72 9 310
72 10 713
72 11 593
72 12 243
72 13 407
72 14 328
72 15 383
72 16 696
72 17 317
72 18 702
72 19 588
72 20 207
72 21 630
72 22 697
72 23 936
72 24 689
72 25 750
72 26 160
72 27 895
72 28 837
72 29 135
72 30 586
72 31 521
72 32 739
72 33 893
72 34 816
72 35 37
72 36 490
72 37 183
72 38 53
72 39 265
72 40 722
72 41 642
72 42 612
72 43 745
72 44 451
72 45 211
72 46 661
72 47 838
72 48 195
72 49 139
72 50 733
72 51 361
72 52 582
72 53 197
72 54 445
72 55 730
72 56 602
72 57 546
72 58 557
72 59 441
72 60 608
72 61 610
72 62 308
72 63 145
72 64 863
72 65 359
72 66 758
72 67 374
72 68 886
72 69 244
72 70 371
72 71 753
72 73 655
72 74 232
72 75 596
72 76 830
72 77 562
72 78 502
72 79 500
72 80 756
72 81 208
72 82 388
72 83 625
72 84 24
72 85 546
72 86 490
72 87 156
72 88 720
72 89 584
72 90 461
72 91 466
72 92 281
72 93 807
72 94 590
72 95 229
72 96 418
72 97 545
72 98 440
72 99 331
72 100 785
73 1 334
73 2 496
73 3 718
73 4 578
73 5 902
73 6 380
73 7 526
73 8 750
73 9 347
73 10 590
73 11 150
73 12 747
73 13 485
73 14 805
73 15 397
73 16 261
73 17 394
73 18 52
73 19 213
73 20 787
73 21 61
73 22 220
73 23 635
73 24 704
73 25 425
73 26 537
73 27 673
73 28 552
73 29 687
73 30 679
73 31 432
73 32 693
73 33 625
73 34 564
73 35 676
73 36 274
73 37 830
73 38 664
73 39 583
73 40 579
73 41 73
73 42 88
73 43 466
73 44 260
73 45 728
73 46 451
73 47 683
73 48 786
73 49 519
73 50 727
73 51 557
73 52 544
73 53 778
73 54 405
73 55 457
73 56 531
73 57 1027
73 58 196
73 59 672
73 60 735
73 61 167
73 62 435
73 63 798
73 64 239
73 65 821
73 66 720
73 67 612
73 68 521
73 69 448
73 70 393
73 71 138
73 72 655
73 74 629
73 75 485
73 76 458
73 77 921
73 78 584
73 79 866
73 80 388
73 81 468
73 82 862
73 83 691
73 84 632
73 85 218
73 86 606
73 87 500
73 88 92
73 89 1028
73 90 418
73 91 752
73 92 405
73 93 200
73 94 722
73 95 810
73 96 418
73 97 482
73 98 755
73 99 429
73 100 614
74 1 332
74 2 766
74 3 906
74 4 600
74 5 657
74 6 614
74 7 862
74 8 951
74 9 340
74 10 865
74 11 521
74 12 474
74 13 223
74 14 559
74 15 254
74 16 754
74 17 420
74 18 681
74 19 492
74 20 434
74 21 626
74 22 741
74 23 1057
74 24 871
74 25 849
74 26 325
74 27 1035
74 28 956
74 29 123
74 30 776
74 31 652
74 32 912
74 33 1021
74 34 943
74 35 210
74 36 562
74 37 370
74 38 185
74 39 460
74 40 869
74 41 642
74 42 617
74 43 857
74 44 507
74 45 110
74 46 782
74 47 991
74 48 420
74 49 254
74 50 914
74 51 151
74 52 740
74 53 424
74 54 569
74 55 842
74 56 754
74 57 775
74 58 474
74 59 646
74 60 807
74 61 529
74 62 436
74 63 323
74 64 791
74 65 590
74 66 934
74 67 148
74 68 986
74 69 361
74 70 250
74 71 754
74 72 232
74 73 629
74 75 735
74 76 923
74 77 791
74 78 679
74 79 728
74 80 843
74 81 324
74 82 619
74 83 813
74 84 224
74 85 598
74 86 674
74 87 231
74 88 712
74 89 814
74 90 590
74 91 683
74 92 377
74 93 733
74 94 789
74 95 454
74 96 547
74 97 689
74 98 660
74 99 460
74 100 931
75 1 637
75 2 32
75 3 235
75 4 224
75 5 575
75 6 135
75 7 136
75 8 272
75 9 423
75 10 134
75 11 574
75 12 508
75 13 738
75 14 516
75 15 642
75 16 279
75 17 317
75 18 490
75 19 628
75 20 588
75 21 424
75 22 317
75 23 342
75 24 219
75 25 200
75 26 438
75 27 302
75 28 247
75 29 708
75 30 214
75 31 85
75 32 216
75 33 297
75 34 222
75 35 632
75 36 241
75 37 693
75 38 638
75 39 352
75 40 135
75 41 416
75 42 397
75 43 171
75 44 293
75 45 781
75 46 87
75 47 259
75 48 597
75 49 491
75 50 244
75 51 765
75 52 68
75 53 583
75 54 167
75 55 159
75 56 48
75 57 671
75 58 590
75 59 288
75 60 269
75 61 602
75 62 301
75 63 689
75 64 707
75 65 514
75 66 243
75 67 813
75 68 316
75 69 376
75 70 628
75 71 458
75 72 596
75 73 485
75 74 735
75 76 276
75 77 516
75 78 161
75 79 479
75 80 233
75 81 415
75 82 547
75 83 214
75 84 581
75 85 273
75 86 190
75 87 507
75 88 465
75 89 649
75 90 146
75 91 360
75 92 360
75 93 680
75 94 261
75 95 601
75 96 189
75 97 52
75 98 380
75 99 277
75 100 196
76 1 731
76 2 254
76 3 403
76 4 498
76 5 851
76 6 331
76 7 177
76 8 412
76 9 584
76 10 262
76 11 595
76 12 778
76 13 865
76 14 791
76 15 764
76 16 201
76 17 518
76 18 433
76 19 659
76 20 854
76 21 407
76 22 239
76 23 178
76 24 413
76 25 81
76 26 670
76 27 236
76 28 115
76 29 924
76 30 462
76 31 321
76 32 363
76 33 178
76 34 145
76 35 863
76 36 361
76 37 951
76 38 865
76 39 613
76 40 242
76 41 390
76 42 392
76 43 108
76 44 418
76 45 989
76 46 190
76 47 281
76 48 862
76 49 706
76 50 409
76 51 913
76 52 333
76 53 848
76 54 388
76 55 119
76 56 305
76 57 943
76 58 630
76 59 563
76 60 510
76 61 618
76 62 522
76 63 940
76 64 612
76 65 790
76 66 383
76 67 967
76 68 67
76 69 589
76 70 753
76 71 357
76 72 830
76 73 458
76 74 923
76 75 276
76 77 778
76 78 435
76 79 748
76 80 81
76 81 628
76 82 823
76 83 446
76 84 811
76 85 335
76 86 464
76 87 711
76 88 390
76 89 916
76 90 375
76 91 632
76 92 559
76 93 607
76 94 508
76 95 869
76 96 416
76 97 323
76 98 653
76 99 499
76 100 231
77 1 905
77 2 530
77 3 425
77 4 344
77 5 178
77 6 556
77 7 605
77 8 450
77 9 666
77 10 529
77 11 949
77 12 321
77 13 927
77 14 241
77 15 864
77 16 782
77 17 557
77 18 945
77 19 979
77 20 385
77 21 867
77 22 813
77 23 771
77 24 395
77 25 711
77 26 503
77 27 682
77 28 709
77 29 693
77 30 317
77 31 518
77 32 463
77 33 720
77 34 672
77 35 590
77 36 649
77 37 504
77 38 613
77 39 379
77 40 548
77 41 866
77 42 839
77 43 671
77 44 664
77 45 763
77 46 599
77 47 596
77 48 401
77 49 576
77 50 424
77 51 904
77 52 450
77 53 391
77 54 518
77 55 663
77 56 478
77 57 185
77 58 939
77 59 250
77 60 277
77 61 975
77 62 511
77 63 536
77 64 1159
77 65 210
77 66 461
77 67 928
77 68 800
77 69 541
77 70 849
77 71 941
77 72 562
77 73 921
77 74 791
77 75 516
77 76 778
77 78 361
77 79 65
77 80 747
77 81 553
77 82 195
77 83 341
77 84 567
77 85 712
77 86 333
77 87 612
77 88 934
77 89 142
77 90 509
77 91 170
77 92 570
77 93 1119
77 94 274
77 95 374
77 96 503
77 97 484
77 98 168
77 99 507
77 100 591
78 1 657
78 2 182
78 3 228
78 4 87
78 5 416
78 6 205
78 7 278
78 8 273
78 9 417
78 10 228
78 11 643
78 12 367
78 13 730
78 14 363
78 15 643
78 16 422
78 17 295
78 18 601
78 19 686
78 20 451
78 21 526
78 22 454
78 23 476
78 24 193
78 25 360
78 26 358
78 27 412
78 28 391
78 29 628
78 30 109
78 31 159
78 32 238
78 33 426
78 34 359
78 35 538
78 36 312
78 37 567
78 38 550
78 39 238
78 40 242
78 41 522
78 42 498
78 43 328
78 44 344
78 45 703
78 46 247
78 47 344
78 48 463
78 49 426
78 50 235
78 51 739
78 52 106
78 53 449
78 54 185
78 55 317
78 56 134
78 57 512
78 58 646
78 59 129
78 60 159
78 61 670
78 62 259
78 63 570
78 64 818
78 65 358
78 66 258
78 67 781
78 68 470
78 69 327
78 70 627
78 71 586
78 72 502
78 73 584
78 74 679
78 75 161
78 76 435
78 77 361
78 79 321
78 80 393
78 81 360
78 82 389
78 83 139
78 84 491
78 85 367
78 86 30
78 87 451
78 88 584
78 89 491
78 90 169
78 91 201
78 92 329
78 93 784
78 94 143
78 95 461
78 96 183
78 97 123
78 98 220
78 99 240
78 100 303
79 1 842
79 2 496
79 3 418
79 4 292
79 5 143
79 6 507
79 7 579
79 8 448
79 9 603
79 10 508
79 11 890
79 12 260
79 13 863
79 14 184
79 15 800
79 16 738
79 17 496
79 18 892
79 19 918
79 20 329
79 21 813
79 22 768
79 23 755
79 24 385
79 25 678
79 26 439
79 27 671
79 28 687
79 29 631
79 30 295
79 31 473
79 32 454
79 33 704
79 34 650
79 35 529
79 36 596
79 37 451
79 38 551
79 39 315
79 40 526
79 41 813
79 42 786
79 43 641
79 44 608
79 45 703
79 46 565
79 47 587
79 48 345
79 49 512
79 50 419
79 51 840
79 52 417
79 53 334
79 54 466
79 55 631
79 56 445
79 57 196
79 58 878
79 59 201
79 60 264
79 61 915
79 62 450
79 63 481
79 64 1105
79 65 154
79 66 455
79 67 864
79 68 775
79 69 478
79 70 784
79 71 892
79 72 500
79 73 866
79 74 728
79 75 479
79 76 748
79 77 65
79 78 321
79 80 712
79 81 489
79 82 148
79 83 324
79 84 505
79 85 660
79 86 292
79 87 548
79 88 883
79 89 171
79 90 459
79 91 121
79 92 508
79 93 1063
79 94 257
79 95 321
79 96 449
79 97 443
79 98 112
79 99 447
79 100 574
80 1 651
80 2 218
80 3 404
80 4 446
80 5 805
80 6 261
80 7 174
80 8 422
80 9 505
80 10 259
80 11 521
80 12 718
80 13 784
80 14 738
80 15 684
80 16 128
80 17 443
80 18 369
80 19 584
80 20 792
80 21 334
80 22 169
80 23 249
80 24 407
80 25 47
80 26 598
80 27 288
80 28 165
80 29 847
80 30 437
80 31 261
80 32 368
80 33 237
80 34 182
80 35 790
80 36 282
80 37 884
80 38 790
80 39 549
80 40 241
80 41 318
80 42 317
80 43 97
80 44 337
80 45 912
80 46 149
80 47 313
80 48 799
80 49 630
80 50 411
80 51 832
80 52 297
80 53 786
80 54 319
80 55 97
80 56 270
80 57 904
80 58 554
80 59 519
80 60 489
80 61 544
80 62 450
80 63 871
80 64 561
80 65 739
80 66 391
80 67 886
80 68 148
80 69 514
80 70 672
80 71 301
80 72 756
80 73 388
80 74 843
80 75 233
80 76 81
80 77 747
80 78 393
80 79 712
80 81 552
80 82 774
80 83 427
80 84 737
80 85 255
80 86 422
80 87 633
80 88 328
80 89 882
80 90 309
80 91 593
80 92 482
80 93 551
80 94 485
80 95 808
80 96 347
80 97 273
80 98 611
80 99 427
80 100 251
81 1 354
81 2 445
81 3 585
81 4 287
81 5 474
81 6 303
81 7 545
81 8 630
81 9 131
81 10 542
81 11 436
81 12 295
81 13 385
81 14 368
81 15 313
81 16 488
81 17 110
81 18 511
81 19 450
81 20 322
81 21 435
81 22 490
81 23 746
81 24 551
81 25 549
81 26 70
81 27 716
81 28 645
81 29 299
81 30 462
81 31 333
81 32 589
81 33 706
81 34 628
81 35 239
81 36 282
81 37 366
81 38 238
81 39 175
81 40 547
81 41 445
81 42 414
81 43 549
81 44 244
81 45 368
81 46 469
81 47 669
81 48 320
81 49 79
81 50 593
81 51 382
81 52 417
81 53 312
81 54 252
81 55 534
81 56 431
81 57 604
81 58 412
81 59 351
81 60 499
81 61 458
81 62 114
81 63 340
81 64 692
81 65 392
81 66 612
81 67 422
81 68 687
81 69 40
81 70 297
81 71 553
81 72 208
81 73 468
81 74 324
81 75 415
81 76 628
81 77 553
81 78 360
81 79 489
81 80 552
81 82 432
81 83 496
81 84 187
81 85 338
81 86 359
81 87 93
81 88 524
81 89 622
81 90 270
81 91 408
81 92 74
81 93 640
81 94 481
81 95 345
81 96 227
81 97 367
81 98 393
81 99 138
81 100 610
82 1 781
82 2 570
82 3 538
82 4 330
82 5 43
82 6 539
82 7 665
82 8 574
82 9 559
82 10 605
82 11 861
82 12 149
82 13 778
82 14 65
82 15 729
82 16 778
82 17 471
82 18 895
82 19 880
82 20 194
82 21 815
82 22 800
82 23 856
82 24 502
82 25 746
82 26 369
82 27 780
82 28 777
82 29 512
82 30 400
82 31 518
82 32 570
82 33 805
82 34 744
82 35 412
82 36 607
82 37 309
82 38 436
82 39 280
82 40 622
82 41 819
82 42 789
82 43 717
82 44 604
82 45 579
82 46 634
82 47 700
82 48 210
82 49 433
82 50 541
82 51 744
82 52 494
82 53 202
82 54 488
82 55 705
82 56 522
82 57 173
82 58 841
82 59 262
82 60 384
82 61 884
82 62 428
82 63 343
82 64 1098
82 65 42
82 66 576
82 67 761
82 68 858
82 69 433
82 70 714
82 71 910
82 72 388
82 73 862
82 74 619
82 75 547
82 76 823
82 77 195
82 78 389
82 79 148
82 80 774
82 81 432
82 83 436
82 84 398
82 85 673
82 86 361
82 87 469
82 88 894
82 89 198
82 90 487
82 91 209
82 92 471
82 93 1051
82 94 372
82 95 181
82 96 465
82 97 503
82 98 180
82 99 434
82 100 676
83 1 792
83 2 215
83 3 107
83 4 213
83 5 451
83 6 315
83 7 269
83 8 149
83 9 554
83 10 189
83 11 765
83 12 457
83 13 868
83 14 429
83 15 780
83 16 491
83 17 433
83 18 700
83 19 812
83 20 544
83 21 630
83 22 530
83 23 432
83 24 69
83 25 386
83 26 489
83 27 348
83 28 369
83 29 755
83 30 40
83 31 260
83 32 135
83 33 381
83 34 332
83 35 662
83 36 428
83 37 666
83 38 675
83 39 361
83 40 209
83 41 624
83 42 603
83 43 341
83 44 468
83 45 831
83 46 283
83 47 265
83 48 557
83 49 560
83 50 112
83 51 877
83 52 148
83 53 543
83 54 312
83 55 335
83 56 167
83 57 517
83 58 772
83 59 196
83 60 65
83 61 792
83 62 397
83 63 677
83 64 917
83 65 415
83 66 144
83 67 918
83 68 461
83 69 464
83 70 765
83 71 671
83 72 625
83 73 691
83 74 813
83 75 214
83 76 446
83 77 341
83 78 139
83 79 324
83 80 427
83 81 496
83 82 436
83 84 617
83 85 473
83 86 139
83 87 586
83 88 677
83 89 482
83 90 292
83 91 227
83 92 468
83 93 888
83 94 68
83 95 549
83 96 315
83 97 209
83 98 257
83 99 378
83 100 251
84 1 430
84 2 612
84 3 717
84 4 407
84 5 437
84 6 482
84 7 716
84 8 762
84 9 287
84 10 700
84 11 570
84 12 251
84 13 391
84 14 336
84 15 363
84 16 675
84 17 296
84 18 679
84 19 565
84 20 222
84 21 607
84 22 675
84 23 920
84 24 680
84 25 732
84 26 144
84 27 881
84 28 821
84 29 139
84 30 578
84 31 505
84 32 729
84 33 877
84 34 800
84 35 53
84 36 469
84 37 206
84 38 59
84 39 257
84 40 708
84 41 619
84 42 589
84 43 728
84 44 429
84 45 215
84 46 645
84 47 825
84 48 211
84 49 116
84 50 724
84 51 348
84 52 570
84 53 212
84 54 427
84 55 713
84 56 588
84 57 559
84 58 534
84 59 437
84 60 602
84 61 587
84 62 290
84 63 168
84 64 840
84 65 367
84 66 748
84 67 364
84 68 868
84 69 224
84 70 350
84 71 730
84 72 24
84 73 632
84 74 224
84 75 581
84 76 811
84 77 567
84 78 491
84 79 505
84 80 737
84 81 187
84 82 398
84 83 617
84 85 524
84 86 481
84 87 133
84 88 697
84 89 594
84 90 444
84 91 465
84 92 260
84 93 784
84 94 584
84 95 245
84 96 401
84 97 530
84 98 440
84 99 313
84 100 772
85 1 402
85 2 289
85 3 507
85 4 369
85 5 711
85 6 163
85 7 340
85 8 543
85 9 261
85 10 390
85 11 305
85 12 576
85 13 530
85 14 621
85 15 430
85 16 156
85 17 236
85 18 235
85 19 361
85 20 631
85 21 159
85 22 152
85 23 494
85 24 490
85 25 273
85 26 398
85 27 506
85 28 397
85 29 617
85 30 461
85 31 214
85 32 487
85 33 470
85 34 398
85 35 575
85 36 67
85 37 699
85 38 570
85 39 403
85 40 382
85 41 156
85 42 132
85 43 298
85 44 96
85 45 675
85 46 256
85 47 497
85 48 634
85 49 410
85 50 516
85 51 578
85 52 328
85 53 623
85 54 194
85 55 286
85 56 318
85 57 830
85 58 325
85 59 462
85 60 517
85 61 331
85 62 263
85 63 677
85 64 452
85 65 633
85 66 514
85 67 633
85 68 402
85 69 306
85 70 418
85 71 237
85 72 546
85 73 218
85 74 598
85 75 273
85 76 335
85 77 712
85 78 367
85 79 660
85 80 255
85 81 338
85 82 673
85 83 473
85 84 524
85 86 390
85 87 405
85 88 224
85 89 826
85 90 203
85 91 543
85 92 266
85 93 417
85 94 504
85 95 652
85 96 212
85 97 265
85 98 549
85 99 249
85 100 427
86 1 667
86 2 210
86 3 237
86 4 75
86 5 387
86 6 229
86 7 305
86 8 282
86 9 424
86 10 252
86 11 660
86 12 344
86 13 734
86 14 336
86 15 649
86 16 449
86 17 302
86 18 625
86 19 702
86 20 430
86 21 549
86 22 481
86 23 501
86 24 200
86 25 390
86 26 351
86 27 434
86 28 418
86 29 618
86 30 104
86 31 186
86 32 251
86 33 451
86 34 385
86 35 527
86 36 333
86 37 547
86 38 539
86 39 225
86 40 266
86 41 546
86 42 521
86 43 357
86 44 362
86 45 694
86 46 276
86 47 363
86 48 442
86 49 421
86 50 243
86 51 740
86 52 133
86 53 427
86 54 204
86 55 346
86 56 162
86 57 482
86 58 661
86 59 100
86 60 147
86 61 687
86 62 263
86 63 553
86 64 842
86 65 331
86 66 269
86 67 780
86 68 498
86 69 327
86 70 633
86 71 612
86 72 490
86 73 606
86 74 674
86 75 190
86 76 464
86 77 333
86 78 30
86 79 292
86 80 422
86 81 359
86 82 361
86 83 139
86 84 481
86 85 390
86 87 448
86 88 609
86 89 462
86 90 189
86 91 172
86 92 334
86 93 806
86 94 130
86 95 439
86 96 199
86 97 152
86 98 191
86 99 246
86 100 325
87 1 317
87 2 537
87 3 677
87 4 375
87 5 512
87 6 391
87 7 636
87 8 722
87 9 156
87 10 635
87 11 440
87 12 323
87 13 315
87 14 405
87 15 260
87 16 559
87 17 195
87 18 547
87 19 440
87 20 325
87 21 477
87 22 555
87 23 835
87 24 643
87 25 634
87 26 111
87 27 808
87 28 734
87 29 215
87 30 551
87 31 424
87 32 682
87 33 796
87 34 718
87 35 178
87 36 356
87 37 336
87 38 169
87 39 247
87 40 640
87 41 489
87 42 460
87 43 636
87 44 309
87 45 280
87 46 558
87 47 762
87 48 318
87 49 37
87 50 685
87 51 300
87 52 510
87 53 314
87 54 342
87 55 622
87 56 524
87 57 640
87 58 407
87 59 431
87 60 585
87 61 458
87 62 206
87 63 300
87 64 708
87 65 432
87 66 704
87 67 335
87 68 772
87 69 131
87 70 245
87 71 601
87 72 156
87 73 500
87 74 231
87 75 507
87 76 711
87 77 612
87 78 451
87 79 548
87 80 633
87 81 93
87 82 469
87 83 586
87 84 133
87 85 405
87 86 448
87 88 567
87 89 666
87 90 362
87 91 480
87 92 153
87 93 653
87 94 567
87 95 349
87 96 319
87 97 459
87 98 462
87 99 230
87 100 702
88 1 425
88 2 471
88 3 691
88 4 592
88 5 933
88 6 381
88 7 483
88 8 719
88 9 412
88 10 555
88 11 240
88 12 789
88 13 576
88 14 840
88 15 485
88 16 207
88 17 437
88 18 47
88 19 302
88 20 837
88 21 90
88 22 163
88 23 568
88 24 681
88 25 370
88 26 591
88 27 615
88 28 492
88 29 763
88 30 670
88 31 426
88 32 662
88 33 563
88 34 509
88 35 744
88 36 289
88 37 889
88 38 734
88 39 619
88 40 542
88 41 80
88 42 110
88 43 415
88 44 294
88 45 807
88 46 416
88 47 635
88 48 837
88 49 583
88 50 699
88 51 645
88 52 529
88 53 828
88 54 417
88 55 409
88 56 512
88 57 1053
88 58 287
88 59 685
88 60 727
88 61 254
88 62 473
88 63 861
88 64 243
88 65 853
88 66 688
88 67 701
88 68 450
88 69 499
88 70 480
88 71 47
88 72 720
88 73 92
88 74 712
88 75 465
88 76 390
88 77 934
88 78 584
88 79 883
88 80 328
88 81 524
88 82 894
88 83 677
88 84 697
88 85 224
88 86 609
88 87 567
88 89 1049
88 90 425
88 91 765
88 92 456
88 93 224
88 94 716
88 95 859
88 96 435
88 97 472
88 98 772
88 99 463
88 100 569
89 1 974
89 2 665
89 3 565
89 4 460
89 5 158
89 6 676
89 7 744
89 8 589
89 9 745
89 10 670
89 11 1041
89 12 347
89 13 975
89 14 262
89 15 924
89 16 909
89 17 647
89 18 1056
89 19 1065
89 20 382
89 21 976
89 22 937
89 23 912
89 24 536
89 25 846
89 26 563
89 27 823
89 28 849
89 29 704
89 30 457
89 31 643
89 32 604
89 33 861
89 34 812
89 35 605
89 36 761
89 37 482
89 38 630
89 39 458
89 40 689
89 41 978
89 42 949
89 43 809
89 44 768
89 45 767
89 46 734
89 47 737
89 48 398
89 49 629
89 50 564
89 51 941
89 52 585
89 53 392
89 54 633
89 55 799
89 56 613
89 57 63
89 58 1026
89 59 370
89 60 418
89 61 1066
89 62 602
89 63 522
89 64 1266
89 65 234
89 66 601
89 67 958
89 68 939
89 69 618
89 70 909
89 71 1059
89 72 584
89 73 1028
89 74 814
89 75 649
89 76 916
89 77 142
89 78 491
89 79 171
89 80 882
89 81 622
89 82 198
89 83 482
89 84 594
89 85 826
89 86 462
89 87 666
89 88 1049
89 90 627
89 91 292
89 92 653
89 93 1222
89 94 415
89 95 365
89 96 615
89 97 614
89 98 279
89 99 603
89 100 732
90 1 506
90 2 177
90 3 352
90 4 168
90 5 523
90 6 52
90 7 275
90 8 395
90 9 280
90 10 278
90 11 476
90 12 413
90 13 598
90 14 442
90 15 504
90 16 291
90 17 171
90 18 438
90 19 521
90 20 484
90 21 361
90 22 314
90 23 477
90 24 326
90 25 294
90 26 301
90 27 447
90 28 378
90 29 567
90 30 271
90 31 63
90 32 345
90 33 436
90 34 358
90 35 496
90 36 145
90 37 576
90 38 500
90 39 242
90 40 281
90 41 359
90 42 333
90 43 285
90 44 178
90 45 638
90 46 201
90 47 404
90 48 491
90 49 348
90 50 361
90 51 621
90 52 166
90 53 478
90 54 22
90 55 270
90 56 171
90 57 636
90 58 481
90 59 260
90 60 325
90 61 503
90 62 157
90 63 566
90 64 654
90 65 449
90 66 370
90 67 668
90 68 428
90 69 232
90 70 489
90 71 433
90 72 461
90 73 418
90 74 590
90 75 146
90 76 375
90 77 509
90 78 169
90 79 459
90 80 309
90 81 270
90 82 487
90 83 292
90 84 444
90 85 203
90 86 189
90 87 362
90 88 425
90 89 627
90 91 341
90 92 214
90 93 617
90 94 310
90 95 501
90 96 44
90 97 104
90 98 349
90 99 133
90 100 342
91 1 754
91 2 379
91 3 330
91 4 175
91 5 227
91 6 388
91 7 466
91 8 367
91 9 510
91 10 400
91 11 785
91 12 252
91 13 792
91 14 207
91 15 720
91 16 618
91 17 396
91 18 776
91 19 818
91 20 337
91 21 698
91 22 647
91 23 651
91 24 294
91 25 560
91 26 370
91 27 572
91 28 576
91 29 600
91 30 192
91 31 352
91 32 361
91 33 600
91 34 541
91 35 499
91 36 480
91 37 463
91 38 518
91 39 235
91 40 418
91 41 697
91 42 670
91 43 525
91 44 496
91 45 676
91 46 446
91 47 491
91 48 352
91 49 446
91 50 333
91 51 779
91 52 299
91 53 339
91 54 349
91 55 514
91 56 328
91 57 312
91 58 777
91 59 81
91 60 177
91 61 811
91 62 350
91 63 482
91 64 990
91 65 189
91 66 368
91 67 810
91 68 661
91 69 390
91 70 704
91 71 773
91 72 466
91 73 752
91 74 683
91 75 360
91 76 632
91 77 170
91 78 201
91 79 121
91 80 593
91 81 408
91 82 209
91 83 227
91 84 465
91 85 543
91 86 172
91 87 480
91 88 765
91 89 292
91 90 341
91 92 414
91 93 950
91 94 165
91 95 337
91 96 334
91 97 323
91 98 32
91 99 343
91 100 470
92 1 341
92 2 390
92 3 548
92 4 269
92 5 513
92 6 239
92 7 486
92 8 593
92 9 97
92 10 491
92 11 390
92 12 344
92 13 401
92 14 410
92 15 316
92 16 415
92 17 43
92 18 446
92 19 412
92 20 383
92 21 368
92 22 417
92 23 683
92 24 517
92 25 481
92 26 136
92 27 659
92 28 582
92 29 366
92 30 436
92 31 276
92 32 548
92 33 645
92 34 567
92 35 312
92 36 210
92 37 437
92 38 310
92 39 196
92 40 494
92 41 377
92 42 346
92 43 484
92 44 171
92 45 432
92 46 407
92 47 617
92 48 383
92 49 149
92 50 557
92 51 413
92 52 371
92 53 373
92 54 193
92 55 469
92 56 381
92 57 641
92 58 373
92 59 347
92 60 479
92 61 414
92 62 72
92 63 412
92 64 635
92 65 430
92 66 572
92 67 458
92 68 619
92 69 44
92 70 300
92 71 484
92 72 281
92 73 405
92 74 377
92 75 360
92 76 559
92 77 570
92 78 329
92 79 508
92 80 482
92 81 74
92 82 471
92 83 468
92 84 260
92 85 266
92 86 334
92 87 153
92 88 456
92 89 653
92 90 214
92 91 414
92 93 585
92 94 462
92 95 405
92 96 172
92 97 315
92 98 405
92 99 91
92 100 555
93 1 403
93 2 689
93 3 910
93 4 777
93 5 1092
93 6 580
93 7 706
93 8 940
93 9 511
93 10 777
93 11 217
93 12 929
93 13 544
93 14 992
93 15 480
93 16 431
93 17 580
93 18 190
93 19 243
93 20 961
93 21 259
93 22 386
93 23 784
93 24 898
93 25 593
93 26 709
93 27 837
93 28 713
93 29 813
93 30 878
93 31 631
93 32 883
93 33 783
93 34 732
93 35 822
93 36 474
93 37 988
93 38 806
93 39 772
93 40 764
93 41 265
93 42 286
93 43 638
93 44 455
93 45 839
93 46 638
93 47 859
93 48 958
93 49 678
93 50 918
93 51 626
93 52 741
93 53 951
93 54 605
93 55 632
93 56 726
93 57 1218
93 58 260
93 59 871
93 60 934
93 61 205
93 62 624
93 63 952
93 64 59
93 65 1010
93 66 909
93 67 677
93 68 664
93 69 626
93 70 483
93 71 251
93 72 807
93 73 200
93 74 733
93 75 680
93 76 607
93 77 1119
93 78 784
93 79 1063
93 80 551
93 81 640
93 82 1051
93 83 888
93 84 784
93 85 417
93 86 806
93 87 653
93 88 224
93 89 1222
93 90 617
93 91 950
93 92 585
93 94 921
93 95 984
93 96 617
93 97 680
93 98 952
93 99 620
93 100 792
94 1 796
94 2 268
94 3 166
94 4 195
94 5 386
94 6 342
94 7 333
94 8 203
94 9 553
94 10 255
94 11 785
94 12 405
94 13 861
94 14 370
94 15 777
94 16 539
94 17 431
94 18 736
94 19 828
94 20 492
94 21 663
94 22 575
94 23 499
94 24 131
94 25 445
94 26 465
94 27 415
94 28 435
94 29 722
94 30 48
94 31 291
94 32 199
94 33 448
94 34 398
94 35 626
94 36 452
94 37 616
94 38 641
94 39 330
94 40 275
94 41 658
94 42 635
94 43 402
94 44 487
94 45 799
94 46 338
94 47 331
94 48 506
94 49 538
94 50 169
94 51 863
94 52 193
94 53 492
94 54 328
94 55 395
94 56 217
94 57 450
94 58 788
94 59 150
94 60 19
94 61 812
94 62 391
94 63 630
94 64 954
94 65 353
94 66 204
94 67 901
94 68 527
94 69 452
94 70 761
94 71 713
94 72 590
94 73 722
94 74 789
94 75 261
94 76 508
94 77 274
94 78 143
94 79 257
94 80 485
94 81 481
94 82 372
94 83 68
94 84 584
94 85 504
94 86 130
94 87 567
94 88 716
94 89 415
94 90 310
94 91 165
94 92 462
94 93 921
94 95 495
94 96 325
94 97 244
94 98 196
94 99 375
94 100 318
95 1 665
95 2 629
95 3 655
95 4 381
95 5 212
95 6 551
95 7 733
95 8 696
95 9 474
95 10 689
95 11 778
95 12 95
95 13 635
95 14 139
95 15 602
95 16 782
95 17 422
95 18 851
95 19 785
95 20 25
95 21 772
95 22 795
95 23 935
95 24 617
95 25 789
95 26 275
95 27 873
95 28 846
95 29 340
95 30 509
95 31 549
95 32 680
95 33 887
95 34 817
95 35 245
95 36 587
95 37 131
95 38 270
95 39 260
95 40 703
95 41 780
95 42 749
95 43 769
95 44 567
95 45 403
95 46 682
95 47 800
95 48 35
95 49 316
95 50 660
95 51 590
95 52 563
95 53 35
95 54 494
95 55 756
95 56 589
95 57 322
95 58 750
95 59 354
95 60 510
95 61 799
95 62 389
95 63 163
95 64 1036
95 65 167
95 66 692
95 67 600
95 68 915
95 69 362
95 70 589
95 71 883
95 72 229
95 73 810
95 74 454
95 75 601
95 76 869
95 77 374
95 78 461
95 79 321
95 80 808
95 81 345
95 82 181
95 83 549
95 84 245
95 85 652
95 86 439
95 87 349
95 88 859
95 89 365
95 90 501
95 91 337
95 92 405
95 93 984
95 94 495
95 96 466
95 97 550
95 98 305
95 99 404
95 100 763
96 1 478
96 2 219
96 3 384
96 4 161
96 5 502
96 6 87
96 7 319
96 8 428
96 9 245
96 10 319
96 11 462
96 12 381
96 13 563
96 14 416
96 15 470
96 16 319
96 17 131
96 18 443
96 19 504
96 20 448
96 21 364
96 22 337
96 23 521
96 24 356
96 25 335
96 26 258
96 27 490
96 28 421
96 29 523
96 30 291
96 31 107
96 32 380
96 33 480
96 34 402
96 35 453
96 36 147
96 37 537
96 38 457
96 39 207
96 40 323
96 41 364
96 42 337
96 43 328
96 44 165
96 45 594
96 46 245
96 47 446
96 48 454
96 49 305
96 50 393
96 51 582
96 52 201
96 53 442
96 54 29
96 55 313
96 56 210
96 57 619
96 58 463
96 59 255
96 60 342
96 61 489
96 62 114
96 63 525
96 64 657
96 65 425
96 66 405
96 67 629
96 68 470
96 69 188
96 70 455
96 71 447
96 72 418
96 73 418
96 74 547
96 75 189
96 76 416
96 77 503
96 78 183
96 79 449
96 80 347
96 81 227
96 82 465
96 83 315
96 84 401
96 85 212
96 86 199
96 87 319
96 88 435
96 89 615
96 90 44
96 91 334
96 92 172
96 93 617
96 94 325
96 95 466
96 97 144
96 98 338
96 99 90
96 100 384
97 1 607
97 2 83
97 3 253
97 4 175
97 5 532
97 6 110
97 7 188
97 8 294
97 9 384
97 10 176
97 11 560
97 12 458
97 13 702
97 14 469
97 15 607
97 16 300
97 17 274
97 18 493
97 19 610
97 20 537
97 21 422
97 22 334
97 23 394
97 24 231
97 25 245
97 26 388
97 27 352
97 28 299
97 29 659
97 30 199
97 31 54
97 32 242
97 33 349
97 34 273
97 35 581
97 36 222
97 37 641
97 38 588
97 39 301
97 40 181
97 41 416
97 42 395
97 43 220
97 44 268
97 45 732
97 46 134
97 47 303
97 48 546
97 49 443
97 50 262
97 51 724
97 52 67
97 53 532
97 54 126
97 55 207
97 56 68
97 57 633
97 58 570
97 59 247
97 60 256
97 61 587
97 62 254
97 63 637
97 64 711
97 65 468
97 66 268
97 67 772
97 68 365
97 69 329
97 70 592
97 71 470
97 72 545
97 73 482
97 74 689
97 75 52
97 76 323
97 77 484
97 78 123
97 79 443
97 80 273
97 81 367
97 82 503
97 83 209
97 84 530
97 85 265
97 86 152
97 87 459
97 88 472
97 89 614
97 90 104
97 91 323
97 92 315
97 93 680
97 94 244
97 95 550
97 96 144
97 98 340
97 99 230
97 100 244
98 1 743
98 2 400
98 3 361
98 4 181
98 5 200
98 6 397
98 7 490
98 8 399
98 9 501
98 10 427
98 11 781
98 12 222
98 13 775
98 14 175
98 15 706
98 16 631
98 17 389
98 18 781
98 19 812
98 20 305
98 21 702
98 22 659
98 23 678
98 24 324
98 25 580
98 26 352
98 27 600
98 28 601
98 29 574
98 30 221
98 31 365
98 32 391
98 33 627
98 34 567
98 35 473
98 36 485
98 37 432
98 38 492
98 39 219
98 40 444
98 41 702
98 42 674
98 43 546
98 44 497
98 45 649
98 46 466
98 47 520
98 48 321
98 49 427
98 50 364
98 51 759
98 52 321
98 53 307
98 54 355
98 55 535
98 56 350
98 57 293
98 58 772
98 59 93
98 60 209
98 61 807
98 62 343
98 63 452
98 64 994
98 65 158
98 66 399
98 67 789
98 68 685
98 69 378
98 70 690
98 71 781
98 72 440
98 73 755
98 74 660
98 75 380
98 76 653
98 77 168
98 78 220
98 79 112
98 80 611
98 81 393
98 82 180
98 83 257
98 84 440
98 85 549
98 86 191
98 87 462
98 88 772
98 89 279
98 90 349
98 91 32
98 92 405
98 93 952
98 94 196
98 95 305
98 96 338
98 97 340
98 99 339
98 100 497
99 1 423
99 2 308
99 3 458
99 4 185
99 5 474
99 6 169
99 7 408
99 8 503
99 9 179
99 10 405
99 11 443
99 12 328
99 13 491
99 14 378
99 15 404
99 16 381
99 17 57
99 18 462
99 19 475
99 20 384
99 21 382
99 22 392
99 23 609
99 24 426
99 25 419
99 26 172
99 27 578
99 28 509
99 29 434
99 30 347
99 31 196
99 32 458
99 33 569
99 34 491
99 35 366
99 36 183
99 37 461
99 38 369
99 39 157
99 40 410
99 41 386
99 42 356
99 43 415
99 44 171
99 45 505
99 46 333
99 47 532
99 48 388
99 49 216
99 50 467
99 51 503
99 52 282
99 53 377
99 54 115
99 55 400
99 56 294
99 57 599
99 58 434
99 59 271
99 60 392
99 61 469
99 62 25
99 63 446
99 64 666
99 65 393
99 66 482
99 67 548
99 68 556
99 69 100
99 70 388
99 71 483
99 72 331
99 73 429
99 74 460
99 75 277
99 76 499
99 77 507
99 78 240
99 79 447
99 80 427
99 81 138
99 82 434
99 83 378
99 84 313
99 85 249
99 86 246
99 87 230
99 88 463
99 89 603
99 90 133
99 91 343
99 92 91
99 93 620
99 94 375
99 95 404
99 96 90
99 97 230
99 98 339
99 100 472
100 1 817
100 2 166
100 3 180
100 4 386
100 5 696
100 6 325
100 7 89
100 8 183
100 9 615
100 10 75
100 11 728
100 12 669
100 13 928
100 14 659
100 15 830
100 16 362
100 17 513
100 18 605
100 19 787
100 20 753
100 21 555
100 22 406
100 23 182
100 24 200
100 25 205
100 26 630
100 27 111
100 28 128
100 29 902
100 30 280
100 31 280
100 32 139
100 33 131
100 34 91
100 35 822
100 36 415
100 37 867
100 38 830
100 39 531
100 40 64
100 41 542
100 42 532
100 43 156
100 44 473
100 45 975
100 46 172
100 47 70
100 48 765
100 49 686
100 50 185
100 51 958
100 52 205
100 53 751
100 54 363
100 55 161
100 56 184
100 57 768
100 58 752
100 59 418
100 60 315
100 61 754
100 62 496
100 63 868
100 64 807
100 65 650
100 66 155
100 67 1008
100 68 225
100 69 571
100 70 816
100 71 547
100 72 785
100 73 614
100 74 931
100 75 196
100 76 231
100 77 591
100 78 303
100 79 574
100 80 251
100 81 610
100 82 676
100 83 251
100 84 772
100 85 427
100 86 325
100 87 702
100 88 569
100 89 732
100 90 342
100 91 470
100 92 555
100 93 792
100 94 318
100 95 763
100 96 384
100 97 244
100 98 497
100 99 472
