nnodes nedges type capacity P s t
100  4950  graph  1000 100 1 100 
nodename posx posy itemvalue itemweight
1 283 746 0 0
2 409 716 39 122
3 498 167 12 420
4 34 935 8 402
5 12 420 18 329
6 69 260 7 42
7 65 50 2 411
8 54 129 46 5
9 7 617 1 207
10 734 547 1 118
11 871 105 3 146
12 992 191 36 404
13 281 396 4 289
14 571 348 35 12
15 668 579 32 57
16 872 951 44 48
17 677 634 15 333
18 20 175 21 178
19 801 406 2 478
20 462 813 30 321
21 826 883 8 438
22 425 243 15 160
23 933 480 50 112
24 725 292 16 53
25 97 811 18 267
26 840 321 22 222
27 268 184 14 357
28 512 549 25 167
29 580 435 48 211
30 249 600 28 329
31 14 474 17 224
32 552 43 28 33
33 108 924 8 248
34 218 909 11 11
35 330 33 27 290
36 74 508 32 235
37 916 500 29 398
38 103 850 46 130
39 980 828 9 113
40 142 429 32 179
41 991 334 29 204
42 750 259 50 142
43 519 262 12 377
44 161 99 10 409
45 698 410 37 338
46 52 64 40 206
47 884 956 13 169
48 460 992 38 320
49 880 30 17 448
50 253 210 30 345
51 63 328 39 13
52 70 980 31 19
53 180 173 10 176
54 182 160 49 271
55 354 676 41 330
56 941 345 49 19
57 11 692 35 200
58 605 882 13 297
59 306 766 28 172
60 333 356 7 367
61 176 385 11 146
62 773 413 24 273
63 341 233 15 161
64 405 221 42 83
65 263 11 11 274
66 783 327 29 401
67 339 205 36 210
68 659 871 20 48
69 379 193 37 68
70 31 733 18 377
71 869 324 49 118
72 78 232 48 134
73 16 683 17 260
74 114 323 32 97
75 801 448 33 190
76 679 978 13 144
77 833 452 38 386
78 391 527 18 354
79 37 148 48 212
80 748 301 36 210
81 159 884 35 66
82 980 850 11 122
83 89 991 25 30
84 721 820 19 364
85 184 104 49 338
86 905 405 42 197
87 781 336 5 339
88 638 797 32 124
89 371 104 50 463
90 472 173 22 233
91 904 504 3 34
92 151 738 28 340
93 308 894 21 347
94 265 346 43 168
95 394 365 10 480
96 999 906 30 246
97 601 331 45 340
98 108 43 18 172
99 322 182 21 388
100 215 506 0 0
endpoint1 endpoint2 weight
1 2 130
1 3 618
1 4 313
1 5 424
1 6 532
1 7 730
1 8 659
1 9 305
1 10 493
1 11 870
1 12 901
1 13 351
1 14 492
1 15 420
1 16 624
1 17 410
1 18 629
1 19 620
1 20 192
1 21 561
1 22 523
1 23 703
1 24 634
1 25 198
1 26 701
1 27 563
1 28 303
1 29 431
1 30 150
1 31 383
1 32 753
1 33 250
1 34 176
1 35 715
1 36 317
1 37 680
1 38 208
1 39 702
1 40 347
1 41 820
1 42 675
1 43 539
1 44 659
1 45 534
1 46 721
1 47 637
1 48 304
1 49 933
1 50 537
1 51 473
1 52 317
1 53 583
1 54 595
1 55 100
1 56 771
1 57 278
1 58 350
1 59 31
1 60 394
1 61 377
1 62 593
1 63 517
1 64 539
1 65 736
1 66 653
1 67 544
1 68 397
1 69 562
1 70 253
1 71 723
1 72 554
1 73 275
1 74 456
1 75 598
1 76 459
1 77 624
1 78 245
1 79 647
1 80 644
1 81 186
1 82 705
1 83 313
1 84 445
1 85 650
1 86 710
1 87 646
1 88 359
1 89 649
1 90 604
1 91 667
1 92 133
1 93 151
1 94 401
1 95 397
1 96 734
1 97 523
1 98 725
1 99 566
1 100 250
2 1 130
2 3 557
2 4 435
2 5 496
2 6 569
2 7 750
2 8 686
2 9 415
2 10 367
2 11 767
2 12 785
2 13 345
2 14 403
2 15 294
2 16 520
2 17 281
2 18 667
2 19 500
2 20 111
2 21 450
2 22 474
2 23 575
2 24 529
2 25 327
2 26 585
2 27 551
2 28 197
2 29 329
2 30 198
2 31 464
2 32 689
2 33 366
2 34 272
2 35 688
2 36 395
2 37 552
2 38 335
2 39 582
2 40 392
2 41 697
2 42 571
2 43 468
2 44 665
2 45 421
2 46 744
2 47 533
2 48 281
2 49 833
2 50 530
2 51 520
2 52 430
2 53 590
2 54 601
2 55 69
2 56 649
2 57 399
2 58 257
2 59 115
2 60 368
2 61 405
2 62 474
2 63 488
2 64 496
2 65 720
2 66 540
2 67 516
2 68 295
2 69 524
2 70 379
2 71 605
2 72 587
2 73 395
2 74 492
2 75 475
2 76 377
2 77 500
2 78 190
2 79 679
2 80 536
2 81 302
2 82 587
2 83 422
2 84 329
2 85 653
2 86 586
2 87 532
2 88 243
2 89 614
2 90 547
2 91 539
2 92 259
2 93 205
2 94 398
2 95 352
2 96 620
2 97 431
2 98 738
2 99 542
2 100 286
3 1 618
3 2 557
3 4 898
3 5 548
3 6 439
3 7 449
3 8 446
3 9 667
3 10 448
3 11 379
3 12 495
3 13 316
3 14 196
3 15 446
3 16 869
3 17 501
3 18 479
3 19 386
3 20 648
3 21 788
3 22 106
3 23 536
3 24 260
3 25 759
3 26 376
3 27 231
3 28 383
3 29 281
3 30 500
3 31 574
3 32 136
3 33 852
3 34 794
3 35 215
3 36 545
3 37 535
3 38 789
3 39 819
3 40 443
3 41 521
3 42 269
3 43 98
3 44 344
3 45 315
3 46 458
3 47 879
3 48 826
3 49 406
3 50 249
3 51 464
3 52 919
3 53 319
3 54 317
3 55 529
3 56 478
3 57 717
3 58 723
3 59 630
3 60 251
3 61 389
3 62 369
3 63 171
3 64 108
3 65 283
3 66 327
3 67 164
3 68 723
3 69 122
3 70 734
3 71 403
3 72 425
3 73 707
3 74 415
3 75 414
3 76 831
3 77 440
3 78 376
3 79 462
3 80 284
3 81 794
3 82 836
3 83 920
3 84 691
3 85 321
3 86 472
3 87 330
3 88 646
3 89 142
3 90 27
3 91 528
3 92 669
3 93 752
3 94 294
3 95 224
3 96 893
3 97 194
3 98 410
3 99 177
3 100 442
4 1 313
4 2 435
4 3 898
4 5 516
4 6 676
4 7 886
4 8 807
4 9 320
4 10 801
4 11 1179
4 12 1213
4 13 593
4 14 796
4 15 728
4 16 839
4 17 710
4 18 761
4 19 932
4 20 446
4 21 794
4 22 795
4 23 1008
4 24 944
4 25 140
4 26 1014
4 27 787
4 28 615
4 29 741
4 30 399
4 31 462
4 32 1032
4 33 75
4 34 186
4 35 950
4 36 429
4 37 984
4 38 110
4 39 953
4 40 518
4 41 1131
4 42 985
4 43 830
4 44 846
4 45 847
4 46 872
4 47 851
4 48 430
4 49 1239
4 50 758
4 51 608
4 52 58
4 53 776
4 54 790
4 55 412
4 56 1083
4 57 245
4 58 574
4 59 321
4 60 652
4 61 569
4 62 905
4 63 767
4 64 805
4 65 952
4 66 965
4 67 792
4 68 629
4 69 819
4 70 203
4 71 1035
4 72 705
4 73 253
4 74 618
4 75 909
4 76 647
4 77 934
4 78 543
4 79 788
4 80 955
4 81 136
4 82 950
4 83 79
4 84 697
4 85 845
4 86 1020
4 87 958
4 88 620
4 89 897
4 90 879
4 91 971
4 92 230
4 93 278
4 94 633
4 95 675
4 96 966
4 97 829
4 98 896
4 99 807
4 100 466
5 1 424
5 2 496
5 3 548
5 4 516
5 6 170
5 7 374
5 8 295
5 9 198
5 10 734
5 11 915
5 12 1007
5 13 271
5 14 564
5 15 675
5 16 1011
5 17 699
5 18 246
5 19 790
5 20 598
5 21 937
5 22 450
5 23 923
5 24 725
5 25 401
5 26 834
5 27 349
5 28 517
5 29 569
5 30 298
5 31 55
5 32 659
5 33 514
5 34 531
5 35 501
5 36 108
5 37 908
5 38 440
5 39 1051
5 40 131
5 41 983
5 42 756
5 43 532
5 44 354
5 45 687
5 46 359
5 47 1024
5 48 727
5 49 952
5 50 320
5 51 106
5 52 563
5 53 299
5 54 311
5 55 428
5 56 933
5 57 273
5 58 752
5 59 455
5 60 328
5 61 168
5 62 762
5 63 379
5 64 441
5 65 480
5 66 777
5 67 392
5 68 789
5 69 432
5 70 314
5 71 863
5 72 200
5 73 264
5 74 141
5 75 790
5 76 870
5 77 822
5 78 394
5 79 274
5 80 746
5 81 487
5 82 1060
5 83 577
5 84 815
5 85 360
5 86 894
5 87 774
5 88 731
5 89 479
5 90 523
5 91 896
5 92 348
5 93 559
5 94 264
5 95 386
5 96 1101
5 97 596
5 98 390
5 99 391
5 100 221
6 1 532
6 2 569
6 3 439
6 4 676
6 5 170
6 7 211
6 8 132
6 9 363
6 10 725
6 11 817
6 12 926
6 13 252
6 14 510
6 15 679
6 16 1060
6 17 714
6 18 99
6 19 747
6 20 679
6 21 981
6 22 357
6 23 892
6 24 657
6 25 552
6 26 774
6 27 214
6 28 529
6 29 541
6 30 385
6 31 221
6 32 530
6 33 666
6 34 666
6 35 346
6 36 249
6 37 881
6 38 591
6 39 1074
6 40 185
6 41 925
6 42 682
6 43 451
6 44 186
6 45 647
6 46 197
6 47 1072
6 48 830
6 49 843
6 50 191
6 51 69
6 52 721
6 53 142
6 54 151
6 55 505
6 56 877
6 57 436
6 58 822
6 59 559
6 60 281
6 61 165
6 62 721
6 63 274
6 64 339
6 65 316
6 66 718
6 67 276
6 68 850
6 69 318
6 70 475
6 71 803
6 72 30
6 73 427
6 74 78
6 75 756
6 76 943
6 77 788
6 78 419
6 79 117
6 80 681
6 81 631
6 82 1086
6 83 732
6 84 860
6 85 194
6 86 849
6 87 717
6 88 783
6 89 340
6 90 413
6 91 870
6 92 485
6 93 678
6 94 215
6 95 342
6 96 1133
6 97 537
6 98 221
6 99 265
6 100 287
7 1 730
7 2 750
7 3 449
7 4 886
7 5 374
7 6 211
7 8 80
7 9 570
7 10 834
7 11 808
7 12 938
7 13 408
7 14 588
7 15 803
7 16 1210
7 17 846
7 18 133
7 19 818
7 20 861
7 21 1129
7 22 409
7 23 969
7 24 703
7 25 762
7 26 822
7 27 244
7 28 670
7 29 644
7 30 580
7 31 428
7 32 488
7 33 876
7 34 873
7 35 266
7 36 459
7 37 963
7 38 801
7 39 1202
7 40 387
7 41 969
7 42 717
7 43 502
7 44 108
7 45 729
7 46 20
7 47 1222
7 48 1022
7 49 816
7 50 247
7 51 279
7 52 931
7 53 169
7 54 161
7 55 690
7 56 925
7 57 645
7 58 992
7 59 756
7 60 407
7 61 353
7 62 796
7 63 332
7 64 381
7 65 202
7 66 770
7 67 315
7 68 1014
7 69 346
7 70 684
7 71 850
7 72 183
7 73 635
7 74 278
7 75 837
7 76 1113
7 77 867
7 78 578
7 79 102
7 80 728
7 81 840
7 82 1216
7 83 942
7 84 1012
7 85 131
7 86 912
7 87 772
7 88 942
7 89 311
7 90 426
7 91 954
7 92 694
7 93 879
7 94 358
7 95 456
7 96 1267
7 97 606
7 98 44
7 99 289
7 100 481
8 1 659
8 2 686
8 3 446
8 4 807
8 5 295
8 6 132
8 7 80
8 9 491
8 10 799
8 11 818
8 12 941
8 13 351
8 14 562
8 15 762
8 16 1160
8 17 802
8 18 58
8 19 797
8 20 797
8 21 1080
8 22 389
8 23 947
8 24 691
8 25 684
8 26 810
8 27 221
8 28 622
8 29 609
8 30 510
8 31 348
8 32 506
8 33 797
8 34 798
8 35 293
8 36 380
8 37 939
8 38 723
8 39 1161
8 40 313
8 41 960
8 42 709
8 43 484
8 44 112
8 45 703
8 46 66
8 47 1172
8 48 954
8 49 832
8 50 215
8 51 200
8 52 852
8 53 134
8 54 132
8 55 624
8 56 913
8 57 565
8 58 934
8 59 686
8 60 360
8 61 284
8 62 774
8 63 306
8 64 363
8 65 241
8 66 756
8 67 295
8 68 958
8 69 332
8 70 605
8 71 839
8 72 106
8 73 556
8 74 204
8 75 813
8 76 1055
8 77 844
8 78 522
8 79 26
8 80 715
8 81 763
8 82 1174
8 83 863
8 84 961
8 85 133
8 86 895
8 87 756
8 88 888
8 89 318
8 90 421
8 91 930
8 92 617
8 93 807
8 94 303
8 95 414
8 96 1224
8 97 584
8 98 102
8 99 274
8 100 410
9 1 305
9 2 415
9 3 667
9 4 320
9 5 198
9 6 363
9 7 570
9 8 491
9 10 731
9 11 1005
9 12 1074
9 13 353
9 14 625
9 15 663
9 16 928
9 17 671
9 18 443
9 19 822
9 20 496
9 21 862
9 22 561
9 23 937
9 24 789
9 25 214
9 26 885
9 27 506
9 28 510
9 29 602
9 30 243
9 31 144
9 32 792
9 33 324
9 34 361
9 35 668
9 36 128
9 37 917
9 38 253
9 39 996
9 40 232
9 41 1024
9 42 825
9 43 624
9 44 541
9 45 722
9 46 555
9 47 941
9 48 589
9 49 1052
9 50 476
9 51 295
9 52 369
9 53 477
9 54 490
9 55 352
9 56 973
9 57 76
9 58 655
9 59 335
9 60 418
9 61 288
9 62 793
9 63 509
9 64 562
9 65 658
9 66 829
9 67 530
9 68 700
9 69 565
9 70 119
9 71 911
9 72 392
9 73 67
9 74 313
9 75 812
9 76 763
9 77 843
9 78 395
9 79 470
9 80 806
9 81 308
9 82 1001
9 83 383
9 84 743
9 85 543
9 86 923
9 87 824
9 88 657
9 89 630
9 90 643
9 91 905
9 92 189
9 93 410
9 94 375
9 95 462
9 96 1034
9 97 660
9 98 583
9 99 538
9 100 236
10 1 493
10 2 367
10 3 448
10 4 801
10 5 734
10 6 725
10 7 834
10 8 799
10 9 731
10 11 463
10 12 440
10 13 478
10 14 258
10 15 74
10 16 427
10 17 105
10 18 806
10 19 157
10 20 381
10 21 349
10 22 434
10 23 210
10 24 256
10 25 690
10 26 250
10 27 591
10 28 223
10 29 191
10 30 488
10 31 724
10 32 536
10 33 731
10 34 631
10 35 654
10 36 662
10 37 188
10 38 700
10 39 374
10 40 604
10 41 334
10 42 289
10 43 358
10 44 728
10 45 142
10 46 836
10 47 436
10 48 523
10 49 538
10 50 588
10 51 706
10 52 793
10 53 669
10 54 675
10 55 402
10 56 290
10 57 738
10 58 359
10 59 481
10 60 445
10 61 582
10 62 140
10 63 504
10 64 464
10 65 714
10 66 226
10 67 523
10 68 333
10 69 502
10 70 728
10 71 261
10 72 728
10 73 731
10 74 660
10 75 120
10 76 435
10 77 138
10 78 344
10 79 804
10 80 247
10 81 667
10 82 391
10 83 784
10 84 274
10 85 707
10 86 223
10 87 217
10 88 268
10 89 573
10 90 457
10 91 176
10 92 614
10 93 550
10 94 511
10 95 386
10 96 447
10 97 254
10 98 804
10 99 551
10 100 521
11 1 870
11 2 767
11 3 379
11 4 1179
11 5 915
11 6 817
11 7 808
11 8 818
11 9 1005
11 10 463
11 12 149
11 13 658
11 14 387
11 15 516
11 16 847
11 17 564
11 18 854
11 19 310
11 20 818
11 21 780
11 22 467
11 23 381
11 24 238
11 25 1048
11 26 219
11 27 609
11 28 571
11 29 440
11 30 795
11 31 934
11 32 325
11 33 1120
11 34 1036
11 35 546
11 36 894
11 37 398
11 38 1070
11 39 732
11 40 798
11 41 259
11 42 196
11 43 386
11 44 711
11 45 351
11 46 821
11 47 852
11 48 978
11 49 76
11 50 627
11 51 839
11 52 1187
11 53 695
11 54 692
11 55 771
11 56 250
11 57 1042
11 58 822
11 59 870
11 60 594
11 61 750
11 62 324
11 63 546
11 64 481
11 65 616
11 66 239
11 67 542
11 68 795
11 69 500
11 70 1049
11 71 220
11 72 804
11 73 1033
11 74 788
11 75 351
11 76 894
11 77 350
11 78 640
11 79 836
11 80 232
11 81 1056
11 82 753
11 83 1182
11 84 731
11 85 688
11 86 302
11 87 248
11 88 731
11 89 501
11 90 405
11 91 401
11 92 959
11 93 970
11 94 653
11 95 544
11 96 812
11 97 353
11 98 766
11 99 555
11 100 769
12 1 901
12 2 785
12 3 495
12 4 1213
12 5 1007
12 6 926
12 7 938
12 8 941
12 9 1074
12 10 440
12 11 149
12 13 740
12 14 450
12 15 506
12 16 770
12 17 544
12 18 973
12 19 288
12 20 818
12 21 712
12 22 570
12 23 295
12 24 286
12 25 1089
12 26 201
12 27 725
12 28 599
12 29 479
12 30 849
12 31 1019
12 32 465
12 33 1149
12 34 1056
12 35 681
12 36 972
12 37 319
12 38 1107
12 39 638
12 40 883
12 41 144
12 42 252
12 43 479
12 44 837
12 45 367
12 46 949
12 47 773
12 48 962
12 49 197
12 50 740
12 51 940
12 52 1214
12 53 813
12 54 811
12 55 802
12 56 163
12 57 1102
12 58 792
12 59 896
12 60 680
12 61 839
12 62 312
12 63 653
12 64 588
12 65 751
12 66 250
12 67 654
12 68 758
12 69 614
12 70 1104
12 71 182
12 72 915
12 73 1093
12 74 888
12 75 321
12 76 847
12 77 306
12 78 689
12 79 956
12 80 268
12 81 1084
12 82 660
12 83 1207
12 84 685
12 85 813
12 86 232
12 87 257
12 88 702
12 89 628
12 90 521
12 91 326
12 92 1004
12 93 981
12 94 744
12 95 623
12 96 716
12 97 416
12 98 897
12 99 671
12 100 839
13 1 351
13 2 345
13 3 316
13 4 593
13 5 271
13 6 252
13 7 408
13 8 351
13 9 353
13 10 478
13 11 658
13 12 740
13 14 294
13 15 429
13 16 811
13 17 463
13 18 342
13 19 521
13 20 455
13 21 731
13 22 211
13 23 658
13 24 457
13 25 454
13 26 565
13 27 213
13 28 278
13 29 302
13 30 207
13 31 279
13 32 446
13 33 556
13 34 517
13 35 367
13 36 236
13 37 644
13 38 488
13 39 822
13 40 143
13 41 713
13 42 489
13 43 274
13 44 321
13 45 418
13 46 404
13 47 823
13 48 623
13 49 702
13 50 189
13 51 229
13 52 621
13 53 245
13 54 256
13 55 290
13 56 662
13 57 401
13 58 585
13 59 371
13 60 66
13 61 106
13 62 493
13 63 174
13 64 215
13 65 386
13 66 507
13 67 200
13 68 608
13 69 226
13 70 420
13 71 593
13 72 261
13 73 391
13 74 183
13 75 523
13 76 706
13 77 555
13 78 172
13 79 348
13 80 477
13 81 504
13 82 834
13 83 626
13 84 612
13 85 308
13 86 625
13 87 504
13 88 537
13 89 306
13 90 294
13 91 633
13 92 366
13 93 499
13 94 53
13 95 118
13 96 881
13 97 327
13 98 394
13 99 218
13 100 129
14 1 492
14 2 403
14 3 196
14 4 796
14 5 564
14 6 510
14 7 588
14 8 562
14 9 625
14 10 258
14 11 387
14 12 450
14 13 294
14 15 251
14 16 674
14 17 306
14 18 578
14 19 238
14 20 478
14 21 593
14 22 180
14 23 386
14 24 164
14 25 663
14 26 271
14 27 345
14 28 210
14 29 88
14 30 409
14 31 572
14 32 306
14 33 740
14 34 663
14 35 397
14 36 523
14 37 377
14 38 687
14 39 631
14 40 437
14 41 421
14 42 200
14 43 101
14 44 480
14 45 142
14 46 592
14 47 684
14 48 654
14 49 444
14 50 347
14 51 509
14 52 807
14 53 429
14 54 433
14 55 394
14 56 371
14 57 658
14 58 536
14 59 495
14 60 239
14 61 397
14 62 213
14 63 258
14 64 210
14 65 457
14 66 214
14 67 273
14 68 531
14 69 247
14 70 664
14 71 299
14 72 507
14 73 649
14 74 458
14 75 251
14 76 640
14 77 282
14 78 254
14 79 571
14 80 184
14 81 677
14 82 648
14 83 804
14 84 496
14 85 458
14 86 339
14 87 211
14 88 454
14 89 316
14 90 202
14 91 368
14 92 574
14 93 607
14 94 307
14 95 178
14 96 704
14 97 35
14 98 555
14 99 300
14 100 390
15 1 420
15 2 294
15 3 446
15 4 728
15 5 675
15 6 679
15 7 803
15 8 762
15 9 663
15 10 74
15 11 516
15 12 506
15 13 429
15 14 251
15 16 425
15 17 56
15 18 764
15 19 219
15 20 312
15 21 343
15 22 415
15 23 283
15 24 293
15 25 617
15 26 311
15 27 563
15 28 159
15 29 169
15 30 420
15 31 663
15 32 549
15 33 658
15 34 559
15 35 643
15 36 599
15 37 261
15 38 627
15 39 400
15 40 547
15 41 406
15 42 331
15 43 351
15 44 699
15 45 172
15 46 803
15 47 435
15 48 463
15 49 589
15 50 556
15 51 656
15 52 721
15 53 635
15 54 642
15 55 329
15 56 360
15 57 667
15 58 310
15 59 408
15 60 403
15 61 529
15 62 197
15 63 477
15 64 445
15 65 698
15 66 277
15 67 499
15 68 293
15 69 483
15 70 656
15 71 325
15 72 685
15 73 661
15 74 611
15 75 187
15 76 400
15 77 209
15 78 282
15 79 765
15 80 290
15 81 594
15 82 414
15 83 711
15 84 247
15 85 679
15 86 295
15 87 268
15 88 221
15 89 561
15 90 451
15 91 248
15 92 541
15 93 479
15 94 466
15 95 348
15 96 466
15 97 257
15 98 776
15 99 527
15 100 459
16 1 624
16 2 520
16 3 869
16 4 839
16 5 1011
16 6 1060
16 7 1210
16 8 1160
16 9 928
16 10 427
16 11 847
16 12 770
16 13 811
16 14 674
16 15 425
16 17 373
16 18 1153
16 19 550
16 20 433
16 21 83
16 22 838
16 23 475
16 24 676
16 25 788
16 26 631
16 27 977
16 28 540
16 29 593
16 30 716
16 31 982
16 32 963
16 33 765
16 34 656
16 35 1067
16 36 913
16 37 454
16 38 776
16 39 164
16 40 898
16 41 629
16 42 703
16 43 775
16 44 1110
16 45 569
16 46 1208
16 47 13
16 48 415
16 49 922
16 50 966
16 51 1022
16 52 803
16 53 1042
16 54 1050
16 55 587
16 56 610
16 57 900
16 58 276
16 59 596
16 60 803
16 61 898
16 62 548
16 63 894
16 64 867
16 65 1121
16 66 631
16 67 917
16 68 228
16 69 905
16 70 869
16 71 628
16 72 1072
16 73 897
16 74 985
16 75 508
16 76 195
16 77 501
16 78 642
16 79 1159
16 80 662
16 81 717
16 82 148
16 83 785
16 84 200
16 85 1092
16 86 547
16 87 622
16 88 281
16 89 985
16 90 875
16 91 449
16 92 752
16 93 567
16 94 858
16 95 757
16 96 135
16 97 677
16 98 1187
16 99 946
16 100 794
17 1 410
17 2 281
17 3 501
17 4 710
17 5 699
17 6 714
17 7 846
17 8 802
17 9 671
17 10 105
17 11 564
17 12 544
17 13 463
17 14 306
17 15 56
17 16 373
17 18 802
17 19 260
17 20 280
17 21 291
17 22 466
17 23 299
17 24 346
17 25 607
17 26 353
17 27 609
17 28 186
17 29 222
17 30 430
17 31 683
17 32 605
17 33 639
17 34 536
17 35 694
17 36 617
17 37 275
17 38 614
17 39 360
17 40 573
17 41 435
17 42 383
17 43 405
17 44 744
17 45 225
17 46 846
17 47 383
17 48 419
17 49 638
17 50 600
17 51 687
17 52 699
17 53 678
17 54 686
17 55 326
17 56 392
17 57 669
17 58 259
17 59 394
17 60 443
17 61 560
17 62 241
17 63 524
17 64 495
17 65 749
17 66 325
17 67 547
17 68 238
17 69 533
17 70 654
17 71 365
17 72 722
17 73 663
17 74 644
17 75 224
17 76 345
17 77 240
17 78 306
17 79 804
17 80 341
17 81 576
17 82 373
17 83 688
17 84 192
17 85 724
17 86 324
17 87 316
17 88 168
17 89 612
17 90 505
17 91 262
17 92 537
17 93 452
17 94 503
17 95 391
17 96 422
17 97 313
17 98 821
17 99 575
17 100 480
18 1 629
18 2 667
18 3 479
18 4 761
18 5 246
18 6 99
18 7 133
18 8 58
18 9 443
18 10 806
18 11 854
18 12 973
18 13 342
18 14 578
18 15 764
18 16 1153
18 17 802
18 19 815
18 20 777
18 21 1073
18 22 411
18 23 963
18 24 715
18 25 641
18 26 833
18 27 249
18 28 619
18 29 618
18 30 483
18 31 300
18 32 549
18 33 755
18 34 761
18 35 341
18 36 338
18 37 954
18 38 681
18 39 1162
18 40 282
18 41 984
18 42 735
18 43 507
18 44 161
18 45 718
18 46 116
18 47 1165
18 48 928
18 49 873
18 50 236
18 51 159
18 52 807
18 53 161
18 54 163
18 55 603
18 56 937
18 57 518
18 58 918
18 59 657
18 60 362
18 61 262
18 62 790
18 63 327
18 64 388
18 65 294
18 66 778
18 67 321
18 68 945
18 69 360
18 70 559
18 71 862
18 72 82
18 73 509
18 74 176
18 75 828
18 76 1039
18 77 859
18 78 512
18 79 32
18 80 739
18 81 723
18 82 1174
18 83 819
18 84 953
18 85 179
18 86 915
18 87 778
18 88 877
18 89 359
18 90 453
18 91 944
18 92 579
18 93 775
18 94 299
18 95 420
18 96 1222
18 97 602
18 98 159
18 99 303
18 100 385
19 1 620
19 2 500
19 3 386
19 4 932
19 5 790
19 6 747
19 7 818
19 8 797
19 9 822
19 10 157
19 11 310
19 12 288
19 13 521
19 14 238
19 15 219
19 16 550
19 17 260
19 18 815
19 20 530
19 21 478
19 22 410
19 23 152
19 24 138
19 25 813
19 26 94
19 27 578
19 28 323
19 29 223
19 30 586
19 31 790
19 32 441
19 33 866
19 34 770
19 35 601
19 36 735
19 37 149
19 38 828
19 39 459
19 40 660
19 41 204
19 42 156
19 43 317
19 44 710
19 45 104
19 46 824
19 47 557
19 48 678
19 49 385
19 50 582
19 51 743
19 52 930
19 53 664
19 54 667
19 55 523
19 56 153
19 57 841
19 58 515
19 59 613
19 60 471
19 61 626
19 62 29
19 63 492
19 64 438
19 65 668
19 66 82
19 67 504
19 68 487
19 69 473
19 70 837
19 71 107
19 72 744
19 73 833
19 74 692
19 75 42
19 76 585
19 77 57
19 78 428
19 79 807
19 80 118
19 81 801
19 82 479
19 83 922
19 84 422
19 85 687
19 86 105
19 87 73
19 88 424
19 89 526
19 90 404
19 91 143
19 92 730
19 93 694
19 94 540
19 95 410
19 96 538
19 97 214
19 98 783
19 99 529
19 100 595
20 1 192
20 2 111
20 3 648
20 4 446
20 5 598
20 6 679
20 7 861
20 8 797
20 9 496
20 10 381
20 11 818
20 12 818
20 13 455
20 14 478
20 15 312
20 16 433
20 17 280
20 18 777
20 19 530
20 21 371
20 22 572
20 23 577
20 24 584
20 25 366
20 26 621
20 27 659
20 28 269
20 29 396
20 30 302
20 31 562
20 32 776
20 33 371
20 34 263
20 35 792
20 36 494
20 37 552
20 38 361
20 39 519
20 40 500
20 41 714
20 42 625
20 43 554
20 44 775
20 45 468
20 46 854
20 47 446
20 48 180
20 49 888
20 50 639
20 51 629
20 52 427
20 53 700
20 54 711
20 55 175
20 56 670
20 57 467
20 58 159
20 59 163
20 60 475
20 61 515
20 62 507
20 63 593
20 64 595
20 65 827
20 66 583
20 67 621
20 68 206
20 69 626
20 70 439
20 71 637
20 72 697
20 73 465
20 74 602
20 75 499
20 76 273
20 77 518
20 78 295
20 79 790
20 80 587
20 81 312
20 82 520
20 83 414
20 84 260
20 85 762
20 86 603
20 87 574
20 88 177
20 89 715
20 90 641
20 91 540
20 92 320
20 93 175
20 94 507
20 95 454
20 96 545
20 97 502
20 98 848
20 99 647
20 100 395
21 1 561
21 2 450
21 3 788
21 4 794
21 5 937
21 6 981
21 7 1129
21 8 1080
21 9 862
21 10 349
21 11 780
21 12 712
21 13 731
21 14 593
21 15 343
21 16 83
21 17 291
21 18 1073
21 19 478
21 20 371
21 22 756
21 23 417
21 24 600
21 25 733
21 26 563
21 27 895
21 28 459
21 29 512
21 30 643
21 31 910
21 32 884
21 33 720
21 34 609
21 35 985
21 36 841
21 37 394
21 38 724
21 39 164
21 40 821
21 41 574
21 42 629
21 43 693
21 44 1029
21 45 491
21 46 1127
21 47 94
21 48 382
21 49 855
21 50 884
21 51 944
21 52 763
21 53 960
21 54 969
21 55 516
21 56 551
21 57 838
21 58 222
21 59 533
21 60 722
21 61 819
21 62 473
21 63 812
21 64 785
21 65 1038
21 66 558
21 67 835
21 68 168
21 69 823
21 70 810
21 71 561
21 72 992
21 73 835
21 74 906
21 75 436
21 76 176
21 77 432
21 78 563
21 79 1079
21 80 588
21 81 668
21 82 158
21 83 745
21 84 123
21 85 1010
21 86 485
21 87 549
21 88 207
21 89 903
21 90 794
21 91 387
21 92 691
21 93 519
21 94 777
21 95 675
21 96 175
21 97 597
21 98 1106
21 99 864
21 100 718
22 1 523
22 2 474
22 3 106
22 4 795
22 5 450
22 6 357
22 7 409
22 8 389
22 9 561
22 10 434
22 11 467
22 12 570
22 13 211
22 14 180
22 15 415
22 16 838
22 17 466
22 18 411
22 19 410
22 20 572
22 21 756
22 23 561
22 24 304
22 25 656
22 26 423
22 27 168
22 28 319
22 29 247
22 30 399
22 31 472
22 32 237
22 33 752
22 34 698
22 35 231
22 36 440
22 37 555
22 38 688
22 39 807
22 40 339
22 41 574
22 42 326
22 43 96
22 44 301
22 45 321
22 46 414
22 47 848
22 48 750
22 49 503
22 50 176
22 51 372
22 52 819
22 53 255
22 54 257
22 55 439
22 56 526
22 57 611
22 58 664
22 59 537
22 60 146
22 61 287
22 62 388
22 63 85
22 64 30
22 65 283
22 66 368
22 67 95
22 68 671
22 69 68
22 70 629
22 71 452
22 72 348
22 73 601
22 74 322
22 75 429
22 76 778
22 77 459
22 78 287
22 79 400
22 80 329
22 81 695
22 82 823
22 83 820
22 84 649
22 85 279
22 86 507
22 87 368
22 88 594
22 89 150
22 90 85
22 91 546
22 92 566
22 93 662
22 94 191
22 95 126
22 96 877
22 97 197
22 98 375
22 99 120
22 100 337
23 1 703
23 2 575
23 3 536
23 4 1008
23 5 923
23 6 892
23 7 969
23 8 947
23 9 937
23 10 210
23 11 381
23 12 295
23 13 658
23 14 386
23 15 283
23 16 475
23 17 299
23 18 963
23 19 152
23 20 577
23 21 417
23 22 561
23 24 281
23 25 900
23 26 185
23 27 728
23 28 427
23 29 356
23 30 695
23 31 920
23 32 580
23 33 937
23 34 834
23 35 751
23 36 860
23 37 27
23 38 909
23 39 352
23 40 793
23 41 158
23 42 287
23 43 468
23 44 861
23 45 246
23 46 975
23 47 479
23 48 698
23 49 454
23 50 732
23 51 884
23 52 998
23 53 814
23 54 817
23 55 612
23 56 136
23 57 947
23 58 519
23 59 690
23 60 613
23 61 763
23 62 174
23 63 642
23 64 589
23 65 818
23 66 215
23 67 655
23 68 478
23 69 624
23 70 937
23 71 169
23 72 891
23 73 940
23 74 834
23 75 136
23 76 560
23 77 104
23 78 545
23 79 956
23 80 258
23 81 874
23 82 373
23 83 987
23 84 401
23 85 839
23 86 81
23 87 210
23 88 434
23 89 677
23 90 554
23 91 38
23 92 824
23 93 750
23 94 682
23 95 552
23 96 432
23 97 364
23 98 934
23 99 680
23 100 719
24 1 634
24 2 529
24 3 260
24 4 944
24 5 725
24 6 657
24 7 703
24 8 691
24 9 789
24 10 256
24 11 238
24 12 286
24 13 457
24 14 164
24 15 293
24 16 676
24 17 346
24 18 715
24 19 138
24 20 584
24 21 600
24 22 304
24 23 281
24 25 815
24 26 119
24 27 470
24 28 334
24 29 204
24 30 567
24 31 734
24 32 304
24 33 884
24 34 799
24 35 473
24 36 686
24 37 283
24 38 836
24 39 594
24 40 599
24 41 270
24 42 42
24 43 209
24 44 597
24 45 122
24 46 711
24 47 683
24 48 749
24 49 305
24 50 480
24 51 663
24 52 950
24 53 558
24 54 559
24 55 534
24 56 223
24 57 819
24 58 603
24 59 633
24 60 398
24 61 557
24 62 131
24 63 389
24 64 328
24 65 541
24 66 68
24 67 396
24 68 583
24 69 360
24 70 823
24 71 148
24 72 650
24 73 810
24 74 612
24 75 174
24 76 688
24 77 194
24 78 409
24 79 703
24 80 25
24 81 820
24 82 614
24 83 946
24 84 529
24 85 573
24 86 213
24 87 72
24 88 513
24 89 401
24 90 280
24 91 278
24 92 727
24 93 733
24 94 464
24 95 339
24 96 673
24 97 130
24 98 666
24 99 418
24 100 554
25 1 198
25 2 327
25 3 759
25 4 140
25 5 401
25 6 552
25 7 762
25 8 684
25 9 214
25 10 690
25 11 1048
25 12 1089
25 13 454
25 14 663
25 15 617
25 16 788
25 17 607
25 18 641
25 19 813
25 20 366
25 21 733
25 22 656
25 23 900
25 24 815
25 26 891
25 27 650
25 28 491
25 29 613
25 30 261
25 31 348
25 32 893
25 33 114
25 34 156
25 35 813
25 36 304
25 37 877
25 38 40
25 39 884
25 40 385
25 41 1014
25 42 856
25 43 693
25 44 715
25 45 723
25 46 749
25 47 801
25 48 406
25 49 1106
25 50 621
25 51 485
25 52 172
25 53 644
25 54 657
25 55 291
25 56 965
25 57 147
25 58 513
25 59 214
25 60 513
25 61 434
25 62 785
25 63 628
25 64 666
25 65 818
25 66 840
25 67 653
25 68 566
25 69 680
25 70 103
25 71 913
25 72 580
25 73 152
25 74 489
25 75 793
25 76 606
25 77 819
25 78 409
25 79 666
25 80 827
25 81 96
25 82 884
25 83 181
25 84 625
25 85 713
25 86 905
25 87 833
25 88 542
25 89 759
25 90 741
25 91 864
25 92 91
25 93 227
25 94 495
25 95 536
25 96 907
25 97 696
25 98 769
25 99 669
25 100 328
26 1 701
26 2 585
26 3 376
26 4 1014
26 5 834
26 6 774
26 7 822
26 8 810
26 9 885
26 10 250
26 11 219
26 12 201
26 13 565
26 14 271
26 15 311
26 16 631
26 17 353
26 18 833
26 19 94
26 20 621
26 21 563
26 22 423
26 23 185
26 24 119
26 25 891
26 27 589
26 28 400
26 29 284
26 30 654
26 31 841
26 32 401
26 33 949
26 34 856
26 35 586
26 36 789
26 37 195
26 38 908
26 39 526
26 40 707
26 41 152
26 42 110
26 43 327
26 44 715
26 45 168
26 46 829
26 47 637
26 48 772
26 49 294
26 50 598
26 51 778
26 52 1014
26 53 677
26 54 678
26 55 602
26 56 104
26 57 909
26 58 609
26 59 696
26 60 509
26 61 668
26 62 114
26 63 507
26 64 447
26 65 656
26 66 58
26 67 515
26 68 580
26 69 479
26 70 908
26 71 30
26 72 768
26 73 901
26 74 727
26 75 133
26 76 677
26 77 132
26 78 495
26 79 822
26 80 95
26 81 884
26 82 548
26 83 1007
26 84 513
26 85 691
26 86 107
26 87 61
26 88 518
26 89 517
26 90 397
26 91 194
26 92 806
26 93 782
26 94 576
26 95 449
26 96 607
26 97 240
26 98 784
26 99 537
26 100 652
27 1 563
27 2 551
27 3 231
27 4 787
27 5 349
27 6 214
27 7 244
27 8 221
27 9 506
27 10 591
27 11 609
27 12 725
27 13 213
27 14 345
27 15 563
27 16 977
27 17 609
27 18 249
27 19 578
27 20 659
27 21 895
27 22 168
27 23 728
27 24 470
27 25 650
27 26 589
27 28 440
27 29 401
27 30 417
27 31 386
27 32 318
27 33 758
27 34 727
27 35 164
27 36 378
27 37 721
27 38 687
27 39 961
27 40 276
27 41 739
27 42 488
27 43 263
27 44 137
27 45 486
27 46 248
27 47 988
27 48 831
27 49 632
27 50 31
27 51 251
27 52 821
27 53 89
27 54 90
27 55 500
27 56 692
27 57 570
27 58 776
27 59 584
27 60 184
27 61 222
27 62 555
27 63 88
27 64 142
27 65 174
27 66 535
27 67 75
27 68 791
27 69 112
27 70 598
27 71 618
27 72 196
27 73 560
27 74 208
27 75 595
27 76 895
27 77 626
27 78 365
27 79 234
27 80 495
27 81 709
27 82 975
27 83 827
27 84 781
27 85 116
27 86 675
27 87 536
27 88 717
27 89 131
27 90 205
27 91 712
27 92 567
27 93 712
27 94 163
27 95 221
27 96 1028
27 97 365
27 98 214
27 99 55
27 100 327
28 1 303
28 2 197
28 3 383
28 4 615
28 5 517
28 6 529
28 7 670
28 8 622
28 9 510
28 10 223
28 11 571
28 12 599
28 13 278
28 14 210
28 15 159
28 16 540
28 17 186
28 18 619
28 19 323
28 20 269
28 21 459
28 22 319
28 23 427
28 24 334
28 25 491
28 26 400
28 27 440
28 29 133
28 30 268
28 31 504
28 32 508
28 33 552
28 34 465
28 35 548
28 36 440
28 37 407
28 38 508
28 39 545
28 40 389
28 41 526
28 42 376
28 43 288
28 44 571
28 45 233
28 46 669
28 47 552
28 48 447
28 49 637
28 50 427
28 51 501
28 52 618
28 53 502
28 54 511
28 55 203
28 56 476
28 57 522
28 58 346
28 59 300
28 60 264
28 61 374
28 62 295
28 63 360
28 64 346
28 65 593
28 66 351
28 67 386
28 68 354
28 69 381
28 70 515
28 71 422
28 72 538
28 73 514
28 74 458
28 75 307
28 76 461
28 77 336
28 78 123
28 79 622
28 80 343
28 81 487
28 82 557
28 83 612
28 84 343
28 85 553
28 86 419
28 87 344
28 88 279
28 89 467
28 90 379
28 91 395
28 92 408
28 93 401
28 94 320
28 95 219
28 96 604
28 97 236
28 98 648
28 99 414
28 100 301
29 1 431
29 2 329
29 3 281
29 4 741
29 5 569
29 6 541
29 7 644
29 8 609
29 9 602
29 10 191
29 11 440
29 12 479
29 13 302
29 14 88
29 15 169
29 16 593
29 17 222
29 18 618
29 19 223
29 20 396
29 21 512
29 22 247
29 23 356
29 24 204
29 25 613
29 26 284
29 27 401
29 28 133
29 30 370
29 31 568
29 32 393
29 33 680
29 34 597
29 35 474
29 36 512
29 37 343
29 38 633
29 39 561
29 40 439
29 41 424
29 42 245
29 43 184
29 44 538
29 45 121
29 46 646
29 47 604
29 48 570
29 49 505
29 50 397
29 51 528
29 52 747
29 53 479
29 54 484
29 55 331
29 56 373
29 57 625
29 58 448
29 59 430
29 60 260
29 61 408
29 62 195
29 63 313
29 64 277
29 65 530
29 66 230
29 67 334
29 68 444
29 69 315
29 70 625
29 71 310
29 72 542
29 73 617
29 74 480
29 75 222
29 76 552
29 77 254
29 78 211
29 79 615
29 80 215
29 81 616
29 82 577
29 83 742
29 84 411
29 85 517
29 86 327
29 87 225
29 88 367
29 89 392
29 90 284
29 91 332
29 92 526
29 93 534
29 94 328
29 95 199
29 96 631
29 97 107
29 98 614
29 99 362
29 100 372
30 1 150
30 2 198
30 3 500
30 4 399
30 5 298
30 6 385
30 7 580
30 8 510
30 9 243
30 10 488
30 11 795
30 12 849
30 13 207
30 14 409
30 15 420
30 16 716
30 17 430
30 18 483
30 19 586
30 20 302
30 21 643
30 22 399
30 23 695
30 24 567
30 25 261
30 26 654
30 27 417
30 28 268
30 29 370
30 31 267
30 32 635
30 33 354
30 34 311
30 35 573
30 36 198
30 37 675
30 38 290
30 39 766
30 40 202
30 41 789
30 42 607
30 43 433
30 44 509
30 45 488
30 46 572
30 47 728
30 48 446
30 49 851
30 50 391
30 51 330
30 52 421
30 53 433
30 54 446
30 55 130
30 56 738
30 57 256
30 58 455
30 59 176
30 60 259
30 61 228
30 62 557
30 63 379
30 64 410
30 65 590
30 66 600
30 67 406
30 68 492
30 69 428
30 70 256
30 71 679
30 72 406
30 73 248
30 74 309
30 75 573
30 76 573
30 77 603
30 78 160
30 79 500
30 80 582
30 81 298
30 82 773
30 83 423
30 84 521
30 85 501
30 86 685
30 87 594
30 88 437
30 89 511
30 90 482
30 91 662
30 92 170
30 93 300
30 94 255
30 95 277
30 96 811
30 97 444
30 98 575
30 99 425
30 100 100
31 1 383
31 2 464
31 3 574
31 4 462
31 5 55
31 6 221
31 7 428
31 8 348
31 9 144
31 10 724
31 11 934
31 12 1019
31 13 279
31 14 572
31 15 663
31 16 982
31 17 683
31 18 300
31 19 790
31 20 562
31 21 910
31 22 472
31 23 920
31 24 734
31 25 348
31 26 841
31 27 386
31 28 504
31 29 568
31 30 267
31 32 690
31 33 460
31 34 481
31 35 543
31 36 69
31 37 903
31 38 387
31 39 1029
31 40 136
31 41 987
31 42 767
31 43 548
31 44 403
31 45 687
31 46 412
31 47 995
31 48 684
31 49 974
31 50 357
31 51 155
31 52 510
31 53 344
31 54 357
31 55 396
31 56 936
31 57 219
31 58 719
31 59 413
31 60 341
31 61 185
31 62 762
31 63 407
31 64 466
31 65 526
31 66 783
31 67 422
31 68 758
31 69 461
31 70 260
31 71 869
31 72 251
31 73 210
31 74 182
31 75 788
31 76 835
31 77 820
31 78 381
31 79 327
31 80 755
31 81 435
31 82 1037
31 83 523
31 84 788
31 85 408
31 86 894
31 87 780
31 88 703
31 89 515
31 90 549
31 91 891
31 92 298
31 93 513
31 94 282
31 95 396
31 96 1076
31 97 605
31 98 442
31 99 425
31 100 204
32 1 753
32 2 689
32 3 136
32 4 1032
32 5 659
32 6 530
32 7 488
32 8 506
32 9 792
32 10 536
32 11 325
32 12 465
32 13 446
32 14 306
32 15 549
32 16 963
32 17 605
32 18 549
32 19 441
32 20 776
32 21 884
32 22 237
32 23 580
32 24 304
32 25 893
32 26 401
32 27 318
32 28 508
32 29 393
32 30 635
32 31 690
32 33 987
32 34 929
32 35 223
32 36 667
32 37 585
32 38 924
32 39 895
32 40 564
32 41 527
32 42 294
32 43 222
32 44 395
32 45 395
32 46 501
32 47 972
32 48 954
32 49 329
32 50 343
32 51 566
32 52 1054
32 53 395
32 54 389
32 55 664
32 56 493
32 57 845
32 58 841
32 59 764
32 60 383
32 61 509
32 62 431
32 63 284
32 64 231
32 65 291
32 66 367
32 67 268
32 68 835
32 69 229
32 70 865
32 71 424
32 72 511
32 73 835
32 74 520
32 75 476
32 76 944
32 77 497
32 78 511
32 79 526
32 80 325
32 81 929
32 82 914
32 83 1056
32 84 796
32 85 374
32 86 506
32 87 372
32 88 759
32 89 192
32 90 153
32 91 581
32 92 803
32 93 886
32 94 418
32 95 359
32 96 972
32 97 293
32 98 444
32 99 269
32 100 573
33 1 250
33 2 366
33 3 852
33 4 75
33 5 514
33 6 666
33 7 876
33 8 797
33 9 324
33 10 731
33 11 1120
33 12 1149
33 13 556
33 14 740
33 15 658
33 16 765
33 17 639
33 18 755
33 19 866
33 20 371
33 21 720
33 22 752
33 23 937
33 24 884
33 25 114
33 26 949
33 27 758
33 28 552
33 29 680
33 30 354
33 31 460
33 32 987
33 34 112
33 35 919
33 36 418
33 37 913
33 38 75
33 39 878
33 40 497
33 41 1062
33 42 925
33 43 780
33 44 827
33 45 783
33 46 862
33 47 777
33 48 359
33 49 1182
33 50 729
33 51 598
33 52 68
33 53 755
33 54 768
33 55 350
33 56 1015
33 57 252
33 58 499
33 59 254
33 60 611
33 61 544
33 62 839
33 63 730
33 64 764
33 65 927
33 66 902
33 67 756
33 68 554
33 69 780
33 70 206
33 71 970
33 72 693
33 73 258
33 74 602
33 75 841
33 76 574
33 77 866
33 78 488
33 79 780
33 80 894
33 81 65
33 82 876
33 83 70
33 84 622
33 85 824
33 86 952
33 87 894
33 88 546
33 89 862
33 90 835
33 91 901
33 92 191
33 93 203
33 94 599
33 95 628
33 96 892
33 97 772
33 98 881
33 99 773
33 100 432
34 1 176
34 2 272
34 3 794
34 4 186
34 5 531
34 6 666
34 7 873
34 8 798
34 9 361
34 10 631
34 11 1036
34 12 1056
34 13 517
34 14 663
34 15 559
34 16 656
34 17 536
34 18 761
34 19 770
34 20 263
34 21 609
34 22 698
34 23 834
34 24 799
34 25 156
34 26 856
34 27 727
34 28 465
34 29 597
34 30 311
34 31 481
34 32 929
34 33 112
34 35 884
34 36 427
34 37 810
34 38 130
34 39 767
34 40 486
34 41 964
34 42 840
34 43 714
34 44 813
34 45 693
34 46 862
34 47 668
34 48 256
34 49 1101
34 50 700
34 51 602
34 52 165
34 53 737
34 54 750
34 55 270
34 56 917
34 57 300
34 58 388
34 59 168
34 60 565
34 61 526
34 62 745
34 63 688
34 64 713
34 65 900
34 66 812
34 67 715
34 68 443
34 69 734
34 70 257
34 71 876
34 72 692
34 73 304
34 74 596
34 75 744
34 76 467
34 77 767
34 78 420
34 79 783
34 80 807
34 81 65
34 82 765
34 83 153
34 84 511
34 85 806
34 86 853
34 87 804
34 88 435
34 89 820
34 90 779
34 91 797
34 92 184
34 93 92
34 94 565
34 95 572
34 96 782
34 97 694
34 98 873
34 99 735
34 100 404
35 1 715
35 2 688
35 3 215
35 4 950
35 5 501
35 6 346
35 7 266
35 8 293
35 9 668
35 10 654
35 11 546
35 12 681
35 13 367
35 14 397
35 15 643
35 16 1067
35 17 694
35 18 341
35 19 601
35 20 792
35 21 985
35 22 231
35 23 751
35 24 473
35 25 813
35 26 586
35 27 164
35 28 548
35 29 474
35 30 573
35 31 543
35 32 223
35 33 919
35 34 884
35 36 540
35 37 750
35 38 848
35 39 1027
35 40 439
35 41 727
35 42 477
35 43 297
35 44 182
35 45 527
35 46 280
35 47 1077
35 48 968
35 49 551
35 50 194
35 51 398
35 52 983
35 53 206
35 54 196
35 55 644
35 56 687
35 57 733
35 58 893
35 59 734
35 60 324
35 61 385
35 62 584
35 63 201
35 64 203
35 65 71
35 66 541
35 67 173
35 68 901
35 69 168
35 70 762
35 71 613
35 72 322
35 73 722
35 74 362
35 75 628
35 76 1008
35 77 655
35 78 498
35 79 315
35 80 497
35 81 869
35 82 1045
35 83 988
35 84 879
35 85 163
35 86 685
35 87 544
35 88 824
35 89 82
35 90 200
35 91 743
35 92 728
35 93 862
35 94 320
35 95 339
35 96 1100
35 97 403
35 98 223
35 99 150
35 100 487
36 1 317
36 2 395
36 3 545
36 4 429
36 5 108
36 6 249
36 7 459
36 8 380
36 9 128
36 10 662
36 11 894
36 12 972
36 13 236
36 14 523
36 15 599
36 16 913
36 17 617
36 18 338
36 19 735
36 20 494
36 21 841
36 22 440
36 23 860
36 24 686
36 25 304
36 26 789
36 27 378
36 28 440
36 29 512
36 30 198
36 31 69
36 32 667
36 33 418
36 34 427
36 35 540
36 37 843
36 38 344
36 39 961
36 40 105
36 41 934
36 42 721
36 43 509
36 44 419
36 45 632
36 46 445
36 47 926
36 48 620
36 49 938
36 50 348
36 51 181
36 52 473
36 53 352
36 54 365
36 55 327
36 56 883
36 57 195
36 58 650
36 59 347
36 60 301
36 61 160
36 62 706
36 63 384
36 64 439
36 65 532
36 66 732
36 67 403
36 68 689
36 69 439
36 70 230
36 71 817
36 72 277
36 73 185
36 74 190
36 75 730
36 76 767
36 77 762
36 78 318
36 79 362
36 80 706
36 81 386
36 82 969
36 83 484
36 84 719
36 85 419
36 86 838
36 87 728
36 88 634
36 89 502
36 90 521
36 91 831
36 92 243
36 93 452
36 94 251
36 95 351
36 96 1007
36 97 556
36 98 467
36 99 410
36 100 142
37 1 680
37 2 552
37 3 535
37 4 984
37 5 908
37 6 881
37 7 963
37 8 939
37 9 917
37 10 188
37 11 398
37 12 319
37 13 644
37 14 377
37 15 261
37 16 454
37 17 275
37 18 954
37 19 149
37 20 552
37 21 394
37 22 555
37 23 27
37 24 283
37 25 877
37 26 195
37 27 721
37 28 407
37 29 343
37 30 675
37 31 903
37 32 585
37 33 913
37 34 810
37 35 750
37 36 843
37 38 886
37 39 335
37 40 778
37 41 183
37 42 293
37 43 463
37 44 855
37 45 236
37 46 968
37 47 458
37 48 671
37 49 472
37 50 724
37 51 871
37 52 973
37 53 806
37 54 809
37 55 589
37 56 158
37 57 926
37 58 493
37 59 666
37 60 601
37 61 749
37 62 168
37 63 634
37 64 583
37 65 816
37 66 219
37 67 649
37 68 452
37 69 619
37 70 916
37 71 183
37 72 880
37 73 919
37 74 822
37 75 127
37 76 534
37 77 96
37 78 526
37 79 947
37 80 261
37 81 849
37 82 356
37 83 962
37 84 375
37 85 833
37 86 96
37 87 213
37 88 407
37 89 674
37 90 552
37 91 13
37 92 802
37 93 725
37 94 669
37 95 540
37 96 415
37 97 358
37 98 929
37 99 674
37 100 702
38 1 208
38 2 335
38 3 789
38 4 110
38 5 440
38 6 591
38 7 801
38 8 723
38 9 253
38 10 700
38 11 1070
38 12 1107
38 13 488
38 14 687
38 15 627
38 16 776
38 17 614
38 18 681
38 19 828
38 20 361
38 21 724
38 22 688
38 23 909
38 24 836
38 25 40
38 26 908
38 27 687
38 28 508
38 29 633
38 30 290
38 31 387
38 32 924
38 33 75
38 34 130
38 35 848
38 36 344
38 37 886
38 39 878
38 40 423
38 41 1028
38 42 877
38 43 721
38 44 754
38 45 741
38 46 788
38 47 789
38 48 385
38 49 1130
38 50 658
38 51 524
38 52 135
38 53 682
38 54 695
38 55 306
38 56 979
38 57 183
38 58 504
38 59 220
38 60 545
38 61 471
38 62 800
38 63 662
38 64 698
38 65 855
38 66 858
38 67 687
38 68 557
38 69 713
38 70 138
38 71 930
38 72 619
38 73 189
38 74 528
38 75 806
38 76 591
38 77 832
38 78 433
38 79 706
38 80 848
38 81 66
38 82 877
38 83 142
38 84 619
38 85 751
38 86 918
38 87 851
38 88 538
38 89 793
38 90 772
38 91 873
38 92 122
38 93 210
38 94 530
38 95 566
38 96 898
38 97 720
38 98 808
38 99 703
38 100 362
39 1 702
39 2 582
39 3 819
39 4 953
39 5 1051
39 6 1074
39 7 1202
39 8 1161
39 9 996
39 10 374
39 11 732
39 12 638
39 13 822
39 14 631
39 15 400
39 16 164
39 17 360
39 18 1162
39 19 459
39 20 519
39 21 164
39 22 807
39 23 352
39 24 594
39 25 884
39 26 526
39 27 961
39 28 545
39 29 561
39 30 766
39 31 1029
39 32 895
39 33 878
39 34 767
39 35 1027
39 36 961
39 37 335
39 38 878
39 40 929
39 41 495
39 42 614
39 43 730
39 44 1097
39 45 505
39 46 1203
39 47 160
39 48 546
39 49 805
39 50 955
39 51 1045
39 52 923
39 53 1034
39 54 1041
39 55 645
39 56 485
39 57 979
39 58 379
39 59 677
39 60 801
39 61 918
39 62 464
39 63 874
39 64 837
39 65 1088
39 66 539
39 67 894
39 68 324
39 69 875
39 70 954
39 71 517
39 72 1082
39 73 975
39 74 1003
39 75 421
39 76 337
39 77 404
39 78 662
39 79 1163
39 80 576
39 81 823
39 82 22
39 83 906
39 84 260
39 85 1077
39 86 430
39 87 531
39 88 344
39 89 947
39 90 829
39 91 333
39 92 834
39 93 676
39 94 863
39 95 747
39 96 81
39 97 626
39 98 1174
39 99 923
39 100 831
40 1 347
40 2 392
40 3 443
40 4 518
40 5 131
40 6 185
40 7 387
40 8 313
40 9 232
40 10 604
40 11 798
40 12 883
40 13 143
40 14 437
40 15 547
40 16 898
40 17 573
40 18 282
40 19 660
40 20 500
40 21 821
40 22 339
40 23 793
40 24 599
40 25 385
40 26 707
40 27 276
40 28 389
40 29 439
40 30 202
40 31 136
40 32 564
40 33 497
40 34 486
40 35 439
40 36 105
40 37 778
40 38 423
40 39 929
40 41 855
40 42 632
40 43 413
40 44 331
40 45 557
40 46 376
40 47 911
40 48 647
40 49 839
40 50 246
40 51 129
40 52 556
40 53 259
40 54 272
40 55 326
40 56 804
40 57 294
40 58 648
40 59 375
40 60 205
40 61 56
40 62 632
40 63 280
40 64 336
40 65 436
40 66 650
40 67 299
40 68 681
40 69 335
40 70 324
40 71 735
40 72 208
40 73 284
40 74 110
40 75 660
40 76 768
40 77 692
40 78 268
40 79 300
40 80 620
40 81 456
40 82 938
40 83 565
40 84 699
40 85 328
40 86 764
40 87 646
40 88 618
40 89 398
40 90 418
40 91 766
40 92 310
40 93 494
40 94 149
40 95 260
40 96 981
40 97 470
40 98 388
40 99 306
40 100 107
41 1 820
41 2 697
41 3 521
41 4 1131
41 5 983
41 6 925
41 7 969
41 8 960
41 9 1024
41 10 334
41 11 259
41 12 144
41 13 713
41 14 421
41 15 406
41 16 629
41 17 435
41 18 984
41 19 204
41 20 714
41 21 574
41 22 574
41 23 158
41 24 270
41 25 1014
41 26 152
41 27 739
41 28 526
41 29 424
41 30 789
41 31 987
41 32 527
41 33 1062
41 34 964
41 35 727
41 36 934
41 37 183
41 38 1028
41 39 495
41 40 855
41 42 253
41 43 478
41 44 863
41 45 303
41 46 978
41 47 632
41 48 846
41 49 324
41 50 749
41 51 929
41 52 1125
41 53 827
41 54 828
41 55 724
41 56 52
41 57 1044
41 58 671
41 59 810
41 60 659
41 61 817
41 62 232
41 63 658
41 64 597
41 65 797
41 66 209
41 67 665
41 68 632
41 69 629
41 70 1040
41 71 123
41 72 919
41 73 1036
41 74 878
41 75 222
41 76 716
41 77 198
41 78 631
41 79 972
41 80 246
41 81 998
41 82 517
41 83 1116
41 84 556
41 85 840
41 86 112
41 87 211
41 88 583
41 89 662
41 90 544
41 91 191
41 92 933
41 93 884
41 94 727
41 95 598
41 96 573
41 97 391
41 98 930
41 99 687
41 100 795
42 1 675
42 2 571
42 3 269
42 4 985
42 5 756
42 6 682
42 7 717
42 8 709
42 9 825
42 10 289
42 11 196
42 12 252
42 13 489
42 14 200
42 15 331
42 16 703
42 17 383
42 18 735
42 19 156
42 20 625
42 21 629
42 22 326
42 23 287
42 24 42
42 25 856
42 26 110
42 27 488
42 28 376
42 29 245
42 30 607
42 31 767
42 32 294
42 33 925
42 34 840
42 35 477
42 36 721
42 37 293
42 38 877
42 39 614
42 40 632
42 41 253
42 43 232
42 44 611
42 45 160
42 46 725
42 47 710
42 48 789
42 49 264
42 50 500
42 51 691
42 52 992
42 53 577
42 54 577
42 55 576
42 56 210
42 57 857
42 58 640
42 59 674
42 60 429
42 61 588
42 62 156
42 63 410
42 64 348
42 65 547
42 66 76
42 67 415
42 68 619
42 69 377
42 70 862
42 71 136
42 72 673
42 73 848
42 74 640
42 75 196
42 76 723
42 77 211
42 78 449
42 79 722
42 80 43
42 81 861
42 82 635
42 83 987
42 84 562
42 85 587
42 86 213
42 87 84
42 88 550
42 89 410
42 90 291
42 91 290
42 92 767
42 93 774
42 94 493
42 95 372
42 96 694
42 97 166
42 98 678
42 99 435
42 100 590
43 1 539
43 2 468
43 3 98
43 4 830
43 5 532
43 6 451
43 7 502
43 8 484
43 9 624
43 10 358
43 11 386
43 12 479
43 13 274
43 14 101
43 15 351
43 16 775
43 17 405
43 18 507
43 19 317
43 20 554
43 21 693
43 22 96
43 23 468
43 24 209
43 25 693
43 26 327
43 27 263
43 28 288
43 29 184
43 30 433
43 31 548
43 32 222
43 33 780
43 34 714
43 35 297
43 36 509
43 37 463
43 38 721
43 39 730
43 40 413
43 41 478
43 42 232
43 44 394
43 45 233
43 46 508
43 47 785
43 48 733
43 49 430
43 50 272
43 51 461
43 52 847
43 53 351
43 54 353
43 55 446
43 56 431
43 57 666
43 58 626
43 59 548
43 60 209
43 61 365
43 62 296
43 63 181
43 64 122
43 65 359
43 66 272
43 67 189
43 68 625
43 69 157
43 70 679
43 71 356
43 72 443
43 73 656
43 74 410
43 75 338
43 76 734
43 77 368
43 78 295
43 79 496
43 80 233
43 81 719
43 82 748
43 83 847
43 84 594
43 85 371
43 86 412
43 87 273
43 88 549
43 89 217
43 90 101
43 91 455
43 92 602
43 93 667
43 94 268
43 95 162
43 96 804
43 97 108
43 98 466
43 99 213
43 100 390
44 1 659
44 2 665
44 3 344
44 4 846
44 5 354
44 6 186
44 7 108
44 8 112
44 9 541
44 10 728
44 11 711
44 12 837
44 13 321
44 14 480
44 15 699
44 16 1110
44 17 744
44 18 161
44 19 710
44 20 775
44 21 1029
44 22 301
44 23 861
44 24 597
44 25 715
44 26 715
44 27 137
44 28 571
44 29 538
44 30 509
44 31 403
44 32 395
44 33 827
44 34 813
44 35 182
44 36 419
44 37 855
44 38 754
44 39 1097
44 40 331
44 41 863
44 42 611
44 43 394
44 45 621
44 46 115
44 47 1122
44 48 942
44 49 723
44 50 145
44 51 250
44 52 886
44 53 77
44 54 65
44 55 609
44 56 818
44 57 612
44 58 901
44 59 683
44 60 310
44 61 287
44 62 688
44 63 225
44 64 273
44 65 135
44 66 663
44 67 208
44 68 919
44 69 238
44 70 648
44 71 743
44 72 157
44 73 602
44 74 229
44 75 729
44 76 1021
44 77 760
44 78 486
44 79 134
44 80 621
44 81 786
44 82 1112
44 83 895
44 84 913
44 85 24
44 86 805
44 87 664
44 88 846
44 89 211
44 90 320
44 91 847
44 92 640
44 93 809
44 94 269
44 95 354
44 96 1164
44 97 498
44 98 78
44 99 182
44 100 411
45 1 534
45 2 421
45 3 315
45 4 847
45 5 687
45 6 647
45 7 729
45 8 703
45 9 722
45 10 142
45 11 351
45 12 367
45 13 418
45 14 142
45 15 172
45 16 569
45 17 225
45 18 718
45 19 104
45 20 468
45 21 491
45 22 321
45 23 246
45 24 122
45 25 723
45 26 168
45 27 486
45 28 233
45 29 121
45 30 488
45 31 687
45 32 395
45 33 783
45 34 693
45 35 527
45 36 632
45 37 236
45 38 741
45 39 505
45 40 557
45 41 303
45 42 160
45 43 233
45 44 621
45 46 733
45 47 577
45 48 629
45 49 422
45 50 488
45 51 641
45 52 849
45 53 570
45 54 574
45 55 435
45 56 252
45 57 743
45 58 482
45 59 530
45 60 369
45 61 523
45 62 76
45 63 399
45 64 349
45 65 591
45 66 119
45 67 414
45 68 463
45 69 386
45 70 742
45 71 192
45 72 646
45 73 735
45 74 591
45 75 110
45 76 569
45 77 142
45 78 329
45 79 712
45 80 120
45 81 718
45 82 523
45 83 842
45 84 411
45 85 599
45 86 208
45 87 112
45 88 392
45 89 448
45 90 328
45 91 227
45 92 638
45 93 622
45 94 438
45 95 308
45 96 581
45 97 126
45 98 695
45 99 440
45 100 493
46 1 721
46 2 744
46 3 458
46 4 872
46 5 359
46 6 197
46 7 20
46 8 66
46 9 555
46 10 836
46 11 821
46 12 949
46 13 404
46 14 592
46 15 803
46 16 1208
46 17 846
46 18 116
46 19 824
46 20 854
46 21 1127
46 22 414
46 23 975
46 24 711
46 25 749
46 26 829
46 27 248
46 28 669
46 29 646
46 30 572
46 31 412
46 32 501
46 33 862
46 34 862
46 35 280
46 36 445
46 37 968
46 38 788
46 39 1203
46 40 376
46 41 978
46 42 725
46 43 508
46 44 115
46 45 733
46 47 1220
46 48 1014
46 49 829
46 50 249
46 51 265
46 52 917
46 53 169
46 54 162
46 55 683
46 56 933
46 57 630
46 58 988
46 59 747
46 60 406
46 61 345
46 62 802
46 63 335
46 64 387
46 65 218
46 66 777
46 67 320
46 68 1010
46 69 352
46 70 670
46 71 858
46 72 170
46 73 621
46 74 267
46 75 842
46 76 1109
46 77 873
46 78 574
46 79 86
46 80 736
46 81 827
46 82 1217
46 83 928
46 84 1010
46 85 138
46 86 919
46 87 779
46 88 939
46 89 322
46 90 434
46 91 959
46 92 682
46 93 869
46 94 354
46 95 456
46 96 1268
46 97 611
46 98 60
46 99 295
46 100 472
47 1 637
47 2 533
47 3 879
47 4 851
47 5 1024
47 6 1072
47 7 1222
47 8 1172
47 9 941
47 10 436
47 11 852
47 12 773
47 13 823
47 14 684
47 15 435
47 16 13
47 17 383
47 18 1165
47 19 557
47 20 446
47 21 94
47 22 848
47 23 479
47 24 683
47 25 801
47 26 637
47 27 988
47 28 552
47 29 604
47 30 728
47 31 995
47 32 972
47 33 777
47 34 668
47 35 1077
47 36 926
47 37 458
47 38 789
47 39 160
47 40 911
47 41 632
47 42 710
47 43 785
47 44 1122
47 45 577
47 46 1220
47 48 426
47 49 927
47 50 978
47 51 1034
47 52 815
47 53 1053
47 54 1062
47 55 600
47 56 614
47 57 913
47 58 289
47 59 609
47 60 815
47 61 910
47 62 555
47 63 905
47 64 878
47 65 1131
47 66 638
47 67 928
47 68 241
47 69 915
47 70 882
47 71 633
47 72 1084
47 73 910
47 74 997
47 75 515
47 76 207
47 77 507
47 78 654
47 79 1171
47 80 669
47 81 729
47 82 144
47 83 796
47 84 213
47 85 1103
47 86 552
47 87 629
47 88 293
47 89 995
47 90 885
47 91 453
47 92 765
47 93 580
47 94 870
47 95 768
47 96 126
47 97 687
47 98 1199
47 99 957
47 100 807
48 1 304
48 2 281
48 3 826
48 4 430
48 5 727
48 6 830
48 7 1022
48 8 954
48 9 589
48 10 523
48 11 978
48 12 962
48 13 623
48 14 654
48 15 463
48 16 415
48 17 419
48 18 928
48 19 678
48 20 180
48 21 382
48 22 750
48 23 698
48 24 749
48 25 406
48 26 772
48 27 831
48 28 447
48 29 570
48 30 446
48 31 684
48 32 954
48 33 359
48 34 256
48 35 968
48 36 620
48 37 671
48 38 385
48 39 546
48 40 647
48 41 846
48 42 789
48 43 733
48 44 942
48 45 629
48 46 1014
48 47 426
48 49 1050
48 50 809
48 51 774
48 52 391
48 53 866
48 54 878
48 55 334
48 56 807
48 57 541
48 58 183
48 59 274
48 60 649
48 61 671
48 62 659
48 63 769
48 64 773
48 65 1001
48 66 740
48 67 797
48 68 233
48 69 804
48 70 502
48 71 784
48 72 851
48 73 541
48 74 754
48 75 643
48 76 220
48 77 657
48 78 471
48 79 945
48 80 749
48 81 320
48 82 540
48 83 372
48 84 313
48 85 930
48 86 737
48 87 731
48 88 265
48 89 893
48 90 820
48 91 660
48 92 400
48 93 181
48 94 675
48 95 631
48 96 546
48 97 676
48 98 1013
48 99 822
48 100 545
49 1 933
49 2 833
49 3 406
49 4 1239
49 5 952
49 6 843
49 7 816
49 8 832
49 9 1052
49 10 538
49 11 76
49 12 197
49 13 702
49 14 444
49 15 589
49 16 922
49 17 638
49 18 873
49 19 385
49 20 888
49 21 855
49 22 503
49 23 454
49 24 305
49 25 1106
49 26 294
49 27 632
49 28 637
49 29 505
49 30 851
49 31 974
49 32 329
49 33 1182
49 34 1101
49 35 551
49 36 938
49 37 472
49 38 1130
49 39 805
49 40 839
49 41 324
49 42 264
49 43 430
49 44 723
49 45 422
49 46 829
49 47 927
49 48 1050
49 50 653
49 51 870
49 52 1249
49 53 715
49 54 711
49 55 834
49 56 321
49 57 1093
49 58 896
49 59 934
49 60 637
49 61 789
49 62 398
49 63 576
49 64 512
49 65 618
49 66 313
49 67 569
49 68 870
49 69 527
49 70 1103
49 71 295
49 72 828
49 73 1084
49 74 821
49 75 426
49 76 970
49 77 425
49 78 698
49 79 852
49 80 302
49 81 1118
49 82 827
49 83 1245
49 84 806
49 85 700
49 86 376
49 87 322
49 88 805
49 89 515
49 90 433
49 91 475
49 92 1017
49 93 1037
49 94 692
49 95 591
49 96 885
49 97 411
49 98 773
49 99 579
49 100 818
50 1 537
50 2 530
50 3 249
50 4 758
50 5 320
50 6 191
50 7 247
50 8 215
50 9 476
50 10 588
50 11 627
50 12 740
50 13 189
50 14 347
50 15 556
50 16 966
50 17 600
50 18 236
50 19 582
50 20 639
50 21 884
50 22 176
50 23 732
50 24 480
50 25 621
50 26 598
50 27 31
50 28 427
50 29 397
50 30 391
50 31 357
50 32 343
50 33 729
50 34 700
50 35 194
50 36 348
50 37 724
50 38 658
50 39 955
50 40 246
50 41 749
50 42 500
50 43 272
50 44 145
50 45 488
50 46 249
50 47 978
50 48 809
50 49 653
50 51 224
50 52 792
50 53 82
50 54 87
50 55 477
50 56 702
50 57 540
50 58 759
50 59 559
50 60 167
50 61 192
50 62 559
50 63 91
50 64 153
50 65 200
50 66 543
50 67 87
50 68 776
50 69 128
50 70 569
50 71 627
50 72 177
50 73 530
50 74 180
50 75 598
50 76 879
50 77 629
50 78 346
50 79 225
50 80 504
50 81 681
50 82 969
50 83 799
50 84 769
50 85 127
50 86 681
50 87 543
50 88 702
50 89 159
50 90 223
50 91 715
50 92 538
50 93 687
50 94 137
50 95 210
50 96 1021
50 97 369
50 98 222
50 99 75
50 100 299
51 1 473
51 2 520
51 3 464
51 4 608
51 5 106
51 6 69
51 7 279
51 8 200
51 9 295
51 10 706
51 11 839
51 12 940
51 13 229
51 14 509
51 15 656
51 16 1022
51 17 687
51 18 159
51 19 743
51 20 629
51 21 944
51 22 372
51 23 884
51 24 663
51 25 485
51 26 778
51 27 251
51 28 501
51 29 528
51 30 330
51 31 155
51 32 566
51 33 598
51 34 602
51 35 398
51 36 181
51 37 871
51 38 524
51 39 1045
51 40 129
51 41 929
51 42 691
51 43 461
51 44 250
51 45 641
51 46 265
51 47 1034
51 48 774
51 49 870
51 50 224
51 52 653
51 53 195
51 54 206
51 55 454
51 56 879
51 57 368
51 58 776
51 59 501
51 60 272
51 61 127
51 62 716
51 63 294
51 64 359
51 65 375
51 66 721
51 67 303
51 68 807
51 69 344
51 70 407
51 71 807
51 72 98
51 73 359
51 74 52
51 75 748
51 76 896
51 77 780
51 78 384
51 79 182
51 80 686
51 81 565
51 82 1056
51 83 664
51 84 822
51 85 255
51 86 846
51 87 719
51 88 743
51 89 381
51 90 438
51 91 860
51 92 420
51 93 617
51 94 203
51 95 334
51 96 1101
51 97 539
51 98 289
51 99 298
51 100 235
52 1 317
52 2 430
52 3 919
52 4 58
52 5 563
52 6 721
52 7 931
52 8 852
52 9 369
52 10 793
52 11 1187
52 12 1214
52 13 621
52 14 807
52 15 721
52 16 803
52 17 699
52 18 807
52 19 930
52 20 427
52 21 763
52 22 819
52 23 998
52 24 950
52 25 172
52 26 1014
52 27 821
52 28 618
52 29 747
52 30 421
52 31 510
52 32 1054
52 33 68
52 34 165
52 35 983
52 36 473
52 37 973
52 38 135
52 39 923
52 40 556
52 41 1125
52 42 992
52 43 847
52 44 886
52 45 849
52 46 917
52 47 815
52 48 391
52 49 1249
52 50 792
52 51 653
52 53 815
52 54 828
52 55 417
52 56 1078
52 57 294
52 58 544
52 59 319
52 60 678
52 61 605
52 62 904
52 63 795
52 64 830
52 65 989
52 66 967
52 67 821
52 68 600
52 69 846
52 70 251
52 71 1034
52 72 749
52 73 302
52 74 659
52 75 905
52 76 610
52 77 928
52 78 556
52 79 833
52 80 960
52 81 131
52 82 920
52 83 22
52 84 671
52 85 884
52 86 1014
52 87 960
52 88 597
52 89 927
52 90 902
52 91 961
52 92 256
52 93 254
52 94 664
52 95 696
52 96 932
52 97 839
52 98 938
52 99 837
52 100 496
53 1 583
53 2 590
53 3 319
53 4 776
53 5 299
53 6 142
53 7 169
53 8 134
53 9 477
53 10 669
53 11 695
53 12 813
53 13 245
53 14 429
53 15 635
53 16 1042
53 17 678
53 18 161
53 19 664
53 20 700
53 21 960
53 22 255
53 23 814
53 24 558
53 25 644
53 26 677
53 27 89
53 28 502
53 29 479
53 30 433
53 31 344
53 32 395
53 33 755
53 34 737
53 35 206
53 36 352
53 37 806
53 38 682
53 39 1034
53 40 259
53 41 827
53 42 577
53 43 351
53 44 77
53 45 570
53 46 169
53 47 1053
53 48 866
53 49 715
53 50 82
53 51 195
53 52 815
53 54 14
53 55 533
53 56 781
53 57 546
53 58 827
53 59 607
53 60 239
53 61 213
53 62 640
53 63 172
53 64 231
53 65 183
53 66 623
53 67 163
53 68 847
53 69 201
53 70 580
53 71 706
53 72 118
53 73 536
53 74 164
53 75 680
53 76 948
53 77 711
53 78 413
53 79 146
53 80 583
53 81 712
53 82 1049
53 83 824
53 84 844
53 85 70
53 86 762
53 87 623
53 88 775
53 89 204
53 90 292
53 91 797
53 92 566
53 93 733
53 94 193
53 95 288
53 96 1100
53 97 450
53 98 149
53 99 143
53 100 335
54 1 595
54 2 601
54 3 317
54 4 790
54 5 311
54 6 151
54 7 161
54 8 132
54 9 490
54 10 675
54 11 692
54 12 811
54 13 256
54 14 433
54 15 642
54 16 1050
54 17 686
54 18 163
54 19 667
54 20 711
54 21 969
54 22 257
54 23 817
54 24 559
54 25 657
54 26 678
54 27 90
54 28 511
54 29 484
54 30 446
54 31 357
54 32 389
54 33 768
54 34 750
54 35 196
54 36 365
54 37 809
54 38 695
54 39 1041
54 40 272
54 41 828
54 42 577
54 43 353
54 44 65
54 45 574
54 46 162
54 47 1062
54 48 878
54 49 711
54 50 87
54 51 206
54 52 828
54 53 14
54 55 544
54 56 782
54 57 559
54 58 837
54 59 619
54 60 248
54 61 226
54 62 643
54 63 175
54 64 232
54 65 170
54 66 624
54 67 164
54 68 857
54 69 200
54 70 593
54 71 707
54 72 127
54 73 549
54 74 177
54 75 683
54 76 958
54 77 714
54 78 423
54 79 146
54 80 584
54 81 725
54 82 1055
54 83 837
54 84 853
54 85 57
54 86 764
54 87 625
54 88 784
54 89 198
54 90 291
54 91 800
54 92 579
54 93 745
54 94 204
54 95 295
54 96 1107
54 97 453
54 98 139
54 99 142
54 100 348
55 1 100
55 2 69
55 3 529
55 4 412
55 5 428
55 6 505
55 7 690
55 8 624
55 9 352
55 10 402
55 11 771
55 12 802
55 13 290
55 14 394
55 15 329
55 16 587
55 17 326
55 18 603
55 19 523
55 20 175
55 21 516
55 22 439
55 23 612
55 24 534
55 25 291
55 26 602
55 27 500
55 28 203
55 29 331
55 30 130
55 31 396
55 32 664
55 33 350
55 34 270
55 35 644
55 36 327
55 37 589
55 38 306
55 39 645
55 40 326
55 41 724
55 42 576
55 43 446
55 44 609
55 45 435
55 46 683
55 47 600
55 48 334
55 49 834
55 50 477
55 51 454
55 52 417
55 53 533
55 54 544
55 56 674
55 57 344
55 58 325
55 59 102
55 60 321
55 61 342
55 62 495
55 63 444
55 64 458
55 65 672
55 66 554
55 67 472
55 68 363
55 69 484
55 70 328
55 71 624
55 72 523
55 73 339
55 74 427
55 75 502
55 76 444
55 77 529
55 78 154
55 79 616
55 80 544
55 81 286
55 82 650
55 83 412
55 84 395
55 85 597
55 86 615
55 87 546
55 88 309
55 89 573
55 90 517
55 91 577
55 92 213
55 93 223
55 94 342
55 95 314
55 96 685
55 97 425
55 98 680
55 99 496
55 100 220
56 1 771
56 2 649
56 3 478
56 4 1083
56 5 933
56 6 877
56 7 925
56 8 913
56 9 973
56 10 290
56 11 250
56 12 163
56 13 662
56 14 371
56 15 360
56 16 610
56 17 392
56 18 937
56 19 153
56 20 670
56 21 551
56 22 526
56 23 136
56 24 223
56 25 965
56 26 104
56 27 692
56 28 476
56 29 373
56 30 738
56 31 936
56 32 493
56 33 1015
56 34 917
56 35 687
56 36 883
56 37 158
56 38 979
56 39 485
56 40 804
56 41 52
56 42 210
56 43 431
56 44 818
56 45 252
56 46 933
56 47 614
56 48 807
56 49 321
56 50 702
56 51 879
56 52 1078
56 53 781
56 54 782
56 55 674
56 57 993
56 58 634
56 59 762
56 60 609
56 61 767
56 62 182
56 63 611
56 64 551
56 65 756
56 66 160
56 67 619
56 68 597
56 69 583
56 70 990
56 71 75
56 72 871
56 73 985
56 74 828
56 75 174
56 76 686
56 77 153
56 78 580
56 79 926
56 80 198
56 81 950
56 82 507
56 83 1070
56 84 524
56 85 795
56 86 70
56 87 161
56 88 545
56 89 619
56 90 500
56 91 164
56 92 883
56 93 838
56 94 677
56 95 548
56 96 564
56 97 341
56 98 887
56 99 641
56 100 744
57 1 278
57 2 399
57 3 717
57 4 245
57 5 273
57 6 436
57 7 645
57 8 565
57 9 76
57 10 738
57 11 1042
57 12 1102
57 13 401
57 14 658
57 15 667
57 16 900
57 17 669
57 18 518
57 19 841
57 20 467
57 21 838
57 22 611
57 23 947
57 24 819
57 25 147
57 26 909
57 27 570
57 28 522
57 29 625
57 30 256
57 31 219
57 32 845
57 33 252
57 34 300
57 35 733
57 36 195
57 37 926
57 38 183
57 39 979
57 40 294
57 41 1044
57 42 857
57 43 666
57 44 612
57 45 743
57 46 630
57 47 913
57 48 541
57 49 1093
57 50 540
57 51 368
57 52 294
57 53 546
57 54 559
57 55 344
57 56 993
57 58 624
57 59 305
57 60 466
57 61 349
57 62 812
57 63 566
57 64 615
57 65 727
57 66 854
57 67 588
57 68 673
57 69 621
57 70 46
57 71 934
57 72 465
57 73 11
57 74 384
57 75 827
57 76 727
57 77 857
57 78 415
57 79 545
57 80 835
57 81 243
57 82 982
57 83 310
57 84 722
57 85 613
57 86 939
57 87 849
57 88 636
57 89 690
57 90 695
57 91 913
57 92 148
57 93 360
57 94 430
57 95 504
57 96 1011
57 97 692
57 98 657
57 99 598
57 100 277
58 1 350
58 2 257
58 3 723
58 4 574
58 5 752
58 6 822
58 7 992
58 8 934
58 9 655
58 10 359
58 11 822
58 12 792
58 13 585
58 14 536
58 15 310
58 16 276
58 17 259
58 18 918
58 19 515
58 20 159
58 21 222
58 22 664
58 23 519
58 24 603
58 25 513
58 26 609
58 27 776
58 28 346
58 29 448
58 30 455
58 31 719
58 32 841
58 33 499
58 34 388
58 35 893
58 36 650
58 37 493
58 38 504
58 39 379
58 40 648
58 41 671
58 42 640
58 43 626
58 44 901
58 45 482
58 46 988
58 47 289
58 48 183
58 49 896
58 50 759
58 51 776
58 52 544
58 53 827
58 54 837
58 55 325
58 56 634
58 57 624
58 59 321
58 60 593
58 61 657
58 62 499
58 63 701
58 64 691
58 65 936
58 66 583
58 67 728
58 68 56
58 69 726
58 70 594
58 71 618
58 72 837
58 73 622
58 74 745
58 75 477
58 76 122
58 77 487
58 78 415
58 79 929
58 80 599
58 81 447
58 82 377
58 83 528
58 84 132
58 85 885
58 86 564
58 87 574
58 88 92
58 89 813
58 90 722
58 91 482
58 92 477
58 93 298
58 94 635
58 95 559
58 96 395
58 97 552
58 98 976
58 99 756
58 100 542
59 1 31
59 2 115
59 3 630
59 4 321
59 5 455
59 6 559
59 7 756
59 8 686
59 9 335
59 10 481
59 11 870
59 12 896
59 13 371
59 14 495
59 15 408
59 16 596
59 17 394
59 18 657
59 19 613
59 20 163
59 21 533
59 22 537
59 23 690
59 24 633
59 25 214
59 26 696
59 27 584
59 28 300
59 29 430
59 30 176
59 31 413
59 32 764
59 33 254
59 34 168
59 35 734
59 36 347
59 37 666
59 38 220
59 39 677
59 40 375
59 41 810
59 42 674
59 43 548
59 44 683
59 45 530
59 46 747
59 47 609
59 48 274
59 49 934
59 50 559
59 51 501
59 52 319
59 53 607
59 54 619
59 55 102
59 56 762
59 57 305
59 58 321
59 60 411
59 61 403
59 62 586
59 63 535
59 64 554
59 65 757
59 66 649
59 67 562
59 68 369
59 69 578
59 70 277
59 71 716
59 72 581
59 73 302
59 74 483
59 75 589
59 76 430
59 77 614
59 78 254
59 79 675
59 80 642
59 81 189
59 82 680
59 83 313
59 84 419
59 85 674
59 86 700
59 87 641
59 88 334
59 89 666
59 90 616
59 91 653
59 92 158
59 93 129
59 94 422
59 95 411
59 96 707
59 97 526
59 98 750
59 99 585
59 100 276
60 1 394
60 2 368
60 3 251
60 4 652
60 5 328
60 6 281
60 7 407
60 8 360
60 9 418
60 10 445
60 11 594
60 12 680
60 13 66
60 14 239
60 15 403
60 16 803
60 17 443
60 18 362
60 19 471
60 20 475
60 21 722
60 22 146
60 23 613
60 24 398
60 25 513
60 26 509
60 27 184
60 28 264
60 29 260
60 30 259
60 31 341
60 32 383
60 33 611
60 34 565
60 35 324
60 36 301
60 37 601
60 38 545
60 39 801
60 40 205
60 41 659
60 42 429
60 43 209
60 44 310
60 45 369
60 46 406
60 47 815
60 48 649
60 49 637
60 50 167
60 51 272
60 52 678
60 53 239
60 54 248
60 55 321
60 56 609
60 57 466
60 58 593
60 59 411
60 61 160
60 62 444
60 63 124
60 64 153
60 65 353
60 66 451
60 67 152
60 68 610
60 69 170
60 70 484
60 71 537
60 72 284
60 73 456
60 74 222
60 75 477
60 76 712
60 77 510
60 78 181
60 79 362
60 80 419
60 81 556
60 82 815
60 83 681
60 84 605
60 85 293
60 86 575
60 87 449
60 88 537
60 89 255
60 90 230
60 91 590
60 92 424
60 93 539
60 94 69
60 95 62
60 96 864
60 97 270
60 98 386
60 99 175
60 100 191
61 1 377
61 2 405
61 3 389
61 4 569
61 5 168
61 6 165
61 7 353
61 8 284
61 9 288
61 10 582
61 11 750
61 12 839
61 13 106
61 14 397
61 15 529
61 16 898
61 17 560
61 18 262
61 19 626
61 20 515
61 21 819
61 22 287
61 23 763
61 24 557
61 25 434
61 26 668
61 27 222
61 28 374
61 29 408
61 30 228
61 31 185
61 32 509
61 33 544
61 34 526
61 35 385
61 36 160
61 37 749
61 38 471
61 39 918
61 40 56
61 41 817
61 42 588
61 43 365
61 44 287
61 45 523
61 46 345
61 47 910
61 48 671
61 49 789
61 50 192
61 51 127
61 52 605
61 53 213
61 54 226
61 55 342
61 56 767
61 57 349
61 58 657
61 59 403
61 60 160
61 62 598
61 63 225
61 64 282
61 65 384
61 66 610
61 67 243
61 68 686
61 69 280
61 70 377
61 71 696
61 72 182
61 73 339
61 74 88
61 75 629
61 76 778
61 77 661
61 78 258
61 79 275
61 80 579
61 81 500
61 82 929
61 83 613
61 84 698
61 85 282
61 86 730
61 87 607
61 88 620
61 89 343
61 90 365
61 91 738
61 92 354
61 93 526
61 94 98
61 95 219
61 96 975
61 97 429
61 98 349
61 99 251
61 100 128
62 1 593
62 2 474
62 3 369
62 4 905
62 5 762
62 6 721
62 7 796
62 8 774
62 9 793
62 10 140
62 11 324
62 12 312
62 13 493
62 14 213
62 15 197
62 16 548
62 17 241
62 18 790
62 19 29
62 20 507
62 21 473
62 22 388
62 23 174
62 24 131
62 25 785
62 26 114
62 27 555
62 28 295
62 29 195
62 30 557
62 31 762
62 32 431
62 33 839
62 34 745
62 35 584
62 36 706
62 37 168
62 38 800
62 39 464
62 40 632
62 41 232
62 42 156
62 43 296
62 44 688
62 45 76
62 46 802
62 47 555
62 48 659
62 49 398
62 50 559
62 51 716
62 52 904
62 53 640
62 54 643
62 55 495
62 56 182
62 57 812
62 58 499
62 59 586
62 60 444
62 61 598
62 63 468
62 64 416
62 65 650
62 66 87
62 67 482
62 68 472
62 69 452
62 70 809
62 71 131
62 72 719
62 73 804
62 74 666
62 75 45
62 76 573
62 77 72
62 78 399
62 79 783
62 80 115
62 81 774
62 82 484
62 83 896
62 84 411
62 85 666
62 86 133
62 87 78
62 88 408
62 89 508
62 90 385
62 91 160
62 92 702
62 93 670
62 94 513
62 95 383
62 96 543
62 97 191
62 98 762
62 99 507
62 100 566
63 1 517
63 2 488
63 3 171
63 4 767
63 5 379
63 6 274
63 7 332
63 8 306
63 9 509
63 10 504
63 11 546
63 12 653
63 13 174
63 14 258
63 15 477
63 16 894
63 17 524
63 18 327
63 19 492
63 20 593
63 21 812
63 22 85
63 23 642
63 24 389
63 25 628
63 26 507
63 27 88
63 28 360
63 29 313
63 30 379
63 31 407
63 32 284
63 33 730
63 34 688
63 35 201
63 36 384
63 37 634
63 38 662
63 39 874
63 40 280
63 41 658
63 42 410
63 43 181
63 44 225
63 45 399
63 46 335
63 47 905
63 48 769
63 49 576
63 50 91
63 51 294
63 52 795
63 53 172
63 54 175
63 55 444
63 56 611
63 57 566
63 58 701
63 59 535
63 60 124
63 61 225
63 62 468
63 64 66
63 65 236
63 66 452
63 67 29
63 68 713
63 69 56
63 70 589
63 71 536
63 72 264
63 73 556
63 74 245
63 75 508
63 76 819
63 77 539
63 78 299
63 79 316
63 80 413
63 81 676
63 82 889
63 83 799
63 84 700
63 85 204
63 86 590
63 87 452
63 88 638
63 89 133
63 90 145
63 91 625
63 92 540
63 93 662
63 94 137
63 95 143
63 96 942
63 97 278
63 98 301
63 99 55
63 100 301
64 1 539
64 2 496
64 3 108
64 4 805
64 5 441
64 6 339
64 7 381
64 8 363
64 9 562
64 10 464
64 11 481
64 12 588
64 13 215
64 14 210
64 15 445
64 16 867
64 17 495
64 18 388
64 19 438
64 20 595
64 21 785
64 22 30
64 23 589
64 24 328
64 25 666
64 26 447
64 27 142
64 28 346
64 29 277
64 30 410
64 31 466
64 32 231
64 33 764
64 34 713
64 35 203
64 36 439
64 37 583
64 38 698
64 39 837
64 40 336
64 41 597
64 42 348
64 43 122
64 44 273
64 45 349
64 46 387
64 47 878
64 48 773
64 49 512
64 50 153
64 51 359
64 52 830
64 53 231
64 54 232
64 55 458
64 56 551
64 57 615
64 58 691
64 59 554
64 60 153
64 61 282
64 62 416
64 63 66
64 65 254
64 66 393
64 67 68
64 68 698
64 69 39
64 70 635
64 71 476
64 72 328
64 73 604
64 74 309
64 75 457
64 76 806
64 77 487
64 78 307
64 79 376
64 80 353
64 81 708
64 82 853
64 83 833
64 84 678
64 85 251
64 86 533
64 87 394
64 88 622
64 89 122
64 90 83
64 91 574
64 92 577
64 93 680
64 94 188
64 95 145
64 96 907
64 97 225
64 98 347
64 99 92
64 100 343
65 1 736
65 2 720
65 3 283
65 4 952
65 5 480
65 6 316
65 7 202
65 8 241
65 9 658
65 10 714
65 11 616
65 12 751
65 13 386
65 14 457
65 15 698
65 16 1121
65 17 749
65 18 294
65 19 668
65 20 827
65 21 1038
65 22 283
65 23 818
65 24 541
65 25 818
65 26 656
65 27 174
65 28 593
65 29 530
65 30 590
65 31 526
65 32 291
65 33 927
65 34 900
65 35 71
65 36 532
65 37 816
65 38 855
65 39 1088
65 40 436
65 41 797
65 42 547
65 43 359
65 44 135
65 45 591
65 46 218
65 47 1131
65 48 1001
65 49 618
65 50 200
65 51 375
65 52 989
65 53 183
65 54 170
65 55 672
65 56 756
65 57 727
65 58 936
65 59 757
65 60 353
65 61 384
65 62 650
65 63 236
65 64 254
65 66 609
65 67 209
65 68 947
65 69 216
65 70 759
65 71 683
65 72 289
65 73 716
65 74 346
65 75 694
65 76 1053
65 77 721
65 78 532
65 79 265
65 80 566
65 81 880
65 82 1104
65 83 996
65 84 930
65 85 123
65 86 754
65 87 612
65 88 871
65 89 143
65 90 265
65 91 809
65 92 736
65 93 885
65 94 336
65 95 378
65 96 1159
65 97 466
65 98 159
65 99 181
65 100 498
66 1 653
66 2 540
66 3 327
66 4 965
66 5 777
66 6 718
66 7 770
66 8 756
66 9 829
66 10 226
66 11 239
66 12 250
66 13 507
66 14 214
66 15 277
66 16 631
66 17 325
66 18 778
66 19 82
66 20 583
66 21 558
66 22 368
66 23 215
66 24 68
66 25 840
66 26 58
66 27 535
66 28 351
66 29 230
66 30 600
66 31 783
66 32 367
66 33 902
66 34 812
66 35 541
66 36 732
66 37 219
66 38 858
66 39 539
66 40 650
66 41 209
66 42 76
66 43 272
66 44 663
66 45 119
66 46 777
66 47 638
66 48 740
66 49 313
66 50 543
66 51 721
66 52 967
66 53 623
66 54 624
66 55 554
66 56 160
66 57 854
66 58 583
66 59 649
66 60 451
66 61 610
66 62 87
66 63 452
66 64 393
66 65 609
66 67 461
66 68 558
66 69 426
66 70 855
66 71 87
66 72 712
66 73 846
66 74 670
66 75 123
66 76 660
66 77 135
66 78 441
66 79 768
66 80 44
66 81 837
66 82 559
66 83 961
66 84 497
66 85 640
66 86 145
66 87 10
66 88 492
66 89 469
66 90 348
66 91 215
66 92 754
66 93 740
66 94 519
66 95 391
66 96 618
66 97 183
66 98 733
66 99 484
66 100 596
67 1 544
67 2 516
67 3 164
67 4 792
67 5 392
67 6 276
67 7 315
67 8 295
67 9 530
67 10 523
67 11 542
67 12 654
67 13 200
67 14 273
67 15 499
67 16 917
67 17 547
67 18 321
67 19 504
67 20 621
67 21 835
67 22 95
67 23 655
67 24 396
67 25 653
67 26 515
67 27 75
67 28 386
67 29 334
67 30 406
67 31 422
67 32 268
67 33 756
67 34 715
67 35 173
67 36 403
67 37 649
67 38 687
67 39 894
67 40 299
67 41 665
67 42 415
67 43 189
67 44 208
67 45 414
67 46 320
67 47 928
67 48 797
67 49 569
67 50 87
67 51 303
67 52 821
67 53 163
67 54 164
67 55 472
67 56 619
67 57 588
67 58 728
67 59 562
67 60 152
67 61 243
67 62 482
67 63 29
67 64 68
67 65 209
67 66 461
67 68 739
67 69 42
67 70 612
67 71 544
67 72 263
67 73 577
67 74 255
67 75 523
67 76 845
67 77 553
67 78 327
67 79 308
67 80 421
67 81 703
67 82 910
67 83 825
67 84 724
67 85 186
67 86 601
67 87 462
67 88 664
67 89 106
67 90 137
67 91 640
67 92 566
67 93 690
67 94 160
67 95 170
67 96 963
67 97 291
67 98 283
67 99 29
67 100 326
68 1 397
68 2 295
68 3 723
68 4 629
68 5 789
68 6 850
68 7 1014
68 8 958
68 9 700
68 10 333
68 11 795
68 12 758
68 13 608
68 14 531
68 15 293
68 16 228
68 17 238
68 18 945
68 19 487
68 20 206
68 21 168
68 22 671
68 23 478
68 24 583
68 25 566
68 26 580
68 27 791
68 28 354
68 29 444
68 30 492
68 31 758
68 32 835
68 33 554
68 34 443
68 35 901
68 36 689
68 37 452
68 38 557
68 39 324
68 40 681
68 41 632
68 42 619
68 43 625
68 44 919
68 45 463
68 46 1010
68 47 241
68 48 233
68 49 870
68 50 776
68 51 807
68 52 600
68 53 847
68 54 857
68 55 363
68 56 597
68 57 673
68 58 56
68 59 369
68 60 610
68 61 686
68 62 472
68 63 713
68 64 698
68 65 947
68 66 558
68 67 739
68 69 734
68 70 643
68 71 586
68 72 864
68 73 670
68 74 773
68 75 447
68 76 109
68 77 454
68 78 437
68 79 954
68 80 577
68 81 501
68 82 322
68 83 583
68 84 81
68 85 903
68 86 527
68 87 549
68 88 77
68 89 820
68 90 723
68 91 442
68 92 526
68 93 352
68 94 657
68 95 572
68 96 342
68 97 544
68 98 995
68 99 768
68 100 575
69 1 562
69 2 524
69 3 122
69 4 819
69 5 432
69 6 318
69 7 346
69 8 332
69 9 565
69 10 502
69 11 500
69 12 614
69 13 226
69 14 247
69 15 483
69 16 905
69 17 533
69 18 360
69 19 473
69 20 626
69 21 823
69 22 68
69 23 624
69 24 360
69 25 680
69 26 479
69 27 112
69 28 381
69 29 315
69 30 428
69 31 461
69 32 229
69 33 780
69 34 734
69 35 168
69 36 439
69 37 619
69 38 713
69 39 875
69 40 335
69 41 629
69 42 377
69 43 157
69 44 238
69 45 386
69 46 352
69 47 915
69 48 804
69 49 527
69 50 128
69 51 344
69 52 846
69 53 201
69 54 200
69 55 484
69 56 583
69 57 621
69 58 726
69 59 578
69 60 170
69 61 280
69 62 452
69 63 56
69 64 39
69 65 216
69 66 426
69 67 42
69 68 734
69 70 643
69 71 508
69 72 304
69 73 610
69 74 296
69 75 494
69 76 841
69 77 523
69 78 335
69 79 345
69 80 385
69 81 726
69 82 891
69 83 850
69 84 715
69 85 215
69 86 568
69 87 427
69 88 658
69 89 90
69 90 96
69 91 611
69 92 591
69 93 705
69 94 191
69 95 173
69 96 945
69 97 262
69 98 310
69 99 59
69 100 354
70 1 253
70 2 379
70 3 734
70 4 203
70 5 314
70 6 475
70 7 684
70 8 605
70 9 119
70 10 728
70 11 1049
70 12 1104
70 13 420
70 14 664
70 15 656
70 16 869
70 17 654
70 18 559
70 19 837
70 20 439
70 21 810
70 22 629
70 23 937
70 24 823
70 25 103
70 26 908
70 27 598
70 28 515
70 29 625
70 30 256
70 31 260
70 32 865
70 33 206
70 34 257
70 35 762
70 36 230
70 37 916
70 38 138
70 39 954
70 40 324
70 41 1040
70 42 862
70 43 679
70 44 648
70 45 742
70 46 670
70 47 882
70 48 502
70 49 1103
70 50 569
70 51 407
70 52 251
70 53 580
70 54 593
70 55 328
70 56 990
70 57 46
70 58 594
70 59 277
70 60 484
70 61 377
70 62 809
70 63 589
70 64 635
70 65 759
70 66 855
70 67 612
70 68 643
70 69 643
70 71 933
70 72 504
70 73 53
70 74 419
70 75 822
70 76 693
70 77 850
70 78 415
70 79 586
70 80 838
70 81 198
70 82 957
70 83 265
70 84 696
70 85 648
70 86 934
70 87 849
70 88 611
70 89 716
70 90 713
70 91 903
70 92 121
70 93 321
70 94 453
70 95 517
70 96 984
70 97 698
70 98 695
70 99 624
70 100 293
71 1 723
71 2 605
71 3 403
71 4 1035
71 5 863
71 6 803
71 7 850
71 8 839
71 9 911
71 10 261
71 11 220
71 12 182
71 13 593
71 14 299
71 15 325
71 16 628
71 17 365
71 18 862
71 19 107
71 20 637
71 21 561
71 22 452
71 23 169
71 24 148
71 25 913
71 26 30
71 27 618
71 28 422
71 29 310
71 30 679
71 31 869
71 32 424
71 33 970
71 34 876
71 35 613
71 36 817
71 37 183
71 38 930
71 39 517
71 40 735
71 41 123
71 42 136
71 43 356
71 44 743
71 45 192
71 46 858
71 47 633
71 48 784
71 49 295
71 50 627
71 51 807
71 52 1034
71 53 706
71 54 707
71 55 624
71 56 75
71 57 934
71 58 618
71 59 716
71 60 537
71 61 696
71 62 131
71 63 536
71 64 476
71 65 683
71 66 87
71 67 544
71 68 586
71 69 508
71 70 933
71 72 797
71 73 926
71 74 756
71 75 142
71 76 682
71 77 133
71 78 520
71 79 851
71 80 124
71 81 905
71 82 538
71 83 1027
71 84 518
71 85 720
71 86 89
71 87 89
71 88 527
71 89 545
71 90 425
71 91 184
71 92 829
71 93 800
71 94 605
71 95 477
71 96 597
71 97 269
71 98 812
71 99 566
71 100 679
72 1 554
72 2 587
72 3 425
72 4 705
72 5 200
72 6 30
72 7 183
72 8 106
72 9 392
72 10 728
72 11 804
72 12 915
72 13 261
72 14 507
72 15 685
72 16 1072
72 17 722
72 18 82
72 19 744
72 20 697
72 21 992
72 22 348
72 23 891
72 24 650
72 25 580
72 26 768
72 27 196
72 28 538
72 29 542
72 30 406
72 31 251
72 32 511
72 33 693
72 34 692
72 35 322
72 36 277
72 37 880
72 38 619
72 39 1082
72 40 208
72 41 919
72 42 673
72 43 443
72 44 157
72 45 646
72 46 170
72 47 1084
72 48 851
72 49 828
72 50 177
72 51 98
72 52 749
72 53 118
72 54 127
72 55 523
72 56 871
72 57 465
72 58 837
72 59 581
72 60 284
72 61 182
72 62 719
72 63 264
72 64 328
72 65 289
72 66 712
72 67 263
72 68 864
72 69 304
72 70 504
72 71 797
72 73 456
72 74 98
72 75 755
72 76 958
72 77 787
72 78 431
72 79 94
72 80 674
72 81 658
72 82 1094
72 83 760
72 84 872
72 85 167
72 86 845
72 87 711
72 88 796
72 89 320
72 90 399
72 91 870
72 92 512
72 93 701
72 94 220
72 95 343
72 96 1142
72 97 533
72 98 192
72 99 250
72 100 307
73 1 275
73 2 395
73 3 707
73 4 253
73 5 264
73 6 427
73 7 635
73 8 556
73 9 67
73 10 731
73 11 1033
73 12 1093
73 13 391
73 14 649
73 15 661
73 16 897
73 17 663
73 18 509
73 19 833
73 20 465
73 21 835
73 22 601
73 23 940
73 24 810
73 25 152
73 26 901
73 27 560
73 28 514
73 29 617
73 30 248
73 31 210
73 32 835
73 33 258
73 34 304
73 35 722
73 36 185
73 37 919
73 38 189
73 39 975
73 40 284
73 41 1036
73 42 848
73 43 656
73 44 602
73 45 735
73 46 621
73 47 910
73 48 541
73 49 1084
73 50 530
73 51 359
73 52 302
73 53 536
73 54 549
73 55 339
73 56 985
73 57 11
73 58 622
73 59 302
73 60 456
73 61 339
73 62 804
73 63 556
73 64 604
73 65 716
73 66 846
73 67 577
73 68 670
73 69 610
73 70 53
73 71 926
73 72 456
73 74 374
73 75 820
73 76 726
73 77 850
73 78 407
73 79 536
73 80 826
73 81 247
73 82 979
73 83 317
73 84 719
73 85 603
73 86 932
73 87 841
73 88 633
73 89 680
73 90 685
73 91 906
73 92 146
73 93 361
73 94 420
73 95 494
73 96 1008
73 97 683
73 98 647
73 99 588
73 100 267
74 1 456
74 2 492
74 3 415
74 4 618
74 5 141
74 6 78
74 7 278
74 8 204
74 9 313
74 10 660
74 11 788
74 12 888
74 13 183
74 14 458
74 15 611
74 16 985
74 17 644
74 18 176
74 19 692
74 20 602
74 21 906
74 22 322
74 23 834
74 24 612
74 25 489
74 26 727
74 27 208
74 28 458
74 29 480
74 30 309
74 31 182
74 32 520
74 33 602
74 34 596
74 35 362
74 36 190
74 37 822
74 38 528
74 39 1003
74 40 110
74 41 878
74 42 640
74 43 410
74 44 229
74 45 591
74 46 267
74 47 997
74 48 754
74 49 821
74 50 180
74 51 52
74 52 659
74 53 164
74 54 177
74 55 427
74 56 828
74 57 384
74 58 745
74 59 483
74 60 222
74 61 88
74 62 666
74 63 245
74 64 309
74 65 346
74 66 670
74 67 255
74 68 773
74 69 296
74 70 419
74 71 756
74 72 98
74 73 374
74 75 699
74 76 866
74 77 731
74 78 345
74 79 192
74 80 635
74 81 563
74 82 1014
74 83 669
74 84 785
74 85 230
74 86 796
74 87 668
74 88 707
74 89 338
74 90 389
74 91 811
74 92 417
74 93 604
74 94 153
74 95 284
74 96 1060
74 97 488
74 98 281
74 99 252
74 100 210
75 1 598
75 2 475
75 3 414
75 4 909
75 5 790
75 6 756
75 7 837
75 8 813
75 9 812
75 10 120
75 11 351
75 12 321
75 13 523
75 14 251
75 15 187
75 16 508
75 17 224
75 18 828
75 19 42
75 20 499
75 21 436
75 22 429
75 23 136
75 24 174
75 25 793
75 26 133
75 27 595
75 28 307
75 29 222
75 30 573
75 31 788
75 32 476
75 33 841
75 34 744
75 35 628
75 36 730
75 37 127
75 38 806
75 39 421
75 40 660
75 41 222
75 42 196
75 43 338
75 44 729
75 45 110
75 46 842
75 47 515
75 48 643
75 49 426
75 50 598
75 51 748
75 52 905
75 53 680
75 54 683
75 55 502
75 56 174
75 57 827
75 58 477
75 59 589
75 60 477
75 61 629
75 62 45
75 63 508
75 64 457
75 65 694
75 66 123
75 67 523
75 68 447
75 69 494
75 70 822
75 71 142
75 72 755
75 73 820
75 74 699
75 76 544
75 77 33
75 78 418
75 79 821
75 80 157
75 81 777
75 82 441
75 83 896
75 84 381
75 85 707
75 86 113
75 87 114
75 88 386
75 89 551
75 90 429
75 91 118
75 92 712
75 93 665
75 94 546
75 95 416
75 96 499
75 97 232
75 98 803
75 99 548
75 100 589
76 1 459
76 2 377
76 3 831
76 4 647
76 5 870
76 6 943
76 7 1113
76 8 1055
76 9 763
76 10 435
76 11 894
76 12 847
76 13 706
76 14 640
76 15 400
76 16 195
76 17 345
76 18 1039
76 19 585
76 20 273
76 21 176
76 22 778
76 23 560
76 24 688
76 25 606
76 26 677
76 27 895
76 28 461
76 29 552
76 30 573
76 31 835
76 32 944
76 33 574
76 34 467
76 35 1008
76 36 767
76 37 534
76 38 591
76 39 337
76 40 768
76 41 716
76 42 723
76 43 734
76 44 1021
76 45 569
76 46 1109
76 47 207
76 48 220
76 49 970
76 50 879
76 51 896
76 52 610
76 53 948
76 54 958
76 55 444
76 56 686
76 57 727
76 58 122
76 59 430
76 60 712
76 61 778
76 62 573
76 63 819
76 64 806
76 65 1053
76 66 660
76 67 845
76 68 109
76 69 841
76 70 693
76 71 682
76 72 958
76 73 726
76 74 866
76 75 544
76 77 549
76 78 536
76 79 1050
76 80 681
76 81 529
76 82 328
76 83 591
76 84 164
76 85 1005
76 86 616
76 87 651
76 88 186
76 89 927
76 90 832
76 91 525
76 92 580
76 93 381
76 94 756
76 95 677
76 96 328
76 97 652
76 98 1096
76 99 873
76 100 662
77 1 624
77 2 500
77 3 440
77 4 934
77 5 822
77 6 788
77 7 867
77 8 844
77 9 843
77 10 138
77 11 350
77 12 306
77 13 555
77 14 282
77 15 209
77 16 501
77 17 240
77 18 859
77 19 57
77 20 518
77 21 432
77 22 459
77 23 104
77 24 194
77 25 819
77 26 132
77 27 626
77 28 336
77 29 254
77 30 603
77 31 820
77 32 497
77 33 866
77 34 767
77 35 655
77 36 762
77 37 96
77 38 832
77 39 404
77 40 692
77 41 198
77 42 211
77 43 368
77 44 760
77 45 142
77 46 873
77 47 507
77 48 657
77 49 425
77 50 629
77 51 780
77 52 928
77 53 711
77 54 714
77 55 529
77 56 153
77 57 857
77 58 487
77 59 614
77 60 510
77 61 661
77 62 72
77 63 539
77 64 487
77 65 721
77 66 135
77 67 553
77 68 454
77 69 523
77 70 850
77 71 133
77 72 787
77 73 850
77 74 731
77 75 33
77 76 549
77 78 449
77 79 853
77 80 174
77 81 801
77 82 425
77 83 919
77 84 385
77 85 737
77 86 86
77 87 128
77 88 397
77 89 579
77 90 457
77 91 89
77 92 740
77 93 687
77 94 578
77 95 448
77 96 484
77 97 262
77 98 833
77 99 578
77 100 621
78 1 245
78 2 190
78 3 376
78 4 543
78 5 394
78 6 419
78 7 578
78 8 522
78 9 395
78 10 344
78 11 640
78 12 689
78 13 172
78 14 254
78 15 282
78 16 642
78 17 306
78 18 512
78 19 428
78 20 295
78 21 563
78 22 287
78 23 545
78 24 409
78 25 409
78 26 495
78 27 365
78 28 123
78 29 211
78 30 160
78 31 381
78 32 511
78 33 488
78 34 420
78 35 498
78 36 318
78 37 526
78 38 433
78 39 662
78 40 268
78 41 631
78 42 449
78 43 295
78 44 486
78 45 329
78 46 574
78 47 654
78 48 471
78 49 698
78 50 346
78 51 384
78 52 556
78 53 413
78 54 423
78 55 154
78 56 580
78 57 415
78 58 415
78 59 254
78 60 181
78 61 258
78 62 399
78 63 299
78 64 307
78 65 532
78 66 441
78 67 327
78 68 437
78 69 335
78 70 415
78 71 520
78 72 431
78 73 407
78 74 345
78 75 418
78 76 536
78 77 449
78 79 519
78 80 423
78 81 426
78 82 672
78 83 554
78 84 442
78 85 471
78 86 529
78 87 435
78 88 366
78 89 424
78 90 364
78 91 514
78 92 320
78 93 377
78 94 221
78 95 163
78 96 717
78 97 288
78 98 561
78 99 352
78 100 178
79 1 647
79 2 679
79 3 462
79 4 788
79 5 274
79 6 117
79 7 102
79 8 26
79 9 470
79 10 804
79 11 836
79 12 956
79 13 348
79 14 571
79 15 765
79 16 1159
79 17 804
79 18 32
79 19 807
79 20 790
79 21 1079
79 22 400
79 23 956
79 24 703
79 25 666
79 26 822
79 27 234
79 28 622
79 29 615
79 30 500
79 31 327
79 32 526
79 33 780
79 34 783
79 35 315
79 36 362
79 37 947
79 38 706
79 39 1163
79 40 300
79 41 972
79 42 722
79 43 496
79 44 134
79 45 712
79 46 86
79 47 1171
79 48 945
79 49 852
79 50 225
79 51 182
79 52 833
79 53 146
79 54 146
79 55 616
79 56 926
79 57 545
79 58 929
79 59 675
79 60 362
79 61 275
79 62 783
79 63 316
79 64 376
79 65 265
79 66 768
79 67 308
79 68 954
79 69 345
79 70 586
79 71 851
79 72 94
79 73 536
79 74 192
79 75 821
79 76 1050
79 77 853
79 78 519
79 80 728
79 81 747
79 82 1176
79 83 845
79 84 959
79 85 154
79 86 906
79 87 768
79 88 885
79 89 337
79 90 436
79 91 938
79 92 601
79 93 794
79 94 302
79 95 418
79 96 1225
79 97 593
79 98 127
79 99 288
79 100 400
80 1 644
80 2 536
80 3 284
80 4 955
80 5 746
80 6 681
80 7 728
80 8 715
80 9 806
80 10 247
80 11 232
80 12 268
80 13 477
80 14 184
80 15 290
80 16 662
80 17 341
80 18 739
80 19 118
80 20 587
80 21 588
80 22 329
80 23 258
80 24 25
80 25 827
80 26 95
80 27 495
80 28 343
80 29 215
80 30 582
80 31 755
80 32 325
80 33 894
80 34 807
80 35 497
80 36 706
80 37 261
80 38 848
80 39 576
80 40 620
80 41 246
80 42 43
80 43 233
80 44 621
80 45 120
80 46 736
80 47 669
80 48 749
80 49 302
80 50 504
80 51 686
80 52 960
80 53 583
80 54 584
80 55 544
80 56 198
80 57 835
80 58 599
80 59 642
80 60 419
80 61 579
80 62 115
80 63 413
80 64 353
80 65 566
80 66 44
80 67 421
80 68 577
80 69 385
80 70 838
80 71 124
80 72 674
80 73 826
80 74 635
80 75 157
80 76 681
80 77 174
80 78 423
80 79 728
80 81 829
80 82 597
80 83 955
80 84 520
80 85 598
80 86 189
80 87 49
80 88 509
80 89 426
80 90 305
80 91 257
80 92 740
80 93 739
80 94 486
80 95 360
80 96 656
80 97 151
80 98 691
80 99 443
80 100 572
81 1 186
81 2 302
81 3 794
81 4 136
81 5 487
81 6 631
81 7 840
81 8 763
81 9 308
81 10 667
81 11 1056
81 12 1084
81 13 504
81 14 677
81 15 594
81 16 717
81 17 576
81 18 723
81 19 801
81 20 312
81 21 668
81 22 695
81 23 874
81 24 820
81 25 96
81 26 884
81 27 709
81 28 487
81 29 616
81 30 298
81 31 435
81 32 929
81 33 65
81 34 65
81 35 869
81 36 386
81 37 849
81 38 66
81 39 823
81 40 456
81 41 998
81 42 861
81 43 719
81 44 786
81 45 718
81 46 827
81 47 729
81 48 320
81 49 1118
81 50 681
81 51 565
81 52 131
81 53 712
81 54 725
81 55 286
81 56 950
81 57 243
81 58 447
81 59 189
81 60 556
81 61 500
81 62 774
81 63 676
81 64 708
81 65 880
81 66 837
81 67 703
81 68 501
81 69 726
81 70 198
81 71 905
81 72 658
81 73 247
81 74 563
81 75 777
81 76 529
81 77 801
81 78 426
81 79 747
81 80 829
81 82 822
81 83 128
81 84 566
81 85 781
81 86 887
81 87 829
81 88 487
81 89 809
81 90 777
81 91 837
81 92 147
81 93 150
81 94 549
81 95 570
81 96 841
81 97 708
81 98 843
81 99 721
81 100 383
82 1 705
82 2 587
82 3 836
82 4 950
82 5 1060
82 6 1086
82 7 1216
82 8 1174
82 9 1001
82 10 391
82 11 753
82 12 660
82 13 834
82 14 648
82 15 414
82 16 148
82 17 373
82 18 1174
82 19 479
82 20 520
82 21 158
82 22 823
82 23 373
82 24 614
82 25 884
82 26 548
82 27 975
82 28 557
82 29 577
82 30 773
82 31 1037
82 32 914
82 33 876
82 34 765
82 35 1045
82 36 969
82 37 356
82 38 877
82 39 22
82 40 938
82 41 517
82 42 635
82 43 748
82 44 1112
82 45 523
82 46 1217
82 47 144
82 48 540
82 49 827
82 50 969
82 51 1056
82 52 920
82 53 1049
82 54 1055
82 55 650
82 56 507
82 57 982
82 58 377
82 59 680
82 60 815
82 61 929
82 62 484
82 63 889
82 64 853
82 65 1104
82 66 559
82 67 910
82 68 322
82 69 891
82 70 957
82 71 538
82 72 1094
82 73 979
82 74 1014
82 75 441
82 76 328
82 77 425
82 78 672
82 79 1176
82 80 597
82 81 822
82 83 903
82 84 261
82 85 1091
82 86 452
82 87 552
82 88 347
82 89 964
82 90 847
82 91 355
82 92 837
82 93 674
82 94 875
82 95 761
82 96 60
82 97 643
82 98 1189
82 99 938
82 100 839
83 1 313
83 2 422
83 3 920
83 4 79
83 5 577
83 6 732
83 7 942
83 8 863
83 9 383
83 10 784
83 11 1182
83 12 1207
83 13 626
83 14 804
83 15 711
83 16 785
83 17 688
83 18 819
83 19 922
83 20 414
83 21 745
83 22 820
83 23 987
83 24 946
83 25 181
83 26 1007
83 27 827
83 28 612
83 29 742
83 30 423
83 31 523
83 32 1056
83 33 70
83 34 153
83 35 988
83 36 484
83 37 962
83 38 142
83 39 906
83 40 565
83 41 1116
83 42 987
83 43 847
83 44 895
83 45 842
83 46 928
83 47 796
83 48 372
83 49 1245
83 50 799
83 51 664
83 52 22
83 53 824
83 54 837
83 55 412
83 56 1070
83 57 310
83 58 528
83 59 313
83 60 681
83 61 613
83 62 896
83 63 799
83 64 833
83 65 996
83 66 961
83 67 825
83 68 583
83 69 850
83 70 265
83 71 1027
83 72 760
83 73 317
83 74 669
83 75 896
83 76 591
83 77 919
83 78 554
83 79 845
83 80 955
83 81 128
83 82 903
83 84 655
83 85 893
83 86 1005
83 87 953
83 88 583
83 89 931
83 90 904
83 91 950
83 92 261
83 93 240
83 94 669
83 95 697
83 96 914
83 97 836
83 98 949
83 99 842
83 100 502
84 1 445
84 2 329
84 3 691
84 4 697
84 5 815
84 6 860
84 7 1012
84 8 961
84 9 743
84 10 274
84 11 731
84 12 685
84 13 612
84 14 496
84 15 247
84 16 200
84 17 192
84 18 953
84 19 422
84 20 260
84 21 123
84 22 649
84 23 401
84 24 529
84 25 625
84 26 513
84 27 781
84 28 343
84 29 411
84 30 521
84 31 788
84 32 796
84 33 622
84 34 511
84 35 879
84 36 719
84 37 375
84 38 619
84 39 260
84 40 699
84 41 556
84 42 562
84 43 594
84 44 913
84 45 411
84 46 1010
84 47 213
84 48 313
84 49 806
84 50 769
84 51 822
84 52 671
84 53 844
84 54 853
84 55 395
84 56 524
84 57 722
84 58 132
84 59 419
84 60 605
84 61 698
84 62 411
84 63 700
84 64 678
84 65 930
84 66 497
84 67 724
84 68 81
84 69 715
84 70 696
84 71 518
84 72 872
84 73 719
84 74 785
84 75 381
84 76 164
84 77 385
84 78 442
84 79 959
84 80 520
84 81 566
84 82 261
84 83 655
84 85 895
84 86 454
84 87 488
84 88 87
84 89 797
84 90 694
84 91 366
84 92 576
84 93 420
84 94 658
84 95 561
84 96 291
84 97 504
84 98 990
84 99 753
84 100 596
85 1 650
85 2 653
85 3 321
85 4 845
85 5 360
85 6 194
85 7 131
85 8 133
85 9 543
85 10 707
85 11 688
85 12 813
85 13 308
85 14 458
85 15 679
85 16 1092
85 17 724
85 18 179
85 19 687
85 20 762
85 21 1010
85 22 279
85 23 839
85 24 573
85 25 713
85 26 691
85 27 116
85 28 553
85 29 517
85 30 501
85 31 408
85 32 374
85 33 824
85 34 806
85 35 163
85 36 419
85 37 833
85 38 751
85 39 1077
85 40 328
85 41 840
85 42 587
85 43 371
85 44 24
85 45 599
85 46 138
85 47 1103
85 48 930
85 49 700
85 50 127
85 51 255
85 52 884
85 53 70
85 54 57
85 55 597
85 56 795
85 57 613
85 58 885
85 59 674
85 60 293
85 61 282
85 62 666
85 63 204
85 64 251
85 65 123
85 66 640
85 67 186
85 68 903
85 69 215
85 70 648
85 71 720
85 72 167
85 73 603
85 74 230
85 75 707
85 76 1005
85 77 737
85 78 471
85 79 154
85 80 598
85 81 781
85 82 1091
85 83 893
85 84 895
85 86 782
85 87 641
85 88 829
85 89 187
85 90 297
85 91 824
85 92 635
85 93 800
85 94 256
85 95 335
85 96 1144
85 97 475
85 98 98
85 99 159
85 100 404
86 1 710
86 2 586
86 3 472
86 4 1020
86 5 894
86 6 849
86 7 912
86 8 895
86 9 923
86 10 223
86 11 302
86 12 232
86 13 625
86 14 339
86 15 295
86 16 547
86 17 324
86 18 915
86 19 105
86 20 603
86 21 485
86 22 507
86 23 81
86 24 213
86 25 905
86 26 107
86 27 675
86 28 419
86 29 327
86 30 685
86 31 894
86 32 506
86 33 952
86 34 853
86 35 685
86 36 838
86 37 96
86 38 918
86 39 430
86 40 764
86 41 112
86 42 213
86 43 412
86 44 805
86 45 208
86 46 919
86 47 552
86 48 737
86 49 376
86 50 681
86 51 846
86 52 1014
86 53 762
86 54 764
86 55 615
86 56 70
86 57 939
86 58 564
86 59 700
86 60 575
86 61 730
86 62 133
86 63 590
86 64 533
86 65 754
86 66 145
86 67 601
86 68 527
86 69 568
86 70 934
86 71 89
86 72 845
86 73 932
86 74 796
86 75 113
86 76 616
86 77 86
86 78 529
86 79 906
86 80 189
86 81 887
86 82 452
86 83 1005
86 84 454
86 85 782
86 87 142
86 88 475
86 89 613
86 90 492
86 91 100
86 92 825
86 93 772
86 94 643
86 95 513
86 96 510
86 97 313
86 98 876
86 99 625
86 100 698
87 1 646
87 2 532
87 3 330
87 4 958
87 5 774
87 6 717
87 7 772
87 8 756
87 9 824
87 10 217
87 11 248
87 12 257
87 13 504
87 14 211
87 15 268
87 16 622
87 17 316
87 18 778
87 19 73
87 20 574
87 21 549
87 22 368
87 23 210
87 24 72
87 25 833
87 26 61
87 27 536
87 28 344
87 29 225
87 30 594
87 31 780
87 32 372
87 33 894
87 34 804
87 35 544
87 36 728
87 37 213
87 38 851
87 39 531
87 40 646
87 41 211
87 42 84
87 43 273
87 44 664
87 45 112
87 46 779
87 47 629
87 48 731
87 49 322
87 50 543
87 51 719
87 52 960
87 53 623
87 54 625
87 55 546
87 56 161
87 57 849
87 58 574
87 59 641
87 60 449
87 61 607
87 62 78
87 63 452
87 64 394
87 65 612
87 66 10
87 67 462
87 68 549
87 69 427
87 70 849
87 71 89
87 72 711
87 73 841
87 74 668
87 75 114
87 76 651
87 77 128
87 78 435
87 79 768
87 80 49
87 81 829
87 82 552
87 83 953
87 84 488
87 85 641
87 86 142
87 88 483
87 89 472
87 90 350
87 91 209
87 92 748
87 93 732
87 94 517
87 95 389
87 96 611
87 97 181
87 98 735
87 99 485
87 100 591
88 1 359
88 2 243
88 3 646
88 4 620
88 5 731
88 6 783
88 7 942
88 8 888
88 9 657
88 10 268
88 11 731
88 12 702
88 13 537
88 14 454
88 15 221
88 16 281
88 17 168
88 18 877
88 19 424
88 20 177
88 21 207
88 22 594
88 23 434
88 24 513
88 25 542
88 26 518
88 27 717
88 28 279
88 29 367
88 30 437
88 31 703
88 32 759
88 33 546
88 34 435
88 35 824
88 36 634
88 37 407
88 38 538
88 39 344
88 40 618
88 41 583
88 42 550
88 43 549
88 44 846
88 45 392
88 46 939
88 47 293
88 48 265
88 49 805
88 50 702
88 51 743
88 52 597
88 53 775
88 54 784
88 55 309
88 56 545
88 57 636
88 58 92
88 59 334
88 60 537
88 61 620
88 62 408
88 63 638
88 64 622
88 65 871
88 66 492
88 67 664
88 68 77
88 69 658
88 70 611
88 71 527
88 72 796
88 73 633
88 74 707
88 75 386
88 76 186
88 77 397
88 78 366
88 79 885
88 80 509
88 81 487
88 82 347
88 83 583
88 84 87
88 85 829
88 86 475
88 87 483
88 89 743
88 90 646
88 91 396
88 92 491
88 93 344
88 94 586
88 95 497
88 96 378
88 97 468
88 98 922
88 99 692
88 100 514
89 1 649
89 2 614
89 3 142
89 4 897
89 5 479
89 6 340
89 7 311
89 8 318
89 9 630
89 10 573
89 11 501
89 12 628
89 13 306
89 14 316
89 15 561
89 16 985
89 17 612
89 18 359
89 19 526
89 20 715
89 21 903
89 22 150
89 23 677
89 24 401
89 25 759
89 26 517
89 27 131
89 28 467
89 29 392
89 30 511
89 31 515
89 32 192
89 33 862
89 34 820
89 35 82
89 36 502
89 37 674
89 38 793
89 39 947
89 40 398
89 41 662
89 42 410
89 43 217
89 44 211
89 45 448
89 46 322
89 47 995
89 48 893
89 49 515
89 50 159
89 51 381
89 52 927
89 53 204
89 54 198
89 55 573
89 56 619
89 57 690
89 58 813
89 59 666
89 60 255
89 61 343
89 62 508
89 63 133
89 64 122
89 65 143
89 66 469
89 67 106
89 68 820
89 69 90
89 70 716
89 71 545
89 72 320
89 73 680
89 74 338
89 75 551
89 76 927
89 77 579
89 78 424
89 79 337
89 80 426
89 81 809
89 82 964
89 83 931
89 84 797
89 85 187
89 86 613
89 87 472
89 88 743
89 90 123
89 91 667
89 92 672
89 93 793
89 94 265
89 95 263
89 96 1019
89 97 324
89 98 270
89 99 93
89 100 432
90 1 604
90 2 547
90 3 27
90 4 879
90 5 523
90 6 413
90 7 426
90 8 421
90 9 643
90 10 457
90 11 405
90 12 521
90 13 294
90 14 202
90 15 451
90 16 875
90 17 505
90 18 453
90 19 404
90 20 641
90 21 794
90 22 85
90 23 554
90 24 280
90 25 741
90 26 397
90 27 205
90 28 379
90 29 284
90 30 482
90 31 549
90 32 153
90 33 835
90 34 779
90 35 200
90 36 521
90 37 552
90 38 772
90 39 829
90 40 418
90 41 544
90 42 291
90 43 101
90 44 320
90 45 328
90 46 434
90 47 885
90 48 820
90 49 433
90 50 223
90 51 438
90 52 902
90 53 292
90 54 291
90 55 517
90 56 500
90 57 695
90 58 722
90 59 616
90 60 230
90 61 365
90 62 385
90 63 145
90 64 83
90 65 265
90 66 348
90 67 137
90 68 723
90 69 96
90 70 713
90 71 425
90 72 399
90 73 685
90 74 389
90 75 429
90 76 832
90 77 457
90 78 364
90 79 436
90 80 305
90 81 777
90 82 847
90 83 904
90 84 694
90 85 297
90 86 492
90 87 350
90 88 646
90 89 123
90 91 545
90 92 650
90 93 740
90 94 270
90 95 208
90 96 903
90 97 204
90 98 387
90 99 151
90 100 421
91 1 667
91 2 539
91 3 528
91 4 971
91 5 896
91 6 870
91 7 954
91 8 930
91 9 905
91 10 176
91 11 401
91 12 326
91 13 633
91 14 368
91 15 248
91 16 449
91 17 262
91 18 944
91 19 143
91 20 540
91 21 387
91 22 546
91 23 38
91 24 278
91 25 864
91 26 194
91 27 712
91 28 395
91 29 332
91 30 662
91 31 891
91 32 581
91 33 901
91 34 797
91 35 743
91 36 831
91 37 13
91 38 873
91 39 333
91 40 766
91 41 191
91 42 290
91 43 455
91 44 847
91 45 227
91 46 959
91 47 453
91 48 660
91 49 475
91 50 715
91 51 860
91 52 961
91 53 797
91 54 800
91 55 577
91 56 164
91 57 913
91 58 482
91 59 653
91 60 590
91 61 738
91 62 160
91 63 625
91 64 574
91 65 809
91 66 215
91 67 640
91 68 442
91 69 611
91 70 903
91 71 184
91 72 870
91 73 906
91 74 811
91 75 118
91 76 525
91 77 89
91 78 514
91 79 938
91 80 257
91 81 837
91 82 355
91 83 950
91 84 366
91 85 824
91 86 100
91 87 209
91 88 396
91 89 667
91 90 545
91 92 789
91 93 713
91 94 659
91 95 529
91 96 414
91 97 349
91 98 920
91 99 666
91 100 690
92 1 133
92 2 259
92 3 669
92 4 230
92 5 348
92 6 485
92 7 694
92 8 617
92 9 189
92 10 614
92 11 959
92 12 1004
92 13 366
92 14 574
92 15 541
92 16 752
92 17 537
92 18 579
92 19 730
92 20 320
92 21 691
92 22 566
92 23 824
92 24 727
92 25 91
92 26 806
92 27 567
92 28 408
92 29 526
92 30 170
92 31 298
92 32 803
92 33 191
92 34 184
92 35 728
92 36 243
92 37 802
92 38 122
92 39 834
92 40 310
92 41 933
92 42 767
92 43 602
92 44 640
92 45 638
92 46 682
92 47 765
92 48 400
92 49 1017
92 50 538
92 51 420
92 52 256
92 53 566
92 54 579
92 55 213
92 56 883
92 57 148
92 58 477
92 59 158
92 60 424
92 61 354
92 62 702
92 63 540
92 64 577
92 65 736
92 66 754
92 67 566
92 68 526
92 69 591
92 70 121
92 71 829
92 72 512
92 73 146
92 74 417
92 75 712
92 76 580
92 77 740
92 78 320
92 79 601
92 80 740
92 81 147
92 82 837
92 83 261
92 84 576
92 85 635
92 86 825
92 87 748
92 88 491
92 89 672
92 90 650
92 91 789
92 93 222
92 94 409
92 95 446
92 96 865
92 97 607
92 98 697
92 99 582
92 100 241
93 1 151
93 2 205
93 3 752
93 4 278
93 5 559
93 6 678
93 7 879
93 8 807
93 9 410
93 10 550
93 11 970
93 12 981
93 13 499
93 14 607
93 15 479
93 16 567
93 17 452
93 18 775
93 19 694
93 20 175
93 21 519
93 22 662
93 23 750
93 24 733
93 25 227
93 26 782
93 27 712
93 28 401
93 29 534
93 30 300
93 31 513
93 32 886
93 33 203
93 34 92
93 35 862
93 36 452
93 37 725
93 38 210
93 39 676
93 40 494
93 41 884
93 42 774
93 43 667
93 44 809
93 45 622
93 46 869
93 47 580
93 48 181
93 49 1037
93 50 687
93 51 617
93 52 254
93 53 733
93 54 745
93 55 223
93 56 838
93 57 360
93 58 298
93 59 129
93 60 539
93 61 526
93 62 670
93 63 662
93 64 680
93 65 885
93 66 740
93 67 690
93 68 352
93 69 705
93 70 321
93 71 800
93 72 701
93 73 361
93 74 604
93 75 665
93 76 381
93 77 687
93 78 377
93 79 794
93 80 739
93 81 150
93 82 674
93 83 240
93 84 420
93 85 800
93 86 772
93 87 732
93 88 344
93 89 793
93 90 740
93 91 713
93 92 222
93 94 550
93 95 536
93 96 692
93 97 635
93 98 875
93 99 713
93 100 399
94 1 401
94 2 398
94 3 294
94 4 633
94 5 264
94 6 215
94 7 358
94 8 303
94 9 375
94 10 511
94 11 653
94 12 744
94 13 53
94 14 307
94 15 466
94 16 858
94 17 503
94 18 299
94 19 540
94 20 507
94 21 777
94 22 191
94 23 682
94 24 464
94 25 495
94 26 576
94 27 163
94 28 320
94 29 328
94 30 255
94 31 282
94 32 418
94 33 599
94 34 565
94 35 320
94 36 251
94 37 669
94 38 530
94 39 863
94 40 149
94 41 727
94 42 493
94 43 268
94 44 269
94 45 438
94 46 354
94 47 870
94 48 675
94 49 692
94 50 137
94 51 203
94 52 664
94 53 193
94 54 204
94 55 342
94 56 677
94 57 430
94 58 635
94 59 422
94 60 69
94 61 98
94 62 513
94 63 137
94 64 188
94 65 336
94 66 519
94 67 160
94 68 657
94 69 191
94 70 453
94 71 605
94 72 220
94 73 420
94 74 153
94 75 546
94 76 756
94 77 578
94 78 221
94 79 302
94 80 486
94 81 549
94 82 875
94 83 669
94 84 658
94 85 256
94 86 643
94 87 517
94 88 586
94 89 265
94 90 270
94 91 659
94 92 409
94 93 550
94 95 131
94 96 924
94 97 337
94 98 342
94 99 174
94 100 168
95 1 397
95 2 352
95 3 224
95 4 675
95 5 386
95 6 342
95 7 456
95 8 414
95 9 462
95 10 386
95 11 544
95 12 623
95 13 118
95 14 178
95 15 348
95 16 757
95 17 391
95 18 420
95 19 410
95 20 454
95 21 675
95 22 126
95 23 552
95 24 339
95 25 536
95 26 449
95 27 221
95 28 219
95 29 199
95 30 277
95 31 396
95 32 359
95 33 628
95 34 572
95 35 339
95 36 351
95 37 540
95 38 566
95 39 747
95 40 260
95 41 598
95 42 372
95 43 162
95 44 354
95 45 308
95 46 456
95 47 768
95 48 631
95 49 591
95 50 210
95 51 334
95 52 696
95 53 288
95 54 295
95 55 314
95 56 548
95 57 504
95 58 559
95 59 411
95 60 62
95 61 219
95 62 383
95 63 143
95 64 145
95 65 378
95 66 391
95 67 170
95 68 572
95 69 173
95 70 517
95 71 477
95 72 343
95 73 494
95 74 284
95 75 416
95 76 677
95 77 448
95 78 163
95 79 418
95 80 360
95 81 570
95 82 761
95 83 697
95 84 561
95 85 335
95 86 513
95 87 389
95 88 497
95 89 263
95 90 208
95 91 529
95 92 446
95 93 536
95 94 131
95 96 812
95 97 210
95 98 431
95 99 197
95 100 228
96 1 734
96 2 620
96 3 893
96 4 966
96 5 1101
96 6 1133
96 7 1267
96 8 1224
96 9 1034
96 10 447
96 11 812
96 12 716
96 13 881
96 14 704
96 15 466
96 16 135
96 17 422
96 18 1222
96 19 538
96 20 545
96 21 175
96 22 877
96 23 432
96 24 673
96 25 907
96 26 607
96 27 1028
96 28 604
96 29 631
96 30 811
96 31 1076
96 32 972
96 33 892
96 34 782
96 35 1100
96 36 1007
96 37 415
96 38 898
96 39 81
96 40 981
96 41 573
96 42 694
96 43 804
96 44 1164
96 45 581
96 46 1268
96 47 126
96 48 546
96 49 885
96 50 1021
96 51 1101
96 52 932
96 53 1100
96 54 1107
96 55 685
96 56 564
96 57 1011
96 58 395
96 59 707
96 60 864
96 61 975
96 62 543
96 63 942
96 64 907
96 65 1159
96 66 618
96 67 963
96 68 342
96 69 945
96 70 984
96 71 597
96 72 1142
96 73 1008
96 74 1060
96 75 499
96 76 328
96 77 484
96 78 717
96 79 1225
96 80 656
96 81 841
96 82 60
96 83 914
96 84 291
96 85 1144
96 86 510
96 87 611
96 88 378
96 89 1019
96 90 903
96 91 414
96 92 865
96 93 692
96 94 924
96 95 812
96 97 700
96 98 1241
96 99 992
96 100 881
97 1 523
97 2 431
97 3 194
97 4 829
97 5 596
97 6 537
97 7 606
97 8 584
97 9 660
97 10 254
97 11 353
97 12 416
97 13 327
97 14 35
97 15 257
97 16 677
97 17 313
97 18 602
97 19 214
97 20 502
97 21 597
97 22 197
97 23 364
97 24 130
97 25 696
97 26 240
97 27 365
97 28 236
97 29 107
97 30 444
97 31 605
97 32 293
97 33 772
97 34 694
97 35 403
97 36 556
97 37 358
97 38 720
97 39 626
97 40 470
97 41 391
97 42 166
97 43 108
97 44 498
97 45 126
97 46 611
97 47 687
97 48 676
97 49 411
97 50 369
97 51 539
97 52 839
97 53 450
97 54 453
97 55 425
97 56 341
97 57 692
97 58 552
97 59 526
97 60 270
97 61 429
97 62 191
97 63 278
97 64 225
97 65 466
97 66 183
97 67 291
97 68 544
97 69 262
97 70 698
97 71 269
97 72 533
97 73 683
97 74 488
97 75 232
97 76 652
97 77 262
97 78 288
97 79 593
97 80 151
97 81 708
97 82 643
97 83 836
97 84 504
97 85 475
97 86 313
97 87 181
97 88 468
97 89 324
97 90 204
97 91 349
97 92 607
97 93 635
97 94 337
97 95 210
97 96 700
97 98 571
97 99 317
97 100 424
98 1 725
98 2 738
98 3 410
98 4 896
98 5 390
98 6 221
98 7 44
98 8 102
98 9 583
98 10 804
98 11 766
98 12 897
98 13 394
98 14 555
98 15 776
98 16 1187
98 17 821
98 18 159
98 19 783
98 20 848
98 21 1106
98 22 375
98 23 934
98 24 666
98 25 769
98 26 784
98 27 214
98 28 648
98 29 614
98 30 575
98 31 442
98 32 444
98 33 881
98 34 873
98 35 223
98 36 467
98 37 929
98 38 808
98 39 1174
98 40 388
98 41 930
98 42 678
98 43 466
98 44 78
98 45 695
98 46 60
98 47 1199
98 48 1013
98 49 773
98 50 222
98 51 289
98 52 938
98 53 149
98 54 139
98 55 680
98 56 887
98 57 657
98 58 976
98 59 750
98 60 386
98 61 349
98 62 762
98 63 301
98 64 347
98 65 159
98 66 733
98 67 283
98 68 995
98 69 310
98 70 695
98 71 812
98 72 192
98 73 647
98 74 281
98 75 803
98 76 1096
98 77 833
98 78 561
98 79 127
98 80 691
98 81 843
98 82 1189
98 83 949
98 84 990
98 85 98
98 86 876
98 87 735
98 88 922
98 89 270
98 90 387
98 91 920
98 92 697
98 93 875
98 94 342
98 95 431
98 96 1241
98 97 571
98 99 256
98 100 476
99 1 566
99 2 542
99 3 177
99 4 807
99 5 391
99 6 265
99 7 289
99 8 274
99 9 538
99 10 551
99 11 555
99 12 671
99 13 218
99 14 300
99 15 527
99 16 946
99 17 575
99 18 303
99 19 529
99 20 647
99 21 864
99 22 120
99 23 680
99 24 418
99 25 669
99 26 537
99 27 55
99 28 414
99 29 362
99 30 425
99 31 425
99 32 269
99 33 773
99 34 735
99 35 150
99 36 410
99 37 674
99 38 703
99 39 923
99 40 306
99 41 687
99 42 435
99 43 213
99 44 182
99 45 440
99 46 295
99 47 957
99 48 822
99 49 579
99 50 75
99 51 298
99 52 837
99 53 143
99 54 142
99 55 496
99 56 641
99 57 598
99 58 756
99 59 585
99 60 175
99 61 251
99 62 507
99 63 55
99 64 92
99 65 181
99 66 484
99 67 29
99 68 768
99 69 59
99 70 624
99 71 566
99 72 250
99 73 588
99 74 252
99 75 548
99 76 873
99 77 578
99 78 352
99 79 288
99 80 443
99 81 721
99 82 938
99 83 842
99 84 753
99 85 159
99 86 625
99 87 485
99 88 692
99 89 93
99 90 151
99 91 666
99 92 582
99 93 713
99 94 174
99 95 197
99 96 992
99 97 317
99 98 256
99 100 342
100 1 250
100 2 286
100 3 442
100 4 466
100 5 221
100 6 287
100 7 481
100 8 410
100 9 236
100 10 521
100 11 769
100 12 839
100 13 129
100 14 390
100 15 459
100 16 794
100 17 480
100 18 385
100 19 595
100 20 395
100 21 718
100 22 337
100 23 719
100 24 554
100 25 328
100 26 652
100 27 327
100 28 301
100 29 372
100 30 100
100 31 204
100 32 573
100 33 432
100 34 404
100 35 487
100 36 142
100 37 702
100 38 362
100 39 831
100 40 107
100 41 795
100 42 590
100 43 390
100 44 411
100 45 493
100 46 472
100 47 807
100 48 545
100 49 818
100 50 299
100 51 235
100 52 496
100 53 335
100 54 348
100 55 220
100 56 744
100 57 277
100 58 542
100 59 276
100 60 191
100 61 128
100 62 566
100 63 301
100 64 343
100 65 498
100 66 596
100 67 326
100 68 575
100 69 354
100 70 293
100 71 679
100 72 307
100 73 267
100 74 210
100 75 589
100 76 662
100 77 621
100 78 178
100 79 400
100 80 572
100 81 383
100 82 839
100 83 502
100 84 596
100 85 404
100 86 698
100 87 591
100 88 514
100 89 432
100 90 421
100 91 690
100 92 241
100 93 399
100 94 168
100 95 228
100 96 881
100 97 424
100 98 476
100 99 342
