nnodes nedges type capacity P s t
100  4950  graph  1000 100 1 100 
nodename posx posy itemvalue itemweight
1 517 245 0 0
2 696 495 125 105
3 237 867 88 323
4 643 260 224 269
5 753 712 366 146
6 450 284 184 412
7 673 894 340 467
8 702 64 398 96
9 83 955 193 405
10 273 885 381 24
11 610 237 59 105
12 294 638 211 293
13 951 149 254 379
14 54 424 231 146
15 401 306 404 467
16 553 270 104 488
17 551 602 245 228
18 117 140 92 332
19 469 112 403 167
20 753 574 452 268
21 824 203 164 487
22 858 849 32 355
23 97 913 305 429
24 913 533 451 349
25 868 538 334 331
26 770 479 372 392
27 128 417 435 435
28 117 79 36 188
29 566 523 313 119
30 855 319 185 68
31 829 409 85 140
32 589 733 55 329
33 363 58 368 499
34 873 832 12 270
35 170 626 17 464
36 406 346 389 181
37 181 617 302 420
38 547 631 387 107
39 530 461 201 337
40 516 398 455 34
41 351 286 19 179
42 229 479 277 453
43 703 699 113 165
44 910 622 492 425
45 222 118 283 28
46 941 52 344 219
47 879 883 168 399
48 785 242 399 387
49 293 10 397 410
50 74 464 8 413
51 637 832 225 396
52 162 170 445 27
53 449 710 168 332
54 801 979 485 368
55 523 317 20 439
56 730 226 253 39
57 956 959 117 381
58 706 659 343 81
59 658 968 45 187
60 633 233 357 179
61 438 575 214 201
62 285 317 249 233
63 810 422 99 147
64 559 103 119 347
65 432 985 57 126
66 919 421 111 133
67 818 82 374 408
68 592 619 11 41
69 144 745 91 495
70 951 667 408 110
71 415 681 286 12
72 893 371 500 254
73 992 951 392 343
74 382 3 187 289
75 272 16 381 43
76 236 710 319 446
77 943 873 243 68
78 28 753 179 193
79 295 587 214 149
80 856 79 39 122
81 925 776 127 150
82 853 743 255 500
83 210 797 409 265
84 714 354 392 499
85 542 665 112 151
86 373 957 108 249
87 698 618 162 108
88 680 691 2 405
89 570 415 302 188
90 46 194 193 182
91 431 634 83 12
92 904 726 127 325
93 507 284 79 157
94 479 154 370 292
95 872 687 306 408
96 233 797 266 284
97 815 86 409 20
98 892 25 135 317
99 883 606 136 26
100 731 778 0 0
endpoint1 endpoint2 weight
1 2 308
1 3 683
1 4 127
1 5 524
1 6 78
1 7 668
1 8 259
1 9 833
1 10 685
1 11 94
1 12 452
1 13 445
1 14 497
1 15 132
1 16 44
1 17 359
1 18 414
1 19 142
1 20 405
1 21 310
1 22 694
1 23 790
1 24 490
1 25 458
1 26 345
1 27 426
1 28 434
1 29 283
1 30 347
1 31 353
1 32 494
1 33 243
1 34 687
1 35 516
1 36 151
1 37 502
1 38 388
1 39 217
1 40 154
1 41 171
1 42 372
1 43 491
1 44 545
1 45 322
1 46 466
1 47 734
1 48 269
1 49 325
1 50 495
1 51 600
1 52 363
1 53 470
1 54 788
1 55 73
1 56 214
1 57 839
1 58 456
1 59 737
1 60 117
1 61 340
1 62 243
1 63 343
1 64 149
1 65 745
1 66 439
1 67 343
1 68 382
1 69 624
1 70 606
1 71 448
1 72 397
1 73 851
1 74 278
1 75 336
1 76 544
1 77 759
1 78 706
1 79 408
1 80 378
1 81 670
1 82 601
1 83 632
1 84 226
1 85 421
1 86 727
1 87 415
1 88 475
1 89 179
1 90 474
1 91 399
1 92 618
1 93 41
1 94 99
1 95 567
1 96 621
1 97 338
1 98 435
1 99 515
1 100 575
2 1 308
2 3 591
2 4 241
2 5 225
2 6 325
2 7 400
2 8 432
2 9 767
2 10 576
2 11 272
2 12 427
2 13 430
2 14 646
2 15 351
2 16 267
2 17 181
2 18 680
2 19 446
2 20 98
2 21 319
2 22 390
2 23 731
2 24 221
2 25 178
2 26 76
2 27 574
2 28 713
2 29 133
2 30 238
2 31 159
2 32 261
2 33 550
2 34 381
2 35 543
2 36 327
2 37 530
2 38 202
2 39 170
2 40 205
2 41 404
2 42 468
2 43 205
2 44 249
2 45 606
2 46 507
2 47 429
2 48 269
2 49 631
2 50 623
2 51 343
2 52 626
2 53 328
2 54 496
2 55 249
2 56 272
2 57 532
2 58 165
2 59 475
2 60 270
2 61 271
2 62 448
2 63 136
2 64 416
2 65 557
2 66 235
2 67 431
2 68 162
2 69 606
2 70 308
2 71 337
2 72 233
2 73 544
2 74 584
2 75 640
2 76 508
2 77 452
2 78 717
2 79 412
2 80 446
2 81 363
2 82 294
2 83 573
2 84 143
2 85 230
2 86 564
2 87 124
2 88 197
2 89 150
2 90 717
2 91 300
2 92 311
2 93 284
2 94 405
2 95 261
2 96 553
2 97 426
2 98 510
2 99 218
2 100 286
3 1 683
3 2 591
3 4 731
3 5 539
3 6 621
3 7 437
3 8 928
3 9 178
3 10 41
3 11 733
3 12 236
3 13 1013
3 14 480
3 15 585
3 16 676
3 17 411
3 18 737
3 19 790
3 20 594
3 21 887
3 22 622
3 23 148
3 24 755
3 25 712
3 26 660
3 27 464
3 28 798
3 29 477
3 30 826
3 31 749
3 32 377
3 33 819
3 34 637
3 35 251
3 36 548
3 37 257
3 38 390
3 39 501
3 40 546
3 41 593
3 42 389
3 43 496
3 44 717
3 45 750
3 46 1077
3 47 643
3 48 832
3 49 859
3 50 435
3 51 402
3 52 702
3 53 264
3 54 576
3 55 620
3 56 809
3 57 725
3 58 514
3 59 433
3 60 748
3 61 355
3 62 553
3 63 726
3 64 830
3 65 228
3 66 815
3 67 977
3 68 434
3 69 154
3 70 742
3 71 258
3 72 823
3 73 760
3 74 877
3 75 852
3 76 158
3 77 707
3 78 239
3 79 286
3 80 1003
3 81 694
3 82 629
3 83 76
3 84 701
3 85 366
3 86 164
3 87 524
3 88 477
3 89 562
3 90 700
3 91 304
3 92 682
3 93 643
3 94 753
3 95 661
3 96 71
3 97 972
3 98 1067
3 99 697
3 100 502
4 1 127
4 2 241
4 3 731
4 5 466
4 6 195
4 7 635
4 8 205
4 9 893
4 10 727
4 11 41
4 12 515
4 13 328
4 14 612
4 15 247
4 16 91
4 17 355
4 18 540
4 19 229
4 20 333
4 21 190
4 22 628
4 23 852
4 24 384
4 25 358
4 26 254
4 27 539
4 28 557
4 29 275
4 30 221
4 31 239
4 32 477
4 33 346
4 34 617
4 35 599
4 36 253
4 37 584
4 38 384
4 39 231
4 40 188
4 41 294
4 42 469
4 43 444
4 44 450
4 45 445
4 46 364
4 47 667
4 48 144
4 49 431
4 50 605
4 51 573
4 52 490
4 53 491
4 54 737
4 55 133
4 56 94
4 57 766
4 58 404
4 59 709
4 60 29
4 61 376
4 62 363
4 63 233
4 64 179
4 65 756
4 66 320
4 67 250
4 68 363
4 69 696
4 70 511
4 71 479
4 72 274
4 73 775
4 74 367
4 75 445
4 76 607
4 77 683
4 78 789
4 79 478
4 80 280
4 81 589
4 82 527
4 83 690
4 84 118
4 85 418
4 86 748
4 87 363
4 88 433
4 89 172
4 90 601
4 91 430
4 92 535
4 93 139
4 94 196
4 95 485
4 96 676
4 97 245
4 98 343
4 99 422
4 100 526
5 1 524
5 2 225
5 3 539
5 4 466
5 6 525
5 7 199
5 8 651
5 9 713
5 10 511
5 11 497
5 12 465
5 13 597
5 14 757
5 15 538
5 16 486
5 17 231
5 18 856
5 19 664
5 20 138
5 21 514
5 22 173
5 23 687
5 24 241
5 25 209
5 26 234
5 27 692
5 28 898
5 29 266
5 30 407
5 31 313
5 32 166
5 33 762
5 34 170
5 35 590
5 36 505
5 37 580
5 38 222
5 39 336
5 40 394
5 41 586
5 42 574
5 43 52
5 44 181
5 45 797
5 46 687
5 47 213
5 48 472
5 49 840
5 50 723
5 51 167
5 52 802
5 53 305
5 54 272
5 55 458
5 56 487
5 57 320
5 58 71
5 59 274
5 60 494
5 61 344
5 62 613
5 63 296
5 64 640
5 65 422
5 66 336
5 67 634
5 68 186
5 69 610
5 70 204
5 71 340
5 72 369
5 73 338
5 74 801
5 75 847
5 76 518
5 77 250
5 78 727
5 79 475
5 80 642
5 81 184
5 82 105
5 83 550
5 84 361
5 85 217
5 86 453
5 87 109
5 88 76
5 89 349
5 90 877
5 91 332
5 92 152
5 93 494
5 94 622
5 95 122
5 96 527
5 97 630
5 98 701
5 99 168
5 100 70
6 1 78
6 2 325
6 3 621
6 4 195
6 5 525
6 7 650
6 8 335
6 9 765
6 10 627
6 11 167
6 12 387
6 13 519
6 14 421
6 15 54
6 16 104
6 17 334
6 18 363
6 19 174
6 20 420
6 21 383
6 22 697
6 23 722
6 24 526
6 25 490
6 26 375
6 27 349
6 28 392
6 29 266
6 30 407
6 31 400
6 32 471
6 33 243
6 34 693
6 35 442
6 36 77
6 37 429
6 38 361
6 39 195
6 40 132
6 41 100
6 42 295
6 43 487
6 44 571
6 45 283
6 46 544
6 47 737
6 48 338
6 49 316
6 50 417
6 51 580
6 52 310
6 53 427
6 54 779
6 55 81
6 56 286
6 57 844
6 58 455
6 59 715
6 60 190
6 61 292
6 62 169
6 63 386
6 64 212
6 65 702
6 66 489
6 67 420
6 68 364
6 69 554
6 70 631
6 71 399
6 72 452
6 73 860
6 74 290
6 75 322
6 76 477
6 77 769
6 78 631
6 79 341
6 80 455
6 81 684
6 82 611
6 83 567
6 84 274
6 85 392
6 86 678
6 87 417
6 88 468
6 89 178
6 90 414
6 91 351
6 92 634
6 93 57
6 94 134
6 95 584
6 96 558
6 97 416
6 98 513
6 99 540
6 100 569
7 1 668
7 2 400
7 3 437
7 4 635
7 5 199
7 6 650
7 8 831
7 9 594
7 10 401
7 11 661
7 12 458
7 13 796
7 14 778
7 15 648
7 16 636
7 17 317
7 18 937
7 19 809
7 20 330
7 21 708
7 22 191
7 23 577
7 24 434
7 25 406
7 26 427
7 27 725
7 28 987
7 29 387
7 30 604
7 31 510
7 32 182
7 33 892
7 34 210
7 35 570
7 36 610
7 37 565
7 38 292
7 39 457
7 40 521
7 41 689
7 42 608
7 43 198
7 44 361
7 45 898
7 46 884
7 47 207
7 48 662
7 49 963
7 50 738
7 51 72
7 52 887
7 53 290
7 54 154
7 55 597
7 56 671
7 57 291
7 58 238
7 59 76
7 60 663
7 61 397
7 62 696
7 63 492
7 64 800
7 65 258
7 66 534
7 67 825
7 68 287
7 69 550
7 70 359
7 71 335
7 72 568
7 73 325
7 74 938
7 75 966
7 76 475
7 77 271
7 78 661
7 79 487
7 80 836
7 81 279
7 82 235
7 83 474
7 84 542
7 85 264
7 86 307
7 87 278
7 88 204
7 89 490
7 90 940
7 91 356
7 92 286
7 93 633
7 94 766
7 95 288
7 96 451
7 97 821
7 98 897
7 99 357
7 100 130
8 1 259
8 2 432
8 3 928
8 4 205
8 5 651
8 6 335
8 7 831
8 9 1085
8 10 927
8 11 196
8 12 705
8 13 264
8 14 742
8 15 387
8 16 255
8 17 559
8 18 590
8 19 238
8 20 513
8 21 185
8 22 801
8 23 1043
8 24 515
8 25 503
8 26 421
8 27 674
8 28 586
8 29 479
8 30 298
8 31 368
8 32 679
8 33 340
8 34 787
8 35 774
8 36 409
8 37 760
8 38 588
8 39 433
8 40 383
8 41 416
8 42 630
8 43 636
8 44 596
8 45 484
8 46 240
8 47 838
8 48 197
8 49 413
8 50 745
8 51 771
8 52 551
8 53 694
8 54 921
8 55 310
8 56 165
8 57 931
8 58 596
8 59 906
8 60 183
8 61 576
8 62 488
8 63 374
8 64 149
8 65 960
8 66 418
8 67 118
8 68 566
8 69 881
8 70 653
8 71 681
8 72 362
8 73 934
8 74 326
8 75 433
8 76 797
8 77 845
8 78 964
8 79 663
8 80 155
8 81 747
8 82 696
8 83 883
8 84 291
8 85 622
8 86 952
8 87 555
8 88 628
8 89 375
8 90 669
8 91 632
8 92 693
8 93 294
8 94 241
8 95 646
8 96 871
8 97 116
8 98 194
8 99 572
8 100 715
9 1 833
9 2 767
9 3 178
9 4 893
9 5 713
9 6 765
9 7 594
9 8 1085
9 10 203
9 11 891
9 12 381
9 13 1185
9 14 532
9 15 723
9 16 831
9 17 587
9 18 816
9 19 928
9 20 771
9 21 1056
9 22 783
9 23 45
9 24 932
9 25 889
9 26 836
9 27 540
9 28 877
9 29 649
9 30 1001
9 31 925
9 32 553
9 33 940
9 34 800
9 35 341
9 36 690
9 37 352
9 38 566
9 39 667
9 40 706
9 41 721
9 42 498
9 43 671
9 44 892
9 45 849
9 46 1246
9 47 800
9 48 1001
9 49 969
9 50 492
9 51 568
9 52 789
9 53 441
9 54 719
9 55 776
9 56 975
9 57 874
9 58 690
9 59 576
9 60 908
9 61 521
9 62 670
9 63 902
9 64 976
9 65 351
9 66 992
9 67 1142
9 68 610
9 69 219
9 70 915
9 71 431
9 72 999
9 73 910
9 74 998
9 75 958
9 76 289
9 77 864
9 78 210
9 79 425
9 80 1169
9 81 861
9 82 799
9 83 203
9 84 872
9 85 543
9 86 291
9 87 702
9 88 653
9 89 728
9 90 762
9 91 474
9 92 853
9 93 794
9 94 894
9 95 834
9 96 218
9 97 1137
9 98 1233
9 99 873
9 100 672
10 1 685
10 2 576
10 3 41
10 4 727
10 5 511
10 6 627
10 7 401
10 8 927
10 9 203
10 11 731
10 12 248
10 13 1001
10 14 511
10 15 593
10 16 676
10 17 397
10 18 762
10 19 798
10 20 572
10 21 877
10 22 587
10 23 179
10 24 731
10 25 689
10 26 642
10 27 490
10 28 821
10 29 466
10 30 812
10 31 732
10 32 351
10 33 832
10 34 603
10 35 279
10 36 556
10 37 284
10 38 374
10 39 496
10 40 545
10 41 605
10 42 409
10 43 469
10 44 690
10 45 769
10 46 1068
10 47 607
10 48 822
10 49 876
10 50 466
10 51 368
10 52 724
10 53 249
10 54 537
10 55 621
10 56 802
10 57 687
10 58 489
10 59 394
10 60 745
10 61 352
10 62 569
10 63 710
10 64 833
10 65 188
10 66 796
10 67 971
10 68 416
10 69 191
10 70 713
10 71 249
10 72 806
10 73 723
10 74 889
10 75 870
10 76 179
10 77 671
10 78 279
10 79 299
10 80 995
10 81 662
10 82 598
10 83 109
10 84 691
10 85 348
10 86 124
10 87 502
10 88 451
10 89 556
10 90 728
10 91 297
10 92 651
10 93 645
10 94 760
10 95 631
10 96 97
10 97 966
10 98 1060
10 99 671
10 100 471
11 1 94
11 2 272
11 3 733
11 4 41
11 5 497
11 6 167
11 7 661
11 8 196
11 9 891
11 10 731
11 12 511
11 13 353
11 14 587
11 15 221
11 16 66
11 17 370
11 18 503
11 19 189
11 20 367
11 21 217
11 22 661
11 23 849
11 24 424
11 25 397
11 26 291
11 27 515
11 28 518
11 29 290
11 30 259
11 31 279
11 32 497
11 33 306
11 34 651
11 35 588
11 36 232
11 37 574
11 38 400
11 39 238
11 40 187
11 41 264
11 42 452
11 43 472
11 44 489
11 45 406
11 46 380
11 47 700
11 48 176
11 49 390
11 50 583
11 51 596
11 52 453
11 53 500
11 54 767
11 55 119
11 56 121
11 57 801
11 58 433
11 59 733
11 60 24
11 61 380
11 62 335
11 63 273
11 64 144
11 65 769
11 66 360
11 67 260
11 68 383
11 69 690
11 70 549
11 71 485
11 72 314
11 73 810
11 74 327
11 75 404
11 76 603
11 77 718
11 78 778
11 79 471
11 80 293
11 81 625
11 82 562
11 83 689
11 84 157
11 85 434
11 86 759
11 87 392
11 88 460
11 89 183
11 90 566
11 91 436
11 92 571
11 93 114
11 94 156
11 95 521
11 96 676
11 97 255
11 98 353
11 99 460
11 100 555
12 1 452
12 2 427
12 3 236
12 4 515
12 5 465
12 6 387
12 7 458
12 8 705
12 9 381
12 10 248
12 11 511
12 13 820
12 14 322
12 15 349
12 16 451
12 17 260
12 18 529
12 19 555
12 20 464
12 21 686
12 22 603
12 23 339
12 24 628
12 25 583
12 26 502
12 27 277
12 28 587
12 29 296
12 30 646
12 31 582
12 32 310
12 33 585
12 34 611
12 35 125
12 36 313
12 37 115
12 38 254
12 39 295
12 40 327
12 41 357
12 42 172
12 43 414
12 44 617
12 45 525
12 46 873
12 47 635
12 48 631
12 49 629
12 50 281
12 51 395
12 52 487
12 53 171
12 54 612
12 55 395
12 56 600
12 57 736
12 58 413
12 59 492
12 60 529
12 61 158
12 62 322
12 63 560
12 64 598
12 65 374
12 66 662
12 67 765
12 68 299
12 69 185
12 70 658
12 71 129
12 72 656
12 73 765
12 74 642
12 75 623
12 76 93
12 77 691
12 78 290
12 79 52
12 80 793
12 81 646
12 82 569
12 83 180
12 84 508
12 85 250
12 86 329
12 87 405
12 88 390
12 89 355
12 90 509
12 91 138
12 92 617
12 93 414
12 94 519
12 95 581
12 96 171
12 97 760
12 98 857
12 99 590
12 100 459
13 1 445
13 2 430
13 3 1013
13 4 328
13 5 597
13 6 519
13 7 796
13 8 264
13 9 1185
13 10 1001
13 11 353
13 12 820
13 14 939
13 15 572
13 16 416
13 17 605
13 18 835
13 19 484
13 20 469
13 21 139
13 22 707
13 23 1146
13 24 386
13 25 398
13 26 377
13 27 866
13 28 837
13 29 537
13 30 196
13 31 288
13 32 688
13 33 595
13 34 688
13 35 916
13 36 580
13 37 902
13 38 629
13 39 525
13 40 502
13 41 616
13 42 794
13 43 604
13 44 475
13 45 730
13 46 98
13 47 738
13 48 191
13 49 673
13 50 932
13 51 752
13 52 790
13 53 753
13 54 844
13 55 460
13 56 235
13 57 811
13 58 566
13 59 870
13 60 329
13 61 667
13 62 687
13 63 308
13 64 395
13 65 985
13 66 274
13 67 149
13 68 592
13 69 1004
13 70 518
13 71 756
13 72 230
13 73 804
13 74 588
13 75 692
13 76 909
13 77 725
13 78 1104
13 79 789
13 80 119
13 81 628
13 82 603
13 83 985
13 84 314
13 85 659
13 86 994
13 87 533
13 88 606
13 89 465
13 90 907
13 91 712
13 92 579
13 93 465
13 94 473
13 95 544
13 96 968
13 97 150
13 98 138
13 99 463
13 100 667
14 1 497
14 2 646
14 3 480
14 4 612
14 5 757
14 6 421
14 7 778
14 8 742
14 9 532
14 10 511
14 11 587
14 12 322
14 13 939
14 15 367
14 16 523
14 17 528
14 18 291
14 19 520
14 20 715
14 21 802
14 22 910
14 23 491
14 24 866
14 25 822
14 26 719
14 27 75
14 28 351
14 29 522
14 30 808
14 31 776
14 32 618
14 33 479
14 34 915
14 35 233
14 36 361
14 37 232
14 38 535
14 39 478
14 40 463
14 41 328
14 42 184
14 43 705
14 44 879
14 45 350
14 46 962
14 47 945
14 48 754
14 49 479
14 50 45
14 51 712
14 52 277
14 53 488
14 54 931
14 55 482
14 56 705
14 57 1049
14 58 694
14 59 813
14 60 610
14 61 413
14 62 255
14 63 757
14 64 599
14 65 677
14 66 866
14 67 838
14 68 573
14 69 334
14 70 930
14 71 444
14 72 841
14 73 1076
14 74 534
14 75 463
14 76 339
14 77 996
14 78 331
14 79 291
14 80 874
14 81 940
14 82 861
14 83 405
14 84 664
14 85 545
14 86 622
14 87 673
14 88 681
14 89 517
14 90 231
14 91 432
14 92 903
14 93 475
14 94 504
14 95 860
14 96 414
14 97 833
14 98 929
14 99 849
14 100 764
15 1 132
15 2 351
15 3 585
15 4 247
15 5 538
15 6 54
15 7 648
15 8 387
15 9 723
15 10 593
15 11 221
15 12 349
15 13 572
15 14 367
15 16 157
15 17 332
15 18 329
15 19 206
15 20 443
15 21 436
15 22 710
15 23 679
15 24 561
15 25 522
15 26 408
15 27 295
15 28 364
15 29 273
15 30 455
15 31 441
15 32 467
15 33 251
15 34 707
15 35 395
15 36 41
15 37 381
15 38 357
15 39 202
15 40 148
15 41 54
15 42 244
15 43 496
15 44 600
15 45 260
15 46 597
15 47 750
15 48 390
15 49 316
15 50 364
15 51 577
15 52 275
15 53 407
15 54 783
15 55 123
15 56 339
15 57 857
15 58 467
15 59 711
15 60 244
15 61 272
15 62 117
15 63 426
15 64 258
15 65 680
15 66 531
15 67 474
15 68 367
15 69 509
15 70 658
15 71 376
15 72 497
15 73 875
15 74 304
15 75 318
15 76 437
15 77 785
15 78 583
15 79 301
15 80 509
15 81 704
15 82 629
15 83 527
15 84 317
15 85 386
15 86 652
15 87 431
15 88 476
15 89 202
15 90 373
15 91 330
15 92 656
15 93 109
15 94 171
15 95 606
15 96 519
15 97 469
15 98 566
15 99 568
15 100 576
16 1 44
16 2 267
16 3 676
16 4 91
16 5 486
16 6 104
16 7 636
16 8 255
16 9 831
16 10 676
16 11 66
16 12 451
16 13 416
16 14 523
16 15 157
16 17 333
16 18 455
16 19 179
16 20 364
16 21 280
16 22 655
16 23 789
16 24 446
16 25 414
16 26 302
16 27 450
16 28 477
16 29 254
16 30 306
16 31 310
16 32 465
16 33 285
16 34 647
16 35 523
16 36 166
16 37 509
16 38 362
16 39 193
16 40 134
16 41 203
16 42 386
16 43 455
16 44 502
16 45 365
16 46 446
16 47 695
16 48 234
16 49 368
16 50 517
16 51 569
16 52 404
16 53 453
16 54 752
16 55 56
16 56 183
16 57 799
16 58 419
16 59 706
16 60 89
16 61 326
16 62 273
16 63 299
16 64 168
16 65 726
16 66 396
16 67 325
16 68 352
16 69 627
16 70 563
16 71 434
16 72 355
16 73 811
16 74 318
16 75 379
16 76 543
16 77 719
16 78 714
16 79 409
16 80 359
16 81 629
16 82 561
16 83 629
16 84 182
16 85 396
16 86 711
16 87 377
16 88 440
16 89 146
16 90 513
16 91 384
16 92 576
16 93 49
16 94 138
16 95 526
16 96 617
16 97 321
16 98 419
16 99 471
16 100 539
17 1 359
17 2 181
17 3 411
17 4 355
17 5 231
17 6 334
17 7 317
17 8 559
17 9 587
17 10 397
17 11 370
17 12 260
17 13 605
17 14 528
17 15 332
17 16 333
17 18 634
17 19 497
17 20 204
17 21 484
17 22 395
17 23 551
17 24 369
17 25 324
17 26 252
17 27 462
17 28 680
17 29 81
17 30 416
17 31 339
17 32 137
17 33 576
17 34 396
17 35 382
17 36 295
17 37 371
17 38 30
17 39 143
17 40 207
17 41 374
17 42 345
17 43 181
17 44 360
17 45 586
17 46 675
17 47 432
17 48 430
17 49 646
17 50 497
17 51 246
17 52 582
17 53 149
17 54 453
17 55 287
17 56 417
17 57 540
17 58 166
17 59 382
17 60 379
17 61 117
17 62 390
17 63 316
17 64 500
17 65 402
17 66 411
17 67 585
17 68 45
17 69 432
17 70 406
17 71 158
17 72 413
17 73 563
17 74 623
17 75 650
17 76 333
17 77 477
17 78 545
17 79 257
17 80 606
17 81 413
17 82 334
17 83 393
17 84 297
17 85 64
17 86 398
17 87 148
17 88 157
17 89 188
17 90 650
17 91 125
17 92 375
17 93 322
17 94 454
17 95 333
17 96 374
17 97 580
17 98 671
17 99 333
17 100 252
18 1 414
18 2 680
18 3 737
18 4 540
18 5 856
18 6 363
18 7 937
18 8 590
18 9 816
18 10 762
18 11 503
18 12 529
18 13 835
18 14 291
18 15 329
18 16 455
18 17 634
18 19 354
18 20 770
18 21 710
18 22 1026
18 23 774
18 24 888
18 25 850
18 26 736
18 27 278
18 28 61
18 29 591
18 30 760
18 31 762
18 32 758
18 33 260
18 34 1025
18 35 489
18 36 355
18 37 482
18 38 653
18 39 524
18 40 476
18 41 276
18 42 358
18 43 810
18 44 928
18 45 108
18 46 829
18 47 1065
18 48 676
18 49 219
18 50 327
18 51 866
18 52 55
18 53 660
18 54 1083
18 55 443
18 56 620
18 57 1173
18 58 786
18 59 990
18 60 525
18 61 541
18 62 245
18 63 749
18 64 444
18 65 902
18 66 850
18 67 704
18 68 675
18 69 606
18 70 987
18 71 618
18 72 810
18 73 1194
18 74 299
18 75 199
18 76 583
18 77 1105
18 78 620
18 79 482
18 80 742
18 81 1029
18 82 952
18 83 664
18 84 635
18 85 676
18 86 857
18 87 753
18 88 788
18 89 530
18 90 90
18 91 586
18 92 982
18 93 416
18 94 363
18 95 933
18 96 668
18 97 701
18 98 784
18 99 897
18 100 886
19 1 142
19 2 446
19 3 790
19 4 229
19 5 664
19 6 174
19 7 809
19 8 238
19 9 928
19 10 798
19 11 189
19 12 555
19 13 484
19 14 520
19 15 206
19 16 179
19 17 497
19 18 354
19 20 543
19 21 367
19 22 834
19 23 884
19 24 612
19 25 584
19 26 475
19 27 458
19 28 354
19 29 423
19 30 439
19 31 467
19 32 633
19 33 119
19 34 826
19 35 595
19 36 243
19 37 582
19 38 525
19 39 355
19 40 290
19 41 211
19 42 439
19 43 632
19 44 675
19 45 248
19 46 476
19 47 874
19 48 342
19 49 204
19 50 530
19 51 740
19 52 313
19 53 599
19 54 929
19 55 212
19 56 285
19 57 978
19 58 597
19 59 877
19 60 204
19 61 465
19 62 276
19 63 461
19 64 91
19 65 874
19 66 546
19 67 351
19 68 522
19 69 712
19 70 736
19 71 572
19 72 497
19 73 989
19 74 140
19 75 220
19 76 642
19 77 897
19 78 779
19 79 506
19 80 389
19 81 806
19 82 739
19 83 733
19 84 345
19 85 558
19 86 851
19 87 556
19 88 617
19 89 320
19 90 431
19 91 524
19 92 753
19 93 177
19 94 44
19 95 703
19 96 725
19 97 347
19 98 432
19 99 645
19 100 716
20 1 405
20 2 98
20 3 594
20 4 333
20 5 138
20 6 420
20 7 330
20 8 513
20 9 771
20 10 572
20 11 367
20 12 464
20 13 469
20 14 715
20 15 443
20 16 364
20 17 204
20 18 770
20 19 543
20 21 378
20 22 295
20 23 739
20 24 166
20 25 121
20 26 97
20 27 645
20 28 806
20 29 194
20 30 275
20 31 182
20 32 229
20 33 647
20 34 285
20 35 586
20 36 416
20 37 574
20 38 214
20 39 250
20 40 296
20 41 495
20 42 533
20 43 135
20 44 165
20 45 700
20 46 555
20 47 334
20 48 334
20 49 728
20 50 688
20 51 283
20 52 716
20 53 334
20 54 408
20 55 345
20 56 349
20 57 436
20 58 98
20 59 406
20 60 362
20 61 316
20 62 534
20 63 163
20 64 510
20 65 522
20 66 226
20 67 497
20 68 168
20 69 633
20 70 219
20 71 355
20 72 247
20 73 447
20 74 681
20 75 737
20 76 535
20 77 355
20 78 747
20 79 459
20 80 506
20 81 266
20 82 197
20 83 588
20 84 224
20 85 230
20 86 540
20 87 71
20 88 138
20 89 243
20 90 803
20 91 328
20 92 215
20 93 381
20 94 502
20 95 165
20 96 566
20 97 492
20 98 567
20 99 134
20 100 206
21 1 310
21 2 319
21 3 887
21 4 190
21 5 514
21 6 383
21 7 708
21 8 185
21 9 1056
21 10 877
21 11 217
21 12 686
21 13 139
21 14 802
21 15 436
21 16 280
21 17 484
21 18 710
21 19 367
21 20 378
21 22 647
21 23 1017
21 24 342
21 25 338
21 26 282
21 27 729
21 28 718
21 29 412
21 30 121
21 31 207
21 32 580
21 33 484
21 34 631
21 35 779
21 36 442
21 37 765
21 38 510
21 39 392
21 40 365
21 41 481
21 42 656
21 43 511
21 44 428
21 45 608
21 46 192
21 47 683
21 48 56
21 49 565
21 50 795
21 51 657
21 52 663
21 53 631
21 54 777
21 55 322
21 56 97
21 57 768
21 58 472
21 59 783
21 60 194
21 61 537
21 62 551
21 63 220
21 64 284
21 65 875
21 66 238
21 67 122
21 68 477
21 69 870
21 70 482
21 71 630
21 72 182
21 73 767
21 74 486
21 75 583
21 76 777
21 77 681
21 78 968
21 79 654
21 80 129
21 81 582
21 82 541
21 83 855
21 84 187
21 85 542
21 86 879
21 87 434
21 88 509
21 89 331
21 90 779
21 91 584
21 92 530
21 93 328
21 94 349
21 95 487
21 96 838
21 97 118
21 98 191
21 99 408
21 100 583
22 1 694
22 2 390
22 3 622
22 4 628
22 5 173
22 6 697
22 7 191
22 8 801
22 9 783
22 10 587
22 11 661
22 12 603
22 13 707
22 14 910
22 15 710
22 16 655
22 17 395
22 18 1026
22 19 834
22 20 295
22 21 647
22 23 764
22 24 321
22 25 312
22 26 381
22 27 849
22 28 1069
22 29 438
22 30 531
22 31 441
22 32 293
22 33 934
22 34 23
22 35 724
22 36 677
22 37 716
22 38 380
22 39 509
22 40 567
22 41 758
22 42 730
22 43 216
22 44 233
22 45 969
22 46 802
22 47 40
22 48 612
22 49 1012
22 50 874
22 51 222
22 52 973
22 53 432
22 54 142
22 55 629
22 56 637
22 57 148
22 58 244
22 59 233
22 60 656
22 61 502
22 62 782
22 63 430
22 64 804
22 65 448
22 66 433
22 67 769
22 68 352
22 69 722
22 70 205
22 71 474
22 72 480
22 73 169
22 74 971
22 75 1019
22 76 638
22 77 89
22 78 836
22 79 621
22 80 771
22 81 100
22 82 107
22 83 651
22 84 516
22 85 366
22 86 497
22 87 281
22 88 239
22 89 521
22 90 1044
22 91 479
22 92 132
22 93 666
22 94 792
22 95 163
22 96 628
22 97 765
22 98 825
22 99 245
22 100 146
23 1 790
23 2 731
23 3 148
23 4 852
23 5 687
23 6 722
23 7 577
23 8 1043
23 9 45
23 10 179
23 11 849
23 12 339
23 13 1146
23 14 491
23 15 679
23 16 789
23 17 551
23 18 774
23 19 884
23 20 739
23 21 1017
23 22 764
23 24 901
23 25 858
23 26 801
23 27 497
23 28 835
23 29 610
23 30 964
23 31 889
23 32 524
23 33 896
23 34 781
23 35 297
23 36 646
23 37 308
23 38 532
23 39 626
23 40 664
23 41 677
23 42 454
23 43 643
23 44 864
23 45 805
23 46 1206
23 47 783
23 48 962
23 49 925
23 50 450
23 51 547
23 52 746
23 53 407
23 54 708
23 55 733
23 56 935
23 57 861
23 58 660
23 59 564
23 60 866
23 61 481
23 62 625
23 63 866
23 64 933
23 65 343
23 66 958
23 67 1101
23 68 576
23 69 175
23 70 889
23 71 394
23 72 964
23 73 896
23 74 954
23 75 914
23 76 247
23 77 847
23 78 175
23 79 382
23 80 1128
23 81 840
23 82 775
23 83 162
23 84 833
23 85 510
23 86 280
23 87 670
23 88 624
23 89 687
23 90 721
23 91 436
23 92 829
23 93 751
23 94 850
23 95 808
23 96 179
23 97 1096
23 98 1192
23 99 844
23 100 649
24 1 490
24 2 221
24 3 755
24 4 384
24 5 241
24 6 526
24 7 434
24 8 515
24 9 932
24 10 731
24 11 424
24 12 628
24 13 386
24 14 866
24 15 561
24 16 446
24 17 369
24 18 888
24 19 612
24 20 166
24 21 342
24 22 321
24 23 901
24 25 46
24 26 153
24 27 794
24 28 917
24 29 348
24 30 222
24 31 150
24 32 381
24 33 727
24 34 302
24 35 749
24 36 541
24 37 737
24 38 379
24 39 390
24 40 420
24 41 614
24 42 687
24 43 268
24 44 90
24 45 807
24 46 482
24 47 352
24 48 318
24 49 812
24 50 842
24 51 407
24 52 835
24 53 497
24 54 460
24 55 446
24 56 358
24 57 429
24 58 243
24 59 505
24 60 411
24 61 477
24 62 665
24 63 152
24 64 557
24 65 661
24 66 113
24 67 461
24 68 333
24 69 798
24 70 140
24 71 520
24 72 164
24 73 426
24 74 751
24 75 824
24 76 700
24 77 342
24 78 912
24 79 621
24 80 458
24 81 244
24 82 219
24 83 751
24 84 268
24 85 394
24 86 687
24 87 232
24 88 282
24 89 363
24 90 931
24 91 493
24 92 194
24 93 477
24 94 577
24 95 160
24 96 730
24 97 458
24 98 509
24 99 79
24 100 306
25 1 458
25 2 178
25 3 712
25 4 358
25 5 209
25 6 490
25 7 406
25 8 503
25 9 889
25 10 689
25 11 397
25 12 583
25 13 398
25 14 822
25 15 522
25 16 414
25 17 324
25 18 850
25 19 584
25 20 121
25 21 338
25 22 312
25 23 858
25 24 46
25 26 115
25 27 750
25 28 881
25 29 303
25 30 220
25 31 135
25 32 341
25 33 697
25 34 295
25 35 704
25 36 501
25 37 692
25 38 335
25 39 347
25 40 379
25 41 576
25 42 642
25 43 231
25 44 94
25 45 771
25 46 492
25 47 346
25 48 308
25 49 781
25 50 798
25 51 374
25 52 797
25 53 453
25 54 447
25 55 410
25 56 342
25 57 431
25 58 203
25 59 479
25 60 386
25 61 432
25 62 624
25 63 130
25 64 534
25 65 625
25 66 128
25 67 459
25 68 288
25 69 754
25 70 154
25 71 476
25 72 169
25 73 432
25 74 723
25 75 793
25 76 655
25 77 344
25 78 868
25 79 576
25 80 460
25 81 245
25 82 206
25 83 708
25 84 240
25 85 350
25 86 649
25 87 188
25 88 243
25 89 323
25 90 892
25 91 448
25 92 192
25 93 442
25 94 547
25 95 150
25 96 686
25 97 456
25 98 514
25 99 70
25 100 277
26 1 345
26 2 76
26 3 660
26 4 254
26 5 234
26 6 375
26 7 427
26 8 421
26 9 836
26 10 642
26 11 291
26 12 502
26 13 377
26 14 719
26 15 408
26 16 302
26 17 252
26 18 736
26 19 475
26 20 97
26 21 282
26 22 381
26 23 801
26 24 153
26 25 115
26 27 645
26 28 766
26 29 209
26 30 182
26 31 92
26 32 312
26 33 586
26 34 368
26 35 618
26 36 388
26 37 605
26 38 270
26 39 241
26 40 267
26 41 462
26 42 541
26 43 230
26 44 201
26 45 657
26 46 460
26 47 419
26 48 238
26 49 669
26 50 697
26 51 378
26 52 683
26 53 396
26 54 501
26 55 296
26 56 257
26 57 515
26 58 192
26 59 502
26 60 282
26 61 346
26 62 512
26 63 70
26 64 432
26 65 609
26 66 160
26 67 400
26 68 227
26 69 681
26 70 261
26 71 409
26 72 164
26 73 522
26 74 615
26 75 680
26 76 582
26 77 431
26 78 791
26 79 488
26 80 410
26 81 336
26 82 277
26 83 644
26 84 137
26 85 295
26 86 622
26 87 157
26 88 231
26 89 210
26 90 779
26 91 373
26 92 282
26 93 328
26 94 437
26 95 232
26 96 625
26 97 396
26 98 471
26 99 170
26 100 302
27 1 426
27 2 574
27 3 464
27 4 539
27 5 692
27 6 349
27 7 725
27 8 674
27 9 540
27 10 490
27 11 515
27 12 277
27 13 866
27 14 75
27 15 295
27 16 450
27 17 462
27 18 278
27 19 458
27 20 645
27 21 729
27 22 849
27 23 497
27 24 794
27 25 750
27 26 645
27 28 339
27 29 451
27 30 734
27 31 702
27 32 559
27 33 430
27 34 853
27 35 214
27 36 287
27 37 207
27 38 471
27 39 405
27 40 389
27 41 259
27 42 119
27 43 641
27 44 809
27 45 314
27 46 892
27 47 884
27 48 680
27 49 440
27 50 72
27 51 657
27 52 250
27 53 435
27 54 877
27 55 408
27 56 632
27 57 990
27 58 627
27 59 765
27 60 538
27 61 348
27 62 187
27 63 683
27 64 534
27 65 645
27 66 792
27 67 768
27 68 507
27 69 329
27 70 861
27 71 390
27 72 767
27 73 1016
27 74 486
27 75 427
27 76 313
27 77 934
27 78 351
27 79 239
27 80 803
27 81 875
27 82 795
27 83 389
27 84 590
27 85 483
27 86 593
27 87 605
27 88 617
27 89 443
27 90 238
27 91 373
27 92 836
27 93 402
27 94 439
27 95 792
27 96 395
27 97 763
27 98 859
27 99 779
27 100 703
28 1 434
28 2 713
28 3 798
28 4 557
28 5 898
28 6 392
28 7 987
28 8 586
28 9 877
28 10 821
28 11 518
28 12 587
28 13 837
28 14 351
28 15 364
28 16 477
28 17 680
28 18 61
28 19 354
28 20 806
28 21 718
28 22 1069
28 23 835
28 24 917
28 25 881
28 26 766
28 27 339
28 29 632
28 30 777
28 31 785
28 32 807
28 33 247
28 34 1068
28 35 550
28 36 394
28 37 542
28 38 700
28 39 563
28 40 511
28 41 313
28 42 416
28 43 854
28 44 962
28 45 113
28 46 825
28 47 1108
28 48 688
28 49 190
28 50 388
28 51 916
28 52 102
28 53 714
28 54 1131
28 55 471
28 56 631
28 57 1216
28 58 827
28 59 1041
28 60 539
28 61 591
28 62 292
28 63 774
28 64 443
28 65 960
28 66 872
28 67 702
28 68 720
28 69 667
28 70 1021
28 71 672
28 72 830
28 73 1236
28 74 276
28 75 168
28 76 643
28 77 1146
28 78 680
28 79 539
28 80 739
28 81 1068
28 82 992
28 83 724
28 84 658
28 85 724
28 86 915
28 87 793
28 88 832
28 89 565
28 90 136
28 91 638
28 92 1019
28 93 441
28 94 370
28 95 970
28 96 728
28 97 699
28 98 777
28 99 930
28 100 931
29 1 283
29 2 133
29 3 477
29 4 275
29 5 266
29 6 266
29 7 387
29 8 479
29 9 649
29 10 466
29 11 290
29 12 296
29 13 537
29 14 522
29 15 273
29 16 254
29 17 81
29 18 591
29 19 423
29 20 194
29 21 412
29 22 438
29 23 610
29 24 348
29 25 303
29 26 209
29 27 451
29 28 632
29 30 354
29 31 287
29 32 212
29 33 508
29 34 436
29 35 410
29 36 239
29 37 397
29 38 110
29 39 72
29 40 135
29 41 320
29 42 340
29 43 224
29 44 358
29 45 532
29 46 603
29 47 478
29 48 357
29 49 582
29 50 496
29 51 318
29 52 537
29 53 221
29 54 513
29 55 211
29 56 340
29 57 585
29 58 196
29 59 455
29 60 298
29 61 139
29 62 349
29 63 265
29 64 421
29 65 482
29 66 368
29 67 508
29 68 100
29 69 477
29 70 412
29 71 219
29 72 361
29 73 604
29 74 552
29 75 587
29 76 380
29 77 515
29 78 586
29 79 279
29 80 531
29 81 440
29 82 362
29 83 450
29 84 225
29 85 145
29 86 475
29 87 163
29 88 204
29 89 109
29 90 616
29 91 175
29 92 395
29 93 247
29 94 380
29 95 348
29 96 432
29 97 503
29 98 596
29 99 328
29 100 304
30 1 347
30 2 238
30 3 826
30 4 221
30 5 407
30 6 407
30 7 604
30 8 298
30 9 1001
30 10 812
30 11 259
30 12 646
30 13 196
30 14 808
30 15 455
30 16 306
30 17 416
30 18 760
30 19 439
30 20 275
30 21 121
30 22 531
30 23 964
30 24 222
30 25 220
30 26 182
30 27 734
30 28 777
30 29 354
30 31 94
30 32 493
30 33 557
30 34 514
30 35 751
30 36 450
30 37 737
30 38 439
30 39 355
30 40 349
30 41 506
30 42 647
30 43 410
30 44 308
30 45 665
30 46 281
30 47 565
30 48 105
30 49 642
30 50 795
30 51 558
30 52 709
30 53 564
30 54 663
30 55 333
30 56 156
30 57 648
30 58 372
30 59 679
30 60 239
30 61 490
30 62 571
30 63 113
30 64 367
30 65 789
30 66 121
30 67 240
30 68 399
30 69 829
30 70 361
30 71 570
30 72 65
30 73 647
30 74 569
30 75 658
30 76 733
30 77 561
30 78 934
30 79 621
30 80 241
30 81 463
30 82 425
30 83 803
30 84 146
30 85 467
30 86 800
30 87 338
30 88 412
30 89 301
30 90 819
30 91 529
30 92 410
30 93 350
30 94 411
30 95 369
30 96 785
30 97 237
30 98 297
30 99 289
30 100 476
31 1 353
31 2 159
31 3 749
31 4 239
31 5 313
31 6 400
31 7 510
31 8 368
31 9 925
31 10 732
31 11 279
31 12 582
31 13 288
31 14 776
31 15 441
31 16 310
31 17 339
31 18 762
31 19 467
31 20 182
31 21 207
31 22 441
31 23 889
31 24 150
31 25 135
31 26 92
31 27 702
31 28 785
31 29 287
31 30 94
31 32 404
31 33 584
31 34 426
31 35 694
31 36 428
31 37 681
31 38 359
31 39 304
31 40 314
31 41 494
31 42 605
31 43 317
31 44 228
31 45 674
31 46 375
31 47 477
31 48 173
31 49 669
31 50 758
31 51 465
31 52 709
31 53 485
31 54 571
31 55 320
31 56 209
31 57 565
31 58 279
31 59 585
31 60 264
31 61 425
31 62 552
31 63 24
31 64 409
31 65 700
31 66 91
31 67 328
31 68 317
31 69 763
31 70 286
31 71 496
31 72 75
31 73 566
31 74 604
31 75 682
31 76 666
31 77 478
31 78 872
31 79 563
31 80 332
31 81 380
31 82 335
31 83 731
31 84 128
31 85 385
31 86 713
31 87 247
31 88 319
31 89 260
31 90 812
31 91 458
31 92 326
31 93 346
31 94 434
31 95 282
31 96 712
31 97 324
31 98 390
31 99 205
31 100 382
32 1 494
32 2 261
32 3 377
32 4 477
32 5 166
32 6 471
32 7 182
32 8 679
32 9 553
32 10 351
32 11 497
32 12 310
32 13 688
32 14 618
32 15 467
32 16 465
32 17 137
32 18 758
32 19 633
32 20 229
32 21 580
32 22 293
32 23 524
32 24 381
32 25 341
32 26 312
32 27 559
32 28 807
32 29 212
32 30 493
32 31 404
32 33 712
32 34 301
32 35 433
32 36 429
32 37 425
32 38 111
32 39 279
32 40 343
32 41 507
32 42 441
32 43 119
32 44 340
32 45 717
32 46 767
32 47 327
32 48 529
32 49 782
32 50 582
32 51 111
32 52 707
32 53 142
32 54 325
32 55 422
32 56 527
32 57 432
32 58 139
32 59 245
32 60 502
32 61 219
32 62 516
32 63 382
32 64 631
32 65 297
32 66 455
32 67 691
32 68 115
32 69 446
32 70 368
32 71 182
32 72 473
32 73 459
32 74 759
32 75 784
32 76 354
32 77 381
32 78 562
32 79 329
32 80 707
32 81 339
32 82 265
32 83 385
32 84 400
32 85 83
32 86 312
32 87 159
32 88 101
32 89 319
32 90 766
32 91 187
32 92 316
32 93 457
32 94 590
32 95 287
32 96 362
32 97 686
32 98 771
32 99 321
32 100 149
33 1 243
33 2 550
33 3 819
33 4 346
33 5 762
33 6 243
33 7 892
33 8 340
33 9 940
33 10 832
33 11 306
33 12 585
33 13 595
33 14 479
33 15 251
33 16 285
33 17 576
33 18 260
33 19 119
33 20 647
33 21 484
33 22 934
33 23 896
33 24 727
33 25 697
33 26 586
33 27 430
33 28 247
33 29 508
33 30 557
33 31 584
33 32 712
33 34 927
33 35 600
33 36 292
33 37 588
33 38 602
33 39 437
33 40 373
33 41 229
33 42 442
33 43 726
33 44 786
33 45 154
33 46 579
33 47 974
33 48 461
33 49 85
33 50 499
33 51 822
33 52 231
33 53 658
33 54 1020
33 55 305
33 56 404
33 57 1079
33 58 692
33 59 957
33 60 322
33 61 523
33 62 271
33 63 577
33 64 202
33 65 930
33 66 665
33 67 456
33 68 606
33 69 722
33 70 847
33 71 626
33 72 616
33 73 1093
33 74 59
33 75 101
33 76 665
33 77 1001
33 78 772
33 79 534
33 80 494
33 81 912
33 82 843
33 83 755
33 84 460
33 85 633
33 86 900
33 87 653
33 88 708
33 89 413
33 90 345
33 91 580
33 92 860
33 93 268
33 94 151
33 95 810
33 96 751
33 97 453
33 98 531
33 99 756
33 100 809
34 1 687
34 2 381
34 3 637
34 4 617
34 5 170
34 6 693
34 7 210
34 8 787
34 9 800
34 10 603
34 11 651
34 12 611
34 13 688
34 14 915
34 15 707
34 16 647
34 17 396
34 18 1025
34 19 826
34 20 285
34 21 631
34 22 23
34 23 781
34 24 302
34 25 295
34 26 368
34 27 853
34 28 1068
34 29 436
34 30 514
34 31 426
34 32 301
34 33 927
34 35 733
34 36 675
34 37 725
34 38 383
34 39 506
34 40 562
34 41 756
34 42 735
34 43 216
34 44 214
34 45 967
34 46 783
34 47 52
34 48 597
34 49 1007
34 50 880
34 51 236
34 52 972
34 53 442
34 54 164
34 55 623
34 56 623
34 57 152
34 58 241
34 59 255
34 60 646
34 61 506
34 62 782
34 63 415
34 64 794
34 65 467
34 66 414
34 67 753
34 68 353
34 69 735
34 70 183
34 71 483
34 72 462
34 73 169
34 74 964
34 75 1014
34 76 649
34 77 82
34 78 849
34 79 628
34 80 754
34 81 77
34 82 92
34 83 664
34 84 504
34 85 371
34 86 516
34 87 277
34 88 240
34 89 516
34 90 1045
34 91 485
34 92 111
34 93 659
34 94 785
34 95 146
34 96 641
34 97 749
34 98 808
34 99 227
34 100 152
35 1 516
35 2 543
35 3 251
35 4 599
35 5 590
35 6 442
35 7 570
35 8 774
35 9 341
35 10 279
35 11 588
35 12 125
35 13 916
35 14 233
35 15 395
35 16 523
35 17 382
35 18 489
35 19 595
35 20 586
35 21 779
35 22 724
35 23 297
35 24 749
35 25 704
35 26 618
35 27 214
35 28 550
35 29 410
35 30 751
35 31 694
35 32 433
35 33 600
35 34 733
35 36 367
35 37 15
35 38 378
35 39 397
35 40 415
35 41 386
35 42 159
35 43 538
35 44 741
35 45 511
35 46 962
35 47 755
35 48 726
35 49 629
35 50 189
35 51 511
35 52 457
35 53 292
35 54 724
35 55 470
35 56 689
35 57 854
35 58 538
35 59 596
35 60 608
35 61 273
35 62 330
35 63 672
35 64 652
35 65 445
35 66 777
35 67 847
35 68 423
35 69 122
35 70 783
35 71 252
35 72 767
35 73 884
35 74 659
35 75 619
35 76 107
35 77 812
35 78 191
35 79 131
35 80 878
35 81 770
35 82 693
35 83 176
35 84 609
35 85 375
35 86 389
35 87 529
35 88 515
35 89 453
35 90 450
35 91 262
35 92 741
35 93 481
35 94 565
35 95 705
35 96 183
35 97 842
35 98 940
35 99 714
35 100 582
36 1 151
36 2 327
36 3 548
36 4 253
36 5 505
36 6 77
36 7 610
36 8 409
36 9 690
36 10 556
36 11 232
36 12 313
36 13 580
36 14 361
36 15 41
36 16 166
36 17 295
36 18 355
36 19 243
36 20 416
36 21 442
36 22 677
36 23 646
36 24 541
36 25 501
36 26 388
36 27 287
36 28 394
36 29 239
36 30 450
36 31 428
36 32 429
36 33 292
36 34 675
36 35 367
36 37 353
36 38 318
36 39 170
36 40 122
36 41 82
36 42 222
36 43 462
36 44 575
36 45 293
36 46 611
36 47 716
36 48 394
36 49 355
36 50 353
36 51 539
36 52 301
36 53 367
36 54 747
36 55 121
36 56 346
36 57 824
36 58 434
36 59 672
36 60 254
36 61 232
36 62 125
36 63 412
36 64 288
36 65 640
36 66 519
36 67 490
36 68 331
36 69 478
36 70 633
36 71 336
36 72 488
36 73 843
36 74 344
36 75 357
36 76 402
36 77 753
36 78 556
36 79 266
36 80 524
36 81 674
36 82 598
36 83 492
36 84 309
36 85 347
36 86 612
36 87 400
36 88 441
36 89 178
36 90 391
36 91 290
36 92 627
36 93 119
36 94 206
36 95 578
36 96 484
36 97 485
36 98 583
36 99 544
36 100 541
37 1 502
37 2 530
37 3 257
37 4 584
37 5 580
37 6 429
37 7 565
37 8 760
37 9 352
37 10 284
37 11 574
37 12 115
37 13 902
37 14 232
37 15 381
37 16 509
37 17 371
37 18 482
37 19 582
37 20 574
37 21 765
37 22 716
37 23 308
37 24 737
37 25 692
37 26 605
37 27 207
37 28 542
37 29 397
37 30 737
37 31 681
37 32 425
37 33 588
37 34 725
37 35 15
37 36 353
37 38 367
37 39 383
37 40 401
37 41 373
37 42 147
37 43 529
37 44 730
37 45 501
37 46 948
37 47 747
37 48 711
37 49 618
37 50 187
37 51 505
37 52 448
37 53 284
37 54 718
37 55 455
37 56 675
37 57 848
37 58 527
37 59 593
37 60 594
37 61 261
37 62 318
37 63 659
37 64 639
37 65 446
37 66 764
37 67 832
37 68 412
37 69 134
37 70 772
37 71 243
37 72 754
37 73 878
37 74 647
37 75 608
37 76 109
37 77 804
37 78 205
37 79 118
37 80 864
37 81 761
37 82 684
37 83 183
37 84 595
37 85 365
37 86 391
37 87 518
37 88 505
37 89 439
37 90 445
37 91 251
37 92 732
37 93 467
37 94 551
37 95 695
37 96 188
37 97 827
37 98 926
37 99 703
37 100 574
38 1 388
38 2 202
38 3 390
38 4 384
38 5 222
38 6 361
38 7 292
38 8 588
38 9 566
38 10 374
38 11 400
38 12 254
38 13 629
38 14 535
38 15 357
38 16 362
38 17 30
38 18 653
38 19 525
38 20 214
38 21 510
38 22 380
38 23 532
38 24 379
38 25 335
38 26 270
38 27 471
38 28 700
38 29 110
38 30 439
38 31 359
38 32 111
38 33 602
38 34 383
38 35 378
38 36 318
38 37 367
38 39 171
38 40 236
38 41 397
38 42 353
38 43 171
38 44 364
38 45 608
38 46 701
38 47 417
38 48 457
38 49 671
38 50 502
38 51 221
38 52 601
38 53 126
38 54 431
38 55 315
38 56 445
38 57 525
38 58 162
38 59 355
38 60 408
38 61 123
38 62 409
38 63 336
38 64 529
38 65 373
38 66 428
38 67 613
38 68 47
38 69 419
38 70 406
38 71 142
38 72 433
38 73 549
38 74 650
38 75 674
38 76 321
38 77 465
38 78 534
38 79 256
38 80 633
38 81 405
38 82 326
38 83 376
38 84 324
38 85 35
38 86 370
38 87 152
38 88 146
38 89 218
38 90 665
38 91 117
38 92 370
38 93 350
38 94 482
38 95 330
38 96 356
38 97 608
38 98 698
38 99 337
38 100 236
39 1 217
39 2 170
39 3 501
39 4 231
39 5 336
39 6 195
39 7 457
39 8 433
39 9 667
39 10 496
39 11 238
39 12 295
39 13 525
39 14 478
39 15 202
39 16 193
39 17 143
39 18 524
39 19 355
39 20 250
39 21 392
39 22 509
39 23 626
39 24 390
39 25 347
39 26 241
39 27 405
39 28 563
39 29 72
39 30 355
39 31 304
39 32 279
39 33 437
39 34 506
39 35 397
39 36 170
39 37 383
39 38 171
39 40 65
39 41 251
39 42 302
39 43 295
39 44 413
39 45 461
39 46 580
39 47 548
39 48 337
39 49 510
39 50 457
39 51 387
39 52 470
39 53 262
39 54 585
39 55 145
39 56 309
39 57 656
39 58 265
39 59 523
39 60 251
39 61 147
39 62 285
39 63 283
39 64 360
39 65 534
39 66 392
39 67 477
39 68 170
39 69 480
39 70 469
39 71 249
39 72 374
39 73 674
39 74 482
39 75 515
39 76 386
39 77 584
39 78 581
39 79 267
39 80 503
39 81 506
39 82 429
39 83 464
39 84 213
39 85 205
39 86 521
39 87 230
39 88 275
39 89 61
39 90 553
39 91 200
39 92 459
39 93 179
39 94 312
39 95 410
39 96 449
39 97 472
39 98 567
39 99 382
39 100 376
40 1 154
40 2 205
40 3 546
40 4 188
40 5 394
40 6 132
40 7 521
40 8 383
40 9 706
40 10 545
40 11 187
40 12 327
40 13 502
40 14 463
40 15 148
40 16 134
40 17 207
40 18 476
40 19 290
40 20 296
40 21 365
40 22 567
40 23 664
40 24 420
40 25 379
40 26 267
40 27 389
40 28 511
40 29 135
40 30 349
40 31 314
40 32 343
40 33 373
40 34 562
40 35 415
40 36 122
40 37 401
40 38 236
40 39 65
40 41 200
40 42 299
40 43 355
40 44 454
40 45 406
40 46 549
40 47 606
40 48 311
40 49 448
40 50 447
40 51 451
40 52 422
40 53 320
40 54 648
40 55 82
40 56 275
40 57 713
40 58 323
40 59 588
40 60 203
40 61 194
40 62 245
40 63 295
40 64 299
40 65 593
40 66 404
40 67 438
40 68 234
40 69 509
40 70 512
40 71 301
40 72 378
40 73 730
40 74 418
40 75 454
40 76 420
40 77 639
40 78 604
40 79 291
40 80 467
40 81 557
40 82 483
40 83 503
40 84 203
40 85 269
40 86 578
40 87 286
40 88 336
40 89 57
40 90 513
40 91 251
40 92 509
40 93 115
40 94 247
40 95 459
40 96 490
40 97 433
40 98 530
40 99 422
40 100 437
41 1 171
41 2 404
41 3 593
41 4 294
41 5 586
41 6 100
41 7 689
41 8 416
41 9 721
41 10 605
41 11 264
41 12 357
41 13 616
41 14 328
41 15 54
41 16 203
41 17 374
41 18 276
41 19 211
41 20 495
41 21 481
41 22 758
41 23 677
41 24 614
41 25 576
41 26 462
41 27 259
41 28 313
41 29 320
41 30 506
41 31 494
41 32 507
41 33 229
41 34 756
41 35 386
41 36 82
41 37 373
41 38 397
41 39 251
41 40 200
41 42 229
41 43 543
41 44 653
41 45 212
41 46 635
41 47 797
41 48 437
41 49 283
41 50 330
41 51 617
41 52 222
41 53 436
41 54 827
41 55 175
41 56 384
41 57 905
41 58 515
41 59 748
41 60 287
41 61 302
41 62 73
41 63 479
41 64 278
41 65 704
41 66 584
41 67 510
41 68 412
41 69 504
41 70 711
41 71 401
41 72 549
41 73 924
41 74 285
41 75 282
41 76 440
41 77 834
41 78 568
41 79 307
41 80 546
41 81 755
41 82 679
41 83 531
41 84 370
41 85 425
41 86 672
41 87 481
41 88 522
41 89 255
41 90 319
41 91 358
41 92 707
41 93 157
41 94 184
41 95 658
41 96 525
41 97 506
41 98 601
41 99 621
41 100 622
42 1 372
42 2 468
42 3 389
42 4 469
42 5 574
42 6 295
42 7 608
42 8 630
42 9 498
42 10 409
42 11 452
42 12 172
42 13 794
42 14 184
42 15 244
42 16 386
42 17 345
42 18 358
42 19 439
42 20 533
42 21 656
42 22 730
42 23 454
42 24 687
42 25 642
42 26 541
42 27 119
42 28 416
42 29 340
42 30 647
42 31 605
42 32 441
42 33 442
42 34 735
42 35 159
42 36 222
42 37 147
42 38 353
42 39 302
42 40 299
42 41 229
42 43 523
42 44 696
42 45 362
42 46 831
42 47 766
42 48 605
42 49 474
42 50 156
42 51 540
42 52 317
42 53 319
42 54 760
42 55 336
42 56 562
42 57 872
42 58 510
42 59 651
42 60 474
42 61 230
42 62 172
42 63 584
42 64 501
42 65 546
42 66 693
42 67 711
42 68 390
42 69 280
42 70 747
42 71 275
42 72 673
42 73 898
42 74 500
42 75 465
42 76 232
42 77 816
42 78 340
42 79 127
42 80 744
42 81 757
42 82 678
42 83 319
42 84 501
42 85 365
42 86 500
42 87 490
42 88 499
42 89 347
42 90 339
42 91 255
42 92 719
42 93 340
42 94 411
42 95 676
42 96 319
42 97 706
42 98 804
42 99 667
42 100 585
43 1 491
43 2 205
43 3 496
43 4 444
43 5 52
43 6 487
43 7 198
43 8 636
43 9 671
43 10 469
43 11 472
43 12 414
43 13 604
43 14 705
43 15 496
43 16 455
43 17 181
43 18 810
43 19 632
43 20 135
43 21 511
43 22 216
43 23 643
43 24 268
43 25 231
43 26 230
43 27 641
43 28 854
43 29 224
43 30 410
43 31 317
43 32 119
43 33 726
43 34 216
43 35 538
43 36 462
43 37 529
43 38 171
43 39 295
43 40 355
43 41 543
43 42 523
43 44 221
43 45 755
43 46 690
43 47 255
43 48 465
43 49 802
43 50 672
43 51 149
43 52 757
43 53 255
43 54 297
43 55 423
43 56 474
43 57 363
43 58 41
43 59 273
43 60 472
43 61 293
43 62 567
43 63 297
43 64 614
43 65 395
43 66 353
43 67 628
43 68 137
43 69 561
43 70 251
43 71 289
43 72 380
43 73 384
43 74 767
43 75 808
43 76 468
43 77 297
43 78 678
43 79 424
43 80 639
43 81 235
43 82 157
43 83 503
43 84 346
43 85 165
43 86 419
43 87 82
43 88 25
43 89 314
43 90 829
43 91 280
43 92 203
43 93 459
43 94 590
43 95 170
43 96 481
43 97 624
43 98 700
43 99 203
43 100 84
44 1 545
44 2 249
44 3 717
44 4 450
44 5 181
44 6 571
44 7 361
44 8 596
44 9 892
44 10 690
44 11 489
44 12 617
44 13 475
44 14 879
44 15 600
44 16 502
44 17 360
44 18 928
44 19 675
44 20 165
44 21 428
44 22 233
44 23 864
44 24 90
44 25 94
44 26 201
44 27 809
44 28 962
44 29 358
44 30 308
44 31 228
44 32 340
44 33 786
44 34 214
44 35 741
44 36 575
44 37 730
44 38 364
44 39 413
44 40 454
44 41 653
44 42 696
44 43 221
44 45 853
44 46 571
44 47 263
44 48 401
44 49 870
44 50 851
44 51 345
44 52 874
44 53 470
44 54 374
44 55 493
44 56 435
44 57 341
44 58 208
44 59 429
44 60 478
44 61 475
44 62 696
44 63 224
44 64 627
44 65 601
44 66 202
44 67 548
44 68 319
44 69 776
44 70 61
44 71 499
44 72 252
44 73 340
44 74 814
44 75 880
44 76 680
44 77 254
44 78 892
44 79 616
44 80 546
44 81 155
44 82 134
44 83 722
44 84 333
44 85 371
44 86 633
44 87 213
44 88 241
44 89 399
44 90 965
44 91 480
44 92 105
44 93 526
44 94 637
44 95 76
44 96 700
44 97 545
44 98 598
44 99 32
44 100 238
45 1 322
45 2 606
45 3 750
45 4 445
45 5 797
45 6 283
45 7 898
45 8 484
45 9 849
45 10 769
45 11 406
45 12 525
45 13 730
45 14 350
45 15 260
45 16 365
45 17 586
45 18 108
45 19 248
45 20 700
45 21 608
45 22 969
45 23 805
45 24 807
45 25 771
45 26 657
45 27 314
45 28 113
45 29 532
45 30 665
45 31 674
45 32 717
45 33 154
45 34 967
45 35 511
45 36 293
45 37 501
45 38 608
45 39 461
45 40 406
45 41 212
45 42 362
45 43 755
45 44 853
45 46 723
45 47 1009
45 48 577
45 49 130
45 50 377
45 51 826
45 52 80
45 53 635
45 54 1038
45 55 361
45 56 520
45 57 1117
45 58 726
45 59 956
45 60 427
45 61 506
45 62 209
45 63 662
45 64 338
45 65 893
45 66 761
45 67 598
45 68 623
45 69 632
45 70 913
45 71 596
45 72 718
45 73 1135
45 74 198
45 75 114
45 76 593
45 77 1044
45 78 664
45 79 475
45 80 636
45 81 963
45 82 889
45 83 680
45 84 546
45 85 634
45 86 853
45 87 691
45 88 734
45 89 458
45 90 192
45 91 557
45 92 914
45 93 330
45 94 260
45 95 864
45 96 680
45 97 594
45 98 677
45 99 822
45 100 834
46 1 466
46 2 507
46 3 1077
46 4 364
46 5 687
46 6 544
46 7 884
46 8 240
46 9 1246
46 10 1068
46 11 380
46 12 873
46 13 98
46 14 962
46 15 597
46 16 446
46 17 675
46 18 829
46 19 476
46 20 555
46 21 192
46 22 802
46 23 1206
46 24 482
46 25 492
46 26 460
46 27 892
46 28 825
46 29 603
46 30 281
46 31 375
46 32 767
46 33 579
46 34 783
46 35 962
46 36 611
46 37 948
46 38 701
46 39 580
46 40 549
46 41 635
46 42 831
46 43 690
46 44 571
46 45 723
46 47 834
46 48 246
46 49 650
46 50 960
46 51 838
46 52 788
46 53 822
46 54 938
46 55 495
46 56 274
46 57 908
46 58 651
46 59 959
46 60 358
46 61 726
46 62 708
46 63 393
46 64 386
46 65 1063
46 66 370
46 67 127
46 68 666
46 69 1057
46 70 616
46 71 820
46 72 323
46 73 901
46 74 562
46 75 670
46 76 965
46 77 822
46 78 1152
46 79 839
46 80 90
46 81 725
46 82 697
46 83 1044
46 84 378
46 85 732
46 86 1069
46 87 616
46 88 691
46 89 520
46 90 907
46 91 774
46 92 676
46 93 493
46 94 474
46 95 639
46 96 1028
46 97 131
46 98 56
46 99 558
46 100 756
47 1 734
47 2 429
47 3 643
47 4 667
47 5 213
47 6 737
47 7 207
47 8 838
47 9 800
47 10 607
47 11 700
47 12 635
47 13 738
47 14 945
47 15 750
47 16 695
47 17 432
47 18 1065
47 19 874
47 20 334
47 21 683
47 22 40
47 23 783
47 24 352
47 25 346
47 26 419
47 27 884
47 28 1108
47 29 478
47 30 565
47 31 477
47 32 327
47 33 974
47 34 52
47 35 755
47 36 716
47 37 747
47 38 417
47 39 548
47 40 606
47 41 797
47 42 766
47 43 255
47 44 263
47 45 1009
47 46 834
47 48 648
47 49 1052
47 50 908
47 51 248
47 52 1012
47 53 464
47 54 124
47 55 669
47 56 674
47 57 109
47 58 284
47 59 237
47 60 695
47 61 538
47 62 821
47 63 467
47 64 844
47 65 459
47 66 464
47 67 804
47 68 390
47 69 748
47 70 228
47 71 507
47 72 513
47 73 132
47 74 1011
47 75 1059
47 76 666
47 77 65
47 78 861
47 79 655
47 80 805
47 81 117
47 82 143
47 83 675
47 84 555
47 85 402
47 86 512
47 87 321
47 88 277
47 89 561
47 90 1082
47 91 513
47 92 159
47 93 706
47 94 832
47 95 197
47 96 652
47 97 800
47 98 859
47 99 278
47 100 182
48 1 269
48 2 269
48 3 832
48 4 144
48 5 472
48 6 338
48 7 662
48 8 197
48 9 1001
48 10 822
48 11 176
48 12 631
48 13 191
48 14 754
48 15 390
48 16 234
48 17 430
48 18 676
48 19 342
48 20 334
48 21 56
48 22 612
48 23 962
48 24 318
48 25 308
48 26 238
48 27 680
48 28 688
48 29 357
48 30 105
48 31 173
48 32 529
48 33 461
48 34 597
48 35 726
48 36 394
48 37 711
48 38 457
48 39 337
48 40 311
48 41 437
48 42 605
48 43 465
48 44 401
48 45 577
48 46 246
48 47 648
48 49 544
48 50 745
48 51 609
48 52 628
48 53 577
48 54 738
48 55 273
48 56 58
48 57 738
48 58 425
48 59 738
48 60 153
48 61 481
48 62 506
48 63 182
48 64 266
48 65 823
48 66 224
48 67 164
48 68 424
48 69 815
48 70 457
48 71 575
48 72 169
48 73 739
48 74 469
48 75 561
48 76 722
48 77 651
48 78 914
48 79 600
48 80 178
48 81 553
48 82 506
48 83 800
48 84 133
48 85 488
48 86 826
48 87 386
48 88 462
48 89 276
48 90 741
48 91 529
48 92 499
48 93 282
48 94 319
48 95 454
48 96 783
48 97 159
48 98 242
48 99 377
48 100 539
49 1 325
49 2 631
49 3 859
49 4 431
49 5 840
49 6 316
49 7 963
49 8 413
49 9 969
49 10 876
49 11 390
49 12 629
49 13 673
49 14 479
49 15 316
49 16 368
49 17 646
49 18 219
49 19 204
49 20 728
49 21 565
49 22 1012
49 23 925
49 24 812
49 25 781
49 26 669
49 27 440
49 28 190
49 29 582
49 30 642
49 31 669
49 32 782
49 33 85
49 34 1007
49 35 629
49 36 355
49 37 618
49 38 671
49 39 510
49 40 448
49 41 283
49 42 474
49 43 802
49 44 870
49 45 130
49 46 650
49 47 1052
49 48 544
49 50 505
49 51 892
49 52 207
49 53 718
49 54 1095
49 55 384
49 56 488
49 57 1158
49 58 770
49 59 1026
49 60 407
49 61 584
49 62 308
49 63 662
49 64 282
49 65 985
49 66 749
49 67 530
49 68 679
49 69 750
49 70 930
49 71 683
49 72 701
49 73 1173
49 74 90
49 75 22
49 76 703
49 77 1081
49 78 789
49 79 578
49 80 568
49 81 994
49 82 923
49 83 792
49 84 544
49 85 701
49 86 951
49 87 731
49 88 784
49 89 491
49 90 309
49 91 640
49 92 942
49 93 348
49 94 236
49 95 891
49 96 790
49 97 528
49 98 600
49 99 839
49 100 885
50 1 495
50 2 623
50 3 435
50 4 605
50 5 723
50 6 417
50 7 738
50 8 745
50 9 492
50 10 466
50 11 583
50 12 281
50 13 932
50 14 45
50 15 364
50 16 517
50 17 497
50 18 327
50 19 530
50 20 688
50 21 795
50 22 874
50 23 450
50 24 842
50 25 798
50 26 697
50 27 72
50 28 388
50 29 496
50 30 795
50 31 758
50 32 582
50 33 499
50 34 880
50 35 189
50 36 353
50 37 187
50 38 502
50 39 457
50 40 447
50 41 330
50 42 156
50 43 672
50 44 851
50 45 377
50 46 960
50 47 908
50 48 745
50 49 505
50 51 673
50 52 307
50 53 449
50 54 891
50 55 473
50 56 698
50 57 1012
50 58 662
50 59 772
50 60 605
50 61 381
50 62 258
50 63 738
50 64 605
50 65 633
50 66 847
50 67 837
50 68 541
50 69 290
50 70 901
50 71 405
50 72 825
50 73 1040
50 74 555
50 75 490
50 76 295
50 77 961
50 78 293
50 79 253
50 80 872
50 81 907
50 82 828
50 83 360
50 84 650
50 85 510
50 86 577
50 87 643
50 88 648
50 89 499
50 90 272
50 91 396
50 92 871
50 93 469
50 94 511
50 95 829
50 96 370
50 97 832
50 98 929
50 99 822
50 100 729
51 1 600
51 2 343
51 3 402
51 4 573
51 5 167
51 6 580
51 7 72
51 8 771
51 9 568
51 10 368
51 11 596
51 12 395
51 13 752
51 14 712
51 15 577
51 16 569
51 17 246
51 18 866
51 19 740
51 20 283
51 21 657
51 22 222
51 23 547
51 24 407
51 25 374
51 26 378
51 27 657
51 28 916
51 29 318
51 30 558
51 31 465
51 32 111
51 33 822
51 34 236
51 35 511
51 36 539
51 37 505
51 38 221
51 39 387
51 40 451
51 41 617
51 42 540
51 43 149
51 44 345
51 45 826
51 46 838
51 47 248
51 48 609
51 49 892
51 50 673
51 52 815
51 53 225
51 54 221
51 55 528
51 56 614
51 57 344
51 58 187
51 59 138
51 60 600
51 61 326
51 62 624
51 63 446
51 64 734
51 65 256
51 66 499
51 67 772
51 68 218
51 69 501
51 70 355
51 71 269
51 72 528
51 73 375
51 74 868
51 75 894
51 76 420
51 77 309
51 78 615
51 79 421
51 80 785
51 81 294
51 82 234
51 83 429
51 84 485
51 85 193
51 86 293
51 87 223
51 88 148
51 89 423
51 90 870
51 91 286
51 92 288
51 93 564
51 94 697
51 95 277
51 96 406
51 97 767
51 98 847
51 99 335
51 100 109
52 1 363
52 2 626
52 3 702
52 4 490
52 5 802
52 6 310
52 7 887
52 8 551
52 9 789
52 10 724
52 11 453
52 12 487
52 13 790
52 14 277
52 15 275
52 16 404
52 17 582
52 18 55
52 19 313
52 20 716
52 21 663
52 22 973
52 23 746
52 24 835
52 25 797
52 26 683
52 27 250
52 28 102
52 29 537
52 30 709
52 31 709
52 32 707
52 33 231
52 34 972
52 35 457
52 36 301
52 37 448
52 38 601
52 39 470
52 40 422
52 41 222
52 42 317
52 43 757
52 44 874
52 45 80
52 46 788
52 47 1012
52 48 628
52 49 207
52 50 307
52 51 815
52 53 612
52 54 1031
52 55 390
52 56 571
52 57 1120
52 58 732
52 59 940
52 60 476
52 61 491
52 62 192
52 63 696
52 64 403
52 65 859
52 66 798
52 67 662
52 68 622
52 69 576
52 70 933
52 71 571
52 72 759
52 73 1140
52 74 277
52 75 190
52 76 546
52 77 1051
52 78 599
52 79 438
52 80 700
52 81 975
52 82 898
52 83 629
52 84 582
52 85 625
52 86 815
52 87 699
52 88 735
52 89 476
52 90 119
52 91 537
52 92 928
52 93 364
52 94 318
52 95 879
52 96 632
52 97 659
52 98 745
52 99 843
52 100 833
53 1 470
53 2 328
53 3 264
53 4 491
53 5 305
53 6 427
53 7 290
53 8 694
53 9 441
53 10 249
53 11 500
53 12 171
53 13 753
53 14 488
53 15 407
53 16 453
53 17 149
53 18 660
53 19 599
53 20 334
53 21 631
53 22 432
53 23 407
53 24 497
53 25 453
53 26 396
53 27 435
53 28 714
53 29 221
53 30 564
53 31 485
53 32 142
53 33 658
53 34 442
53 35 292
53 36 367
53 37 284
53 38 126
53 39 262
53 40 320
53 41 436
53 42 319
53 43 255
53 44 470
53 45 635
53 46 822
53 47 464
53 48 577
53 49 718
53 50 449
53 51 225
53 52 612
53 54 444
53 55 400
53 56 560
53 57 565
53 58 263
53 59 333
53 60 512
53 61 136
53 62 426
53 63 462
53 64 617
53 65 276
53 66 552
53 67 729
53 68 170
53 69 308
53 70 504
53 71 45
53 72 559
53 73 595
53 74 711
53 75 717
53 76 213
53 77 521
53 78 424
53 79 198
53 80 751
53 81 481
53 82 406
53 83 255
53 84 444
53 85 104
53 86 259
53 87 266
53 88 232
53 89 319
53 90 655
53 91 79
53 92 456
53 93 430
53 94 557
53 95 424
53 96 233
53 97 724
53 98 816
53 99 447
53 100 291
54 1 788
54 2 496
54 3 576
54 4 737
54 5 272
54 6 779
54 7 154
54 8 921
54 9 719
54 10 537
54 11 767
54 12 612
54 13 844
54 14 931
54 15 783
54 16 752
54 17 453
54 18 1083
54 19 929
54 20 408
54 21 777
54 22 142
54 23 708
54 24 460
54 25 447
54 26 501
54 27 877
54 28 1131
54 29 513
54 30 663
54 31 571
54 32 325
54 33 1020
54 34 164
54 35 724
54 36 747
54 37 718
54 38 431
54 39 585
54 40 648
54 41 827
54 42 760
54 43 297
54 44 374
54 45 1038
54 46 938
54 47 124
54 48 738
54 49 1095
54 50 891
54 51 221
54 52 1031
54 53 444
54 55 719
54 56 757
54 57 157
54 58 334
54 59 144
54 60 765
54 61 544
54 62 840
54 63 558
54 64 909
54 65 370
54 66 571
54 67 898
54 68 417
54 69 698
54 70 347
54 71 488
54 72 615
54 73 194
54 74 1063
54 75 1099
54 76 626
54 77 178
54 78 806
54 79 641
54 80 902
54 81 238
54 82 242
54 83 619
54 84 632
54 85 408
54 86 429
54 87 376
54 88 313
54 89 610
54 90 1090
54 91 506
54 92 274
54 93 755
54 94 886
54 95 301
54 96 597
54 97 894
54 98 959
54 99 382
54 100 213
55 1 73
55 2 249
55 3 620
55 4 133
55 5 458
55 6 81
55 7 597
55 8 310
55 9 776
55 10 621
55 11 119
55 12 395
55 13 460
55 14 482
55 15 123
55 16 56
55 17 287
55 18 443
55 19 212
55 20 345
55 21 322
55 22 629
55 23 733
55 24 446
55 25 410
55 26 296
55 27 408
55 28 471
55 29 211
55 30 333
55 31 320
55 32 422
55 33 305
55 34 623
55 35 470
55 36 121
55 37 455
55 38 315
55 39 145
55 40 82
55 41 175
55 42 336
55 43 423
55 44 493
55 45 361
55 46 495
55 47 669
55 48 273
55 49 384
55 50 473
55 51 528
55 52 390
55 53 400
55 54 719
55 56 227
55 57 775
55 58 388
55 59 665
55 60 139
55 61 272
55 62 238
55 63 306
55 64 218
55 65 675
55 66 410
55 67 378
55 68 310
55 69 572
55 70 553
55 71 380
55 72 374
55 73 789
55 74 345
55 75 392
55 76 487
55 77 697
55 78 660
55 79 354
55 80 410
55 81 611
55 82 539
55 83 574
55 84 195
55 85 349
55 86 658
55 87 349
55 88 406
55 89 109
55 90 493
55 91 331
55 92 559
55 93 37
55 94 169
55 95 509
55 96 561
55 97 373
55 98 471
55 99 462
55 100 506
56 1 214
56 2 272
56 3 809
56 4 94
56 5 487
56 6 286
56 7 671
56 8 165
56 9 975
56 10 802
56 11 121
56 12 600
56 13 235
56 14 705
56 15 339
56 16 183
56 17 417
56 18 620
56 19 285
56 20 349
56 21 97
56 22 637
56 23 935
56 24 358
56 25 342
56 26 257
56 27 632
56 28 631
56 29 340
56 30 156
56 31 209
56 32 527
56 33 404
56 34 623
56 35 689
56 36 346
56 37 675
56 38 445
56 39 309
56 40 275
56 41 384
56 42 562
56 43 474
56 44 435
56 45 520
56 46 274
56 47 674
56 48 58
56 49 488
56 50 698
56 51 614
56 52 571
56 53 560
56 54 757
56 55 227
56 57 768
56 58 434
56 59 746
56 60 98
56 61 456
56 62 455
56 63 212
56 64 211
56 65 816
56 66 272
56 67 169
56 68 417
56 69 783
56 70 494
56 71 554
56 72 219
56 73 771
56 74 414
56 75 504
56 76 692
56 77 682
56 78 878
56 79 566
56 80 194
56 81 584
56 82 532
56 83 773
56 84 129
56 85 478
56 86 814
56 87 394
56 88 468
56 89 248
56 90 685
56 91 506
56 92 530
56 93 231
56 94 262
56 95 483
56 96 758
56 97 164
56 98 259
56 99 410
56 100 553
57 1 839
57 2 532
57 3 725
57 4 766
57 5 320
57 6 844
57 7 291
57 8 931
57 9 874
57 10 687
57 11 801
57 12 736
57 13 811
57 14 1049
57 15 857
57 16 799
57 17 540
57 18 1173
57 19 978
57 20 436
57 21 768
57 22 148
57 23 861
57 24 429
57 25 431
57 26 515
57 27 990
57 28 1216
57 29 585
57 30 648
57 31 565
57 32 432
57 33 1079
57 34 152
57 35 854
57 36 824
57 37 848
57 38 525
57 39 656
57 40 713
57 41 905
57 42 872
57 43 363
57 44 341
57 45 1117
57 46 908
57 47 109
57 48 738
57 49 1158
57 50 1012
57 51 344
57 52 1120
57 53 565
57 54 157
57 55 775
57 56 768
57 58 391
57 59 299
57 60 795
57 61 645
57 62 929
57 63 557
57 64 944
57 65 525
57 66 540
57 67 888
57 68 499
57 69 840
57 70 293
57 71 609
57 72 592
57 73 37
57 74 1116
57 75 1165
57 76 762
57 77 87
57 78 951
57 79 759
57 80 886
57 81 186
57 82 240
57 83 764
57 84 652
57 85 508
57 86 584
57 87 428
57 88 385
57 89 668
57 90 1189
57 91 618
57 92 239
57 93 811
57 94 936
57 95 285
57 96 741
57 97 885
57 98 937
57 99 361
57 100 289
58 1 456
58 2 165
58 3 514
58 4 404
58 5 71
58 6 455
58 7 238
58 8 596
58 9 690
58 10 489
58 11 433
58 12 413
58 13 566
58 14 694
58 15 467
58 16 419
58 17 166
58 18 786
58 19 597
58 20 98
58 21 472
58 22 244
58 23 660
58 24 243
58 25 203
58 26 192
58 27 627
58 28 827
58 29 196
58 30 372
58 31 279
58 32 139
58 33 692
58 34 241
58 35 538
58 36 434
58 37 527
58 38 162
58 39 265
58 40 323
58 41 515
58 42 510
58 43 41
58 44 208
58 45 726
58 46 651
58 47 284
58 48 425
58 49 770
58 50 662
58 51 187
58 52 732
58 53 263
58 54 334
58 55 388
58 56 434
58 57 391
58 59 313
58 60 433
58 61 281
58 62 543
58 63 259
58 64 576
58 65 426
58 66 320
58 67 588
58 68 121
58 69 569
58 70 246
58 71 292
58 72 344
58 73 409
58 74 732
58 75 776
58 76 473
58 77 320
58 78 685
58 79 418
58 80 600
58 81 249
58 82 170
58 83 515
58 84 306
58 85 165
58 86 447
58 87 42
58 88 42
58 89 280
58 90 808
58 91 277
58 92 210
58 93 425
58 94 554
58 95 169
58 96 493
58 97 584
58 98 661
58 99 185
58 100 122
59 1 737
59 2 475
59 3 433
59 4 709
59 5 274
59 6 715
59 7 76
59 8 906
59 9 576
59 10 394
59 11 733
59 12 492
59 13 870
59 14 813
59 15 711
59 16 706
59 17 382
59 18 990
59 19 877
59 20 406
59 21 783
59 22 233
59 23 564
59 24 505
59 25 479
59 26 502
59 27 765
59 28 1041
59 29 455
59 30 679
59 31 585
59 32 245
59 33 957
59 34 255
59 35 596
59 36 672
59 37 593
59 38 355
59 39 523
59 40 588
59 41 748
59 42 651
59 43 273
59 44 429
59 45 956
59 46 959
59 47 237
59 48 738
59 49 1026
59 50 772
59 51 138
59 52 940
59 53 333
59 54 144
59 55 665
59 56 746
59 57 299
59 58 313
59 60 736
59 61 451
59 62 751
59 63 567
59 64 871
59 65 227
59 66 607
59 67 901
59 68 356
59 69 561
59 70 421
59 71 377
59 72 642
59 73 335
59 74 1004
59 75 1028
59 76 495
59 77 301
59 78 666
59 79 527
59 80 911
59 81 329
59 82 298
59 83 480
59 84 617
59 85 325
59 86 286
59 87 353
59 88 278
59 89 560
59 90 987
59 91 404
59 92 346
59 93 701
59 94 834
59 95 354
59 96 459
59 97 896
59 98 972
59 99 427
59 100 204
60 1 117
60 2 270
60 3 748
60 4 29
60 5 494
60 6 190
60 7 663
60 8 183
60 9 908
60 10 745
60 11 24
60 12 529
60 13 329
60 14 610
60 15 244
60 16 89
60 17 379
60 18 525
60 19 204
60 20 362
60 21 194
60 22 656
60 23 866
60 24 411
60 25 386
60 26 282
60 27 538
60 28 539
60 29 298
60 30 239
60 31 264
60 32 502
60 33 322
60 34 646
60 35 608
60 36 254
60 37 594
60 38 408
60 39 251
60 40 203
60 41 287
60 42 474
60 43 472
60 44 478
60 45 427
60 46 358
60 47 695
60 48 153
60 49 407
60 50 605
60 51 600
60 52 476
60 53 512
60 54 765
60 55 139
60 56 98
60 57 795
60 58 433
60 59 736
60 61 394
60 62 358
60 63 259
60 64 150
60 65 779
60 66 343
60 67 239
60 68 389
60 69 709
60 70 539
60 71 499
60 72 295
60 73 803
60 74 341
60 75 422
60 76 621
60 77 712
60 78 798
60 79 490
60 80 272
60 81 617
60 82 556
60 83 705
60 84 146
60 85 442
60 86 770
60 87 391
60 88 461
60 89 193
60 90 589
60 91 450
60 92 563
60 93 136
60 94 174
60 95 514
60 96 692
60 97 234
60 98 333
60 99 450
60 100 554
61 1 340
61 2 271
61 3 355
61 4 376
61 5 344
61 6 292
61 7 397
61 8 576
61 9 521
61 10 352
61 11 380
61 12 158
61 13 667
61 14 413
61 15 272
61 16 326
61 17 117
61 18 541
61 19 465
61 20 316
61 21 537
61 22 502
61 23 481
61 24 477
61 25 432
61 26 346
61 27 348
61 28 591
61 29 139
61 30 490
61 31 425
61 32 219
61 33 523
61 34 506
61 35 273
61 36 232
61 37 261
61 38 123
61 39 147
61 40 194
61 41 302
61 42 230
61 43 293
61 44 475
61 45 506
61 46 726
61 47 538
61 48 481
61 49 584
61 50 381
61 51 326
61 52 491
61 53 136
61 54 544
61 55 272
61 56 456
61 57 645
61 58 281
61 59 451
61 60 394
61 62 300
61 63 403
61 64 488
61 65 411
61 66 506
61 67 623
61 68 161
61 69 340
61 70 522
61 71 109
61 72 499
61 73 670
61 74 575
61 75 584
61 76 243
61 77 587
61 78 447
61 79 144
61 80 649
61 81 527
61 82 448
61 83 319
61 84 354
61 85 138
61 86 388
61 87 264
61 88 269
61 89 208
61 90 547
61 91 60
61 92 490
61 93 300
61 94 423
61 95 449
61 96 303
61 97 618
61 98 714
61 99 447
61 100 357
62 1 243
62 2 448
62 3 553
62 4 363
62 5 613
62 6 169
62 7 696
62 8 488
62 9 670
62 10 569
62 11 335
62 12 322
62 13 687
62 14 255
62 15 117
62 16 273
62 17 390
62 18 245
62 19 276
62 20 534
62 21 551
62 22 782
62 23 625
62 24 665
62 25 624
62 26 512
62 27 187
62 28 292
62 29 349
62 30 571
62 31 552
62 32 516
62 33 271
62 34 782
62 35 330
62 36 125
62 37 318
62 38 409
62 39 285
62 40 245
62 41 73
62 42 172
62 43 567
62 44 696
62 45 209
62 46 708
62 47 821
62 48 506
62 49 308
62 50 258
62 51 624
62 52 192
62 53 426
62 54 840
62 55 238
62 56 455
62 57 929
62 58 543
62 59 751
62 60 358
62 61 300
62 63 536
62 64 348
62 65 684
62 66 643
62 67 583
62 68 431
62 69 451
62 70 753
62 71 387
62 72 611
62 73 950
62 74 329
62 75 302
62 76 397
62 77 862
62 78 507
62 79 271
62 80 619
62 81 788
62 82 710
62 83 486
62 84 431
62 85 433
62 86 647
62 87 512
62 88 544
62 89 302
62 90 269
62 91 350
62 92 742
62 93 225
62 94 254
62 95 694
62 96 483
62 97 579
62 98 674
62 99 665
62 100 642
63 1 343
63 2 136
63 3 726
63 4 233
63 5 296
63 6 386
63 7 492
63 8 374
63 9 902
63 10 710
63 11 273
63 12 560
63 13 308
63 14 757
63 15 426
63 16 299
63 17 316
63 18 749
63 19 461
63 20 163
63 21 220
63 22 430
63 23 866
63 24 152
63 25 130
63 26 70
63 27 683
63 28 774
63 29 265
63 30 113
63 31 24
63 32 382
63 33 577
63 34 415
63 35 672
63 36 412
63 37 659
63 38 336
63 39 283
63 40 295
63 41 479
63 42 584
63 43 297
63 44 224
63 45 662
63 46 393
63 47 467
63 48 182
63 49 662
63 50 738
63 51 446
63 52 696
63 53 462
63 54 558
63 55 306
63 56 212
63 57 557
63 58 259
63 59 567
63 60 259
63 61 403
63 62 536
63 64 406
63 65 679
63 66 110
63 67 341
63 68 294
63 69 741
63 70 283
63 71 473
63 72 98
63 73 560
63 74 599
63 75 675
63 76 643
63 77 471
63 78 850
63 79 541
63 80 347
63 81 373
63 82 324
63 83 708
63 84 118
63 85 362
63 86 691
63 87 226
63 88 299
63 89 241
63 90 798
63 91 435
63 92 319
63 93 333
63 94 426
63 95 273
63 96 689
63 97 337
63 98 406
63 99 198
63 100 365
64 1 149
64 2 416
64 3 830
64 4 179
64 5 640
64 6 212
64 7 800
64 8 149
64 9 976
64 10 833
64 11 144
64 12 598
64 13 395
64 14 599
64 15 258
64 16 168
64 17 500
64 18 444
64 19 91
64 20 510
64 21 284
64 22 804
64 23 933
64 24 557
64 25 534
64 26 432
64 27 534
64 28 443
64 29 421
64 30 367
64 31 409
64 32 631
64 33 202
64 34 794
64 35 652
64 36 288
64 37 639
64 38 529
64 39 360
64 40 299
64 41 278
64 42 501
64 43 614
64 44 627
64 45 338
64 46 386
64 47 844
64 48 266
64 49 282
64 50 605
64 51 734
64 52 403
64 53 617
64 54 909
64 55 218
64 56 211
64 57 944
64 58 576
64 59 871
64 60 150
64 61 488
64 62 348
64 63 406
64 65 892
64 66 481
64 67 260
64 68 518
64 69 765
64 70 687
64 71 596
64 72 429
64 73 953
64 74 204
64 75 300
64 76 688
64 77 861
64 78 840
64 79 552
64 80 298
64 81 767
64 82 705
64 83 777
64 84 296
64 85 563
64 86 875
64 87 534
64 88 601
64 89 313
64 90 522
64 91 547
64 92 713
64 93 189
64 94 95
64 95 663
64 96 767
64 97 257
64 98 343
64 99 599
64 100 697
65 1 745
65 2 557
65 3 228
65 4 756
65 5 422
65 6 702
65 7 258
65 8 960
65 9 351
65 10 188
65 11 769
65 12 374
65 13 985
65 14 677
65 15 680
65 16 726
65 17 402
65 18 902
65 19 874
65 20 522
65 21 875
65 22 448
65 23 343
65 24 661
65 25 625
65 26 609
65 27 645
65 28 960
65 29 482
65 30 789
65 31 700
65 32 297
65 33 930
65 34 467
65 35 445
65 36 640
65 37 446
65 38 373
65 39 534
65 40 593
65 41 704
65 42 546
65 43 395
65 44 601
65 45 893
65 46 1063
65 47 459
65 48 823
65 49 985
65 50 633
65 51 256
65 52 859
65 53 276
65 54 370
65 55 675
65 56 816
65 57 525
65 58 426
65 59 227
65 60 779
65 61 411
65 62 684
65 63 679
65 64 892
65 66 746
65 67 983
65 68 400
65 69 375
65 70 609
65 71 305
65 72 768
65 73 562
65 74 984
65 75 983
65 76 338
65 77 524
65 78 466
65 79 421
65 80 1001
65 81 536
65 82 486
65 83 291
65 84 692
65 85 339
65 86 66
65 87 454
65 88 385
65 89 587
65 90 881
65 91 352
65 92 539
65 93 706
65 94 833
65 95 532
65 96 274
65 97 978
65 98 1065
65 99 590
65 100 364
66 1 439
66 2 235
66 3 815
66 4 320
66 5 336
66 6 489
66 7 534
66 8 418
66 9 992
66 10 796
66 11 360
66 12 662
66 13 274
66 14 866
66 15 531
66 16 396
66 17 411
66 18 850
66 19 546
66 20 226
66 21 238
66 22 433
66 23 958
66 24 113
66 25 128
66 26 160
66 27 792
66 28 872
66 29 368
66 30 121
66 31 91
66 32 455
66 33 665
66 34 414
66 35 777
66 36 519
66 37 764
66 38 428
66 39 392
66 40 404
66 41 584
66 42 693
66 43 353
66 44 202
66 45 761
66 46 370
66 47 464
66 48 224
66 49 749
66 50 847
66 51 499
66 52 798
66 53 552
66 54 571
66 55 410
66 56 272
66 57 540
66 58 320
66 59 607
66 60 343
66 61 506
66 62 643
66 63 110
66 64 481
66 65 746
66 67 354
66 68 383
66 69 841
66 70 249
66 71 568
66 72 57
66 73 536
66 74 681
66 75 764
66 76 742
66 77 453
66 78 951
66 79 646
66 80 348
66 81 356
66 82 329
66 83 803
66 84 216
66 85 450
66 86 766
66 87 297
66 88 361
66 89 350
66 90 903
66 91 533
66 92 306
66 93 435
66 94 515
66 95 271
66 96 783
66 97 351
66 98 397
66 99 189
66 100 404
67 1 343
67 2 431
67 3 977
67 4 250
67 5 634
67 6 420
67 7 825
67 8 118
67 9 1142
67 10 971
67 11 260
67 12 765
67 13 149
67 14 838
67 15 474
67 16 325
67 17 585
67 18 704
67 19 351
67 20 497
67 21 122
67 22 769
67 23 1101
67 24 461
67 25 459
67 26 400
67 27 768
67 28 702
67 29 508
67 30 240
67 31 328
67 32 691
67 33 456
67 34 753
67 35 847
67 36 490
67 37 832
67 38 613
67 39 477
67 40 438
67 41 510
67 42 711
67 43 628
67 44 548
67 45 598
67 46 127
67 47 804
67 48 164
67 49 530
67 50 837
67 51 772
67 52 662
67 53 729
67 54 898
67 55 378
67 56 169
67 57 888
67 58 588
67 59 901
67 60 239
67 61 623
67 62 583
67 63 341
67 64 260
67 65 983
67 66 354
67 68 583
67 69 946
67 70 600
67 71 722
67 72 299
67 73 887
67 74 444
67 75 550
67 76 857
67 77 801
67 78 1037
67 79 728
67 80 39
67 81 703
67 82 662
67 83 939
67 84 292
67 85 646
67 86 982
67 87 550
67 88 625
67 89 416
67 90 781
67 91 675
67 92 650
67 93 371
67 94 347
67 95 608
67 96 924
67 97 5
67 98 94
67 99 529
67 100 702
68 1 382
68 2 162
68 3 434
68 4 363
68 5 186
68 6 364
68 7 287
68 8 566
68 9 610
68 10 416
68 11 383
68 12 299
68 13 592
68 14 573
68 15 367
68 16 352
68 17 45
68 18 675
68 19 522
68 20 168
68 21 477
68 22 352
68 23 576
68 24 333
68 25 288
68 26 227
68 27 507
68 28 720
68 29 100
68 30 399
68 31 317
68 32 115
68 33 606
68 34 353
68 35 423
68 36 331
68 37 412
68 38 47
68 39 170
68 40 234
68 41 412
68 42 390
68 43 137
68 44 319
68 45 623
68 46 666
68 47 390
68 48 424
68 49 679
68 50 541
68 51 218
68 52 622
68 53 170
68 54 417
68 55 310
68 56 417
68 57 499
68 58 121
68 59 356
68 60 389
68 61 161
68 62 431
68 63 294
68 64 518
68 65 400
68 66 383
68 67 583
68 69 466
68 70 363
68 71 188
68 72 391
68 73 520
68 74 651
68 75 683
68 76 368
68 77 434
68 78 580
68 79 299
68 80 602
68 81 369
68 82 289
68 83 422
68 84 292
68 85 68
68 86 403
68 87 107
68 88 114
68 89 206
68 90 692
68 91 162
68 92 330
68 93 346
68 94 479
68 95 289
68 96 401
68 97 578
68 98 666
68 99 292
68 100 212
69 1 624
69 2 606
69 3 154
69 4 696
69 5 610
69 6 554
69 7 550
69 8 881
69 9 219
69 10 191
69 11 690
69 12 185
69 13 1004
69 14 334
69 15 509
69 16 627
69 17 432
69 18 606
69 19 712
69 20 633
69 21 870
69 22 722
69 23 175
69 24 798
69 25 754
69 26 681
69 27 329
69 28 667
69 29 477
69 30 829
69 31 763
69 32 446
69 33 722
69 34 735
69 35 122
69 36 478
69 37 134
69 38 419
69 39 480
69 40 509
69 41 504
69 42 280
69 43 561
69 44 776
69 45 632
69 46 1057
69 47 748
69 48 815
69 49 750
69 50 290
69 51 501
69 52 576
69 53 308
69 54 698
69 55 572
69 56 783
69 57 840
69 58 569
69 59 561
69 60 709
69 61 340
69 62 451
69 63 741
69 64 765
69 65 375
69 66 841
69 67 946
69 68 466
69 70 811
69 71 279
69 72 838
69 73 873
69 74 780
69 75 741
69 76 99
69 77 810
69 78 117
69 79 219
69 80 975
69 81 782
69 82 710
69 83 85
69 84 692
69 85 406
69 86 313
69 87 569
69 88 539
69 89 539
69 90 560
69 91 308
69 92 761
69 93 587
69 94 680
69 95 731
69 96 104
69 97 941
69 98 1039
69 99 752
69 100 588
70 1 606
70 2 308
70 3 742
70 4 511
70 5 204
70 6 631
70 7 359
70 8 653
70 9 915
70 10 713
70 11 549
70 12 658
70 13 518
70 14 930
70 15 658
70 16 563
70 17 406
70 18 987
70 19 736
70 20 219
70 21 482
70 22 205
70 23 889
70 24 140
70 25 154
70 26 261
70 27 861
70 28 1021
70 29 412
70 30 361
70 31 286
70 32 368
70 33 847
70 34 183
70 35 783
70 36 633
70 37 772
70 38 406
70 39 469
70 40 512
70 41 711
70 42 747
70 43 251
70 44 61
70 45 913
70 46 616
70 47 228
70 48 457
70 49 930
70 50 901
70 51 355
70 52 933
70 53 504
70 54 347
70 55 553
70 56 494
70 57 293
70 58 246
70 59 421
70 60 539
70 61 522
70 62 753
70 63 283
70 64 687
70 65 609
70 66 249
70 67 600
70 68 363
70 69 811
70 71 537
70 72 302
70 73 287
70 74 875
70 75 941
70 76 717
70 77 207
70 78 927
70 79 661
70 80 596
70 81 113
70 82 125
70 83 753
70 84 393
70 85 410
70 86 647
70 87 258
70 88 273
70 89 457
70 90 1022
70 91 522
70 92 76
70 93 587
70 94 698
70 95 82
70 96 730
70 97 597
70 98 645
70 99 92
70 100 247
71 1 448
71 2 337
71 3 258
71 4 479
71 5 340
71 6 399
71 7 335
71 8 681
71 9 431
71 10 249
71 11 485
71 12 129
71 13 756
71 14 444
71 15 376
71 16 434
71 17 158
71 18 618
71 19 572
71 20 355
71 21 630
71 22 474
71 23 394
71 24 520
71 25 476
71 26 409
71 27 390
71 28 672
71 29 219
71 30 570
71 31 496
71 32 182
71 33 626
71 34 483
71 35 252
71 36 336
71 37 243
71 38 142
71 39 249
71 40 301
71 41 401
71 42 275
71 43 289
71 44 499
71 45 596
71 46 820
71 47 507
71 48 575
71 49 683
71 50 405
71 51 269
71 52 571
71 53 45
71 54 488
71 55 380
71 56 554
71 57 609
71 58 292
71 59 377
71 60 499
71 61 109
71 62 387
71 63 473
71 64 596
71 65 305
71 66 568
71 67 722
71 68 188
71 69 279
71 70 537
71 72 570
71 73 638
71 74 679
71 75 681
71 76 182
71 77 562
71 78 394
71 79 153
71 80 747
71 81 519
71 82 443
71 83 236
71 84 444
71 85 129
71 86 280
71 87 290
71 88 266
71 89 308
71 90 612
71 91 50
71 92 492
71 93 408
71 94 531
71 95 458
71 96 216
71 97 717
71 98 812
71 99 474
71 100 331
72 1 397
72 2 233
72 3 823
72 4 274
72 5 369
72 6 452
72 7 568
72 8 362
72 9 999
72 10 806
72 11 314
72 12 656
72 13 230
72 14 841
72 15 497
72 16 355
72 17 413
72 18 810
72 19 497
72 20 247
72 21 182
72 22 480
72 23 964
72 24 164
72 25 169
72 26 164
72 27 767
72 28 830
72 29 361
72 30 65
72 31 75
72 32 473
72 33 616
72 34 462
72 35 767
72 36 488
72 37 754
72 38 433
72 39 374
72 40 378
72 41 549
72 42 673
72 43 380
72 44 252
72 45 718
72 46 323
72 47 513
72 48 169
72 49 701
72 50 825
72 51 528
72 52 759
72 53 559
72 54 615
72 55 374
72 56 219
72 57 592
72 58 344
72 59 642
72 60 295
72 61 499
72 62 611
72 63 98
72 64 429
72 65 768
72 66 57
72 67 299
72 68 391
72 69 838
72 70 302
72 71 570
72 73 589
72 74 630
72 75 716
72 76 740
72 77 505
72 78 946
72 79 636
72 80 295
72 81 407
72 82 375
72 83 805
72 84 180
72 85 458
72 86 784
72 87 315
72 88 385
72 89 326
72 90 866
72 91 532
72 92 356
72 93 396
72 94 468
72 95 317
72 96 786
72 97 296
72 98 347
72 99 236
72 100 439
73 1 851
73 2 544
73 3 760
73 4 775
73 5 338
73 6 860
73 7 325
73 8 934
73 9 910
73 10 723
73 11 810
73 12 765
73 13 804
73 14 1076
73 15 875
73 16 811
73 17 563
73 18 1194
73 19 989
73 20 447
73 21 767
73 22 169
73 23 896
73 24 426
73 25 432
73 26 522
73 27 1016
73 28 1236
73 29 604
73 30 647
73 31 566
73 32 459
73 33 1093
73 34 169
73 35 884
73 36 843
73 37 878
73 38 549
73 39 674
73 40 730
73 41 924
73 42 898
73 43 384
73 44 340
73 45 1135
73 46 901
73 47 132
73 48 739
73 49 1173
73 50 1040
73 51 375
73 52 1140
73 53 595
73 54 194
73 55 789
73 56 771
73 57 37
73 58 409
73 59 335
73 60 803
73 61 670
73 62 950
73 63 560
73 64 953
73 65 562
73 66 536
73 67 887
73 68 520
73 69 873
73 70 287
73 71 638
73 72 589
73 74 1128
73 75 1181
73 76 794
73 77 93
73 78 985
73 79 787
73 80 883
73 81 188
73 82 251
73 83 798
73 84 659
73 85 534
73 86 620
73 87 445
73 88 407
73 89 683
73 90 1212
73 91 645
73 92 242
73 93 825
73 94 948
73 95 290
73 96 775
73 97 883
73 98 932
73 99 362
73 100 314
74 1 278
74 2 584
74 3 877
74 4 367
74 5 801
74 6 290
74 7 938
74 8 326
74 9 998
74 10 889
74 11 327
74 12 642
74 13 588
74 14 534
74 15 304
74 16 318
74 17 623
74 18 299
74 19 140
74 20 681
74 21 486
74 22 971
74 23 954
74 24 751
74 25 723
74 26 615
74 27 486
74 28 276
74 29 552
74 30 569
74 31 604
74 32 759
74 33 59
74 34 964
74 35 659
74 36 344
74 37 647
74 38 650
74 39 482
74 40 418
74 41 285
74 42 500
74 43 767
74 44 814
74 45 198
74 46 562
74 47 1011
74 48 469
74 49 90
74 50 555
74 51 868
74 52 277
74 53 711
74 54 1063
74 55 345
74 56 414
74 57 1116
74 58 732
74 59 1004
74 60 341
74 61 575
74 62 329
74 63 599
74 64 204
74 65 984
74 66 681
74 67 444
74 68 651
74 69 780
74 70 875
74 71 679
74 72 630
74 73 1128
74 75 111
74 76 722
74 77 1036
74 78 830
74 79 591
74 80 481
74 81 945
74 82 878
74 83 813
74 84 484
74 85 682
74 86 955
74 87 692
74 88 750
74 89 453
74 90 387
74 91 633
74 92 892
74 93 308
74 94 180
74 95 842
74 96 808
74 97 441
74 98 511
74 99 784
74 100 850
75 1 336
75 2 640
75 3 852
75 4 445
75 5 847
75 6 322
75 7 966
75 8 433
75 9 958
75 10 870
75 11 404
75 12 623
75 13 692
75 14 463
75 15 318
75 16 379
75 17 650
75 18 199
75 19 220
75 20 737
75 21 583
75 22 1019
75 23 914
75 24 824
75 25 793
75 26 680
75 27 427
75 28 168
75 29 587
75 30 658
75 31 682
75 32 784
75 33 101
75 34 1014
75 35 619
75 36 357
75 37 608
75 38 674
75 39 515
75 40 454
75 41 282
75 42 465
75 43 808
75 44 880
75 45 114
75 46 670
75 47 1059
75 48 561
75 49 22
75 50 490
75 51 894
75 52 190
75 53 717
75 54 1099
75 55 392
75 56 504
75 57 1165
75 58 776
75 59 1028
75 60 422
75 61 584
75 62 302
75 63 675
75 64 300
75 65 983
75 66 764
75 67 550
75 68 683
75 69 741
75 70 941
75 71 681
75 72 716
75 73 1181
75 74 111
75 76 695
75 77 1089
75 78 777
75 79 572
75 80 588
75 81 1003
75 82 931
75 83 784
75 84 557
75 85 703
75 86 947
75 87 738
75 88 789
75 89 499
75 90 288
75 91 639
75 92 951
75 93 357
75 94 249
75 95 901
75 96 782
75 97 548
75 98 621
75 99 850
75 100 890
76 1 544
76 2 508
76 3 158
76 4 607
76 5 518
76 6 477
76 7 475
76 8 797
76 9 289
76 10 179
76 11 603
76 12 93
76 13 909
76 14 339
76 15 437
76 16 543
76 17 333
76 18 583
76 19 642
76 20 535
76 21 777
76 22 638
76 23 247
76 24 700
76 25 655
76 26 582
76 27 313
76 28 643
76 29 380
76 30 733
76 31 666
76 32 354
76 33 665
76 34 649
76 35 107
76 36 402
76 37 109
76 38 321
76 39 386
76 40 420
76 41 440
76 42 232
76 43 468
76 44 680
76 45 593
76 46 965
76 47 666
76 48 722
76 49 703
76 50 295
76 51 420
76 52 546
76 53 213
76 54 626
76 55 487
76 56 692
76 57 762
76 58 473
76 59 495
76 60 621
76 61 243
76 62 397
76 63 643
76 64 688
76 65 338
76 66 742
76 67 857
76 68 368
76 69 99
76 70 717
76 71 182
76 72 740
76 73 794
76 74 722
76 75 695
76 77 726
76 78 213
76 79 137
76 80 885
76 81 693
76 82 618
76 83 91
76 84 597
76 85 310
76 86 283
76 87 472
76 88 445
76 89 446
76 90 550
76 91 210
76 92 669
76 93 505
76 94 607
76 95 637
76 96 88
76 97 852
76 98 949
76 99 656
76 100 500
77 1 759
77 2 452
77 3 707
77 4 683
77 5 250
77 6 769
77 7 271
77 8 845
77 9 864
77 10 671
77 11 718
77 12 691
77 13 725
77 14 996
77 15 785
77 16 719
77 17 477
77 18 1105
77 19 897
77 20 355
77 21 681
77 22 89
77 23 847
77 24 342
77 25 344
77 26 431
77 27 934
77 28 1146
77 29 515
77 30 561
77 31 478
77 32 381
77 33 1001
77 34 82
77 35 812
77 36 753
77 37 804
77 38 465
77 39 584
77 40 639
77 41 834
77 42 816
77 43 297
77 44 254
77 45 1044
77 46 822
77 47 65
77 48 651
77 49 1081
77 50 961
77 51 309
77 52 1051
77 53 521
77 54 178
77 55 697
77 56 682
77 57 87
77 58 320
77 59 301
77 60 712
77 61 587
77 62 862
77 63 471
77 64 861
77 65 524
77 66 453
77 67 801
77 68 434
77 69 810
77 70 207
77 71 562
77 72 505
77 73 93
77 74 1036
77 75 1089
77 76 726
77 78 923
77 79 709
77 80 799
77 81 99
77 82 159
77 83 737
77 84 568
77 85 452
77 86 577
77 87 354
77 88 320
77 89 591
77 90 1126
77 91 566
77 92 153
77 93 733
77 94 856
77 95 200
77 96 715
77 97 798
77 98 850
77 99 274
77 100 233
78 1 706
78 2 717
78 3 239
78 4 789
78 5 727
78 6 631
78 7 661
78 8 964
78 9 210
78 10 279
78 11 778
78 12 290
78 13 1104
78 14 331
78 15 583
78 16 714
78 17 545
78 18 620
78 19 779
78 20 747
78 21 968
78 22 836
78 23 175
78 24 912
78 25 868
78 26 791
78 27 351
78 28 680
78 29 586
78 30 934
78 31 872
78 32 562
78 33 772
78 34 849
78 35 191
78 36 556
78 37 205
78 38 534
78 39 581
78 40 604
78 41 568
78 42 340
78 43 678
78 44 892
78 45 664
78 46 1152
78 47 861
78 48 914
78 49 789
78 50 293
78 51 615
78 52 599
78 53 424
78 54 806
78 55 660
78 56 878
78 57 951
78 58 685
78 59 666
78 60 798
78 61 447
78 62 507
78 63 850
78 64 840
78 65 466
78 66 951
78 67 1037
78 68 580
78 69 117
78 70 927
78 71 394
78 72 946
78 73 985
78 74 830
78 75 777
78 76 213
78 77 923
78 79 315
78 80 1068
78 81 898
78 82 826
78 83 188
78 84 794
78 85 522
78 86 401
78 87 684
78 88 655
78 89 639
78 90 560
78 91 421
78 92 877
78 93 671
78 94 750
78 95 847
78 96 210
78 97 1032
78 98 1130
78 99 868
78 100 704
79 1 408
79 2 412
79 3 286
79 4 478
79 5 475
79 6 341
79 7 487
79 8 663
79 9 425
79 10 299
79 11 471
79 12 52
79 13 789
79 14 291
79 15 301
79 16 409
79 17 257
79 18 482
79 19 506
79 20 459
79 21 654
79 22 621
79 23 382
79 24 621
79 25 576
79 26 488
79 27 239
79 28 539
79 29 279
79 30 621
79 31 563
79 32 329
79 33 534
79 34 628
79 35 131
79 36 266
79 37 118
79 38 256
79 39 267
79 40 291
79 41 307
79 42 127
79 43 424
79 44 616
79 45 475
79 46 839
79 47 655
79 48 600
79 49 578
79 50 253
79 51 421
79 52 438
79 53 198
79 54 641
79 55 354
79 56 566
79 57 759
79 58 418
79 59 527
79 60 490
79 61 144
79 62 271
79 63 541
79 64 552
79 65 421
79 66 646
79 67 728
79 68 299
79 69 219
79 70 661
79 71 153
79 72 636
79 73 787
79 74 591
79 75 572
79 76 137
79 77 709
79 78 315
79 80 757
79 81 658
79 82 580
79 83 227
79 84 480
79 85 260
79 86 379
79 87 405
79 88 399
79 89 325
79 90 466
79 91 144
79 92 625
79 93 370
79 94 471
79 95 586
79 96 219
79 97 723
79 98 820
79 99 589
79 100 477
80 1 378
80 2 446
80 3 1003
80 4 280
80 5 642
80 6 455
80 7 836
80 8 155
80 9 1169
80 10 995
80 11 293
80 12 793
80 13 119
80 14 874
80 15 509
80 16 359
80 17 606
80 18 742
80 19 389
80 20 506
80 21 129
80 22 771
80 23 1128
80 24 458
80 25 460
80 26 410
80 27 803
80 28 739
80 29 531
80 30 241
80 31 332
80 32 707
80 33 494
80 34 754
80 35 878
80 36 524
80 37 864
80 38 633
80 39 503
80 40 467
80 41 546
80 42 744
80 43 639
80 44 546
80 45 636
80 46 90
80 47 805
80 48 178
80 49 568
80 50 872
80 51 785
80 52 700
80 53 751
80 54 902
80 55 410
80 56 194
80 57 886
80 58 600
80 59 911
80 60 272
80 61 649
80 62 619
80 63 347
80 64 298
80 65 1001
80 66 348
80 67 39
80 68 602
80 69 975
80 70 596
80 71 747
80 72 295
80 73 883
80 74 481
80 75 588
80 76 885
80 77 799
80 78 1068
80 79 757
80 81 701
80 82 665
80 83 966
80 84 310
80 85 665
80 86 1003
80 87 562
80 88 637
80 89 442
80 90 819
80 91 700
80 92 649
80 93 405
80 94 385
80 95 609
80 96 951
80 97 42
80 98 65
80 99 528
80 100 711
81 1 670
81 2 363
81 3 694
81 4 589
81 5 184
81 6 684
81 7 279
81 8 747
81 9 861
81 10 662
81 11 625
81 12 646
81 13 628
81 14 940
81 15 704
81 16 629
81 17 413
81 18 1029
81 19 806
81 20 266
81 21 582
81 22 100
81 23 840
81 24 244
81 25 245
81 26 336
81 27 875
81 28 1068
81 29 440
81 30 463
81 31 380
81 32 339
81 33 912
81 34 77
81 35 770
81 36 674
81 37 761
81 38 405
81 39 506
81 40 557
81 41 755
81 42 757
81 43 235
81 44 155
81 45 963
81 46 725
81 47 117
81 48 553
81 49 994
81 50 907
81 51 294
81 52 975
81 53 481
81 54 238
81 55 611
81 56 584
81 57 186
81 58 249
81 59 329
81 60 617
81 61 527
81 62 788
81 63 373
81 64 767
81 65 536
81 66 356
81 67 703
81 68 369
81 69 782
81 70 113
81 71 519
81 72 407
81 73 188
81 74 945
81 75 1003
81 76 693
81 77 99
81 78 898
81 79 658
81 80 701
81 82 80
81 83 716
81 84 472
81 85 399
81 86 581
81 87 277
81 88 260
81 89 507
81 90 1055
81 91 515
81 92 55
81 93 646
81 94 766
81 95 104
81 96 693
81 97 699
81 98 752
81 99 176
81 100 195
82 1 601
82 2 294
82 3 629
82 4 527
82 5 105
82 6 611
82 7 235
82 8 696
82 9 799
82 10 598
82 11 562
82 12 569
82 13 603
82 14 861
82 15 629
82 16 561
82 17 334
82 18 952
82 19 739
82 20 197
82 21 541
82 22 107
82 23 775
82 24 219
82 25 206
82 26 277
82 27 795
82 28 992
82 29 362
82 30 425
82 31 335
82 32 265
82 33 843
82 34 92
82 35 693
82 36 598
82 37 684
82 38 326
82 39 429
82 40 483
82 41 679
82 42 678
82 43 157
82 44 134
82 45 889
82 46 697
82 47 143
82 48 506
82 49 923
82 50 828
82 51 234
82 52 898
82 53 406
82 54 242
82 55 539
82 56 532
82 57 240
82 58 170
82 59 298
82 60 556
82 61 448
82 62 710
82 63 324
82 64 705
82 65 486
82 66 329
82 67 662
82 68 289
82 69 710
82 70 125
82 71 443
82 72 375
82 73 251
82 74 878
82 75 931
82 76 618
82 77 159
82 78 826
82 79 580
82 80 665
82 81 80
82 83 646
82 84 414
82 85 321
82 86 526
82 87 200
82 88 181
82 89 434
82 90 977
82 91 436
82 92 54
82 93 575
82 94 698
82 95 60
82 96 623
82 97 659
82 98 720
82 99 141
82 100 127
83 1 632
83 2 573
83 3 76
83 4 690
83 5 550
83 6 567
83 7 474
83 8 883
83 9 203
83 10 109
83 11 689
83 12 180
83 13 985
83 14 405
83 15 527
83 16 629
83 17 393
83 18 664
83 19 733
83 20 588
83 21 855
83 22 651
83 23 162
83 24 751
83 25 708
83 26 644
83 27 389
83 28 724
83 29 450
83 30 803
83 31 731
83 32 385
83 33 755
83 34 664
83 35 176
83 36 492
83 37 183
83 38 376
83 39 464
83 40 503
83 41 531
83 42 319
83 43 503
83 44 722
83 45 680
83 46 1044
83 47 675
83 48 800
83 49 792
83 50 360
83 51 429
83 52 629
83 53 255
83 54 619
83 55 574
83 56 773
83 57 764
83 58 515
83 59 480
83 60 705
83 61 319
83 62 486
83 63 708
83 64 777
83 65 291
83 66 803
83 67 939
83 68 422
83 69 85
83 70 753
83 71 236
83 72 805
83 73 798
83 74 813
83 75 784
83 76 91
83 77 737
83 78 188
83 79 227
83 80 966
83 81 716
83 82 646
83 84 672
83 85 358
83 86 229
83 87 520
83 88 482
83 89 525
83 90 625
83 91 275
83 92 698
83 93 593
83 94 698
83 95 672
83 96 23
83 97 934
83 98 1031
83 99 700
83 100 522
84 1 226
84 2 143
84 3 701
84 4 118
84 5 361
84 6 274
84 7 542
84 8 291
84 9 872
84 10 691
84 11 157
84 12 508
84 13 314
84 14 664
84 15 317
84 16 182
84 17 297
84 18 635
84 19 345
84 20 224
84 21 187
84 22 516
84 23 833
84 24 268
84 25 240
84 26 137
84 27 590
84 28 658
84 29 225
84 30 146
84 31 128
84 32 400
84 33 460
84 34 504
84 35 609
84 36 309
84 37 595
84 38 324
84 39 213
84 40 203
84 41 370
84 42 501
84 43 346
84 44 333
84 45 546
84 46 378
84 47 555
84 48 133
84 49 544
84 50 650
84 51 485
84 52 582
84 53 444
84 54 632
84 55 195
84 56 129
84 57 652
84 58 306
84 59 617
84 60 146
84 61 354
84 62 431
84 63 118
84 64 296
84 65 692
84 66 216
84 67 292
84 68 292
84 69 692
84 70 393
84 71 444
84 72 180
84 73 659
84 74 484
84 75 557
84 76 597
84 77 568
84 78 794
84 79 480
84 80 310
84 81 472
84 82 414
84 83 672
84 85 356
84 86 693
84 87 265
84 88 339
84 89 157
84 90 687
84 91 399
84 92 418
84 93 219
84 94 309
84 95 369
84 96 654
84 97 287
84 98 375
84 99 304
84 100 425
85 1 421
85 2 230
85 3 366
85 4 418
85 5 217
85 6 392
85 7 264
85 8 622
85 9 543
85 10 348
85 11 434
85 12 250
85 13 659
85 14 545
85 15 386
85 16 396
85 17 64
85 18 676
85 19 558
85 20 230
85 21 542
85 22 366
85 23 510
85 24 394
85 25 350
85 26 295
85 27 483
85 28 724
85 29 145
85 30 467
85 31 385
85 32 83
85 33 633
85 34 371
85 35 375
85 36 347
85 37 365
85 38 35
85 39 205
85 40 269
85 41 425
85 42 365
85 43 165
85 44 371
85 45 634
85 46 732
85 47 402
85 48 488
85 49 701
85 50 510
85 51 193
85 52 625
85 53 104
85 54 408
85 55 349
85 56 478
85 57 508
85 58 165
85 59 325
85 60 442
85 61 138
85 62 433
85 63 362
85 64 563
85 65 339
85 66 450
85 67 646
85 68 68
85 69 406
85 70 410
85 71 129
85 72 458
85 73 534
85 74 682
85 75 703
85 76 310
85 77 452
85 78 522
85 79 260
85 80 665
85 81 399
85 82 321
85 83 358
85 84 356
85 86 338
85 87 163
85 88 141
85 89 252
85 90 685
85 91 116
85 92 368
85 93 383
85 94 515
85 95 331
85 96 337
85 97 641
85 98 730
85 99 347
85 100 221
86 1 727
86 2 564
86 3 164
86 4 748
86 5 453
86 6 678
86 7 307
86 8 952
86 9 291
86 10 124
86 11 759
86 12 329
86 13 994
86 14 622
86 15 652
86 16 711
86 17 398
86 18 857
86 19 851
86 20 540
86 21 879
86 22 497
86 23 280
86 24 687
86 25 649
86 26 622
86 27 593
86 28 915
86 29 475
86 30 800
86 31 713
86 32 312
86 33 900
86 34 516
86 35 389
86 36 612
86 37 391
86 38 370
86 39 521
86 40 578
86 41 672
86 42 500
86 43 419
86 44 633
86 45 853
86 46 1069
86 47 512
86 48 826
86 49 951
86 50 577
86 51 293
86 52 815
86 53 259
86 54 429
86 55 658
86 56 814
86 57 584
86 58 447
86 59 286
86 60 770
86 61 388
86 62 647
86 63 691
86 64 875
86 65 66
86 66 766
86 67 982
86 68 403
86 69 313
86 70 647
86 71 280
86 72 784
86 73 620
86 74 955
86 75 947
86 76 283
86 77 577
86 78 401
86 79 379
86 80 1003
86 81 581
86 82 526
86 83 229
86 84 693
86 85 338
86 87 470
86 88 407
86 89 577
86 90 831
86 91 329
86 92 580
86 93 687
86 94 810
86 95 568
86 96 213
86 97 977
86 98 1067
86 99 620
86 100 401
87 1 415
87 2 124
87 3 524
87 4 363
87 5 109
87 6 417
87 7 278
87 8 555
87 9 702
87 10 502
87 11 392
87 12 405
87 13 533
87 14 673
87 15 431
87 16 377
87 17 148
87 18 753
87 19 556
87 20 71
87 21 434
87 22 281
87 23 670
87 24 232
87 25 188
87 26 157
87 27 605
87 28 793
87 29 163
87 30 338
87 31 247
87 32 159
87 33 653
87 34 277
87 35 529
87 36 400
87 37 518
87 38 152
87 39 230
87 40 286
87 41 481
87 42 490
87 43 82
87 44 213
87 45 691
87 46 616
87 47 321
87 48 386
87 49 731
87 50 643
87 51 223
87 52 699
87 53 266
87 54 376
87 55 349
87 56 394
87 57 428
87 58 42
87 59 353
87 60 391
87 61 264
87 62 512
87 63 226
87 64 534
87 65 454
87 66 297
87 67 550
87 68 107
87 69 569
87 70 258
87 71 290
87 72 315
87 73 445
87 74 692
87 75 738
87 76 472
87 77 354
87 78 684
87 79 405
87 80 562
87 81 277
87 82 200
87 83 520
87 84 265
87 85 163
87 86 470
87 88 76
87 89 240
87 90 778
87 91 268
87 92 233
87 93 385
87 94 514
87 95 188
87 96 499
87 97 545
87 98 624
87 99 186
87 100 164
88 1 475
88 2 197
88 3 477
88 4 433
88 5 76
88 6 468
88 7 204
88 8 628
88 9 653
88 10 451
88 11 460
88 12 390
88 13 606
88 14 681
88 15 476
88 16 440
88 17 157
88 18 788
88 19 617
88 20 138
88 21 509
88 22 239
88 23 624
88 24 282
88 25 243
88 26 231
88 27 617
88 28 832
88 29 204
88 30 412
88 31 319
88 32 101
88 33 708
88 34 240
88 35 515
88 36 441
88 37 505
88 38 146
88 39 275
88 40 336
88 41 522
88 42 499
88 43 25
88 44 241
88 45 734
88 46 691
88 47 277
88 48 462
88 49 784
88 50 648
88 51 148
88 52 735
88 53 232
88 54 313
88 55 406
88 56 468
88 57 385
88 58 42
88 59 278
88 60 461
88 61 269
88 62 544
88 63 299
88 64 601
88 65 385
88 66 361
88 67 625
88 68 114
88 69 539
88 70 273
88 71 266
88 72 385
88 73 407
88 74 750
88 75 789
88 76 445
88 77 320
88 78 655
88 79 399
88 80 637
88 81 260
88 82 181
88 83 482
88 84 339
88 85 141
88 86 407
88 87 76
88 89 298
88 90 806
88 91 256
88 92 227
88 93 443
88 94 574
88 95 193
88 96 460
88 97 620
88 98 699
88 99 221
88 100 101
89 1 179
89 2 150
89 3 562
89 4 172
89 5 349
89 6 178
89 7 490
89 8 375
89 9 728
89 10 556
89 11 183
89 12 355
89 13 465
89 14 517
89 15 202
89 16 146
89 17 188
89 18 530
89 19 320
89 20 243
89 21 331
89 22 521
89 23 687
89 24 363
89 25 323
89 26 210
89 27 443
89 28 565
89 29 109
89 30 301
89 31 260
89 32 319
89 33 413
89 34 516
89 35 453
89 36 178
89 37 439
89 38 218
89 39 61
89 40 57
89 41 255
89 42 347
89 43 314
89 44 399
89 45 458
89 46 520
89 47 561
89 48 276
89 49 491
89 50 499
89 51 423
89 52 476
89 53 319
89 54 610
89 55 109
89 56 248
89 57 668
89 58 280
89 59 560
89 60 193
89 61 208
89 62 302
89 63 241
89 64 313
89 65 587
89 66 350
89 67 416
89 68 206
89 69 539
89 70 457
89 71 308
89 72 326
89 73 683
89 74 453
89 75 499
89 76 446
89 77 591
89 78 639
89 79 325
89 80 442
89 81 507
89 82 434
89 83 525
89 84 157
89 85 252
89 86 577
89 87 240
89 88 298
89 90 569
89 91 260
89 92 457
89 93 146
89 94 277
89 95 407
89 96 510
89 97 411
89 98 506
89 99 367
89 100 398
90 1 474
90 2 717
90 3 700
90 4 601
90 5 877
90 6 414
90 7 940
90 8 669
90 9 762
90 10 728
90 11 566
90 12 509
90 13 907
90 14 231
90 15 373
90 16 513
90 17 650
90 18 90
90 19 431
90 20 803
90 21 779
90 22 1044
90 23 721
90 24 931
90 25 892
90 26 779
90 27 238
90 28 136
90 29 616
90 30 819
90 31 812
90 32 766
90 33 345
90 34 1045
90 35 450
90 36 391
90 37 445
90 38 665
90 39 553
90 40 513
90 41 319
90 42 339
90 43 829
90 44 965
90 45 192
90 46 907
90 47 1082
90 48 741
90 49 309
90 50 272
90 51 870
90 52 119
90 53 655
90 54 1090
90 55 493
90 56 685
90 57 1189
90 58 808
90 59 987
90 60 589
90 61 547
90 62 269
90 63 798
90 64 522
90 65 881
90 66 903
90 67 781
90 68 692
90 69 560
90 70 1022
90 71 612
90 72 866
90 73 1212
90 74 387
90 75 288
90 76 550
90 77 1126
90 78 560
90 79 466
90 80 819
90 81 1055
90 82 977
90 83 625
90 84 687
90 85 685
90 86 831
90 87 778
90 88 806
90 89 569
90 91 585
90 92 1010
90 93 470
90 94 435
90 95 962
90 96 632
90 97 777
90 98 863
90 99 933
90 100 901
91 1 399
91 2 300
91 3 304
91 4 430
91 5 332
91 6 351
91 7 356
91 8 632
91 9 474
91 10 297
91 11 436
91 12 138
91 13 712
91 14 432
91 15 330
91 16 384
91 17 125
91 18 586
91 19 524
91 20 328
91 21 584
91 22 479
91 23 436
91 24 493
91 25 448
91 26 373
91 27 373
91 28 638
91 29 175
91 30 529
91 31 458
91 32 187
91 33 580
91 34 485
91 35 262
91 36 290
91 37 251
91 38 117
91 39 200
91 40 251
91 41 358
91 42 255
91 43 280
91 44 480
91 45 557
91 46 774
91 47 513
91 48 529
91 49 640
91 50 396
91 51 286
91 52 537
91 53 79
91 54 506
91 55 331
91 56 506
91 57 618
91 58 277
91 59 404
91 60 450
91 61 60
91 62 350
91 63 435
91 64 547
91 65 352
91 66 533
91 67 675
91 68 162
91 69 308
91 70 522
91 71 50
91 72 532
91 73 645
91 74 633
91 75 639
91 76 210
91 77 566
91 78 421
91 79 144
91 80 700
91 81 515
91 82 436
91 83 275
91 84 399
91 85 116
91 86 329
91 87 268
91 88 256
91 89 260
91 90 585
91 92 482
91 93 359
91 94 483
91 95 445
91 96 257
91 97 670
91 98 764
91 99 453
91 100 333
92 1 618
92 2 311
92 3 682
92 4 535
92 5 152
92 6 634
92 7 286
92 8 693
92 9 853
92 10 651
92 11 571
92 12 617
92 13 579
92 14 903
92 15 656
92 16 576
92 17 375
92 18 982
92 19 753
92 20 215
92 21 530
92 22 132
92 23 829
92 24 194
92 25 192
92 26 282
92 27 836
92 28 1019
92 29 395
92 30 410
92 31 326
92 32 316
92 33 860
92 34 111
92 35 741
92 36 627
92 37 732
92 38 370
92 39 459
92 40 509
92 41 707
92 42 719
92 43 203
92 44 105
92 45 914
92 46 676
92 47 159
92 48 499
92 49 942
92 50 871
92 51 288
92 52 928
92 53 456
92 54 274
92 55 559
92 56 530
92 57 239
92 58 210
92 59 346
92 60 563
92 61 490
92 62 742
92 63 319
92 64 713
92 65 539
92 66 306
92 67 650
92 68 330
92 69 761
92 70 76
92 71 492
92 72 356
92 73 242
92 74 892
92 75 951
92 76 669
92 77 153
92 78 877
92 79 625
92 80 649
92 81 55
92 82 54
92 83 698
92 84 418
92 85 368
92 86 580
92 87 233
92 88 227
92 89 457
92 90 1010
92 91 482
92 93 595
92 94 713
92 95 51
92 96 675
92 97 647
92 98 702
92 99 122
92 100 181
93 1 41
93 2 284
93 3 643
93 4 139
93 5 494
93 6 57
93 7 633
93 8 294
93 9 794
93 10 645
93 11 114
93 12 414
93 13 465
93 14 475
93 15 109
93 16 49
93 17 322
93 18 416
93 19 177
93 20 381
93 21 328
93 22 666
93 23 751
93 24 477
93 25 442
93 26 328
93 27 402
93 28 441
93 29 247
93 30 350
93 31 346
93 32 457
93 33 268
93 34 659
93 35 481
93 36 119
93 37 467
93 38 350
93 39 179
93 40 115
93 41 157
93 42 340
93 43 459
93 44 526
93 45 330
93 46 493
93 47 706
93 48 282
93 49 348
93 50 469
93 51 564
93 52 364
93 53 430
93 54 755
93 55 37
93 56 231
93 57 811
93 58 425
93 59 701
93 60 136
93 61 300
93 62 225
93 63 333
93 64 189
93 65 706
93 66 435
93 67 371
93 68 346
93 69 587
93 70 587
93 71 408
93 72 396
93 73 825
93 74 308
93 75 357
93 76 505
93 77 733
93 78 671
93 79 370
93 80 405
93 81 646
93 82 575
93 83 593
93 84 219
93 85 383
93 86 687
93 87 385
93 88 443
93 89 146
93 90 470
93 91 359
93 92 595
93 94 133
93 95 544
93 96 582
93 97 367
93 98 465
93 99 496
93 100 543
94 1 99
94 2 405
94 3 753
94 4 196
94 5 622
94 6 134
94 7 766
94 8 241
94 9 894
94 10 760
94 11 156
94 12 519
94 13 473
94 14 504
94 15 171
94 16 138
94 17 454
94 18 363
94 19 44
94 20 502
94 21 349
94 22 792
94 23 850
94 24 577
94 25 547
94 26 437
94 27 439
94 28 370
94 29 380
94 30 411
94 31 434
94 32 590
94 33 151
94 34 785
94 35 565
94 36 206
94 37 551
94 38 482
94 39 312
94 40 247
94 41 184
94 42 411
94 43 590
94 44 637
94 45 260
94 46 474
94 47 832
94 48 319
94 49 236
94 50 511
94 51 697
94 52 318
94 53 557
94 54 886
94 55 169
94 56 262
94 57 936
94 58 554
94 59 834
94 60 174
94 61 423
94 62 254
94 63 426
94 64 95
94 65 833
94 66 515
94 67 347
94 68 479
94 69 680
94 70 698
94 71 531
94 72 468
94 73 948
94 74 180
94 75 249
94 76 607
94 77 856
94 78 750
94 79 471
94 80 385
94 81 766
94 82 698
94 83 698
94 84 309
94 85 515
94 86 810
94 87 514
94 88 574
94 89 277
94 90 435
94 91 483
94 92 713
94 93 133
94 95 663
94 96 689
94 97 343
94 98 433
94 99 607
94 100 673
95 1 567
95 2 261
95 3 661
95 4 485
95 5 122
95 6 584
95 7 288
95 8 646
95 9 834
95 10 631
95 11 521
95 12 581
95 13 544
95 14 860
95 15 606
95 16 526
95 17 333
95 18 933
95 19 703
95 20 165
95 21 487
95 22 163
95 23 808
95 24 160
95 25 150
95 26 232
95 27 792
95 28 970
95 29 348
95 30 369
95 31 282
95 32 287
95 33 810
95 34 146
95 35 705
95 36 578
95 37 695
95 38 330
95 39 410
95 40 459
95 41 658
95 42 676
95 43 170
95 44 76
95 45 864
95 46 639
95 47 197
95 48 454
95 49 891
95 50 829
95 51 277
95 52 879
95 53 424
95 54 301
95 55 509
95 56 483
95 57 285
95 58 169
95 59 354
95 60 514
95 61 449
95 62 694
95 63 273
95 64 663
95 65 532
95 66 271
95 67 608
95 68 289
95 69 731
95 70 82
95 71 458
95 72 317
95 73 290
95 74 842
95 75 901
95 76 637
95 77 200
95 78 847
95 79 586
95 80 609
95 81 104
95 82 60
95 83 672
95 84 369
95 85 331
95 86 568
95 87 188
95 88 193
95 89 407
95 90 962
95 91 445
95 92 51
95 93 544
95 94 663
95 96 649
95 97 604
95 98 663
95 99 82
95 100 168
96 1 621
96 2 553
96 3 71
96 4 676
96 5 527
96 6 558
96 7 451
96 8 871
96 9 218
96 10 97
96 11 676
96 12 171
96 13 968
96 14 414
96 15 519
96 16 617
96 17 374
96 18 668
96 19 725
96 20 566
96 21 838
96 22 628
96 23 179
96 24 730
96 25 686
96 26 625
96 27 395
96 28 728
96 29 432
96 30 785
96 31 712
96 32 362
96 33 751
96 34 641
96 35 183
96 36 484
96 37 188
96 38 356
96 39 449
96 40 490
96 41 525
96 42 319
96 43 481
96 44 700
96 45 680
96 46 1028
96 47 652
96 48 783
96 49 790
96 50 370
96 51 406
96 52 632
96 53 233
96 54 597
96 55 561
96 56 758
96 57 741
96 58 493
96 59 459
96 60 692
96 61 303
96 62 483
96 63 689
96 64 767
96 65 274
96 66 783
96 67 924
96 68 401
96 69 104
96 70 730
96 71 216
96 72 786
96 73 775
96 74 808
96 75 782
96 76 88
96 77 715
96 78 210
96 79 219
96 80 951
96 81 693
96 82 623
96 83 23
96 84 654
96 85 337
96 86 213
96 87 499
96 88 460
96 89 510
96 90 632
96 91 257
96 92 675
96 93 582
96 94 689
96 95 649
96 97 919
96 98 1016
96 99 678
96 100 499
97 1 338
97 2 426
97 3 972
97 4 245
97 5 630
97 6 416
97 7 821
97 8 116
97 9 1137
97 10 966
97 11 255
97 12 760
97 13 150
97 14 833
97 15 469
97 16 321
97 17 580
97 18 701
97 19 347
97 20 492
97 21 118
97 22 765
97 23 1096
97 24 458
97 25 456
97 26 396
97 27 763
97 28 699
97 29 503
97 30 237
97 31 324
97 32 686
97 33 453
97 34 749
97 35 842
97 36 485
97 37 827
97 38 608
97 39 472
97 40 433
97 41 506
97 42 706
97 43 624
97 44 545
97 45 594
97 46 131
97 47 800
97 48 159
97 49 528
97 50 832
97 51 767
97 52 659
97 53 724
97 54 894
97 55 373
97 56 164
97 57 885
97 58 584
97 59 896
97 60 234
97 61 618
97 62 579
97 63 337
97 64 257
97 65 978
97 66 351
97 67 5
97 68 578
97 69 941
97 70 597
97 71 717
97 72 296
97 73 883
97 74 441
97 75 548
97 76 852
97 77 798
97 78 1032
97 79 723
97 80 42
97 81 699
97 82 659
97 83 934
97 84 287
97 85 641
97 86 977
97 87 545
97 88 620
97 89 411
97 90 777
97 91 670
97 92 647
97 93 367
97 94 343
97 95 604
97 96 919
97 98 99
97 99 525
97 100 698
98 1 435
98 2 510
98 3 1067
98 4 343
98 5 701
98 6 513
98 7 897
98 8 194
98 9 1233
98 10 1060
98 11 353
98 12 857
98 13 138
98 14 929
98 15 566
98 16 419
98 17 671
98 18 784
98 19 432
98 20 567
98 21 191
98 22 825
98 23 1192
98 24 509
98 25 514
98 26 471
98 27 859
98 28 777
98 29 596
98 30 297
98 31 390
98 32 771
98 33 531
98 34 808
98 35 940
98 36 583
98 37 926
98 38 698
98 39 567
98 40 530
98 41 601
98 42 804
98 43 700
98 44 598
98 45 677
98 46 56
98 47 859
98 48 242
98 49 600
98 50 929
98 51 847
98 52 745
98 53 816
98 54 959
98 55 471
98 56 259
98 57 937
98 58 661
98 59 972
98 60 333
98 61 714
98 62 674
98 63 406
98 64 343
98 65 1065
98 66 397
98 67 94
98 68 666
98 69 1039
98 70 645
98 71 812
98 72 347
98 73 932
98 74 511
98 75 621
98 76 949
98 77 850
98 78 1130
98 79 820
98 80 65
98 81 752
98 82 720
98 83 1031
98 84 375
98 85 730
98 86 1067
98 87 624
98 88 699
98 89 506
98 90 863
98 91 764
98 92 702
98 93 465
98 94 433
98 95 663
98 96 1016
98 97 99
98 99 582
98 100 771
99 1 515
99 2 218
99 3 697
99 4 422
99 5 168
99 6 540
99 7 357
99 8 572
99 9 873
99 10 671
99 11 460
99 12 590
99 13 463
99 14 849
99 15 568
99 16 471
99 17 333
99 18 897
99 19 645
99 20 134
99 21 408
99 22 245
99 23 844
99 24 79
99 25 70
99 26 170
99 27 779
99 28 930
99 29 328
99 30 289
99 31 205
99 32 321
99 33 756
99 34 227
99 35 714
99 36 544
99 37 703
99 38 337
99 39 382
99 40 422
99 41 621
99 42 667
99 43 203
99 44 32
99 45 822
99 46 558
99 47 278
99 48 377
99 49 839
99 50 822
99 51 335
99 52 843
99 53 447
99 54 382
99 55 462
99 56 410
99 57 361
99 58 185
99 59 427
99 60 450
99 61 447
99 62 665
99 63 198
99 64 599
99 65 590
99 66 189
99 67 529
99 68 292
99 69 752
99 70 92
99 71 474
99 72 236
99 73 362
99 74 784
99 75 850
99 76 656
99 77 274
99 78 868
99 79 589
99 80 528
99 81 176
99 82 141
99 83 700
99 84 304
99 85 347
99 86 620
99 87 186
99 88 221
99 89 367
99 90 933
99 91 453
99 92 122
99 93 496
99 94 607
99 95 82
99 96 678
99 97 525
99 98 582
99 100 230
100 1 575
100 2 286
100 3 502
100 4 526
100 5 70
100 6 569
100 7 130
100 8 715
100 9 672
100 10 471
100 11 555
100 12 459
100 13 667
100 14 764
100 15 576
100 16 539
100 17 252
100 18 886
100 19 716
100 20 206
100 21 583
100 22 146
100 23 649
100 24 306
100 25 277
100 26 302
100 27 703
100 28 931
100 29 304
100 30 476
100 31 382
100 32 149
100 33 809
100 34 152
100 35 582
100 36 541
100 37 574
100 38 236
100 39 376
100 40 437
100 41 622
100 42 585
100 43 84
100 44 238
100 45 834
100 46 756
100 47 182
100 48 539
100 49 885
100 50 729
100 51 109
100 52 833
100 53 291
100 54 213
100 55 506
100 56 553
100 57 289
100 58 122
100 59 204
100 60 554
100 61 357
100 62 642
100 63 365
100 64 697
100 65 364
100 66 404
100 67 702
100 68 212
100 69 588
100 70 247
100 71 331
100 72 439
100 73 314
100 74 850
100 75 890
100 76 500
100 77 233
100 78 704
100 79 477
100 80 711
100 81 195
100 82 127
100 83 522
100 84 425
100 85 221
100 86 401
100 87 164
100 88 101
100 89 398
100 90 901
100 91 333
100 92 181
100 93 543
100 94 673
100 95 168
100 96 499
100 97 698
100 98 771
100 99 230
