nnodes nedges type capacity P s t
100  4950  graph  1000 100 1 100 
nodename posx posy itemvalue itemweight
1 939 913 0 0
2 124 878 215 337
3 72 177 246 215
4 847 344 164 198
5 387 852 2 171
6 465 120 78 3
7 946 477 129 136
8 849 739 202 50
9 933 683 242 459
10 642 167 175 244
11 266 17 5 283
12 690 974 245 206
13 708 422 47 449
14 676 196 188 469
15 714 360 237 254
16 692 654 78 105
17 625 168 66 42
18 884 697 191 164
19 697 84 108 355
20 393 84 111 360
21 936 859 127 438
22 557 235 214 358
23 336 406 176 17
24 974 622 157 417
25 90 968 225 331
26 789 708 12 332
27 986 831 215 359
28 683 694 37 11
29 254 359 57 76
30 242 320 230 145
31 71 286 80 409
32 326 49 250 145
33 806 563 53 190
34 98 503 58 410
35 647 492 146 21
36 940 583 121 273
37 351 497 208 334
38 170 39 130 383
39 903 144 101 388
40 661 345 152 177
41 465 803 218 163
42 406 803 8 34
43 634 441 21 397
44 849 888 45 179
45 152 92 74 376
46 561 224 74 153
47 378 887 136 73
48 625 185 150 438
49 450 75 12 309
50 40 97 200 10
51 567 980 79 320
52 33 270 32 139
53 477 203 6 263
54 662 733 21 356
55 700 323 150 24
56 430 517 32 219
57 126 836 187 392
58 320 761 2 59
59 629 169 140 148
60 1 782 238 463
61 261 562 125 61
62 358 992 218 11
63 450 983 235 117
64 529 252 198 98
65 410 569 27 147
66 350 978 107 106
67 902 735 69 388
68 600 379 244 324
69 290 262 2 116
70 464 990 31 3
71 938 247 140 414
72 507 64 73 178
73 83 179 55 325
74 177 65 88 296
75 349 531 74 325
76 847 610 9 199
77 93 205 237 226
78 954 895 209 221
79 540 483 194 8
80 148 950 171 470
81 405 850 7 277
82 280 307 177 325
83 585 233 17 22
84 38 875 148 18
85 495 503 138 30
86 218 433 123 129
87 750 77 193 445
88 850 185 56 248
89 257 27 19 393
90 250 606 43 445
91 558 97 70 153
92 568 4 143 158
93 654 523 230 203
94 251 546 231 423
95 358 751 210 401
96 849 763 143 68
97 601 481 177 171
98 70 538 142 45
99 714 109 193 391
100 766 562 0 0
endpoint1 endpoint2 weight
1 2 816
1 3 1138
1 4 577
1 5 556
1 6 924
1 7 437
1 8 196
1 9 231
1 10 803
1 11 1121
1 12 257
1 13 543
1 14 764
1 15 598
1 16 358
1 17 809
1 18 223
1 19 864
1 20 993
1 21 55
1 22 779
1 23 788
1 24 294
1 25 851
1 26 255
1 27 95
1 28 337
1 29 881
1 30 916
1 31 1071
1 32 1060
1 33 375
1 34 936
1 35 513
1 36 331
1 37 721
1 38 1165
1 39 770
1 40 633
1 41 487
1 42 545
1 43 562
1 44 94
1 45 1138
1 46 786
1 47 562
1 48 793
1 49 971
1 50 1215
1 51 378
1 52 1111
1 53 848
1 54 331
1 55 637
1 56 645
1 57 817
1 58 638
1 59 806
1 60 948
1 61 764
1 62 587
1 63 494
1 64 778
1 65 632
1 66 593
1 67 182
1 68 633
1 69 920
1 70 482
1 71 667
1 72 953
1 73 1128
1 74 1141
1 75 703
1 76 317
1 77 1104
1 78 24
1 79 587
1 80 792
1 81 538
1 82 896
1 83 767
1 84 902
1 85 605
1 86 867
1 87 858
1 88 734
1 89 1119
1 90 755
1 91 901
1 92 982
1 93 484
1 94 780
1 95 604
1 96 175
1 97 549
1 98 947
1 99 835
1 100 392
2 1 816
2 3 703
2 4 899
2 5 265
2 6 832
2 7 915
2 8 739
2 9 833
2 10 880
2 11 873
2 12 575
2 13 741
2 14 878
2 15 786
2 16 611
2 17 869
2 18 782
2 19 980
2 20 839
2 21 813
2 22 776
2 23 518
2 24 888
2 25 97
2 26 687
2 27 864
2 28 589
2 29 536
2 30 571
2 31 595
2 32 854
2 33 752
2 34 376
2 35 651
2 36 868
2 37 444
2 38 841
2 39 1071
2 40 757
2 41 350
2 42 292
2 43 672
2 44 726
2 45 787
2 46 787
2 47 255
2 48 856
2 49 867
2 50 786
2 51 455
2 52 615
2 53 762
2 54 558
2 55 800
2 56 474
2 57 43
2 58 229
2 59 871
2 60 157
2 61 345
2 62 261
2 63 343
2 64 746
2 65 422
2 66 248
2 67 792
2 68 690
2 69 638
2 70 358
2 71 1030
2 72 900
2 73 701
2 74 815
2 75 414
2 76 772
2 77 674
2 78 831
2 79 574
2 80 76
2 81 283
2 82 592
2 83 793
2 84 87
2 85 528
2 86 455
2 87 1017
2 88 1004
2 89 862
2 90 300
2 91 894
2 92 981
2 93 638
2 94 356
2 95 267
2 96 735
2 97 621
2 98 345
2 99 970
2 100 716
3 1 1138
3 2 703
3 4 793
3 5 745
3 6 398
3 7 925
3 8 959
3 9 999
3 10 571
3 11 252
3 12 1009
3 13 682
3 14 605
3 15 668
3 16 783
3 17 554
3 18 965
3 19 632
3 20 335
3 21 1101
3 22 489
3 23 350
3 24 1006
3 25 792
3 26 893
3 27 1124
3 28 801
3 29 258
3 30 223
3 31 110
3 32 285
3 33 830
3 34 328
3 35 656
3 36 959
3 37 425
3 38 170
3 39 832
3 40 613
3 41 740
3 42 710
3 43 621
3 44 1054
3 45 117
3 46 492
3 47 774
3 48 554
3 49 392
3 50 87
3 51 944
3 52 101
3 53 406
3 54 811
3 55 645
3 56 494
3 57 662
3 58 635
3 59 558
3 60 610
3 61 429
3 62 864
3 63 891
3 64 464
3 65 518
3 66 848
3 67 1001
3 68 566
3 69 234
3 70 903
3 71 869
3 72 450
3 73 12
3 74 154
3 75 450
3 76 888
3 77 35
3 78 1138
3 79 560
3 80 777
3 81 751
3 82 246
3 83 517
3 84 699
3 85 535
3 86 295
3 87 686
3 88 779
3 89 239
3 90 465
3 91 493
3 92 526
3 93 678
3 94 411
3 95 642
3 96 974
3 97 611
3 98 362
3 99 646
3 100 794
4 1 577
4 2 899
4 3 793
4 5 686
4 6 443
4 7 166
4 8 396
4 9 350
4 10 271
4 11 667
4 12 650
4 13 160
4 14 227
4 15 134
4 16 347
4 17 284
4 18 355
4 19 301
4 20 524
4 21 523
4 22 310
4 23 515
4 24 306
4 25 982
4 26 369
4 27 507
4 28 387
4 29 594
4 30 606
4 31 779
4 32 599
4 33 223
4 34 766
4 35 249
4 36 257
4 37 520
4 38 743
4 39 208
4 40 187
4 41 598
4 42 637
4 43 235
4 44 545
4 45 740
4 46 311
4 47 718
4 48 274
4 49 480
4 50 844
4 51 695
4 52 818
4 53 396
4 54 431
4 55 149
4 56 452
4 57 873
4 58 673
4 59 280
4 60 953
4 61 626
4 62 812
4 63 753
4 64 332
4 65 492
4 66 806
4 67 395
4 68 250
4 69 564
4 70 752
4 71 134
4 72 441
4 73 782
4 74 726
4 75 532
4 76 266
4 77 767
4 78 562
4 79 338
4 80 926
4 81 672
4 82 569
4 83 285
4 84 968
4 85 387
4 86 636
4 87 285
4 88 160
4 89 670
4 90 652
4 91 381
4 92 440
4 93 264
4 94 630
4 95 637
4 96 420
4 97 282
4 98 801
4 99 271
4 100 233
5 1 556
5 2 265
5 3 745
5 4 686
5 6 737
5 7 674
5 8 476
5 9 572
5 10 731
5 11 844
5 12 327
5 13 537
5 14 717
5 15 591
5 16 364
5 17 725
5 18 521
5 19 829
5 20 769
5 21 550
5 22 640
5 23 449
5 24 631
5 25 319
5 26 428
5 27 600
5 28 336
5 29 511
5 30 552
5 31 649
5 32 806
5 33 510
5 34 454
5 35 445
5 36 615
5 37 357
5 38 842
5 39 877
5 40 577
5 41 93
5 42 53
5 43 480
5 44 464
5 45 796
5 46 652
5 47 37
5 48 709
5 49 780
5 50 831
5 51 221
5 52 682
5 53 656
5 54 300
5 55 615
5 56 338
5 57 262
5 58 114
5 59 725
5 60 393
5 61 317
5 62 143
5 63 146
5 64 617
5 65 284
5 66 132
5 67 529
5 68 519
5 69 598
5 70 159
5 71 819
5 72 798
5 73 739
5 74 815
5 75 324
5 76 520
5 77 711
5 78 569
5 79 400
5 80 259
5 81 19
5 82 556
5 83 650
5 84 350
5 85 366
5 86 452
5 87 856
5 88 812
5 89 836
5 90 282
5 91 775
5 92 868
5 93 424
5 94 335
5 95 106
5 96 471
5 97 429
5 98 447
5 99 812
5 100 478
6 1 924
6 2 832
6 3 398
6 4 443
6 5 737
6 7 600
6 8 729
6 9 733
6 10 184
6 11 225
6 12 884
6 13 388
6 14 225
6 15 346
6 16 581
6 17 168
6 18 714
6 19 235
6 20 81
6 21 877
6 22 148
6 23 314
6 24 715
6 25 928
6 26 672
6 27 882
6 28 615
6 29 319
6 30 300
6 31 428
6 32 157
6 33 560
6 34 531
6 35 415
6 36 664
6 37 394
6 38 306
6 39 439
6 40 299
6 41 683
6 42 686
6 43 363
6 44 859
6 45 315
6 46 142
6 47 772
6 48 173
6 49 48
6 50 426
6 51 867
6 52 458
6 53 84
6 54 644
6 55 311
6 56 399
6 57 793
6 58 658
6 59 172
6 60 809
6 61 487
6 62 879
6 63 864
6 64 147
6 65 453
6 66 866
6 67 755
6 68 293
6 69 226
6 70 871
6 71 490
6 72 70
6 73 387
6 74 294
6 75 428
6 76 622
6 77 382
6 78 917
6 79 371
6 80 889
6 81 733
6 82 264
6 83 165
6 84 868
6 85 385
6 86 399
6 87 289
6 88 391
6 89 228
6 90 532
6 91 96
6 92 156
6 93 446
6 94 477
6 95 641
6 96 749
6 97 386
6 98 576
6 99 250
6 100 535
7 1 437
7 2 915
7 3 925
7 4 166
7 5 674
7 6 600
7 8 280
7 9 207
7 10 435
7 11 821
7 12 560
7 13 245
7 14 390
7 15 260
7 16 310
7 17 446
7 18 229
7 19 466
7 20 679
7 21 383
7 22 459
7 23 615
7 24 148
7 25 987
7 26 280
7 27 357
7 28 341
7 29 702
7 30 722
7 31 896
7 32 754
7 33 165
7 34 849
7 35 300
7 36 107
7 37 596
7 38 892
7 39 336
7 40 315
7 41 582
7 42 631
7 43 315
7 44 423
7 45 883
7 46 461
7 47 701
7 48 434
7 49 639
7 50 983
7 51 630
7 52 937
7 53 544
7 54 383
7 55 291
7 56 518
7 57 896
7 58 688
7 59 442
7 60 994
7 61 691
7 62 782
7 63 709
7 64 474
7 65 544
7 66 779
7 67 262
7 68 360
7 69 691
7 70 704
7 71 231
7 72 603
7 73 914
7 74 873
7 75 600
7 76 166
7 77 896
7 78 419
7 79 407
7 80 928
7 81 658
7 82 688
7 83 436
7 84 992
7 85 452
7 86 730
7 87 446
7 88 308
7 89 823
7 90 708
7 91 544
7 92 606
7 93 296
7 94 699
7 95 649
7 96 303
7 97 346
7 98 879
7 99 436
7 100 200
8 1 196
8 2 739
8 3 959
8 4 396
8 5 476
8 6 729
8 7 280
8 9 101
8 10 609
8 11 928
8 12 284
8 13 347
8 14 570
8 15 403
8 16 179
8 17 614
8 18 55
8 19 673
8 20 799
8 21 149
8 22 583
8 23 612
8 24 172
8 25 793
8 26 68
8 27 166
8 28 172
8 29 706
8 30 738
8 31 901
8 32 866
8 33 182
8 34 788
8 35 320
8 36 181
8 37 554
8 38 976
8 39 598
8 40 437
8 41 390
8 42 448
8 43 368
8 44 149
8 45 952
8 46 591
8 47 494
8 48 598
8 49 775
8 50 1033
8 51 371
8 52 942
8 53 653
8 54 188
8 55 442
8 56 475
8 57 730
8 58 530
8 59 611
8 60 850
8 61 615
8 62 553
8 63 468
8 64 583
8 65 471
8 66 554
8 67 54
8 68 438
8 69 735
8 70 460
8 71 500
8 72 757
8 73 949
8 74 952
8 75 542
8 76 130
8 77 926
8 78 189
8 79 402
8 80 733
8 81 458
8 82 715
8 83 571
8 84 823
8 85 426
8 86 702
8 87 670
8 88 555
8 89 926
8 90 614
8 91 705
8 92 787
8 93 291
8 94 629
8 95 492
8 96 24
8 97 358
8 98 805
8 99 645
8 100 196
9 1 231
9 2 833
9 3 999
9 4 350
9 5 572
9 6 733
9 7 207
9 8 101
9 10 593
9 11 943
9 12 380
9 13 345
9 14 551
9 15 391
9 16 243
9 17 601
9 18 51
9 19 644
9 20 807
9 21 177
9 22 585
9 23 659
9 24 74
9 25 890
9 26 147
9 27 158
9 28 251
9 29 753
9 30 781
9 31 950
9 32 878
9 33 175
9 34 855
9 35 344
9 36 101
9 37 611
9 38 999
9 39 540
9 40 434
9 41 484
9 42 541
9 43 385
9 44 222
9 45 980
9 46 591
9 47 592
9 48 586
9 49 777
9 50 1069
9 51 472
9 52 991
9 53 663
9 54 276
9 55 429
9 56 530
9 57 822
9 58 618
9 59 598
9 60 938
9 61 683
9 62 653
9 63 569
9 64 591
9 65 536
9 66 654
9 67 61
9 68 451
9 69 769
9 70 561
9 71 437
9 72 752
9 73 989
9 74 977
9 75 604
9 76 113
9 77 967
9 78 214
9 79 441
9 80 830
9 81 554
9 82 754
9 83 569
9 84 916
9 85 474
9 86 758
9 87 634
9 88 505
9 89 942
9 90 688
9 91 696
9 92 771
9 93 322
9 94 696
9 95 580
9 96 116
9 97 389
9 98 876
9 99 615
9 100 207
10 1 803
10 2 880
10 3 571
10 4 271
10 5 731
10 6 184
10 7 435
10 8 609
10 9 593
10 11 405
10 12 809
10 13 264
10 14 45
10 15 206
10 16 490
10 17 18
10 18 583
10 19 100
10 20 263
10 21 752
10 22 109
10 23 389
10 24 564
10 25 973
10 26 561
10 27 748
10 28 529
10 29 433
10 30 429
10 31 584
10 32 338
10 33 429
10 34 640
10 35 326
10 36 512
10 37 440
10 38 490
10 39 263
10 40 180
10 41 661
10 42 679
10 43 275
10 44 751
10 45 496
10 46 100
10 47 767
10 48 25
10 49 213
10 50 607
10 51 817
10 52 618
10 53 169
10 54 567
10 55 167
10 56 410
10 57 845
10 58 676
10 59 14
10 60 889
10 61 549
10 62 873
10 63 839
10 64 142
10 65 465
10 66 862
10 67 625
10 68 217
10 69 365
10 70 843
10 71 307
10 72 170
10 73 560
10 74 477
10 75 468
10 76 489
10 77 551
10 78 793
10 79 333
10 80 926
10 81 723
10 82 389
10 83 88
10 84 931
10 85 367
10 86 501
10 87 141
10 88 209
10 89 410
10 90 589
10 91 110
10 92 180
10 93 357
10 94 545
10 95 650
10 96 631
10 97 317
10 98 682
10 99 93
10 100 415
11 1 1121
11 2 873
11 3 252
11 4 667
11 5 844
11 6 225
11 7 821
11 8 928
11 9 943
11 10 405
11 12 1047
11 13 600
11 14 448
11 15 565
11 16 767
11 17 390
11 18 919
11 19 437
11 20 144
11 21 1077
11 22 364
11 23 396
11 24 932
11 25 968
11 26 867
11 27 1087
11 28 796
11 29 343
11 30 304
11 31 333
11 32 68
11 33 768
11 34 515
11 35 609
11 36 881
11 37 488
11 38 99
11 39 650
11 40 514
11 41 811
11 42 799
11 43 562
11 44 1049
11 45 137
11 46 361
11 47 878
11 48 397
11 49 193
11 50 240
11 51 1009
11 52 344
11 53 282
11 54 819
11 55 532
11 56 527
11 57 831
11 58 746
11 59 394
11 60 810
11 61 546
11 62 980
11 63 984
11 64 353
11 65 571
11 66 965
11 67 960
11 68 493
11 69 247
11 70 993
11 71 711
11 72 246
11 73 245
11 74 102
11 75 521
11 76 831
11 77 256
11 78 1116
11 79 541
11 80 941
11 81 845
11 82 291
11 83 386
11 84 888
11 85 538
11 86 419
11 87 488
11 88 608
11 89 14
11 90 590
11 91 303
11 92 303
11 93 638
11 94 530
11 95 740
11 96 947
11 97 573
11 98 557
11 99 458
11 100 740
12 1 257
12 2 575
12 3 1009
12 4 650
12 5 327
12 6 884
12 7 560
12 8 284
12 9 380
12 10 809
12 11 1047
12 13 553
12 14 779
12 15 615
12 16 321
12 17 809
12 18 339
12 19 891
12 20 939
12 21 272
12 22 751
12 23 670
12 24 453
12 25 601
12 26 284
12 27 329
12 28 281
12 29 754
12 30 793
12 31 926
12 32 995
12 33 428
12 34 757
12 35 484
12 36 465
12 37 586
12 38 1070
12 39 857
12 40 630
12 41 283
12 42 332
12 43 536
12 44 181
12 45 1034
12 46 762
12 47 324
12 48 792
12 49 931
12 50 1092
12 51 124
12 52 963
12 53 800
12 54 243
12 55 652
12 56 526
12 57 581
12 58 427
12 59 808
12 60 716
12 61 595
12 62 333
12 63 241
12 64 740
12 65 493
12 66 341
12 67 320
12 68 602
12 69 817
12 70 227
12 71 769
12 72 929
12 73 1001
12 74 1044
12 75 560
12 76 397
12 77 974
12 78 276
12 79 514
12 80 543
12 81 311
12 82 783
12 83 749
12 84 660
12 85 510
12 86 718
12 87 900
12 88 806
12 89 1042
12 90 574
12 91 887
12 92 978
12 93 453
12 94 614
12 95 400
12 96 265
12 97 501
12 98 758
12 99 866
12 100 419
13 1 543
13 2 741
13 3 682
13 4 160
13 5 537
13 6 388
13 7 245
13 8 347
13 9 345
13 10 264
13 11 600
13 12 553
13 14 229
13 15 63
13 16 233
13 17 268
13 18 327
13 19 339
13 20 463
13 21 493
13 22 241
13 23 373
13 24 333
13 25 825
13 26 298
13 27 495
13 28 274
13 29 459
13 30 478
13 31 652
13 32 534
13 33 172
13 34 616
13 35 93
13 36 283
13 37 365
13 38 661
13 39 340
13 40 91
13 41 452
13 42 487
13 43 77
13 44 487
13 45 647
13 46 247
13 47 571
13 48 252
13 49 433
13 50 743
13 51 576
13 52 692
13 53 319
13 54 315
13 55 100
13 56 294
13 57 715
13 58 516
13 59 266
13 60 794
13 61 469
13 62 669
13 63 618
13 64 247
13 65 333
13 66 662
13 67 369
13 68 117
13 69 448
13 70 619
13 71 290
13 72 411
13 73 671
13 74 640
13 75 376
13 76 234
13 77 653
13 78 534
13 79 179
13 80 770
13 81 525
13 82 444
13 83 226
13 84 809
13 85 228
13 86 491
13 87 348
13 88 277
13 89 600
13 90 494
13 91 358
13 92 441
13 93 115
13 94 474
13 95 481
13 96 370
13 97 123
13 98 649
13 99 314
13 100 152
14 1 764
14 2 878
14 3 605
14 4 227
14 5 717
14 6 225
14 7 390
14 8 570
14 9 551
14 10 45
14 11 448
14 12 779
14 13 229
14 15 169
14 16 459
14 17 59
14 18 543
14 19 114
14 20 305
14 21 713
14 22 126
14 23 400
14 24 520
14 25 970
14 26 525
14 27 707
14 28 499
14 29 453
14 30 452
14 31 612
14 32 380
14 33 390
14 34 655
14 35 298
14 36 469
14 37 443
14 38 530
14 39 233
14 40 150
14 41 643
14 42 665
14 43 249
14 44 714
14 45 535
14 46 119
14 47 753
14 48 53
14 49 257
14 50 644
14 51 792
14 52 648
14 53 200
14 54 538
14 55 130
14 56 405
14 57 844
14 58 668
14 59 55
14 60 894
14 61 554
14 62 858
14 63 819
14 64 158
14 65 459
14 66 848
14 67 585
14 68 199
14 69 392
14 70 822
14 71 267
14 72 215
14 73 594
14 74 516
14 75 469
14 76 448
14 77 584
14 78 753
14 79 318
14 80 921
14 81 708
14 82 412
14 83 99
14 84 932
14 85 357
14 86 516
14 87 141
14 88 175
14 89 452
14 90 592
14 91 155
14 92 221
14 93 328
14 94 551
14 95 640
14 96 593
14 97 295
14 98 696
14 99 95
14 100 377
15 1 598
15 2 786
15 3 668
15 4 134
15 5 591
15 6 346
15 7 260
15 8 403
15 9 391
15 10 206
15 11 565
15 12 615
15 13 63
15 14 169
15 16 295
15 17 212
15 18 378
15 19 277
15 20 424
15 21 547
15 22 201
15 23 381
15 24 370
15 25 872
15 26 356
15 27 544
15 28 336
15 29 461
15 30 474
15 31 648
15 32 498
15 33 223
15 34 633
15 35 149
15 36 318
15 37 388
15 38 632
15 39 288
15 40 56
15 41 509
15 42 540
15 43 114
15 44 545
15 45 623
15 46 205
15 47 625
15 48 197
15 49 389
15 50 724
15 51 638
15 52 687
15 53 285
15 54 377
15 55 40
15 56 325
15 57 757
15 58 563
15 59 210
15 60 829
15 61 496
15 62 726
15 63 677
15 64 215
15 65 369
15 66 718
15 67 420
15 68 116
15 69 436
15 70 678
15 71 251
15 72 362
15 73 657
15 74 613
15 75 404
15 76 284
15 77 641
15 78 587
15 79 214
15 80 818
15 81 580
15 82 438
15 83 182
15 84 850
15 85 262
15 86 502
15 87 286
15 88 222
15 89 566
15 90 526
15 91 306
15 92 385
15 93 174
15 94 499
15 95 529
15 96 426
15 97 166
15 98 669
15 99 251
15 100 209
16 1 358
16 2 611
16 3 783
16 4 347
16 5 364
16 6 581
16 7 310
16 8 179
16 9 243
16 10 490
16 11 767
16 12 321
16 13 233
16 14 459
16 15 295
16 17 491
16 18 197
16 19 571
16 20 644
16 21 319
16 22 441
16 23 434
16 24 284
16 25 679
16 26 112
16 27 344
16 28 41
16 29 529
16 30 561
16 31 722
16 32 708
16 33 146
16 34 613
16 35 169
16 36 258
16 37 376
16 38 807
16 39 552
16 40 311
16 41 272
16 42 323
16 43 221
16 44 282
16 45 780
16 46 450
16 47 392
16 48 474
16 49 628
16 50 858
16 51 350
16 52 763
16 53 500
16 54 85
16 55 332
16 56 296
16 57 595
16 58 388
16 59 490
16 60 703
16 61 441
16 62 476
16 63 409
16 64 434
16 65 295
16 66 472
16 67 226
16 68 290
16 69 562
16 70 407
16 71 476
16 72 619
16 73 773
16 74 783
16 75 365
16 76 162
16 77 749
16 78 356
16 79 229
16 80 620
16 81 348
16 82 539
16 83 435
16 84 691
16 85 249
16 86 523
16 87 580
16 88 495
16 89 764
16 90 445
16 91 573
16 92 662
16 93 137
16 94 455
16 95 348
16 96 192
16 97 196
16 98 633
16 99 546
16 100 119
17 1 809
17 2 869
17 3 554
17 4 284
17 5 725
17 6 168
17 7 446
17 8 614
17 9 601
17 10 18
17 11 390
17 12 809
17 13 268
17 14 59
17 15 212
17 16 491
17 18 590
17 19 111
17 20 247
17 21 758
17 22 96
17 23 375
17 24 573
17 25 963
17 26 565
17 27 755
17 28 530
17 29 418
17 30 413
17 31 567
17 32 322
17 33 435
17 34 625
17 35 325
17 36 522
17 37 429
17 38 473
17 39 280
17 40 181
17 41 655
17 42 672
17 43 274
17 44 755
17 45 480
17 46 86
17 47 761
17 48 17
17 49 199
17 50 590
17 51 815
17 52 601
17 53 153
17 54 567
17 55 173
17 56 400
17 57 834
17 58 667
17 59 5
17 60 876
17 61 537
17 62 867
17 63 834
17 64 128
17 65 456
17 66 856
17 67 632
17 68 213
17 69 348
17 70 838
17 71 323
17 72 158
17 73 543
17 74 460
17 75 457
17 76 495
17 77 534
17 78 798
17 79 327
17 80 916
17 81 717
17 82 372
17 83 77
17 84 919
17 85 360
17 86 486
17 87 155
17 88 226
17 89 395
17 90 577
17 91 98
17 92 174
17 93 357
17 94 532
17 95 642
17 96 636
17 97 314
17 98 668
17 99 107
17 100 419
18 1 223
18 2 782
18 3 965
18 4 355
18 5 521
18 6 714
18 7 229
18 8 55
18 9 51
18 10 583
18 11 919
18 12 339
18 13 327
18 14 543
18 15 378
18 16 197
18 17 590
18 19 641
18 20 786
18 21 171
18 22 567
18 23 621
18 24 118
18 25 839
18 26 96
18 27 169
18 28 202
18 29 715
18 30 745
18 31 911
18 32 856
18 33 156
18 34 810
18 35 314
18 36 128
18 37 570
18 38 971
18 39 554
18 40 417
18 41 433
18 42 490
18 43 358
18 44 195
18 45 950
18 46 573
18 47 541
18 48 574
18 49 759
18 50 1036
18 51 425
18 52 953
18 53 641
18 54 225
18 55 417
18 56 489
18 57 771
18 58 568
18 59 587
18 60 888
18 61 638
18 62 604
18 63 520
18 64 570
18 65 491
18 66 604
18 67 43
18 68 427
18 69 737
18 70 513
18 71 454
18 72 737
18 73 954
18 74 949
18 75 561
18 76 95
18 77 932
18 78 211
18 79 406
18 80 779
18 81 503
18 82 719
18 83 552
18 84 865
18 85 435
18 86 717
18 87 635
18 88 514
18 89 918
18 90 641
18 91 683
18 92 762
18 93 289
18 94 651
18 95 529
18 96 75
18 97 357
18 98 830
18 99 613
18 100 180
19 1 864
19 2 980
19 3 632
19 4 301
19 5 829
19 6 235
19 7 466
19 8 673
19 9 644
19 10 100
19 11 437
19 12 891
19 13 339
19 14 114
19 15 277
19 16 571
19 17 111
19 18 641
19 20 304
19 21 812
19 22 206
19 23 484
19 24 606
19 25 1073
19 26 631
19 27 801
19 28 611
19 29 522
19 30 513
19 31 658
19 32 373
19 33 492
19 34 732
19 35 412
19 36 556
19 37 539
19 38 529
19 39 215
19 40 264
19 41 756
19 42 776
19 43 363
19 44 819
19 45 546
19 46 196
19 47 865
19 48 125
19 49 248
19 50 658
19 51 906
19 52 690
19 53 251
19 54 650
19 55 240
19 56 509
19 57 945
19 58 775
19 59 109
19 60 986
19 61 647
19 62 970
19 63 933
19 64 238
19 65 564
19 66 959
19 67 683
19 68 311
19 69 445
19 70 936
19 71 291
19 72 192
19 73 622
19 74 521
19 75 567
19 76 547
19 77 617
19 78 851
19 79 429
19 80 1026
19 81 820
19 82 473
19 83 187
19 84 1030
19 85 466
19 86 593
19 87 54
19 88 184
19 89 444
19 90 688
19 91 140
19 92 152
19 93 442
19 94 643
19 95 749
19 96 696
19 97 409
19 98 775
19 99 31
19 100 483
20 1 993
20 2 839
20 3 335
20 4 524
20 5 769
20 6 81
20 7 679
20 8 799
20 9 807
20 10 263
20 11 144
20 12 939
20 13 463
20 14 305
20 15 424
20 16 644
20 17 247
20 18 786
20 19 304
20 21 947
20 22 223
20 23 328
20 24 792
20 25 935
20 26 740
20 27 954
20 28 676
20 29 309
20 30 281
20 31 381
20 32 76
20 33 633
20 34 513
20 35 481
20 36 741
20 37 416
20 38 228
20 39 514
20 40 375
20 41 723
20 42 720
20 43 431
20 44 925
20 45 242
20 46 219
20 47 804
20 48 254
20 49 58
20 50 354
20 51 913
20 52 406
20 53 146
20 54 703
20 55 390
20 56 435
20 57 798
20 58 681
20 59 251
20 60 801
20 61 496
20 62 909
20 63 901
20 64 217
20 65 486
20 66 896
20 67 827
20 68 361
20 69 206
20 70 909
20 71 569
20 72 116
20 73 325
20 74 217
20 75 450
20 76 695
20 77 324
20 78 987
20 79 426
20 80 900
20 81 767
20 82 250
20 83 244
20 84 868
20 85 432
20 86 391
20 87 358
20 88 469
20 89 148
20 90 542
20 91 166
20 92 193
20 93 511
20 94 484
20 95 668
20 96 818
20 97 449
20 98 558
20 99 322
20 100 607
21 1 55
21 2 813
21 3 1101
21 4 523
21 5 550
21 6 877
21 7 383
21 8 149
21 9 177
21 10 752
21 11 1077
21 12 272
21 13 493
21 14 713
21 15 547
21 16 319
21 17 758
21 18 171
21 19 812
21 20 947
21 22 731
21 23 752
21 24 241
21 25 853
21 26 211
21 27 58
21 28 303
21 29 846
21 30 879
21 31 1038
21 32 1015
21 33 324
21 34 911
21 35 468
21 36 277
21 37 688
21 38 1123
21 39 716
21 40 583
21 41 475
21 42 533
21 43 516
21 44 92
21 45 1097
21 46 738
21 47 559
21 48 743
21 49 923
21 50 1177
21 51 389
21 52 1079
21 53 801
21 54 302
21 55 586
21 56 611
21 57 811
21 58 624
21 59 756
21 60 939
21 61 738
21 62 594
21 63 502
21 64 731
21 65 601
21 66 598
21 67 129
21 68 586
21 69 880
21 70 490
21 71 613
21 72 904
21 73 1091
21 74 1099
21 75 673
21 76 265
21 77 1067
21 78 41
21 79 547
21 80 794
21 81 532
21 82 858
21 83 718
21 84 899
21 85 567
21 86 835
21 87 804
21 88 680
21 89 1074
21 90 732
21 91 851
21 92 931
21 93 439
21 94 754
21 95 589
21 96 130
21 97 506
21 98 924
21 99 783
21 100 343
22 1 779
22 2 776
22 3 489
22 4 310
22 5 640
22 6 148
22 7 459
22 8 583
22 9 585
22 10 109
22 11 364
22 12 751
22 13 241
22 14 126
22 15 201
22 16 441
22 17 96
22 18 567
22 19 206
22 20 223
22 21 731
22 23 280
22 24 569
22 25 870
22 26 527
22 27 735
22 28 476
22 29 328
22 30 327
22 31 489
22 32 297
22 33 412
22 34 532
22 35 273
22 36 518
22 37 334
22 38 434
22 39 358
22 40 152
22 41 576
22 42 588
22 43 220
22 44 716
22 45 430
22 46 12
22 47 677
22 48 85
22 49 193
22 50 536
22 51 746
22 52 526
22 53 87
22 54 509
22 55 168
22 56 310
22 57 740
22 58 577
22 59 98
22 60 780
22 61 442
22 62 783
22 63 756
22 64 33
22 65 365
22 66 772
22 67 608
22 68 151
22 69 269
22 70 761
22 71 382
22 72 179
22 73 478
22 74 417
22 75 362
22 76 475
22 77 465
22 78 771
22 79 249
22 80 824
22 81 634
22 82 287
22 83 29
22 84 824
22 85 276
22 86 393
22 87 250
22 88 298
22 89 366
22 90 482
22 91 139
22 92 232
22 93 304
22 94 437
22 95 554
22 96 604
22 97 250
22 98 574
22 99 202
22 100 389
23 1 788
23 2 518
23 3 350
23 4 515
23 5 449
23 6 314
23 7 615
23 8 612
23 9 659
23 10 389
23 11 396
23 12 670
23 13 373
23 14 400
23 15 381
23 16 434
23 17 375
23 18 621
23 19 484
23 20 328
23 21 752
23 22 280
23 24 674
23 25 614
23 26 545
23 27 777
23 28 451
23 29 95
23 30 128
23 31 291
23 32 358
23 33 496
23 34 258
23 35 323
23 36 630
23 37 93
23 38 403
23 39 625
23 40 331
23 41 418
23 42 404
23 43 301
23 44 704
23 45 364
23 46 290
23 47 483
23 48 364
23 49 351
23 50 428
23 51 619
23 52 333
23 53 248
23 54 462
23 55 374
23 56 146
23 57 479
23 58 356
23 59 377
23 60 504
23 61 174
23 62 587
23 63 589
23 64 247
23 65 180
23 66 573
23 67 655
23 68 266
23 69 152
23 70 598
23 71 623
23 72 383
23 73 340
23 74 377
23 75 126
23 76 551
23 77 316
23 78 789
23 79 219
23 80 576
23 81 450
23 82 114
23 83 304
23 84 556
23 85 187
23 86 122
23 87 529
23 88 560
23 89 388
23 90 218
23 91 381
23 92 465
23 93 339
23 94 164
23 95 346
23 96 625
23 97 276
23 98 297
23 99 481
23 100 458
24 1 294
24 2 888
24 3 1006
24 4 306
24 5 631
24 6 715
24 7 148
24 8 172
24 9 74
24 10 564
24 11 932
24 12 453
24 13 333
24 14 520
24 15 370
24 16 284
24 17 573
24 18 118
24 19 606
24 20 792
24 21 241
24 22 569
24 23 674
24 25 950
24 26 205
24 27 210
24 28 300
24 29 767
24 30 792
24 31 964
24 32 866
24 33 179
24 34 885
24 35 352
24 36 52
24 37 636
24 38 994
24 39 484
24 40 418
24 41 541
24 42 597
24 43 386
24 44 294
24 45 979
24 46 574
24 47 653
24 48 560
24 49 758
24 50 1072
24 51 543
24 52 1005
24 53 651
24 54 332
24 55 406
24 56 555
24 57 875
24 58 669
24 59 570
24 60 987
24 61 716
24 62 719
24 63 637
24 64 579
24 65 567
24 66 719
24 67 134
24 68 447
24 69 773
24 70 629
24 71 377
24 72 728
24 73 996
24 74 973
24 75 632
24 76 128
24 77 975
24 78 274
24 79 456
24 80 889
24 81 613
24 82 763
24 83 551
24 84 970
24 85 494
24 86 780
24 87 590
24 88 455
24 89 932
24 90 725
24 91 670
24 92 740
24 93 335
24 94 727
24 95 630
24 96 189
24 97 399
24 98 908
24 99 576
24 100 217
25 1 851
25 2 97
25 3 792
25 4 982
25 5 319
25 6 928
25 7 987
25 8 793
25 9 890
25 10 973
25 11 968
25 12 601
25 13 825
25 14 970
25 15 872
25 16 679
25 17 963
25 18 839
25 19 1073
25 20 935
25 21 853
25 22 870
25 23 614
25 24 950
25 26 746
25 27 907
25 28 654
25 29 631
25 30 666
25 31 683
25 32 949
25 33 823
25 34 466
25 35 733
25 36 934
25 37 539
25 38 933
25 39 1158
25 40 846
25 41 410
25 42 357
25 43 758
25 44 764
25 45 879
25 46 881
25 47 300
25 48 949
25 49 963
25 50 873
25 51 478
25 52 701
25 53 858
25 54 619
25 55 888
25 56 565
25 57 137
25 58 310
25 59 964
25 60 207
25 61 441
25 62 270
25 63 361
25 64 840
25 65 512
25 66 261
25 67 845
25 68 780
25 69 734
25 70 375
25 71 1114
25 72 996
25 73 790
25 74 908
25 75 508
25 76 838
25 77 764
25 78 868
25 79 662
25 80 61
25 81 337
25 82 688
25 83 887
25 84 107
25 85 617
25 86 551
25 87 1109
25 88 1092
25 89 956
25 90 396
25 91 989
25 92 1077
25 93 719
25 94 452
25 95 345
25 96 787
25 97 706
25 98 431
25 99 1062
25 100 789
26 1 255
26 2 687
26 3 893
26 4 369
26 5 428
26 6 672
26 7 280
26 8 68
26 9 147
26 10 561
26 11 867
26 12 284
26 13 298
26 14 525
26 15 356
26 16 112
26 17 565
26 18 96
26 19 631
26 20 740
26 21 211
26 22 527
26 23 545
26 24 205
26 25 746
26 27 233
26 28 107
26 29 639
26 30 671
26 31 833
26 32 806
26 33 146
26 34 721
26 35 259
26 36 197
26 37 487
26 38 912
26 39 576
26 40 385
26 41 338
26 42 395
26 43 309
26 44 190
26 45 887
26 46 536
26 47 449
26 48 549
26 49 719
26 50 967
26 51 352
26 52 874
26 53 594
26 54 130
26 55 396
26 56 407
26 57 676
26 58 472
26 59 563
26 60 792
26 61 548
26 62 517
26 63 437
26 64 525
26 65 404
26 66 516
26 67 117
26 68 380
26 69 670
26 70 431
26 71 485
26 72 704
26 73 883
26 74 888
26 75 475
26 76 114
26 77 859
26 78 250
26 79 336
26 80 686
26 81 410
26 82 648
26 83 517
26 84 770
26 85 359
26 86 634
26 87 633
26 88 527
26 89 865
26 90 549
26 91 654
26 92 738
26 93 230
26 94 562
26 95 434
26 96 82
26 97 295
26 98 739
26 99 604
26 100 148
27 1 95
27 2 864
27 3 1124
27 4 507
27 5 600
27 6 882
27 7 357
27 8 166
27 9 158
27 10 748
27 11 1087
27 12 329
27 13 495
27 14 707
27 15 544
27 16 344
27 17 755
27 18 169
27 19 801
27 20 954
27 21 58
27 22 735
27 23 777
27 24 210
27 25 907
27 26 233
27 28 333
27 29 871
27 30 903
27 31 1066
27 32 1024
27 33 323
27 34 947
27 35 480
27 36 253
27 37 718
27 38 1138
27 39 692
27 40 585
27 41 522
27 42 581
27 43 526
27 44 149
27 45 1115
27 46 741
27 47 611
27 48 741
27 49 927
27 50 1198
27 51 445
27 52 1106
27 53 809
27 54 339
27 55 583
27 56 639
27 57 861
27 58 670
27 59 753
27 60 987
27 61 774
27 62 649
27 63 558
27 64 738
27 65 633
27 66 653
27 67 128
27 68 595
27 69 899
27 70 546
27 71 586
27 72 905
27 73 1114
27 74 1115
27 75 705
27 76 262
27 77 1091
27 78 72
27 79 566
27 80 847
27 81 582
27 82 880
27 83 721
27 84 950
27 85 591
27 86 866
27 87 791
27 88 661
27 89 1086
27 90 770
27 91 850
27 92 927
27 93 453
27 94 789
27 95 634
27 96 153
27 97 521
27 98 962
27 99 772
27 100 348
28 1 337
28 2 589
28 3 801
28 4 387
28 5 336
28 6 615
28 7 341
28 8 172
28 9 251
28 10 529
28 11 796
28 12 281
28 13 274
28 14 499
28 15 336
28 16 41
28 17 530
28 18 202
28 19 611
28 20 676
28 21 303
28 22 476
28 23 451
28 24 300
28 25 654
28 26 107
28 27 333
28 29 545
28 30 579
28 31 736
28 32 738
28 33 180
28 34 616
28 35 206
28 36 280
28 37 387
28 38 832
28 39 593
28 40 350
28 41 244
28 42 298
28 43 258
28 44 256
28 45 803
28 46 486
28 47 361
28 48 513
28 49 662
28 50 878
28 51 309
28 52 777
28 53 533
28 54 45
28 55 372
28 56 309
28 57 575
28 58 370
28 59 528
28 60 688
28 61 443
28 62 441
28 63 372
28 64 469
28 65 301
28 66 438
28 67 223
28 68 326
28 69 585
28 70 369
28 71 515
28 72 655
28 73 791
28 74 808
28 75 372
28 76 185
28 77 767
28 78 338
28 79 255
28 80 594
28 81 319
28 82 559
28 83 472
28 84 670
28 85 269
28 86 534
28 87 621
28 88 536
28 89 792
28 90 442
28 91 610
28 92 700
28 93 174
28 94 457
28 95 330
28 96 180
28 97 229
28 98 633
28 99 586
28 100 156
29 1 881
29 2 536
29 3 258
29 4 594
29 5 511
29 6 319
29 7 702
29 8 706
29 9 753
29 10 433
29 11 343
29 12 754
29 13 459
29 14 453
29 15 461
29 16 529
29 17 418
29 18 715
29 19 522
29 20 309
29 21 846
29 22 328
29 23 95
29 24 767
29 25 631
29 26 639
29 27 871
29 28 545
29 30 41
29 31 198
29 32 319
29 33 589
29 34 213
29 35 415
29 36 722
29 37 169
29 38 331
29 39 684
29 40 408
29 41 492
29 42 470
29 43 389
29 44 797
29 45 286
29 46 336
29 47 543
29 48 410
29 49 346
29 50 339
29 51 696
29 52 239
29 53 273
29 54 554
29 55 448
29 56 237
29 57 494
29 58 408
29 59 421
29 60 493
29 61 204
29 62 642
29 63 655
29 64 296
29 65 262
29 66 627
29 67 750
29 68 347
29 69 104
29 70 666
29 71 694
29 72 389
29 73 249
29 74 304
29 75 197
29 76 644
29 77 223
29 78 882
29 79 312
29 80 601
29 81 514
29 82 59
29 83 355
29 84 560
29 85 281
29 86 83
29 87 571
29 88 621
29 89 333
29 90 248
29 91 402
29 92 474
29 93 433
29 94 188
29 95 406
29 96 720
29 97 368
29 98 257
29 99 524
29 100 551
30 1 916
30 2 571
30 3 223
30 4 606
30 5 552
30 6 300
30 7 722
30 8 738
30 9 781
30 10 429
30 11 304
30 12 793
30 13 478
30 14 452
30 15 474
30 16 561
30 17 413
30 18 745
30 19 513
30 20 281
30 21 879
30 22 327
30 23 128
30 24 792
30 25 666
30 26 671
30 27 903
30 28 579
30 29 41
30 31 175
30 32 284
30 33 615
30 34 233
30 35 441
30 36 746
30 37 208
30 38 291
30 39 685
30 40 420
30 41 532
30 42 511
30 43 411
30 44 832
30 45 246
30 46 334
30 47 584
30 48 407
30 49 322
30 50 301
30 51 736
30 52 215
30 53 263
30 54 590
30 55 459
30 56 273
30 57 529
30 58 448
30 59 416
30 60 522
30 61 243
30 62 682
30 63 695
30 64 295
30 65 301
30 66 667
30 67 780
30 68 363
30 69 76
30 70 706
30 71 700
30 72 369
30 73 213
30 74 264
30 75 237
30 76 671
30 77 189
30 78 916
30 79 340
30 80 637
30 81 555
30 82 41
30 83 354
30 84 592
30 85 313
30 86 116
30 87 564
30 88 623
30 89 294
30 90 287
30 91 387
30 92 455
30 93 460
30 94 227
30 95 447
30 96 752
30 97 394
30 98 278
30 99 518
30 100 578
31 1 1071
31 2 595
31 3 110
31 4 779
31 5 649
31 6 428
31 7 896
31 8 901
31 9 950
31 10 584
31 11 333
31 12 926
31 13 652
31 14 612
31 15 648
31 16 722
31 17 567
31 18 911
31 19 658
31 20 381
31 21 1038
31 22 489
31 23 291
31 24 964
31 25 683
31 26 833
31 27 1066
31 28 736
31 29 198
31 30 175
31 32 349
31 33 786
31 34 219
31 35 612
31 36 919
31 37 351
31 38 267
31 39 845
31 40 593
31 41 651
31 42 617
31 43 584
31 44 984
31 45 211
31 46 494
31 47 675
31 48 564
31 49 434
31 50 192
31 51 854
31 52 42
31 53 415
31 54 742
31 55 631
31 56 427
31 57 553
31 58 537
31 59 571
31 60 501
31 61 336
31 62 763
31 63 794
31 64 460
31 65 442
31 66 747
31 67 945
31 68 538
31 69 221
31 70 807
31 71 868
31 72 490
31 73 108
31 74 246
31 75 371
31 76 841
31 77 84
31 78 1073
31 79 509
31 80 669
31 81 656
31 82 211
31 83 517
31 84 590
31 85 477
31 86 208
31 87 711
31 88 786
31 89 319
31 90 367
31 91 523
31 92 572
31 93 630
31 94 317
31 95 547
31 96 913
31 97 565
31 98 253
31 99 667
31 100 748
32 1 1060
32 2 854
32 3 285
32 4 599
32 5 806
32 6 157
32 7 754
32 8 866
32 9 878
32 10 338
32 11 68
32 12 995
32 13 534
32 14 380
32 15 498
32 16 708
32 17 322
32 18 856
32 19 373
32 20 76
32 21 1015
32 22 297
32 23 358
32 24 866
32 25 949
32 26 806
32 27 1024
32 28 738
32 29 319
32 30 284
32 31 349
32 33 704
32 34 509
32 35 548
32 36 814
32 37 449
32 38 157
32 39 585
32 40 448
32 41 767
32 42 759
32 43 499
32 44 989
32 45 180
32 46 294
32 47 840
32 48 329
32 49 127
32 50 290
32 51 962
32 52 368
32 53 216
32 54 763
32 55 464
32 56 480
32 57 813
32 58 713
32 59 326
32 60 802
32 61 518
32 62 944
32 63 943
32 64 288
32 65 527
32 66 930
32 67 896
32 68 429
32 69 217
32 70 952
32 71 644
32 72 182
32 73 276
32 74 150
32 75 483
32 76 766
32 77 281
32 78 1054
32 79 484
32 80 919
32 81 805
32 82 263
32 83 318
32 84 875
32 85 485
32 86 399
32 87 425
32 88 542
32 89 73
32 90 563
32 91 237
32 92 247
32 93 577
32 94 503
32 95 703
32 96 886
32 97 513
32 98 552
32 99 393
32 100 676
33 1 375
33 2 752
33 3 830
33 4 223
33 5 510
33 6 560
33 7 165
33 8 182
33 9 175
33 10 429
33 11 768
33 12 428
33 13 172
33 14 390
33 15 223
33 16 146
33 17 435
33 18 156
33 19 492
33 20 633
33 21 324
33 22 412
33 23 496
33 24 179
33 25 823
33 26 146
33 27 323
33 28 180
33 29 589
33 30 615
33 31 786
33 32 704
33 34 711
33 35 175
33 36 136
33 37 460
33 38 825
33 39 431
33 40 262
33 41 417
33 42 467
33 43 211
33 44 328
33 45 806
33 46 419
33 47 537
33 48 420
33 49 605
33 50 897
33 51 481
33 52 827
33 53 488
33 54 223
33 55 263
33 56 379
33 57 733
33 58 525
33 59 432
33 60 835
33 61 546
33 62 621
33 63 551
33 64 417
33 65 397
33 66 617
33 67 197
33 68 277
33 69 598
33 70 548
33 71 343
33 72 582
33 73 819
33 74 803
33 75 459
33 76 63
33 77 798
33 78 364
33 79 278
33 80 764
33 81 494
33 82 585
33 83 398
33 84 829
33 85 317
33 86 603
33 87 490
33 88 381
33 89 768
33 90 558
33 91 528
33 92 608
33 93 158
33 94 556
33 95 486
33 96 205
33 97 221
33 98 737
33 99 464
33 100 41
34 1 936
34 2 376
34 3 328
34 4 766
34 5 454
34 6 531
34 7 849
34 8 788
34 9 855
34 10 640
34 11 515
34 12 757
34 13 616
34 14 655
34 15 633
34 16 613
34 17 625
34 18 810
34 19 732
34 20 513
34 21 911
34 22 532
34 23 258
34 24 885
34 25 466
34 26 721
34 27 947
34 28 616
34 29 213
34 30 233
34 31 219
34 32 509
34 33 711
34 35 550
34 36 846
34 37 254
34 38 470
34 39 882
34 40 585
34 41 475
34 42 430
34 43 540
34 44 844
34 45 415
34 46 541
34 47 476
34 48 616
34 49 555
34 50 411
34 51 669
34 52 242
34 53 484
34 54 610
34 55 629
34 56 333
34 57 335
34 58 341
34 59 628
34 60 296
34 61 174
34 62 554
34 63 596
34 64 499
34 65 319
34 66 538
34 67 837
34 68 518
34 69 309
34 70 610
34 71 879
34 72 601
34 73 325
34 74 446
34 75 253
34 76 757
34 77 299
34 78 942
34 79 443
34 80 450
34 81 464
34 82 268
34 83 557
34 84 377
34 85 397
34 86 139
34 87 779
34 88 817
34 89 502
34 90 184
34 91 614
34 92 686
34 93 557
34 94 159
34 95 360
34 96 795
34 97 504
34 98 45
34 99 732
34 100 671
35 1 513
35 2 651
35 3 656
35 4 249
35 5 445
35 6 415
35 7 300
35 8 320
35 9 344
35 10 326
35 11 609
35 12 484
35 13 93
35 14 298
35 15 149
35 16 169
35 17 325
35 18 314
35 19 412
35 20 481
35 21 468
35 22 273
35 23 323
35 24 352
35 25 733
35 26 259
35 27 480
35 28 206
35 29 415
35 30 441
35 31 612
35 32 548
35 33 175
35 34 550
35 36 307
35 37 297
35 38 658
35 39 433
35 40 148
35 41 361
35 42 394
35 43 53
35 44 445
35 45 637
35 46 282
35 47 478
35 48 308
35 49 462
35 50 725
35 51 495
35 52 653
35 53 336
35 54 242
35 55 178
35 56 219
35 57 625
35 58 424
35 59 324
35 60 709
35 61 393
35 62 578
35 63 530
35 64 268
35 65 250
35 66 570
35 67 353
35 68 123
35 69 425
35 70 531
35 71 381
35 72 451
35 73 646
35 74 636
35 75 301
35 76 233
35 77 624
35 78 507
35 79 108
35 80 678
35 81 433
35 82 411
35 83 267
35 84 720
35 85 153
35 86 434
35 87 428
35 88 369
35 89 607
35 90 414
35 91 405
35 92 495
35 93 32
35 94 400
35 95 389
35 96 339
35 97 48
35 98 579
35 99 389
35 100 139
36 1 331
36 2 868
36 3 959
36 4 257
36 5 615
36 6 664
36 7 107
36 8 181
36 9 101
36 10 512
36 11 881
36 12 465
36 13 283
36 14 469
36 15 318
36 16 258
36 17 522
36 18 128
36 19 556
36 20 741
36 21 277
36 22 518
36 23 630
36 24 52
36 25 934
36 26 197
36 27 253
36 28 280
36 29 722
36 30 746
36 31 919
36 32 814
36 33 136
36 34 846
36 35 307
36 37 596
36 38 943
36 39 441
36 40 367
36 41 524
36 42 578
36 43 338
36 44 319
36 45 929
36 46 523
36 47 639
36 48 508
36 49 706
36 50 1023
36 51 545
36 52 960
36 53 599
36 54 316
36 55 354
36 56 515
36 57 853
36 58 646
36 59 518
36 60 960
36 61 680
36 62 712
36 63 633
36 64 528
36 65 531
36 66 711
36 67 157
36 68 397
36 69 725
36 70 627
36 71 337
36 72 676
36 73 948
36 74 923
36 75 594
36 76 97
36 77 928
36 78 313
36 79 413
36 80 873
36 81 598
36 82 716
36 83 499
36 84 949
36 85 453
36 86 738
36 87 541
36 88 409
36 89 881
36 90 691
36 91 619
36 92 689
36 93 293
36 94 690
36 95 606
36 96 202
36 97 355
36 98 872
36 99 526
36 100 176
37 1 721
37 2 444
37 3 425
37 4 520
37 5 357
37 6 394
37 7 596
37 8 554
37 9 611
37 10 440
37 11 488
37 12 586
37 13 365
37 14 443
37 15 388
37 16 376
37 17 429
37 18 570
37 19 539
37 20 416
37 21 688
37 22 334
37 23 93
37 24 636
37 25 539
37 26 487
37 27 718
37 28 387
37 29 169
37 30 208
37 31 351
37 32 449
37 33 460
37 34 254
37 35 297
37 36 596
37 38 493
37 39 656
37 40 346
37 41 327
37 42 311
37 43 289
37 44 634
37 45 452
37 46 345
37 47 391
37 48 416
37 49 434
37 50 507
37 51 530
37 52 391
37 53 320
37 54 391
37 55 390
37 56 82
37 57 407
37 58 266
37 59 430
37 60 452
37 61 112
37 62 496
37 63 496
37 64 303
37 65 94
37 66 482
37 67 601
37 68 276
37 69 243
37 70 506
37 71 639
37 72 461
37 73 416
37 74 466
37 75 35
37 76 509
37 77 390
37 78 723
37 79 190
37 80 497
37 81 358
37 82 203
37 83 353
37 84 491
37 85 145
37 86 148
37 87 580
37 88 589
37 89 480
37 90 149
37 91 451
37 92 539
37 93 305
37 94 112
37 95 255
37 96 565
37 97 251
37 98 284
37 99 532
37 100 421
38 1 1165
38 2 841
38 3 170
38 4 743
38 5 842
38 6 306
38 7 892
38 8 976
38 9 999
38 10 490
38 11 99
38 12 1070
38 13 661
38 14 530
38 15 632
38 16 807
38 17 473
38 18 971
38 19 529
38 20 228
38 21 1123
38 22 434
38 23 403
38 24 994
38 25 933
38 26 912
38 27 1138
38 28 832
38 29 331
38 30 291
38 31 267
38 32 157
38 33 825
38 34 470
38 35 658
38 36 943
38 37 493
38 39 741
38 40 579
38 41 819
38 42 800
38 43 614
38 44 1088
38 45 56
38 46 433
38 47 874
38 48 478
38 49 283
38 50 143
38 51 1022
38 52 269
38 53 349
38 54 851
38 55 602
38 56 545
38 57 799
38 58 738
38 59 478
38 60 762
38 61 531
38 62 972
38 63 985
38 64 418
38 65 582
38 66 957
38 67 1011
38 68 549
38 69 254
38 70 996
38 71 796
38 72 338
38 73 165
38 74 27
38 75 524
38 76 886
38 77 183
38 78 1161
38 79 578
38 80 912
38 81 845
38 82 290
38 83 459
38 84 847
38 85 567
38 86 397
38 87 582
38 88 696
38 89 88
38 90 573
38 91 393
38 92 400
38 93 685
38 94 514
38 95 737
38 96 993
38 97 618
38 98 509
38 99 549
38 100 793
39 1 770
39 2 1071
39 3 832
39 4 208
39 5 877
39 6 439
39 7 336
39 8 598
39 9 540
39 10 263
39 11 650
39 12 857
39 13 340
39 14 233
39 15 288
39 16 552
39 17 280
39 18 554
39 19 215
39 20 514
39 21 716
39 22 358
39 23 625
39 24 484
39 25 1158
39 26 576
39 27 692
39 28 593
39 29 684
39 30 685
39 31 845
39 32 585
39 33 431
39 34 882
39 35 433
39 36 441
39 37 656
39 38 741
39 40 315
39 41 792
39 42 826
39 43 401
39 44 746
39 45 753
39 46 352
39 47 910
39 48 282
39 49 459
39 50 865
39 51 901
39 52 880
39 53 431
39 54 637
39 55 271
39 56 603
39 57 1041
39 58 849
39 59 276
39 60 1105
39 61 767
39 62 1009
39 63 954
39 64 390
39 65 651
39 66 1001
39 67 592
39 68 384
39 69 625
39 70 954
39 71 109
39 72 404
39 73 821
39 74 731
39 75 676
39 76 470
39 77 813
39 78 753
39 79 497
39 80 1105
39 81 864
39 82 644
39 83 331
39 84 1133
39 85 544
39 86 744
39 87 168
39 88 68
39 89 657
39 90 800
39 91 349
39 92 364
39 93 454
39 94 766
39 95 816
39 96 622
39 97 453
39 98 922
39 99 193
39 100 440
40 1 633
40 2 757
40 3 613
40 4 187
40 5 577
40 6 299
40 7 315
40 8 437
40 9 434
40 10 180
40 11 514
40 12 630
40 13 91
40 14 150
40 15 56
40 16 311
40 17 181
40 18 417
40 19 264
40 20 375
40 21 583
40 22 152
40 23 331
40 24 418
40 25 846
40 26 385
40 27 585
40 28 350
40 29 408
40 30 420
40 31 593
40 32 448
40 33 262
40 34 585
40 35 148
40 36 367
40 37 346
40 38 579
40 39 315
40 41 499
40 42 525
40 43 100
40 44 575
40 45 569
40 46 157
40 47 612
40 48 164
40 49 343
40 50 669
40 51 642
40 52 633
40 53 233
40 54 389
40 55 45
40 56 289
40 57 727
40 58 538
40 59 179
40 60 792
40 61 456
40 62 715
40 63 672
40 64 162
40 65 337
40 66 706
40 67 459
40 68 70
40 69 381
40 70 675
40 71 294
40 72 321
40 73 602
40 74 560
40 75 364
40 76 324
40 77 585
40 78 624
40 79 184
40 80 794
40 81 567
40 82 383
40 83 136
40 84 818
40 85 230
40 86 452
40 87 283
40 88 248
40 89 515
40 90 487
40 91 269
40 92 354
40 93 179
40 94 457
40 95 507
40 96 459
40 97 149
40 98 622
40 99 242
40 100 242
41 1 487
41 2 350
41 3 740
41 4 598
41 5 93
41 6 683
41 7 582
41 8 390
41 9 484
41 10 661
41 11 811
41 12 283
41 13 452
41 14 643
41 15 509
41 16 272
41 17 655
41 18 433
41 19 756
41 20 723
41 21 475
41 22 576
41 23 418
41 24 541
41 25 410
41 26 338
41 27 522
41 28 244
41 29 492
41 30 532
41 31 651
41 32 767
41 33 417
41 34 475
41 35 361
41 36 524
41 37 327
41 38 819
41 39 792
41 40 499
41 42 59
41 43 400
41 44 394
41 45 777
41 46 587
41 47 121
41 48 639
41 49 729
41 50 825
41 51 205
41 52 687
41 53 601
41 54 210
41 55 535
41 56 289
41 57 341
41 58 151
41 59 655
41 60 465
41 61 316
41 62 218
41 63 181
41 64 555
41 65 241
41 66 210
41 67 443
41 68 445
41 69 569
41 70 188
41 71 730
41 72 741
41 73 732
41 74 793
41 75 296
41 76 428
41 77 705
41 78 498
41 79 329
41 80 350
41 81 77
41 82 530
41 83 583
41 84 434
41 85 302
41 86 445
41 87 780
41 88 729
41 89 804
41 90 292
41 91 713
41 92 806
41 93 338
41 94 335
41 95 119
41 96 387
41 97 350
41 98 476
41 99 738
41 100 386
42 1 545
42 2 292
42 3 710
42 4 637
42 5 53
42 6 686
42 7 631
42 8 448
42 9 541
42 10 679
42 11 799
42 12 332
42 13 487
42 14 665
42 15 540
42 16 323
42 17 672
42 18 490
42 19 776
42 20 720
42 21 533
42 22 588
42 23 404
42 24 597
42 25 357
42 26 395
42 27 581
42 28 298
42 29 470
42 30 511
42 31 617
42 32 759
42 33 467
42 34 430
42 35 394
42 36 578
42 37 311
42 38 800
42 39 826
42 40 525
42 41 59
42 43 428
42 44 452
42 45 756
42 46 600
42 47 89
42 48 656
42 49 730
42 50 796
42 51 240
42 52 651
42 53 605
42 54 266
42 55 563
42 56 288
42 57 282
42 58 96
42 59 673
42 60 406
42 61 282
42 62 195
42 63 186
42 64 565
42 65 235
42 66 184
42 67 501
42 68 467
42 69 554
42 70 196
42 71 770
42 72 746
42 73 703
42 74 773
42 75 278
42 76 482
42 77 675
42 78 556
42 79 347
42 80 297
42 81 48
42 82 512
42 83 598
42 84 375
42 85 313
42 86 416
42 87 804
42 88 761
42 89 791
42 90 252
42 91 723
42 92 816
42 93 375
42 94 301
42 95 71
42 96 445
42 97 377
42 98 428
42 99 760
42 100 434
43 1 562
43 2 672
43 3 621
43 4 235
43 5 480
43 6 363
43 7 315
43 8 368
43 9 385
43 10 275
43 11 562
43 12 536
43 13 77
43 14 249
43 15 114
43 16 221
43 17 274
43 18 358
43 19 363
43 20 431
43 21 516
43 22 220
43 23 301
43 24 386
43 25 758
43 26 309
43 27 526
43 28 258
43 29 389
43 30 411
43 31 584
43 32 499
43 33 211
43 34 540
43 35 53
43 36 338
43 37 289
43 38 614
43 39 401
43 40 100
43 41 400
43 42 428
43 44 497
43 45 596
43 46 229
43 47 515
43 48 257
43 49 410
43 50 687
43 51 544
43 52 625
43 53 286
43 54 294
43 55 136
43 56 218
43 57 644
43 58 449
43 59 273
43 60 720
43 61 393
43 62 617
43 63 573
43 64 217
43 65 258
43 66 608
43 67 398
43 68 71
43 69 388
43 70 575
43 71 361
43 72 398
43 73 611
43 74 592
43 75 299
43 76 272
43 77 591
43 78 556
43 79 103
43 80 704
43 81 469
43 82 379
43 83 214
43 84 738
43 85 153
43 86 417
43 87 383
43 88 335
43 89 560
43 90 418
43 91 353
43 92 442
43 93 85
43 94 398
43 95 416
43 96 388
43 97 52
43 98 573
43 99 342
43 100 180
44 1 94
44 2 726
44 3 1054
44 4 545
44 5 464
44 6 859
44 7 423
44 8 149
44 9 222
44 10 751
44 11 1049
44 12 181
44 13 487
44 14 714
44 15 545
44 16 282
44 17 755
44 18 195
44 19 819
44 20 925
44 21 92
44 22 716
44 23 704
44 24 294
44 25 764
44 26 190
44 27 149
44 28 256
44 29 797
44 30 832
44 31 984
44 32 989
44 33 328
44 34 844
44 35 445
44 36 319
44 37 634
44 38 1088
44 39 746
44 40 575
44 41 394
44 42 452
44 43 497
44 45 1059
44 46 724
44 47 472
44 48 738
44 49 906
44 50 1132
44 51 297
44 52 1024
44 53 780
44 54 243
44 55 585
44 56 560
44 57 725
44 58 545
44 59 752
44 60 855
44 61 673
44 62 502
44 63 411
44 64 712
44 65 543
44 66 508
44 67 162
44 68 567
44 69 840
44 70 399
44 71 648
44 72 893
44 73 1044
44 74 1063
44 75 615
44 76 279
44 77 1019
44 78 106
44 79 510
44 80 704
44 81 446
44 82 814
44 83 707
44 84 812
44 85 524
44 86 778
44 87 818
44 88 704
44 89 1045
44 90 663
44 91 843
44 92 928
44 93 414
44 94 689
44 95 510
44 96 125
44 97 477
44 98 855
44 99 791
44 100 337
45 1 1138
45 2 787
45 3 117
45 4 740
45 5 796
45 6 315
45 7 883
45 8 952
45 9 980
45 10 496
45 11 137
45 12 1034
45 13 647
45 14 535
45 15 623
45 16 780
45 17 480
45 18 950
45 19 546
45 20 242
45 21 1097
45 22 430
45 23 364
45 24 979
45 25 879
45 26 887
45 27 1115
45 28 803
45 29 286
45 30 246
45 31 211
45 32 180
45 33 806
45 34 415
45 35 637
45 36 929
45 37 452
45 38 56
45 39 753
45 40 569
45 41 777
45 42 756
45 43 596
45 44 1059
45 46 430
45 47 827
45 48 483
45 49 299
45 50 113
45 51 981
45 52 215
45 53 344
45 54 820
45 55 595
45 56 508
45 57 745
45 58 690
45 59 484
45 60 707
45 61 483
45 62 924
45 63 940
45 64 410
45 65 543
45 66 908
45 67 988
45 68 533
45 69 219
45 70 951
45 71 802
45 72 357
45 73 112
45 74 37
45 75 482
45 76 867
45 77 128
45 78 1135
45 79 551
45 80 859
45 81 800
45 82 251
45 83 456
45 84 792
45 85 536
45 86 348
45 87 599
45 88 705
45 89 124
45 90 524
45 91 407
45 92 426
45 93 662
45 94 465
45 95 691
45 96 968
45 97 595
45 98 454
45 99 563
45 100 774
46 1 786
46 2 787
46 3 492
46 4 311
46 5 652
46 6 142
46 7 461
46 8 591
46 9 591
46 10 100
46 11 361
46 12 762
46 13 247
46 14 119
46 15 205
46 16 450
46 17 86
46 18 573
46 19 196
46 20 219
46 21 738
46 22 12
46 23 290
46 24 574
46 25 881
46 26 536
46 27 741
46 28 486
46 29 336
46 30 334
46 31 494
46 32 294
46 33 419
46 34 541
46 35 282
46 36 523
46 37 345
46 38 433
46 39 352
46 40 157
46 41 587
46 42 600
46 43 229
46 44 724
46 45 430
46 47 688
46 48 75
46 49 186
46 50 537
46 51 757
46 52 530
46 53 87
46 54 519
46 55 171
46 56 321
46 57 751
46 58 589
46 59 88
46 60 791
46 61 452
46 62 795
46 63 768
46 64 43
46 65 377
46 66 783
46 67 615
46 68 160
46 69 274
46 70 773
46 71 378
46 72 169
46 73 481
46 74 416
46 75 374
46 76 481
46 77 469
46 78 778
46 79 260
46 80 836
46 81 646
46 82 294
46 83 26
46 84 836
46 85 287
46 86 402
46 87 240
46 88 292
46 89 363
46 90 493
46 91 128
46 92 221
46 93 314
46 94 447
46 95 565
46 96 612
46 97 261
46 98 583
46 99 192
46 100 396
47 1 562
47 2 255
47 3 774
47 4 718
47 5 37
47 6 772
47 7 701
47 8 494
47 9 592
47 10 767
47 11 878
47 12 324
47 13 571
47 14 753
47 15 625
47 16 392
47 17 761
47 18 541
47 19 865
47 20 804
47 21 559
47 22 677
47 23 483
47 24 653
47 25 300
47 26 449
47 27 611
47 28 361
47 29 543
47 30 584
47 31 675
47 32 840
47 33 537
47 34 476
47 35 478
47 36 639
47 37 391
47 38 874
47 39 910
47 40 612
47 41 121
47 42 89
47 43 515
47 44 472
47 45 827
47 46 688
47 48 745
47 49 816
47 50 860
47 51 211
47 52 707
47 53 692
47 54 324
47 55 650
47 56 374
47 57 258
47 58 139
47 59 761
47 60 392
47 61 346
47 62 107
47 63 120
47 64 653
47 65 320
47 66 96
47 67 546
47 68 555
47 69 632
47 70 135
47 71 851
47 72 834
47 73 767
47 74 847
47 75 358
47 76 545
47 77 740
47 78 577
47 79 436
47 80 239
47 81 46
47 82 589
47 83 686
47 84 341
47 85 402
47 86 482
47 87 892
47 88 846
47 89 869
47 90 309
47 91 811
47 92 904
47 93 457
47 94 364
47 95 138
47 96 488
47 97 464
47 98 466
47 99 848
47 100 507
48 1 793
48 2 856
48 3 554
48 4 274
48 5 709
48 6 173
48 7 434
48 8 598
48 9 586
48 10 25
48 11 397
48 12 792
48 13 252
48 14 53
48 15 197
48 16 474
48 17 17
48 18 574
48 19 125
48 20 254
48 21 743
48 22 85
48 23 364
48 24 560
48 25 949
48 26 549
48 27 741
48 28 513
48 29 410
48 30 407
48 31 564
48 32 329
48 33 420
48 34 616
48 35 308
48 36 508
48 37 416
48 38 478
48 39 282
48 40 164
48 41 639
48 42 656
48 43 257
48 44 738
48 45 483
48 46 75
48 47 745
48 49 207
48 50 592
48 51 798
48 52 599
48 53 150
48 54 550
48 55 158
48 56 386
48 57 821
48 58 652
48 59 17
48 60 864
48 61 525
48 62 851
48 63 817
48 64 118
48 65 441
48 66 840
48 67 616
48 68 196
48 69 344
48 70 821
48 71 320
48 72 170
48 73 543
48 74 464
48 75 443
48 76 480
48 77 533
48 78 783
48 79 310
48 80 902
48 81 701
48 82 366
48 83 63
48 84 906
48 85 344
48 86 477
48 87 166
48 88 225
48 89 401
48 90 564
48 91 111
48 92 190
48 93 340
48 94 520
48 95 626
48 96 620
48 97 297
48 98 658
48 99 118
48 100 403
49 1 971
49 2 867
49 3 392
49 4 480
49 5 780
49 6 48
49 7 639
49 8 775
49 9 777
49 10 213
49 11 193
49 12 931
49 13 433
49 14 257
49 15 389
49 16 628
49 17 199
49 18 759
49 19 248
49 20 58
49 21 923
49 22 193
49 23 351
49 24 758
49 25 963
49 26 719
49 27 927
49 28 662
49 29 346
49 30 322
49 31 434
49 32 127
49 33 605
49 34 555
49 35 462
49 36 706
49 37 434
49 38 283
49 39 459
49 40 343
49 41 729
49 42 730
49 43 410
49 44 906
49 45 299
49 46 186
49 47 816
49 48 207
49 50 411
49 51 913
49 52 461
49 53 131
49 54 692
49 55 353
49 56 443
49 57 828
49 58 699
49 59 203
49 60 838
49 61 523
49 62 922
49 63 908
49 64 194
49 65 496
49 66 909
49 67 800
49 68 339
49 69 247
49 70 916
49 71 518
49 72 59
49 73 382
49 74 274
49 75 468
49 76 667
49 77 380
49 78 963
49 79 418
49 80 926
49 81 777
49 82 288
49 83 208
49 84 900
49 85 431
49 86 427
49 87 301
49 88 415
49 89 199
49 90 568
49 91 111
49 92 138
49 93 493
49 94 512
49 95 683
49 96 796
49 97 434
49 98 599
49 99 267
49 100 581
50 1 1215
50 2 786
50 3 87
50 4 844
50 5 831
50 6 426
50 7 983
50 8 1033
50 9 1069
50 10 607
50 11 240
50 12 1092
50 13 743
50 14 644
50 15 724
50 16 858
50 17 590
50 18 1036
50 19 658
50 20 354
50 21 1177
50 22 536
50 23 428
50 24 1072
50 25 873
50 26 967
50 27 1198
50 28 878
50 29 339
50 30 301
50 31 192
50 32 290
50 33 897
50 34 411
50 35 725
50 36 1023
50 37 507
50 38 143
50 39 865
50 40 669
50 41 825
50 42 796
50 43 687
50 44 1132
50 45 113
50 46 537
50 47 860
50 48 592
50 49 411
50 51 1029
50 52 174
50 53 450
50 54 890
50 55 698
50 56 574
50 57 744
50 58 721
50 59 594
50 60 687
50 61 515
50 62 950
50 63 977
50 64 513
50 65 600
50 66 934
50 67 1073
50 68 627
50 69 300
50 70 989
50 71 911
50 72 469
50 73 93
50 74 141
50 75 533
50 76 957
50 77 121
50 78 1214
50 79 632
50 80 860
50 81 837
50 82 319
50 83 562
50 84 779
50 85 610
50 86 381
50 87 711
50 88 815
50 89 229
50 90 551
50 91 518
50 92 537
50 93 748
50 94 497
50 95 728
50 96 1048
50 97 680
50 98 443
50 99 675
50 100 863
51 1 378
51 2 455
51 3 944
51 4 695
51 5 221
51 6 867
51 7 630
51 8 371
51 9 472
51 10 817
51 11 1009
51 12 124
51 13 576
51 14 792
51 15 638
51 16 350
51 17 815
51 18 425
51 19 906
51 20 913
51 21 389
51 22 746
51 23 619
51 24 543
51 25 478
51 26 352
51 27 445
51 28 309
51 29 696
51 30 736
51 31 854
51 32 962
51 33 481
51 34 669
51 35 495
51 36 545
51 37 530
51 38 1022
51 39 901
51 40 642
51 41 205
51 42 240
51 43 544
51 44 297
51 45 981
51 46 757
51 47 211
51 48 798
51 49 913
51 50 1029
51 52 889
51 53 783
51 54 265
51 55 671
51 56 483
51 57 464
51 58 331
51 59 814
51 60 600
51 61 519
51 62 210
51 63 118
51 64 729
51 65 440
51 66 218
51 67 416
51 68 602
51 69 770
51 70 104
51 71 822
51 72 918
51 73 936
51 74 995
51 75 500
51 76 465
51 77 909
51 78 397
51 79 498
51 80 421
51 81 208
51 82 732
51 83 748
51 84 540
51 85 483
51 86 649
51 87 922
51 88 844
51 89 1003
51 90 491
51 91 884
51 92 977
51 93 466
51 94 537
51 95 311
51 96 356
51 97 501
51 98 666
51 99 884
51 100 463
52 1 1111
52 2 615
52 3 101
52 4 818
52 5 682
52 6 458
52 7 937
52 8 942
52 9 991
52 10 618
52 11 344
52 12 963
52 13 692
52 14 648
52 15 687
52 16 763
52 17 601
52 18 953
52 19 690
52 20 406
52 21 1079
52 22 526
52 23 333
52 24 1005
52 25 701
52 26 874
52 27 1106
52 28 777
52 29 239
52 30 215
52 31 42
52 32 368
52 33 827
52 34 242
52 35 653
52 36 960
52 37 391
52 38 269
52 39 880
52 40 633
52 41 687
52 42 651
52 43 625
52 44 1024
52 45 215
52 46 530
52 47 707
52 48 599
52 49 461
52 50 174
52 51 889
52 53 450
52 54 782
52 55 670
52 56 468
52 57 574
52 58 569
52 59 605
52 60 513
52 61 371
52 62 792
52 63 826
52 64 497
52 65 482
52 66 776
52 67 986
52 68 578
52 69 258
52 70 840
52 71 906
52 72 517
52 73 104
52 74 251
52 75 410
52 76 883
52 77 89
52 78 1114
52 79 550
52 80 690
52 81 690
52 82 250
52 83 554
52 84 606
52 85 518
52 86 247
52 87 743
52 88 822
52 89 331
52 90 400
52 91 553
52 92 598
52 93 671
52 94 352
52 95 581
52 96 954
52 97 606
52 98 271
52 99 700
52 100 790
53 1 848
53 2 762
53 3 406
53 4 396
53 5 656
53 6 84
53 7 544
53 8 653
53 9 663
53 10 169
53 11 282
53 12 800
53 13 319
53 14 200
53 15 285
53 16 500
53 17 153
53 18 641
53 19 251
53 20 146
53 21 801
53 22 87
53 23 248
53 24 651
53 25 858
53 26 594
53 27 809
53 28 533
53 29 273
53 30 263
53 31 415
53 32 216
53 33 488
53 34 484
53 35 336
53 36 599
53 37 320
53 38 349
53 39 431
53 40 233
53 41 601
53 42 605
53 43 286
53 44 780
53 45 344
53 46 87
53 47 692
53 48 150
53 49 131
53 50 450
53 51 783
53 52 450
53 54 562
53 55 254
53 56 318
53 57 724
53 58 580
53 59 156
53 60 750
53 61 419
53 62 798
53 63 781
53 64 72
53 65 373
53 66 786
53 67 681
53 68 215
53 69 197
53 70 788
53 71 464
53 72 143
53 73 395
53 74 331
53 75 353
53 76 551
53 77 385
53 78 841
53 79 287
53 80 817
53 81 651
53 82 223
53 83 113
53 84 803
53 85 301
53 86 347
53 87 301
53 88 374
53 89 282
53 90 463
53 91 134
53 92 219
53 93 366
53 94 411
53 95 561
53 96 673
53 97 305
53 98 528
53 99 255
53 100 461
54 1 331
54 2 558
54 3 811
54 4 431
54 5 300
54 6 644
54 7 383
54 8 188
54 9 276
54 10 567
54 11 819
54 12 243
54 13 315
54 14 538
54 15 377
54 16 85
54 17 567
54 18 225
54 19 650
54 20 703
54 21 302
54 22 509
54 23 462
54 24 332
54 25 619
54 26 130
54 27 339
54 28 45
54 29 554
54 30 590
54 31 742
54 32 763
54 33 223
54 34 610
54 35 242
54 36 316
54 37 391
54 38 851
54 39 637
54 40 389
54 41 210
54 42 266
54 43 294
54 44 243
54 45 820
54 46 519
54 47 324
54 48 550
54 49 692
54 50 890
54 51 265
54 52 782
54 53 562
54 55 412
54 56 317
54 57 546
54 58 344
54 59 565
54 60 663
54 61 436
54 62 400
54 63 328
54 64 500
54 65 301
54 66 397
54 67 241
54 68 360
54 69 601
54 70 325
54 71 559
54 72 687
54 73 802
54 74 826
54 75 373
54 76 223
54 77 777
54 78 334
54 79 279
54 80 558
54 81 283
54 82 573
54 83 506
54 84 640
54 85 285
54 86 536
54 87 662
54 88 580
54 89 814
54 90 432
54 91 645
54 92 736
54 93 211
54 94 452
54 95 305
54 96 190
54 97 260
54 98 624
54 99 627
54 100 201
55 1 637
55 2 800
55 3 645
55 4 149
55 5 615
55 6 311
55 7 291
55 8 442
55 9 429
55 10 167
55 11 532
55 12 652
55 13 100
55 14 130
55 15 40
55 16 332
55 17 173
55 18 417
55 19 240
55 20 390
55 21 586
55 22 168
55 23 374
55 24 406
55 25 888
55 26 396
55 27 583
55 28 372
55 29 448
55 30 459
55 31 631
55 32 464
55 33 263
55 34 629
55 35 178
55 36 354
55 37 390
55 38 602
55 39 271
55 40 45
55 41 535
55 42 563
55 43 136
55 44 585
55 45 595
55 46 171
55 47 650
55 48 158
55 49 353
55 50 698
55 51 671
55 52 670
55 53 254
55 54 412
55 56 333
55 57 770
55 58 580
55 59 170
55 60 837
55 61 500
55 62 752
55 63 706
55 64 186
55 65 381
55 66 743
55 67 459
55 68 115
55 69 415
55 70 708
55 71 250
55 72 324
55 73 634
55 74 584
55 75 409
55 76 323
55 77 619
55 78 626
55 79 227
55 80 836
55 81 604
55 82 421
55 83 147
55 84 862
55 85 273
55 86 495
55 87 252
55 88 204
55 89 533
55 90 532
55 91 267
55 92 346
55 93 206
55 94 502
55 95 548
55 96 465
55 97 187
55 98 666
55 99 215
55 100 248
56 1 645
56 2 474
56 3 494
56 4 452
56 5 338
56 6 399
56 7 518
56 8 475
56 9 530
56 10 410
56 11 527
56 12 526
56 13 294
56 14 405
56 15 325
56 16 296
56 17 400
56 18 489
56 19 509
56 20 435
56 21 611
56 22 310
56 23 146
56 24 555
56 25 565
56 26 407
56 27 639
56 28 309
56 29 237
56 30 273
56 31 427
56 32 480
56 33 379
56 34 333
56 35 219
56 36 515
56 37 82
56 38 545
56 39 603
56 40 289
56 41 289
56 42 288
56 43 218
56 44 560
56 45 508
56 46 321
56 47 374
56 48 386
56 49 443
56 50 574
56 51 483
56 52 468
56 53 318
56 54 317
56 55 333
56 57 441
56 58 268
56 59 401
56 60 505
56 61 175
56 62 481
56 63 467
56 64 283
56 65 56
56 66 468
56 67 520
56 68 219
56 69 291
56 70 475
56 71 576
56 72 460
56 73 485
56 74 518
56 75 83
56 76 428
56 77 460
56 78 647
56 79 116
56 80 517
56 81 334
56 82 259
56 83 324
56 84 531
56 85 67
56 86 229
56 87 545
56 88 536
56 89 520
56 90 201
56 91 440
56 92 532
56 93 225
56 94 182
56 95 245
56 96 486
56 97 175
56 98 361
56 99 498
56 100 339
57 1 817
57 2 43
57 3 662
57 4 873
57 5 262
57 6 793
57 7 896
57 8 730
57 9 822
57 10 845
57 11 831
57 12 581
57 13 715
57 14 844
57 15 757
57 16 595
57 17 834
57 18 771
57 19 945
57 20 798
57 21 811
57 22 740
57 23 479
57 24 875
57 25 137
57 26 676
57 27 861
57 28 575
57 29 494
57 30 529
57 31 553
57 32 813
57 33 733
57 34 335
57 35 625
57 36 853
57 37 407
57 38 799
57 39 1041
57 40 727
57 41 341
57 42 282
57 43 644
57 44 725
57 45 745
57 46 751
57 47 258
57 48 821
57 49 828
57 50 744
57 51 464
57 52 574
57 53 724
57 54 546
57 55 770
57 56 441
57 58 208
57 59 836
57 60 137
57 61 306
57 62 280
57 63 356
57 64 710
57 65 390
57 66 266
57 67 783
57 68 659
57 69 597
57 70 372
57 71 1004
57 72 861
57 73 659
57 74 773
57 75 378
57 76 756
57 77 632
57 78 831
57 79 545
57 80 117
57 81 280
57 82 551
57 83 758
57 84 97
57 85 498
57 86 414
57 87 983
57 88 974
57 89 820
57 90 262
57 91 857
57 92 943
57 93 614
57 94 316
57 95 248
57 96 727
57 97 594
57 98 304
57 99 936
57 100 697
58 1 638
58 2 229
58 3 635
58 4 673
58 5 114
58 6 658
58 7 688
58 8 530
58 9 618
58 10 676
58 11 746
58 12 427
58 13 516
58 14 668
58 15 563
58 16 388
58 17 667
58 18 568
58 19 775
58 20 681
58 21 624
58 22 577
58 23 356
58 24 669
58 25 310
58 26 472
58 27 670
58 28 370
58 29 408
58 30 448
58 31 537
58 32 713
58 33 525
58 34 341
58 35 424
58 36 646
58 37 266
58 38 738
58 39 849
58 40 538
58 41 151
58 42 96
58 43 449
58 44 545
58 45 690
58 46 589
58 47 139
58 48 652
58 49 699
58 50 721
58 51 331
58 52 569
58 53 580
58 54 344
58 55 580
58 56 268
58 57 208
58 59 668
58 60 320
58 61 208
58 62 235
58 63 258
58 64 551
58 65 213
58 66 220
58 67 583
58 68 474
58 69 500
58 70 271
58 71 804
58 72 722
58 73 629
58 74 711
58 75 232
58 76 549
58 77 601
58 78 649
58 79 355
58 80 256
58 81 124
58 82 456
58 83 591
58 84 305
58 85 312
58 86 344
58 87 808
58 88 783
58 89 737
58 90 171
58 91 706
58 92 797
58 93 411
58 94 226
58 95 40
58 96 530
58 97 397
58 98 336
58 99 762
58 100 489
59 1 806
59 2 871
59 3 558
59 4 280
59 5 725
59 6 172
59 7 442
59 8 611
59 9 598
59 10 14
59 11 394
59 12 808
59 13 266
59 14 55
59 15 210
59 16 490
59 17 5
59 18 587
59 19 109
59 20 251
59 21 756
59 22 98
59 23 377
59 24 570
59 25 964
59 26 563
59 27 753
59 28 528
59 29 421
59 30 416
59 31 571
59 32 326
59 33 432
59 34 628
59 35 324
59 36 518
59 37 430
59 38 478
59 39 276
59 40 179
59 41 655
59 42 673
59 43 273
59 44 752
59 45 484
59 46 88
59 47 761
59 48 17
59 49 203
59 50 594
59 51 814
59 52 605
59 53 156
59 54 565
59 55 170
59 56 401
59 57 836
59 58 668
59 60 878
59 61 539
59 62 867
59 63 834
59 64 130
59 65 457
59 66 856
59 67 629
59 68 212
59 69 352
59 70 838
59 71 319
59 72 161
59 73 547
59 74 464
59 75 458
59 76 492
59 77 538
59 78 796
59 79 327
59 80 918
59 81 717
59 82 376
59 83 78
59 84 921
59 85 360
59 86 489
59 87 153
59 88 222
59 89 399
59 90 579
59 91 102
59 92 176
59 93 355
59 94 534
59 95 643
59 96 634
59 97 314
59 98 670
59 99 105
59 100 417
60 1 948
60 2 157
60 3 610
60 4 953
60 5 393
60 6 809
60 7 994
60 8 850
60 9 938
60 10 889
60 11 810
60 12 716
60 13 794
60 14 894
60 15 829
60 16 703
60 17 876
60 18 888
60 19 986
60 20 801
60 21 939
60 22 780
60 23 504
60 24 987
60 25 207
60 26 792
60 27 987
60 28 688
60 29 493
60 30 522
60 31 501
60 32 802
60 33 835
60 34 296
60 35 709
60 36 960
60 37 452
60 38 762
60 39 1105
60 40 792
60 41 465
60 42 406
60 43 720
60 44 855
60 45 707
60 46 791
60 47 392
60 48 864
60 49 838
60 50 687
60 51 600
60 52 513
60 53 750
60 54 663
60 55 837
60 56 505
60 57 137
60 58 320
60 59 878
60 61 341
60 62 415
60 63 492
60 64 749
60 65 462
60 66 401
60 67 903
60 68 722
60 69 595
60 70 508
60 71 1079
60 72 879
60 73 609
60 74 739
60 75 430
60 76 864
60 77 585
60 78 960
60 79 617
60 80 224
60 81 410
60 82 551
60 83 802
60 84 101
60 85 568
60 86 411
60 87 1029
60 88 1038
60 89 798
60 90 305
60 91 883
60 92 963
60 93 703
60 94 344
60 95 359
60 96 849
60 97 672
60 98 254
60 99 981
60 100 797
61 1 764
61 2 345
61 3 429
61 4 626
61 5 317
61 6 487
61 7 691
61 8 615
61 9 683
61 10 549
61 11 546
61 12 595
61 13 469
61 14 554
61 15 496
61 16 441
61 17 537
61 18 638
61 19 647
61 20 496
61 21 738
61 22 442
61 23 174
61 24 716
61 25 441
61 26 548
61 27 774
61 28 443
61 29 204
61 30 243
61 31 336
61 32 518
61 33 546
61 34 174
61 35 393
61 36 680
61 37 112
61 38 531
61 39 767
61 40 456
61 41 316
61 42 282
61 43 393
61 44 673
61 45 483
61 46 452
61 47 346
61 48 525
61 49 523
61 50 515
61 51 519
61 52 371
61 53 419
61 54 436
61 55 500
61 56 175
61 57 306
61 58 208
61 59 539
61 60 341
61 62 441
61 63 462
61 64 410
61 65 150
61 66 426
61 67 664
61 68 386
61 69 302
61 70 474
61 71 747
61 72 556
61 73 423
61 74 505
61 75 94
61 76 588
61 77 395
61 78 769
61 79 290
61 80 405
61 81 322
61 82 256
61 83 462
61 84 385
61 85 242
61 86 136
61 87 689
61 88 700
61 89 536
61 90 46
61 91 552
61 92 637
61 93 395
61 94 19
61 95 213
61 96 622
61 97 350
61 98 193
61 99 641
61 100 505
62 1 587
62 2 261
62 3 864
62 4 812
62 5 143
62 6 879
62 7 782
62 8 553
62 9 653
62 10 873
62 11 980
62 12 333
62 13 669
62 14 858
62 15 726
62 16 476
62 17 867
62 18 604
62 19 970
62 20 909
62 21 594
62 22 783
62 23 587
62 24 719
62 25 270
62 26 517
62 27 649
62 28 441
62 29 642
62 30 682
62 31 763
62 32 944
62 33 621
62 34 554
62 35 578
62 36 712
62 37 496
62 38 972
62 39 1009
62 40 715
62 41 218
62 42 195
62 43 617
62 44 502
62 45 924
62 46 795
62 47 107
62 48 851
62 49 922
62 50 950
62 51 210
62 52 792
62 53 798
62 54 400
62 55 752
62 56 481
62 57 280
62 58 235
62 59 867
62 60 415
62 61 441
62 63 93
62 64 760
62 65 427
62 66 17
62 67 602
62 68 660
62 69 734
62 70 107
62 71 945
62 72 940
62 73 859
62 74 945
62 75 462
62 76 621
62 77 831
62 78 604
62 79 541
62 80 215
62 81 150
62 82 690
62 83 793
62 84 341
62 85 508
62 86 577
62 87 996
62 88 946
62 89 971
62 90 401
62 91 918
62 92 1011
62 93 555
62 94 459
62 95 241
62 96 542
62 97 566
62 98 538
62 99 953
62 100 593
63 1 494
63 2 343
63 3 891
63 4 753
63 5 146
63 6 864
63 7 709
63 8 468
63 9 569
63 10 839
63 11 984
63 12 241
63 13 618
63 14 819
63 15 677
63 16 409
63 17 834
63 18 520
63 19 933
63 20 901
63 21 502
63 22 756
63 23 589
63 24 637
63 25 361
63 26 437
63 27 558
63 28 372
63 29 655
63 30 695
63 31 794
63 32 943
63 33 551
63 34 596
63 35 530
63 36 633
63 37 496
63 38 985
63 39 954
63 40 672
63 41 181
63 42 186
63 43 573
63 44 411
63 45 940
63 46 768
63 47 120
63 48 817
63 49 908
63 50 977
63 51 118
63 52 826
63 53 781
63 54 328
63 55 706
63 56 467
63 57 356
63 58 258
63 59 834
63 60 492
63 61 462
63 62 93
63 64 736
63 65 416
63 66 101
63 67 516
63 68 623
63 69 739
63 70 16
63 71 884
63 72 921
63 73 884
63 74 958
63 75 464
63 76 545
63 77 856
63 78 512
63 79 509
63 80 304
63 81 141
63 82 698
63 83 763
63 84 426
63 85 483
63 86 597
63 87 955
63 88 893
63 89 976
63 90 427
63 91 893
63 92 987
63 93 504
63 94 481
63 95 250
63 96 456
63 97 525
63 98 586
63 99 914
63 100 527
64 1 778
64 2 746
64 3 464
64 4 332
64 5 617
64 6 147
64 7 474
64 8 583
64 9 591
64 10 142
64 11 353
64 12 740
64 13 247
64 14 158
64 15 215
64 16 434
64 17 128
64 18 570
64 19 238
64 20 217
64 21 731
64 22 33
64 23 247
64 24 579
64 25 840
64 26 525
64 27 738
64 28 469
64 29 296
64 30 295
64 31 460
64 32 288
64 33 417
64 34 499
64 35 268
64 36 528
64 37 303
64 38 418
64 39 390
64 40 162
64 41 555
64 42 565
64 43 217
64 44 712
64 45 410
64 46 43
64 47 653
64 48 118
64 49 194
64 50 513
64 51 729
64 52 497
64 53 72
64 54 500
64 55 186
64 56 283
64 57 710
64 58 551
64 59 130
64 60 749
64 61 410
64 62 760
64 63 736
64 65 339
64 66 748
64 67 611
64 68 146
64 69 240
64 70 741
64 71 410
64 72 190
64 73 452
64 74 399
64 75 333
64 76 479
64 77 439
64 78 771
64 79 232
64 80 796
64 81 611
64 82 256
64 83 60
64 84 794
64 85 254
64 86 360
64 87 282
64 88 328
64 89 353
64 90 451
64 91 158
64 92 252
64 93 299
64 94 405
64 95 528
64 96 603
64 97 241
64 98 541
64 99 234
64 100 391
65 1 632
65 2 422
65 3 518
65 4 492
65 5 284
65 6 453
65 7 544
65 8 471
65 9 536
65 10 465
65 11 571
65 12 493
65 13 333
65 14 459
65 15 369
65 16 295
65 17 456
65 18 491
65 19 564
65 20 486
65 21 601
65 22 365
65 23 180
65 24 567
65 25 512
65 26 404
65 27 633
65 28 301
65 29 262
65 30 301
65 31 442
65 32 527
65 33 397
65 34 319
65 35 250
65 36 531
65 37 94
65 38 582
65 39 651
65 40 337
65 41 241
65 42 235
65 43 258
65 44 543
65 45 543
65 46 377
65 47 320
65 48 441
65 49 496
65 50 600
65 51 440
65 52 482
65 53 373
65 54 301
65 55 381
65 56 56
65 57 390
65 58 213
65 59 457
65 60 462
65 61 150
65 62 427
65 63 416
65 64 339
65 66 414
65 67 520
65 68 269
65 69 330
65 70 425
65 71 619
65 72 515
65 73 509
65 74 556
65 75 72
65 76 439
65 77 483
65 78 635
65 79 156
65 80 463
65 81 282
65 82 293
65 83 379
65 84 482
65 85 108
65 86 236
65 87 599
65 88 584
65 89 564
65 90 165
65 91 495
65 92 587
65 93 249
65 94 161
65 95 190
65 96 480
65 97 211
65 98 342
65 99 552
65 100 357
66 1 593
66 2 248
66 3 848
66 4 806
66 5 132
66 6 866
66 7 779
66 8 554
66 9 654
66 10 862
66 11 965
66 12 341
66 13 662
66 14 848
66 15 718
66 16 472
66 17 856
66 18 604
66 19 959
66 20 896
66 21 598
66 22 772
66 23 573
66 24 719
66 25 261
66 26 516
66 27 653
66 28 438
66 29 627
66 30 667
66 31 747
66 32 930
66 33 617
66 34 538
66 35 570
66 36 711
66 37 482
66 38 957
66 39 1001
66 40 706
66 41 210
66 42 184
66 43 608
66 44 508
66 45 908
66 46 783
66 47 96
66 48 840
66 49 909
66 50 934
66 51 218
66 52 776
66 53 786
66 54 397
66 55 743
66 56 468
66 57 266
66 58 220
66 59 856
66 60 401
66 61 426
66 62 17
66 63 101
66 64 748
66 65 414
66 67 604
66 68 650
66 69 719
66 70 115
66 71 939
66 72 928
66 73 843
66 74 930
66 75 448
66 76 619
66 77 815
66 78 610
66 79 531
66 80 204
66 81 140
66 82 675
66 83 782
66 84 329
66 85 497
66 86 561
66 87 986
66 88 938
66 89 956
66 90 386
66 91 906
66 92 999
66 93 548
66 94 444
66 95 228
66 96 544
66 97 557
66 98 522
66 99 943
66 100 589
67 1 182
67 2 792
67 3 1001
67 4 395
67 5 529
67 6 755
67 7 262
67 8 54
67 9 61
67 10 625
67 11 960
67 12 320
67 13 369
67 14 585
67 15 420
67 16 226
67 17 632
67 18 43
67 19 683
67 20 827
67 21 129
67 22 608
67 23 655
67 24 134
67 25 845
67 26 117
67 27 128
67 28 223
67 29 750
67 30 780
67 31 945
67 32 896
67 33 197
67 34 837
67 35 353
67 36 157
67 37 601
67 38 1011
67 39 592
67 40 459
67 41 443
67 42 501
67 43 398
67 44 162
67 45 988
67 46 615
67 47 546
67 48 616
67 49 800
67 50 1073
67 51 416
67 52 986
67 53 681
67 54 241
67 55 459
67 56 520
67 57 783
67 58 583
67 59 629
67 60 903
67 61 664
67 62 602
67 63 516
67 64 611
67 65 520
67 66 604
67 68 467
67 69 774
67 70 507
67 71 490
67 72 779
67 73 990
67 74 988
67 75 590
67 76 137
67 77 968
67 78 169
67 79 442
67 80 785
67 81 511
67 82 756
67 83 594
67 84 876
67 85 469
67 86 748
67 87 676
67 88 553
67 89 958
67 90 665
67 91 725
67 92 804
67 93 327
67 94 678
67 95 545
67 96 60
67 97 394
67 98 856
67 99 654
67 100 221
68 1 633
68 2 690
68 3 566
68 4 250
68 5 519
68 6 293
68 7 360
68 8 438
68 9 451
68 10 217
68 11 493
68 12 602
68 13 117
68 14 199
68 15 116
68 16 290
68 17 213
68 18 427
68 19 311
68 20 361
68 21 586
68 22 151
68 23 266
68 24 447
68 25 780
68 26 380
68 27 595
68 28 326
68 29 347
68 30 363
68 31 538
68 32 429
68 33 277
68 34 518
68 35 123
68 36 397
68 37 276
68 38 549
68 39 384
68 40 70
68 41 445
68 42 467
68 43 71
68 44 567
68 45 533
68 46 160
68 47 555
68 48 196
68 49 339
68 50 627
68 51 602
68 52 578
68 53 215
68 54 360
68 55 115
68 56 219
68 57 659
68 58 474
68 59 212
68 60 722
68 61 386
68 62 660
68 63 623
68 64 146
68 65 269
68 66 650
68 67 467
68 69 332
68 70 626
68 71 363
68 72 329
68 73 555
68 74 527
68 75 294
68 76 339
68 77 537
68 78 626
68 79 121
68 80 729
68 81 510
68 82 328
68 83 147
68 84 750
68 85 163
68 86 386
68 87 338
68 88 317
68 89 492
68 90 418
68 91 286
68 92 377
68 93 154
68 94 387
68 95 444
68 96 458
68 97 103
68 98 554
68 99 294
68 100 248
69 1 920
69 2 638
69 3 234
69 4 564
69 5 598
69 6 226
69 7 691
69 8 735
69 9 769
69 10 365
69 11 247
69 12 817
69 13 448
69 14 392
69 15 436
69 16 562
69 17 348
69 18 737
69 19 445
69 20 206
69 21 880
69 22 269
69 23 152
69 24 773
69 25 734
69 26 670
69 27 899
69 28 585
69 29 104
69 30 76
69 31 221
69 32 217
69 33 598
69 34 309
69 35 425
69 36 725
69 37 243
69 38 254
69 39 625
69 40 381
69 41 569
69 42 554
69 43 388
69 44 840
69 45 219
69 46 274
69 47 632
69 48 344
69 49 247
69 50 300
69 51 770
69 52 258
69 53 197
69 54 601
69 55 415
69 56 291
69 57 597
69 58 500
69 59 352
69 60 595
69 61 302
69 62 734
69 63 739
69 64 240
69 65 330
69 66 719
69 67 774
69 68 332
69 70 749
69 71 649
69 72 294
69 73 224
69 74 228
69 75 276
69 76 657
69 77 206
69 78 918
69 79 334
69 80 703
69 81 600
69 82 47
69 83 297
69 84 663
69 85 317
69 86 186
69 87 496
69 88 566
69 89 238
69 90 347
69 91 315
69 92 380
69 93 448
69 94 287
69 95 494
69 96 751
69 97 381
69 98 353
69 99 451
69 100 563
70 1 482
70 2 358
70 3 903
70 4 752
70 5 159
70 6 871
70 7 704
70 8 460
70 9 561
70 10 843
70 11 993
70 12 227
70 13 619
70 14 822
70 15 678
70 16 407
70 17 838
70 18 513
70 19 936
70 20 909
70 21 490
70 22 761
70 23 598
70 24 629
70 25 375
70 26 431
70 27 546
70 28 369
70 29 666
70 30 706
70 31 807
70 32 952
70 33 548
70 34 610
70 35 531
70 36 627
70 37 506
70 38 996
70 39 954
70 40 675
70 41 188
70 42 196
70 43 575
70 44 399
70 45 951
70 46 773
70 47 135
70 48 821
70 49 916
70 50 989
70 51 104
70 52 840
70 53 788
70 54 325
70 55 708
70 56 475
70 57 372
70 58 271
70 59 838
70 60 508
70 61 474
70 62 107
70 63 16
70 64 741
70 65 425
70 66 115
70 67 507
70 68 626
70 69 749
70 71 882
70 72 927
70 73 897
70 74 969
70 75 474
70 76 540
70 77 869
70 78 500
70 79 513
70 80 319
70 81 152
70 82 708
70 83 767
70 84 442
70 85 488
70 86 609
70 87 957
70 88 893
70 89 985
70 90 440
70 91 898
70 92 992
70 93 505
70 94 493
70 95 262
70 96 447
70 97 528
70 98 600
70 99 916
70 100 524
71 1 667
71 2 1030
71 3 869
71 4 134
71 5 819
71 6 490
71 7 231
71 8 500
71 9 437
71 10 307
71 11 711
71 12 769
71 13 290
71 14 267
71 15 251
71 16 476
71 17 323
71 18 454
71 19 291
71 20 569
71 21 613
71 22 382
71 23 623
71 24 377
71 25 1114
71 26 485
71 27 586
71 28 515
71 29 694
71 30 700
71 31 868
71 32 644
71 33 343
71 34 879
71 35 381
71 36 337
71 37 639
71 38 796
71 39 109
71 40 294
71 41 730
71 42 770
71 43 361
71 44 648
71 45 802
71 46 378
71 47 851
71 48 320
71 49 518
71 50 911
71 51 822
71 52 906
71 53 464
71 54 559
71 55 250
71 56 576
71 57 1004
71 58 804
71 59 319
71 60 1079
71 61 747
71 62 945
71 63 884
71 64 410
71 65 619
71 66 939
71 67 490
71 68 363
71 69 649
71 70 882
71 72 469
71 73 858
71 74 783
71 75 654
71 76 375
71 77 847
71 78 649
71 79 463
71 80 1058
71 81 805
71 82 661
71 83 354
71 84 1098
71 85 512
71 86 744
71 87 254
71 88 108
71 89 716
71 90 777
71 91 409
71 92 443
71 93 397
71 94 750
71 95 769
71 96 524
71 97 411
71 98 916
71 99 264
71 100 359
72 1 953
72 2 900
72 3 450
72 4 441
72 5 798
72 6 70
72 7 603
72 8 757
72 9 752
72 10 170
72 11 246
72 12 929
72 13 411
72 14 215
72 15 362
72 16 619
72 17 158
72 18 737
72 19 192
72 20 116
72 21 904
72 22 179
72 23 383
72 24 728
72 25 996
72 26 704
72 27 905
72 28 655
72 29 389
72 30 369
72 31 490
72 32 182
72 33 582
72 34 601
72 35 451
72 36 676
72 37 461
72 38 338
72 39 404
72 40 321
72 41 741
72 42 746
72 43 398
72 44 893
72 45 357
72 46 169
72 47 834
72 48 170
72 49 59
72 50 469
72 51 918
72 52 517
72 53 143
72 54 687
72 55 324
72 56 460
72 57 861
72 58 722
72 59 161
72 60 879
72 61 556
72 62 940
72 63 921
72 64 190
72 65 515
72 66 928
72 67 779
72 68 329
72 69 294
72 70 927
72 71 469
72 73 440
72 74 331
72 75 494
72 76 644
72 77 438
72 78 944
72 79 421
72 80 956
72 81 793
72 82 333
72 83 187
72 84 937
72 85 440
72 86 469
72 87 244
72 88 364
72 89 253
72 90 600
72 91 61
72 92 86
72 93 482
72 94 546
72 95 703
72 96 779
72 97 428
72 98 645
72 99 212
72 100 562
73 1 1128
73 2 701
73 3 12
73 4 782
73 5 739
73 6 387
73 7 914
73 8 949
73 9 989
73 10 560
73 11 245
73 12 1001
73 13 671
73 14 594
73 15 657
73 16 773
73 17 543
73 18 954
73 19 622
73 20 325
73 21 1091
73 22 478
73 23 340
73 24 996
73 25 790
73 26 883
73 27 1114
73 28 791
73 29 249
73 30 213
73 31 108
73 32 276
73 33 819
73 34 325
73 35 646
73 36 948
73 37 416
73 38 165
73 39 821
73 40 602
73 41 732
73 42 703
73 43 611
73 44 1044
73 45 112
73 46 481
73 47 767
73 48 543
73 49 382
73 50 93
73 51 936
73 52 104
73 53 395
73 54 802
73 55 634
73 56 485
73 57 659
73 58 629
73 59 547
73 60 609
73 61 423
73 62 859
73 63 884
73 64 452
73 65 509
73 66 843
73 67 990
73 68 555
73 69 224
73 70 897
73 71 858
73 72 440
73 74 148
73 75 442
73 76 878
73 77 28
73 78 1128
73 79 549
73 80 774
73 81 745
73 82 235
73 83 505
73 84 698
73 85 525
73 86 288
73 87 675
73 88 768
73 89 232
73 90 459
73 91 483
73 92 516
73 93 667
73 94 404
73 95 635
73 96 964
73 97 600
73 98 360
73 99 635
73 100 784
74 1 1141
74 2 815
74 3 154
74 4 726
74 5 815
74 6 294
74 7 873
74 8 952
74 9 977
74 10 477
74 11 102
74 12 1044
74 13 640
74 14 516
74 15 613
74 16 783
74 17 460
74 18 949
74 19 521
74 20 217
74 21 1099
74 22 417
74 23 377
74 24 973
74 25 908
74 26 888
74 27 1115
74 28 808
74 29 304
74 30 264
74 31 246
74 32 150
74 33 803
74 34 446
74 35 636
74 36 923
74 37 466
74 38 27
74 39 731
74 40 560
74 41 793
74 42 773
74 43 592
74 44 1063
74 45 37
74 46 416
74 47 847
74 48 464
74 49 274
74 50 141
74 51 995
74 52 251
74 53 331
74 54 826
74 55 584
74 56 518
74 57 773
74 58 711
74 59 464
74 60 739
74 61 505
74 62 945
74 63 958
74 64 399
74 65 556
74 66 930
74 67 988
74 68 527
74 69 228
74 70 969
74 71 783
74 72 331
74 73 148
74 75 497
74 76 864
74 77 164
74 78 1137
74 79 554
74 80 886
74 81 818
74 82 264
74 83 442
74 84 822
74 85 542
74 86 371
74 87 574
74 88 684
74 89 89
74 90 546
74 91 383
74 92 396
74 93 662
74 94 487
74 95 710
74 96 969
74 97 594
74 98 485
74 99 539
74 100 771
75 1 703
75 2 414
75 3 450
75 4 532
75 5 324
75 6 428
75 7 600
75 8 542
75 9 604
75 10 468
75 11 521
75 12 560
75 13 376
75 14 469
75 15 404
75 16 365
75 17 457
75 18 561
75 19 567
75 20 450
75 21 673
75 22 362
75 23 126
75 24 632
75 25 508
75 26 475
75 27 705
75 28 372
75 29 197
75 30 237
75 31 371
75 32 483
75 33 459
75 34 253
75 35 301
75 36 594
75 37 35
75 38 524
75 39 676
75 40 364
75 41 296
75 42 278
75 43 299
75 44 615
75 45 482
75 46 374
75 47 358
75 48 443
75 49 468
75 50 533
75 51 500
75 52 410
75 53 353
75 54 373
75 55 409
75 56 83
75 57 378
75 58 232
75 59 458
75 60 430
75 61 94
75 62 462
75 63 464
75 64 333
75 65 72
75 66 448
75 67 590
75 68 294
75 69 276
75 70 474
75 71 654
75 72 494
75 73 442
75 74 497
75 76 505
75 77 415
75 78 707
75 79 197
75 80 465
75 81 324
75 82 235
75 83 381
75 84 464
75 85 149
75 86 164
75 87 606
75 88 609
75 89 513
75 90 125
75 91 482
75 92 571
75 93 306
75 94 100
75 95 221
75 96 552
75 97 257
75 98 280
75 99 558
75 100 419
76 1 317
76 2 772
76 3 888
76 4 266
76 5 520
76 6 622
76 7 166
76 8 130
76 9 113
76 10 489
76 11 831
76 12 397
76 13 234
76 14 448
76 15 284
76 16 162
76 17 495
76 18 95
76 19 547
76 20 695
76 21 265
76 22 475
76 23 551
76 24 128
76 25 838
76 26 114
76 27 262
76 28 185
76 29 644
76 30 671
76 31 841
76 32 766
76 33 63
76 34 757
76 35 233
76 36 97
76 37 509
76 38 886
76 39 470
76 40 324
76 41 428
76 42 482
76 43 272
76 44 279
76 45 867
76 46 481
76 47 545
76 48 480
76 49 667
76 50 957
76 51 465
76 52 883
76 53 551
76 54 223
76 55 323
76 56 428
76 57 756
76 58 549
76 59 492
76 60 864
76 61 588
76 62 621
76 63 545
76 64 479
76 65 439
76 66 619
76 67 137
76 68 339
76 69 657
76 70 540
76 71 375
76 72 644
76 73 878
76 74 864
76 75 505
76 77 856
76 78 305
76 79 333
76 80 778
76 81 503
76 82 643
76 83 460
76 84 852
76 85 368
76 86 654
76 87 542
76 88 426
76 89 830
76 90 598
76 91 589
76 92 668
76 93 212
76 94 600
76 95 509
76 96 154
76 97 278
76 98 781
76 99 519
76 100 95
77 1 1104
77 2 674
77 3 35
77 4 767
77 5 711
77 6 382
77 7 896
77 8 926
77 9 967
77 10 551
77 11 256
77 12 974
77 13 653
77 14 584
77 15 641
77 16 749
77 17 534
77 18 932
77 19 617
77 20 324
77 21 1067
77 22 465
77 23 316
77 24 975
77 25 764
77 26 859
77 27 1091
77 28 767
77 29 223
77 30 189
77 31 84
77 32 281
77 33 798
77 34 299
77 35 624
77 36 928
77 37 390
77 38 183
77 39 813
77 40 585
77 41 705
77 42 675
77 43 591
77 44 1019
77 45 128
77 46 469
77 47 740
77 48 533
77 49 380
77 50 121
77 51 909
77 52 89
77 53 385
77 54 777
77 55 619
77 56 460
77 57 632
77 58 601
77 59 538
77 60 585
77 61 395
77 62 831
77 63 856
77 64 439
77 65 483
77 66 815
77 67 968
77 68 537
77 69 206
77 70 869
77 71 847
77 72 438
77 73 28
77 74 164
77 75 415
77 76 856
77 78 1104
77 79 527
77 80 748
77 81 717
77 82 214
77 83 493
77 84 673
77 85 501
77 86 261
77 87 670
77 88 758
77 89 243
77 90 431
77 91 478
77 92 516
77 93 645
77 94 376
77 95 607
77 96 940
77 97 579
77 98 334
77 99 629
77 100 762
78 1 24
78 2 831
78 3 1138
78 4 562
78 5 569
78 6 917
78 7 419
78 8 189
78 9 214
78 10 793
78 11 1116
78 12 276
78 13 534
78 14 753
78 15 587
78 16 356
78 17 798
78 18 211
78 19 851
78 20 987
78 21 41
78 22 771
78 23 789
78 24 274
78 25 868
78 26 250
78 27 72
78 28 338
78 29 882
78 30 916
78 31 1073
78 32 1054
78 33 364
78 34 942
78 35 507
78 36 313
78 37 723
78 38 1161
78 39 753
78 40 624
78 41 498
78 42 556
78 43 556
78 44 106
78 45 1135
78 46 778
78 47 577
78 48 783
78 49 963
78 50 1214
78 51 397
78 52 1114
78 53 841
78 54 334
78 55 626
78 56 647
78 57 831
78 58 649
78 59 796
78 60 960
78 61 769
78 62 604
78 63 512
78 64 771
78 65 635
78 66 610
78 67 169
78 68 626
78 69 918
78 70 500
78 71 649
78 72 944
78 73 1128
78 74 1137
78 75 707
78 76 305
78 77 1104
78 79 585
78 80 808
78 81 551
78 82 895
78 83 758
78 84 917
78 85 604
78 86 869
78 87 844
78 88 718
78 89 1114
78 90 762
78 91 891
78 92 972
78 93 478
78 94 785
78 95 614
78 96 169
78 97 545
78 98 954
78 99 822
78 100 383
79 1 587
79 2 574
79 3 560
79 4 338
79 5 400
79 6 371
79 7 407
79 8 402
79 9 441
79 10 333
79 11 541
79 12 514
79 13 179
79 14 318
79 15 214
79 16 229
79 17 327
79 18 406
79 19 429
79 20 426
79 21 547
79 22 249
79 23 219
79 24 456
79 25 662
79 26 336
79 27 566
79 28 255
79 29 312
79 30 340
79 31 509
79 32 484
79 33 278
79 34 443
79 35 108
79 36 413
79 37 190
79 38 578
79 39 497
79 40 184
79 41 329
79 42 347
79 43 103
79 44 510
79 45 551
79 46 260
79 47 436
79 48 310
79 49 418
79 50 632
79 51 498
79 52 550
79 53 287
79 54 279
79 55 227
79 56 116
79 57 545
79 58 355
79 59 327
79 60 617
79 61 290
79 62 541
79 63 509
79 64 232
79 65 156
79 66 531
79 67 442
79 68 121
79 69 334
79 70 513
79 71 463
79 72 421
79 73 549
79 74 554
79 75 197
79 76 333
79 77 527
79 78 585
79 80 610
79 81 392
79 82 314
79 83 255
79 84 637
79 85 50
79 86 326
79 87 458
79 88 431
79 89 537
79 90 316
79 91 387
79 92 480
79 93 121
79 94 296
79 95 324
79 96 417
79 97 62
79 98 474
79 99 413
79 100 240
80 1 792
80 2 76
80 3 777
80 4 926
80 5 259
80 6 889
80 7 928
80 8 733
80 9 830
80 10 926
80 11 941
80 12 543
80 13 770
80 14 921
80 15 818
80 16 620
80 17 916
80 18 779
80 19 1026
80 20 900
80 21 794
80 22 824
80 23 576
80 24 889
80 25 61
80 26 686
80 27 847
80 28 594
80 29 601
80 30 637
80 31 669
80 32 919
80 33 764
80 34 450
80 35 678
80 36 873
80 37 497
80 38 912
80 39 1105
80 40 794
80 41 350
80 42 297
80 43 704
80 44 704
80 45 859
80 46 836
80 47 239
80 48 902
80 49 926
80 50 860
80 51 421
80 52 690
80 53 817
80 54 558
80 55 836
80 56 517
80 57 117
80 58 256
80 59 918
80 60 224
80 61 405
80 62 215
80 63 304
80 64 796
80 65 463
80 66 204
80 67 785
80 68 729
80 69 703
80 70 319
80 71 1058
80 72 956
80 73 774
80 74 886
80 75 465
80 76 778
80 77 748
80 78 808
80 79 610
80 81 276
80 82 657
80 83 840
80 84 134
80 85 566
80 86 522
80 87 1061
80 88 1039
80 89 930
80 90 359
80 91 947
80 92 1036
80 93 663
80 94 417
80 95 290
80 96 726
80 97 653
80 98 420
80 99 1014
80 100 730
81 1 538
81 2 283
81 3 751
81 4 672
81 5 19
81 6 733
81 7 658
81 8 458
81 9 554
81 10 723
81 11 845
81 12 311
81 13 525
81 14 708
81 15 580
81 16 348
81 17 717
81 18 503
81 19 820
81 20 767
81 21 532
81 22 634
81 23 450
81 24 613
81 25 337
81 26 410
81 27 582
81 28 319
81 29 514
81 30 555
81 31 656
81 32 805
81 33 494
81 34 464
81 35 433
81 36 598
81 37 358
81 38 845
81 39 864
81 40 567
81 41 77
81 42 48
81 43 469
81 44 446
81 45 800
81 46 646
81 47 46
81 48 701
81 49 777
81 50 837
81 51 208
81 52 690
81 53 651
81 54 283
81 55 604
81 56 334
81 57 280
81 58 124
81 59 717
81 60 410
81 61 322
81 62 150
81 63 141
81 64 611
81 65 282
81 66 140
81 67 511
81 68 510
81 69 600
81 70 152
81 71 805
81 72 793
81 73 745
81 74 818
81 75 324
81 76 503
81 77 717
81 78 551
81 79 392
81 80 276
81 82 558
81 83 643
81 84 368
81 85 359
81 86 458
81 87 847
81 88 801
81 89 837
81 90 290
81 91 769
81 92 862
81 93 412
81 94 341
81 95 110
81 96 453
81 97 418
81 98 458
81 99 803
81 100 462
82 1 896
82 2 592
82 3 246
82 4 569
82 5 556
82 6 264
82 7 688
82 8 715
82 9 754
82 10 389
82 11 291
82 12 783
82 13 444
82 14 412
82 15 438
82 16 539
82 17 372
82 18 719
82 19 473
82 20 250
82 21 858
82 22 287
82 23 114
82 24 763
82 25 688
82 26 648
82 27 880
82 28 559
82 29 59
82 30 41
82 31 211
82 32 263
82 33 585
82 34 268
82 35 411
82 36 716
82 37 203
82 38 290
82 39 644
82 40 383
82 41 530
82 42 512
82 43 379
82 44 814
82 45 251
82 46 294
82 47 589
82 48 366
82 49 288
82 50 319
82 51 732
82 52 250
82 53 223
82 54 573
82 55 421
82 56 259
82 57 551
82 58 456
82 59 376
82 60 551
82 61 256
82 62 690
82 63 698
82 64 256
82 65 293
82 66 675
82 67 756
82 68 328
82 69 47
82 70 708
82 71 661
82 72 333
82 73 235
82 74 264
82 75 235
82 76 643
82 77 214
82 78 895
82 79 314
82 80 657
82 81 558
82 83 314
82 84 618
82 85 291
82 86 141
82 87 524
82 88 583
82 89 281
82 90 301
82 91 349
82 92 419
82 93 432
82 94 241
82 95 451
82 96 730
82 97 366
82 98 313
82 99 478
82 100 549
83 1 767
83 2 793
83 3 517
83 4 285
83 5 650
83 6 165
83 7 436
83 8 571
83 9 569
83 10 88
83 11 386
83 12 749
83 13 226
83 14 99
83 15 182
83 16 435
83 17 77
83 18 552
83 19 187
83 20 244
83 21 718
83 22 29
83 23 304
83 24 551
83 25 887
83 26 517
83 27 721
83 28 472
83 29 355
83 30 354
83 31 517
83 32 318
83 33 398
83 34 557
83 35 267
83 36 499
83 37 353
83 38 459
83 39 331
83 40 136
83 41 583
83 42 598
83 43 214
83 44 707
83 45 456
83 46 26
83 47 686
83 48 63
83 49 208
83 50 562
83 51 748
83 52 554
83 53 113
83 54 506
83 55 147
83 56 324
83 57 758
83 58 591
83 59 78
83 60 802
83 61 462
83 62 793
83 63 763
83 64 60
83 65 379
83 66 782
83 67 594
83 68 147
83 69 297
83 70 767
83 71 354
83 72 187
83 73 505
83 74 442
83 75 381
83 76 460
83 77 493
83 78 758
83 79 255
83 80 840
83 81 643
83 82 314
83 84 844
83 85 285
83 86 418
83 87 228
83 88 270
83 89 388
83 90 502
83 91 139
83 92 230
83 93 299
83 94 458
83 95 566
83 96 593
83 97 249
83 98 599
83 99 179
83 100 376
84 1 902
84 2 87
84 3 699
84 4 968
84 5 350
84 6 868
84 7 992
84 8 823
84 9 916
84 10 931
84 11 888
84 12 660
84 13 809
84 14 932
84 15 850
84 16 691
84 17 919
84 18 865
84 19 1030
84 20 868
84 21 899
84 22 824
84 23 556
84 24 970
84 25 107
84 26 770
84 27 950
84 28 670
84 29 560
84 30 592
84 31 590
84 32 875
84 33 829
84 34 377
84 35 720
84 36 949
84 37 491
84 38 847
84 39 1133
84 40 818
84 41 434
84 42 375
84 43 738
84 44 812
84 45 792
84 46 836
84 47 341
84 48 906
84 49 900
84 50 779
84 51 540
84 52 606
84 53 803
84 54 640
84 55 862
84 56 531
84 57 97
84 58 305
84 59 921
84 60 101
84 61 385
84 62 341
84 63 426
84 64 794
84 65 482
84 66 329
84 67 876
84 68 750
84 69 663
84 70 442
84 71 1098
84 72 937
84 73 698
84 74 822
84 75 464
84 76 852
84 77 673
84 78 917
84 79 637
84 80 134
84 81 368
84 82 618
84 83 844
84 85 590
84 86 478
84 87 1070
84 88 1066
84 89 876
84 90 343
84 91 936
84 92 1020
84 93 710
84 94 392
84 95 344
84 96 819
84 97 688
84 98 339
84 99 1022
84 100 793
85 1 605
85 2 528
85 3 535
85 4 387
85 5 366
85 6 385
85 7 452
85 8 426
85 9 474
85 10 367
85 11 538
85 12 510
85 13 228
85 14 357
85 15 262
85 16 249
85 17 360
85 18 435
85 19 466
85 20 432
85 21 567
85 22 276
85 23 187
85 24 494
85 25 617
85 26 359
85 27 591
85 28 269
85 29 281
85 30 313
85 31 477
85 32 485
85 33 317
85 34 397
85 35 153
85 36 453
85 37 145
85 38 567
85 39 544
85 40 230
85 41 302
85 42 313
85 43 153
85 44 524
85 45 536
85 46 287
85 47 402
85 48 344
85 49 431
85 50 610
85 51 483
85 52 518
85 53 301
85 54 285
85 55 273
85 56 67
85 57 498
85 58 312
85 59 360
85 60 568
85 61 242
85 62 508
85 63 483
85 64 254
85 65 108
85 66 497
85 67 469
85 68 163
85 69 317
85 70 488
85 71 512
85 72 440
85 73 525
85 74 542
85 75 149
85 76 368
85 77 501
85 78 604
85 79 50
85 80 566
85 81 359
85 82 291
85 83 285
85 84 590
85 86 286
85 87 497
85 88 477
85 89 533
85 90 266
85 91 411
85 92 505
85 93 161
85 94 248
85 95 284
85 96 440
85 97 109
85 98 427
85 99 451
85 100 278
86 1 867
86 2 455
86 3 295
86 4 636
86 5 452
86 6 399
86 7 730
86 8 702
86 9 758
86 10 501
86 11 419
86 12 718
86 13 491
86 14 516
86 15 502
86 16 523
86 17 486
86 18 717
86 19 593
86 20 391
86 21 835
86 22 393
86 23 122
86 24 780
86 25 551
86 26 634
86 27 866
86 28 534
86 29 83
86 30 116
86 31 208
86 32 399
86 33 603
86 34 139
86 35 434
86 36 738
86 37 148
86 38 397
86 39 744
86 40 452
86 41 445
86 42 416
86 43 417
86 44 778
86 45 348
86 46 402
86 47 482
86 48 477
86 49 427
86 50 381
86 51 649
86 52 247
86 53 347
86 54 536
86 55 495
86 56 229
86 57 414
86 58 344
86 59 489
86 60 411
86 61 136
86 62 577
86 63 597
86 64 360
86 65 236
86 66 561
86 67 748
86 68 386
86 69 186
86 70 609
86 71 744
86 72 469
86 73 288
86 74 371
86 75 164
86 76 654
86 77 261
86 78 869
86 79 326
86 80 522
86 81 458
86 82 141
86 83 418
86 84 478
86 85 286
86 87 641
86 88 679
86 89 408
86 90 176
86 91 479
86 92 554
86 93 446
86 94 118
86 95 348
86 96 713
86 97 386
86 98 182
86 99 593
86 100 563
87 1 858
87 2 1017
87 3 686
87 4 285
87 5 856
87 6 289
87 7 446
87 8 670
87 9 634
87 10 141
87 11 488
87 12 900
87 13 348
87 14 141
87 15 286
87 16 580
87 17 155
87 18 635
87 19 54
87 20 358
87 21 804
87 22 250
87 23 529
87 24 590
87 25 1109
87 26 633
87 27 791
87 28 621
87 29 571
87 30 564
87 31 711
87 32 425
87 33 490
87 34 779
87 35 428
87 36 541
87 37 580
87 38 582
87 39 168
87 40 283
87 41 780
87 42 804
87 43 383
87 44 818
87 45 599
87 46 240
87 47 892
87 48 166
87 49 301
87 50 711
87 51 922
87 52 743
87 53 301
87 54 662
87 55 252
87 56 545
87 57 983
87 58 808
87 59 153
87 60 1029
87 61 689
87 62 996
87 63 955
87 64 282
87 65 599
87 66 986
87 67 676
87 68 338
87 69 496
87 70 957
87 71 254
87 72 244
87 73 675
87 74 574
87 75 606
87 76 542
87 77 670
87 78 844
87 79 458
87 80 1061
87 81 847
87 82 524
87 83 228
87 84 1070
87 85 497
87 86 641
87 88 148
87 89 496
87 90 728
87 91 194
87 92 197
87 93 457
87 94 685
87 95 780
87 96 694
87 97 431
87 98 822
87 99 49
87 100 486
88 1 734
88 2 1004
88 3 779
88 4 160
88 5 812
88 6 391
88 7 308
88 8 555
88 9 505
88 10 209
88 11 608
88 12 806
88 13 277
88 14 175
88 15 222
88 16 495
88 17 226
88 18 514
88 19 184
88 20 469
88 21 680
88 22 298
88 23 560
88 24 455
88 25 1092
88 26 527
88 27 661
88 28 536
88 29 621
88 30 623
88 31 786
88 32 542
88 33 381
88 34 817
88 35 369
88 36 409
88 37 589
88 38 696
88 39 68
88 40 248
88 41 729
88 42 761
88 43 335
88 44 704
88 45 705
88 46 292
88 47 846
88 48 225
88 49 415
88 50 815
88 51 844
88 52 822
88 53 374
88 54 580
88 55 204
88 56 536
88 57 974
88 58 783
88 59 222
88 60 1038
88 61 700
88 62 946
88 63 893
88 64 328
88 65 584
88 66 938
88 67 553
88 68 317
88 69 566
88 70 893
88 71 108
88 72 364
88 73 768
88 74 684
88 75 609
88 76 426
88 77 758
88 78 718
88 79 431
88 80 1039
88 81 801
88 82 583
88 83 270
88 84 1066
88 85 477
88 86 679
88 87 148
88 89 614
88 90 733
88 91 305
88 92 336
88 93 391
88 94 700
88 95 750
88 96 579
88 97 387
88 98 857
88 99 156
88 100 387
89 1 1119
89 2 862
89 3 239
89 4 670
89 5 836
89 6 228
89 7 823
89 8 926
89 9 942
89 10 410
89 11 14
89 12 1042
89 13 600
89 14 452
89 15 566
89 16 764
89 17 395
89 18 918
89 19 444
89 20 148
89 21 1074
89 22 366
89 23 388
89 24 932
89 25 956
89 26 865
89 27 1086
89 28 792
89 29 333
89 30 294
89 31 319
89 32 73
89 33 768
89 34 502
89 35 607
89 36 881
89 37 480
89 38 88
89 39 657
89 40 515
89 41 804
89 42 791
89 43 560
89 44 1045
89 45 124
89 46 363
89 47 869
89 48 401
89 49 199
89 50 229
89 51 1003
89 52 331
89 53 282
89 54 814
89 55 533
89 56 520
89 57 820
89 58 737
89 59 399
89 60 798
89 61 536
89 62 971
89 63 976
89 64 353
89 65 564
89 66 956
89 67 958
89 68 492
89 69 238
89 70 985
89 71 716
89 72 253
89 73 232
89 74 89
89 75 513
89 76 830
89 77 243
89 78 1114
89 79 537
89 80 930
89 81 837
89 82 281
89 83 388
89 84 876
89 85 533
89 86 408
89 87 496
89 88 614
89 90 580
89 91 310
89 92 312
89 93 636
89 94 520
89 95 732
89 96 945
89 97 570
89 98 545
89 99 465
89 100 739
90 1 755
90 2 300
90 3 465
90 4 652
90 5 282
90 6 532
90 7 708
90 8 614
90 9 688
90 10 589
90 11 590
90 12 574
90 13 494
90 14 592
90 15 526
90 16 445
90 17 577
90 18 641
90 19 688
90 20 542
90 21 732
90 22 482
90 23 218
90 24 725
90 25 396
90 26 549
90 27 770
90 28 442
90 29 248
90 30 287
90 31 367
90 32 563
90 33 558
90 34 184
90 35 414
90 36 691
90 37 149
90 38 573
90 39 800
90 40 487
90 41 292
90 42 252
90 43 418
90 44 663
90 45 524
90 46 493
90 47 309
90 48 564
90 49 568
90 50 551
90 51 491
90 52 400
90 53 463
90 54 432
90 55 532
90 56 201
90 57 262
90 58 171
90 59 579
90 60 305
90 61 46
90 62 401
90 63 427
90 64 451
90 65 165
90 66 386
90 67 665
90 68 418
90 69 347
90 70 440
90 71 777
90 72 600
90 73 459
90 74 546
90 75 125
90 76 598
90 77 431
90 78 762
90 79 316
90 80 359
90 81 290
90 82 301
90 83 502
90 84 343
90 85 266
90 86 176
90 87 728
90 88 733
90 89 580
90 91 595
90 92 681
90 93 413
90 94 61
90 95 181
90 96 620
90 97 373
90 98 193
90 99 680
90 100 518
91 1 901
91 2 894
91 3 493
91 4 381
91 5 775
91 6 96
91 7 544
91 8 705
91 9 696
91 10 110
91 11 303
91 12 887
91 13 358
91 14 155
91 15 306
91 16 573
91 17 98
91 18 683
91 19 140
91 20 166
91 21 851
91 22 139
91 23 381
91 24 670
91 25 989
91 26 654
91 27 850
91 28 610
91 29 402
91 30 387
91 31 523
91 32 237
91 33 528
91 34 614
91 35 405
91 36 619
91 37 451
91 38 393
91 39 349
91 40 269
91 41 713
91 42 723
91 43 353
91 44 843
91 45 407
91 46 128
91 47 811
91 48 111
91 49 111
91 50 518
91 51 884
91 52 553
91 53 134
91 54 645
91 55 267
91 56 440
91 57 857
91 58 706
91 59 102
91 60 883
91 61 552
91 62 918
91 63 893
91 64 158
91 65 495
91 66 906
91 67 725
91 68 286
91 69 315
91 70 898
91 71 409
91 72 61
91 73 483
91 74 383
91 75 482
91 76 589
91 77 478
91 78 891
91 79 387
91 80 947
91 81 769
91 82 349
91 83 139
91 84 936
91 85 411
91 86 479
91 87 194
91 88 305
91 89 310
91 90 595
91 92 94
91 93 437
91 94 544
91 95 684
91 96 727
91 97 387
91 98 658
91 99 157
91 100 510
92 1 982
92 2 981
92 3 526
92 4 440
92 5 868
92 6 156
92 7 606
92 8 787
92 9 771
92 10 180
92 11 303
92 12 978
92 13 441
92 14 221
92 15 385
92 16 662
92 17 174
92 18 762
92 19 152
92 20 193
92 21 931
92 22 232
92 23 465
92 24 740
92 25 1077
92 26 738
92 27 927
92 28 700
92 29 474
92 30 455
92 31 572
92 32 247
92 33 608
92 34 686
92 35 495
92 36 689
92 37 539
92 38 400
92 39 364
92 40 354
92 41 806
92 42 816
92 43 442
92 44 928
92 45 426
92 46 221
92 47 904
92 48 190
92 49 138
92 50 537
92 51 977
92 52 598
92 53 219
92 54 736
92 55 346
92 56 532
92 57 943
92 58 797
92 59 176
92 60 963
92 61 637
92 62 1011
92 63 987
92 64 252
92 65 587
92 66 999
92 67 804
92 68 377
92 69 380
92 70 992
92 71 443
92 72 86
92 73 516
92 74 396
92 75 571
92 76 668
92 77 516
92 78 972
92 79 480
92 80 1036
92 81 862
92 82 419
92 83 230
92 84 1020
92 85 505
92 86 554
92 87 197
92 88 336
92 89 312
92 90 681
92 91 94
92 93 527
92 94 628
92 95 776
92 96 810
92 97 479
92 98 731
92 99 180
92 100 593
93 1 484
93 2 638
93 3 678
93 4 264
93 5 424
93 6 446
93 7 296
93 8 291
93 9 322
93 10 357
93 11 638
93 12 453
93 13 115
93 14 328
93 15 174
93 16 137
93 17 357
93 18 289
93 19 442
93 20 511
93 21 439
93 22 304
93 23 339
93 24 335
93 25 719
93 26 230
93 27 453
93 28 174
93 29 433
93 30 460
93 31 630
93 32 577
93 33 158
93 34 557
93 35 32
93 36 293
93 37 305
93 38 685
93 39 454
93 40 179
93 41 338
93 42 375
93 43 85
93 44 414
93 45 662
93 46 314
93 47 457
93 48 340
93 49 493
93 50 748
93 51 466
93 52 671
93 53 366
93 54 211
93 55 206
93 56 225
93 57 614
93 58 411
93 59 355
93 60 703
93 61 395
93 62 555
93 63 504
93 64 299
93 65 249
93 66 548
93 67 327
93 68 154
93 69 448
93 70 505
93 71 397
93 72 482
93 73 667
93 74 662
93 75 306
93 76 212
93 77 645
93 78 478
93 79 121
93 80 663
93 81 412
93 82 432
93 83 299
93 84 710
93 85 161
93 86 446
93 87 457
93 88 391
93 89 636
93 90 413
93 91 437
93 92 527
93 94 404
93 95 374
93 96 310
93 97 68
93 98 585
93 99 419
93 100 119
94 1 780
94 2 356
94 3 411
94 4 630
94 5 335
94 6 477
94 7 699
94 8 629
94 9 696
94 10 545
94 11 530
94 12 614
94 13 474
94 14 551
94 15 499
94 16 455
94 17 532
94 18 651
94 19 643
94 20 484
94 21 754
94 22 437
94 23 164
94 24 727
94 25 452
94 26 562
94 27 789
94 28 457
94 29 188
94 30 227
94 31 317
94 32 503
94 33 556
94 34 159
94 35 400
94 36 690
94 37 112
94 38 514
94 39 766
94 40 457
94 41 335
94 42 301
94 43 398
94 44 689
94 45 465
94 46 447
94 47 364
94 48 520
94 49 512
94 50 497
94 51 537
94 52 352
94 53 411
94 54 452
94 55 502
94 56 182
94 57 316
94 58 226
94 59 534
94 60 344
94 61 19
94 62 459
94 63 481
94 64 405
94 65 161
94 66 444
94 67 678
94 68 387
94 69 287
94 70 493
94 71 750
94 72 546
94 73 404
94 74 487
94 75 100
94 76 600
94 77 376
94 78 785
94 79 296
94 80 417
94 81 341
94 82 241
94 83 458
94 84 392
94 85 248
94 86 118
94 87 685
94 88 700
94 89 520
94 90 61
94 91 544
94 92 628
94 93 404
94 95 232
94 96 637
94 97 356
94 98 182
94 99 637
94 100 516
95 1 604
95 2 267
95 3 642
95 4 637
95 5 106
95 6 641
95 7 649
95 8 492
95 9 580
95 10 650
95 11 740
95 12 400
95 13 481
95 14 640
95 15 529
95 16 348
95 17 642
95 18 529
95 19 749
95 20 668
95 21 589
95 22 554
95 23 346
95 24 630
95 25 345
95 26 434
95 27 634
95 28 330
95 29 406
95 30 447
95 31 547
95 32 703
95 33 486
95 34 360
95 35 389
95 36 606
95 37 255
95 38 737
95 39 816
95 40 507
95 41 119
95 42 71
95 43 416
95 44 510
95 45 691
95 46 565
95 47 138
95 48 626
95 49 683
95 50 728
95 51 311
95 52 581
95 53 561
95 54 305
95 55 548
95 56 245
95 57 248
95 58 40
95 59 643
95 60 359
95 61 213
95 62 241
95 63 250
95 64 528
95 65 190
95 66 228
95 67 545
95 68 444
95 69 494
95 70 262
95 71 769
95 72 703
95 73 635
95 74 710
95 75 221
95 76 509
95 77 607
95 78 614
95 79 324
95 80 290
95 81 110
95 82 451
95 83 566
95 84 344
95 85 284
95 86 348
95 87 780
95 88 750
95 89 732
95 90 181
95 91 684
95 92 776
95 93 374
95 94 232
95 96 492
95 97 364
95 98 359
95 99 735
95 100 450
96 1 175
96 2 735
96 3 974
96 4 420
96 5 471
96 6 749
96 7 303
96 8 24
96 9 116
96 10 631
96 11 947
96 12 265
96 13 370
96 14 593
96 15 426
96 16 192
96 17 636
96 18 75
96 19 696
96 20 818
96 21 130
96 22 604
96 23 625
96 24 189
96 25 787
96 26 82
96 27 153
96 28 180
96 29 720
96 30 752
96 31 913
96 32 886
96 33 205
96 34 795
96 35 339
96 36 202
96 37 565
96 38 993
96 39 622
96 40 459
96 41 387
96 42 445
96 43 388
96 44 125
96 45 968
96 46 612
96 47 488
96 48 620
96 49 796
96 50 1048
96 51 356
96 52 954
96 53 673
96 54 190
96 55 465
96 56 486
96 57 727
96 58 530
96 59 634
96 60 849
96 61 622
96 62 542
96 63 456
96 64 603
96 65 480
96 66 544
96 67 60
96 68 458
96 69 751
96 70 447
96 71 524
96 72 779
96 73 964
96 74 969
96 75 552
96 76 154
96 77 940
96 78 169
96 79 417
96 80 726
96 81 453
96 82 730
96 83 593
96 84 819
96 85 440
96 86 713
96 87 694
96 88 579
96 89 945
96 90 620
96 91 727
96 92 810
96 93 310
96 94 637
96 95 492
96 97 376
96 98 811
96 99 668
96 100 218
97 1 549
97 2 621
97 3 611
97 4 282
97 5 429
97 6 386
97 7 346
97 8 358
97 9 389
97 10 317
97 11 573
97 12 501
97 13 123
97 14 295
97 15 166
97 16 196
97 17 314
97 18 357
97 19 409
97 20 449
97 21 506
97 22 250
97 23 276
97 24 399
97 25 706
97 26 295
97 27 521
97 28 229
97 29 368
97 30 394
97 31 565
97 32 513
97 33 221
97 34 504
97 35 48
97 36 355
97 37 251
97 38 618
97 39 453
97 40 149
97 41 350
97 42 377
97 43 52
97 44 477
97 45 595
97 46 261
97 47 464
97 48 297
97 49 434
97 50 680
97 51 501
97 52 606
97 53 305
97 54 260
97 55 187
97 56 175
97 57 594
97 58 397
97 59 314
97 60 672
97 61 350
97 62 566
97 63 525
97 64 241
97 65 211
97 66 557
97 67 394
97 68 103
97 69 381
97 70 528
97 71 411
97 72 428
97 73 600
97 74 594
97 75 257
97 76 278
97 77 579
97 78 545
97 79 62
97 80 653
97 81 418
97 82 366
97 83 249
97 84 688
97 85 109
97 86 386
97 87 431
97 88 387
97 89 570
97 90 373
97 91 387
97 92 479
97 93 68
97 94 356
97 95 364
97 96 376
97 98 535
97 99 389
97 100 184
98 1 947
98 2 345
98 3 362
98 4 801
98 5 447
98 6 576
98 7 879
98 8 805
98 9 876
98 10 682
98 11 557
98 12 758
98 13 649
98 14 696
98 15 669
98 16 633
98 17 668
98 18 830
98 19 775
98 20 558
98 21 924
98 22 574
98 23 297
98 24 908
98 25 431
98 26 739
98 27 962
98 28 633
98 29 257
98 30 278
98 31 253
98 32 552
98 33 737
98 34 45
98 35 579
98 36 872
98 37 284
98 38 509
98 39 922
98 40 622
98 41 476
98 42 428
98 43 573
98 44 855
98 45 454
98 46 583
98 47 466
98 48 658
98 49 599
98 50 443
98 51 666
98 52 271
98 53 528
98 54 624
98 55 666
98 56 361
98 57 304
98 58 336
98 59 670
98 60 254
98 61 193
98 62 538
98 63 586
98 64 541
98 65 342
98 66 522
98 67 856
98 68 554
98 69 353
98 70 600
98 71 916
98 72 645
98 73 360
98 74 485
98 75 280
98 76 781
98 77 334
98 78 954
98 79 474
98 80 420
98 81 458
98 82 313
98 83 599
98 84 339
98 85 427
98 86 182
98 87 822
98 88 857
98 89 545
98 90 193
98 91 658
98 92 731
98 93 585
98 94 182
98 95 359
98 96 811
98 97 535
98 99 774
98 100 697
99 1 835
99 2 970
99 3 646
99 4 271
99 5 812
99 6 250
99 7 436
99 8 645
99 9 615
99 10 93
99 11 458
99 12 866
99 13 314
99 14 95
99 15 251
99 16 546
99 17 107
99 18 613
99 19 31
99 20 322
99 21 783
99 22 202
99 23 481
99 24 576
99 25 1062
99 26 604
99 27 772
99 28 586
99 29 524
99 30 518
99 31 667
99 32 393
99 33 464
99 34 732
99 35 389
99 36 526
99 37 532
99 38 549
99 39 193
99 40 242
99 41 738
99 42 760
99 43 342
99 44 791
99 45 563
99 46 192
99 47 848
99 48 118
99 49 267
99 50 675
99 51 884
99 52 700
99 53 255
99 54 627
99 55 215
99 56 498
99 57 936
99 58 762
99 59 105
99 60 981
99 61 641
99 62 953
99 63 914
99 64 234
99 65 552
99 66 943
99 67 654
99 68 294
99 69 451
99 70 916
99 71 264
99 72 212
99 73 635
99 74 539
99 75 558
99 76 519
99 77 629
99 78 822
99 79 413
99 80 1014
99 81 803
99 82 478
99 83 179
99 84 1022
99 85 451
99 86 593
99 87 49
99 88 156
99 89 465
99 90 680
99 91 157
99 92 180
99 93 419
99 94 637
99 95 735
99 96 668
99 97 389
99 98 774
99 100 456
100 1 392
100 2 716
100 3 794
100 4 233
100 5 478
100 6 535
100 7 200
100 8 196
100 9 207
100 10 415
100 11 740
100 12 419
100 13 152
100 14 377
100 15 209
100 16 119
100 17 419
100 18 180
100 19 483
100 20 607
100 21 343
100 22 389
100 23 458
100 24 217
100 25 789
100 26 148
100 27 348
100 28 156
100 29 551
100 30 578
100 31 748
100 32 676
100 33 41
100 34 671
100 35 139
100 36 176
100 37 421
100 38 793
100 39 440
100 40 242
100 41 386
100 42 434
100 43 180
100 44 337
100 45 774
100 46 396
100 47 507
100 48 403
100 49 581
100 50 863
100 51 463
100 52 790
100 53 461
100 54 201
100 55 248
100 56 339
100 57 697
100 58 489
100 59 417
100 60 797
100 61 505
100 62 593
100 63 527
100 64 391
100 65 357
100 66 589
100 67 221
100 68 248
100 69 563
100 70 524
100 71 359
100 72 562
100 73 784
100 74 771
100 75 419
100 76 95
100 77 762
100 78 383
100 79 240
100 80 730
100 81 462
100 82 549
100 83 376
100 84 793
100 85 278
100 86 563
100 87 486
100 88 387
100 89 739
100 90 518
100 91 510
100 92 593
100 93 119
100 94 516
100 95 450
100 96 218
100 97 184
100 98 697
100 99 456
