nnodes nedges type capacity P s t
100  4950  graph  1000 100 1 100 
nodename posx posy itemvalue itemweight
1 948 161 0 0
2 257 98 196 57
3 251 313 434 9
4 381 97 209 210
5 426 203 54 73
6 216 238 275 44
7 13 538 11 126
8 18 885 191 58
9 389 679 439 226
10 600 878 34 164
11 885 746 34 118
12 100 235 427 203
13 147 684 241 17
14 610 515 460 158
15 830 819 392 15
16 743 778 80 33
17 332 0 204 25
18 876 935 192 137
19 666 609 135 2
20 384 444 448 40
21 812 600 325 74
22 682 178 185 187
23 490 701 449 125
24 63 231 97 137
25 732 15 100 232
26 462 618 153 235
27 761 562 451 181
28 853 908 438 191
29 598 815 197 147
30 424 429 200 190
31 634 167 263 131
32 207 318 223 217
33 520 436 257 164
34 253 538 455 142
35 45 989 165 153
36 982 210 283 91
37 941 665 476 218
38 388 432 380 27
39 718 803 342 226
40 15 802 15 192
41 819 477 457 167
42 420 932 426 9
43 391 625 450 215
44 841 342 449 146
45 441 617 111 250
46 771 427 86 124
47 136 330 131 160
48 746 8 340 137
49 766 351 425 44
50 546 164 130 191
51 341 529 48 163
52 726 282 134 126
53 546 114 380 13
54 66 264 152 73
55 269 434 340 18
56 66 88 366 148
57 263 839 185 42
58 21 7 406 236
59 464 214 6 206
60 349 257 483 219
61 183 472 205 170
62 685 319 342 85
63 802 783 79 33
64 680 921 74 105
65 134 226 326 203
66 437 827 296 226
67 107 163 467 31
68 462 5 101 198
69 277 880 293 104
70 621 898 271 234
71 314 40 121 136
72 987 578 131 157
73 879 360 279 36
74 937 695 142 137
75 574 286 241 125
76 953 757 105 47
77 110 990 44 48
78 428 264 132 225
79 773 108 330 205
80 185 259 181 7
81 687 622 259 78
82 87 146 232 226
83 137 549 108 184
84 152 766 423 150
85 429 773 287 193
86 665 96 383 10
87 813 652 181 115
88 26 692 416 209
89 12 963 252 160
90 740 938 95 94
91 601 45 386 199
92 695 711 141 31
93 35 123 348 22
94 975 808 255 177
95 584 513 328 186
96 67 271 36 86
97 487 154 263 17
98 417 625 311 121
99 55 569 303 86
100 391 837 0 0
endpoint1 endpoint2 weight
1 2 694
1 3 714
1 4 571
1 5 524
1 6 737
1 7 1009
1 8 1179
1 9 763
1 10 797
1 11 589
1 12 852
1 13 957
1 14 490
1 15 669
1 16 651
1 17 637
1 18 778
1 19 530
1 20 632
1 21 460
1 22 267
1 23 709
1 24 888
1 25 261
1 26 668
1 27 443
1 28 754
1 29 742
1 30 589
1 31 315
1 32 758
1 33 509
1 34 791
1 35 1226
1 36 60
1 37 505
1 38 623
1 39 682
1 40 1132
1 41 342
1 42 935
1 43 725
1 44 211
1 45 682
1 46 320
1 47 830
1 48 254
1 49 264
1 50 403
1 51 710
1 52 253
1 53 405
1 54 888
1 55 732
1 56 886
1 57 964
1 58 940
1 59 487
1 60 607
1 61 826
1 62 307
1 63 639
1 64 806
1 65 817
1 66 840
1 67 842
1 68 511
1 69 984
1 70 807
1 71 646
1 72 419
1 73 211
1 74 535
1 75 395
1 76 597
1 77 1179
1 78 531
1 79 183
1 80 770
1 81 530
1 82 862
1 83 900
1 84 1000
1 85 803
1 86 291
1 87 510
1 88 1064
1 89 1233
1 90 805
1 91 366
1 92 606
1 93 914
1 94 648
1 95 507
1 96 888
1 97 462
1 98 706
1 99 982
1 100 876
2 1 694
2 3 216
2 4 125
2 5 199
2 6 146
2 7 504
2 8 823
2 9 596
2 10 853
2 11 903
2 12 209
2 13 597
2 14 547
2 15 921
2 16 836
2 17 124
2 18 1042
2 19 655
2 20 369
2 21 749
2 22 433
2 23 647
2 24 236
2 25 483
2 26 559
2 27 686
2 28 1006
2 29 794
2 30 371
2 31 384
2 32 226
2 33 429
2 34 441
2 35 916
2 36 734
2 37 889
2 38 359
2 39 843
2 40 745
2 41 678
2 42 850
2 43 544
2 44 633
2 45 551
2 46 611
2 47 262
2 48 498
2 49 569
2 50 297
2 51 440
2 52 504
2 53 290
2 54 254
2 55 337
2 56 192
2 57 742
2 58 253
2 59 238
2 60 184
2 61 382
2 62 482
2 63 876
2 64 926
2 65 178
2 66 751
2 67 164
2 68 226
2 69 783
2 70 879
2 71 82
2 72 874
2 73 675
2 74 905
2 75 369
2 76 959
2 77 905
2 78 239
2 79 517
2 80 177
2 81 678
2 82 177
2 83 467
2 84 677
2 85 697
2 86 409
2 87 785
2 88 638
2 89 900
2 90 969
2 91 349
2 92 754
2 93 224
2 94 1010
2 95 529
2 96 257
2 97 237
2 98 551
2 99 513
2 100 752
3 1 714
3 2 216
3 4 253
3 5 207
3 6 83
3 7 328
3 8 618
3 9 392
3 10 665
3 11 768
3 12 170
3 13 386
3 14 412
3 15 769
3 16 677
3 17 324
3 18 882
3 19 510
3 20 187
3 21 631
3 22 452
3 23 456
3 24 206
3 25 566
3 26 371
3 27 568
3 28 847
3 29 611
3 30 209
3 31 410
3 32 45
3 33 296
3 34 226
3 35 707
3 36 739
3 37 775
3 38 182
3 39 677
3 40 543
3 41 592
3 42 642
3 43 342
3 44 591
3 45 359
3 46 533
3 47 117
3 48 582
3 49 517
3 50 331
3 51 234
3 52 477
3 53 356
3 54 192
3 55 123
3 56 292
3 57 527
3 58 383
3 59 235
3 60 113
3 61 173
3 62 435
3 63 725
3 64 745
3 65 146
3 66 547
3 67 208
3 68 374
3 69 568
3 70 693
3 71 281
3 72 783
3 73 630
3 74 786
3 75 325
3 76 831
3 77 692
3 78 184
3 79 561
3 80 86
3 81 535
3 82 235
3 83 263
3 84 464
3 85 494
3 86 468
3 87 657
3 88 441
3 89 693
3 90 794
3 91 441
3 92 597
3 93 288
3 94 878
3 95 389
3 96 189
3 97 285
3 98 354
3 99 323
3 100 543
4 1 571
4 2 125
4 3 253
4 5 116
4 6 218
4 7 575
4 8 868
4 9 583
4 10 812
4 11 822
4 12 314
4 13 632
4 14 477
4 15 851
4 16 772
4 17 109
4 18 974
4 19 586
4 20 348
4 21 663
4 22 312
4 23 614
4 24 346
4 25 361
4 26 528
4 27 601
4 28 939
4 29 751
4 30 335
4 31 263
4 32 282
4 33 367
4 34 460
4 35 954
4 36 612
4 37 798
4 38 336
4 39 783
4 40 795
4 41 580
4 42 836
4 43 529
4 44 522
4 45 524
4 46 511
4 47 339
4 48 376
4 49 462
4 50 179
4 51 434
4 52 392
4 53 166
4 54 357
4 55 356
4 56 316
4 57 752
4 58 372
4 59 144
4 60 164
4 61 425
4 62 377
4 63 805
4 64 877
4 65 279
4 66 733
4 67 282
4 68 123
4 69 790
4 70 837
4 71 88
4 72 774
4 73 564
4 74 817
4 75 271
4 76 874
4 77 934
4 78 174
4 79 393
4 80 255
4 81 608
4 82 299
4 83 514
4 84 708
4 85 678
4 86 285
4 87 704
4 88 693
4 89 942
4 90 915
4 91 227
4 92 690
4 93 347
4 94 927
4 95 463
4 96 359
4 97 121
4 98 530
4 99 574
4 100 741
5 1 524
5 2 199
5 3 207
5 4 116
5 6 213
5 7 532
5 8 795
5 9 478
5 10 698
5 11 712
5 12 328
5 13 557
5 14 363
5 15 737
5 16 657
5 17 224
5 18 860
5 19 472
5 20 245
5 21 554
5 22 258
5 23 503
5 24 365
5 25 360
5 26 417
5 27 492
5 28 825
5 29 636
5 30 227
5 31 212
5 32 248
5 33 252
5 34 378
5 35 874
5 36 557
5 37 692
5 38 233
5 39 668
5 40 727
5 41 480
5 42 730
5 43 424
5 44 438
5 45 415
5 46 412
5 47 317
5 48 375
5 49 371
5 50 127
5 51 337
5 52 311
5 53 150
5 54 366
5 55 280
5 56 378
5 57 657
5 58 450
5 59 40
5 60 95
5 61 363
5 62 284
5 63 692
5 64 762
5 65 293
5 66 625
5 67 322
5 68 202
5 69 694
5 70 722
5 71 198
5 72 675
5 73 480
5 74 710
5 75 170
5 76 765
5 77 849
5 78 62
5 79 360
5 80 248
5 81 494
5 82 344
5 83 451
5 84 627
5 85 571
5 86 262
5 87 593
5 88 632
5 89 866
5 90 800
5 91 236
5 92 575
5 93 400
5 94 817
5 95 348
5 96 366
5 97 79
5 98 423
5 99 522
5 100 635
6 1 737
6 2 146
6 3 83
6 4 218
6 5 213
6 7 363
6 8 677
6 9 474
6 10 747
6 11 841
6 12 117
6 13 452
6 14 482
6 15 846
6 16 755
6 17 265
6 18 960
6 19 584
6 20 266
6 21 698
6 22 470
6 23 539
6 24 154
6 25 563
6 26 453
6 27 635
6 28 925
6 29 692
6 30 283
6 31 424
6 32 81
6 33 363
6 34 303
6 35 771
6 36 767
6 37 842
6 38 260
6 39 756
6 40 599
6 41 649
6 42 724
6 43 425
6 44 634
6 45 441
6 46 587
6 47 122
6 48 578
6 49 562
6 50 339
6 51 317
6 52 512
6 53 353
6 54 153
6 55 204
6 56 213
6 57 603
6 58 303
6 59 250
6 60 135
6 61 237
6 62 476
6 63 801
6 64 826
6 65 83
6 66 630
6 67 133
6 68 339
6 69 645
6 70 775
6 71 221
6 72 843
6 73 675
6 74 854
6 75 362
6 76 902
6 77 760
6 78 214
6 79 572
6 80 38
6 81 608
6 82 159
6 83 321
6 84 532
6 85 576
6 86 471
6 87 727
6 88 493
6 89 754
6 90 875
6 91 431
6 92 674
6 93 215
6 94 950
6 95 460
6 96 153
6 97 284
6 98 437
6 99 369
6 100 625
7 1 1009
7 2 504
7 3 328
7 4 575
7 5 532
7 6 363
7 8 348
7 9 402
7 10 679
7 11 897
7 12 316
7 13 199
7 14 598
7 15 864
7 16 769
7 17 626
7 18 950
7 19 657
7 20 383
7 21 802
7 22 760
7 23 505
7 24 312
7 25 890
7 26 457
7 27 749
7 28 918
7 29 648
7 30 426
7 31 724
7 32 294
7 33 518
7 34 240
7 35 453
7 36 1024
7 37 937
7 38 390
7 39 754
7 40 265
7 41 809
7 42 567
7 43 388
7 44 851
7 45 436
7 46 767
7 47 242
7 48 905
7 49 776
7 50 652
7 51 329
7 52 758
7 53 682
7 54 280
7 55 277
7 56 454
7 57 392
7 58 532
7 59 556
7 60 439
7 61 183
7 62 707
7 63 827
7 64 770
7 65 335
7 66 514
7 67 387
7 68 697
7 69 433
7 70 707
7 71 582
7 72 975
7 73 885
7 74 938
7 75 615
7 76 966
7 77 463
7 78 498
7 79 874
7 80 328
7 81 680
7 82 399
7 83 125
7 84 268
7 85 478
7 86 788
7 87 809
7 88 155
7 89 426
7 90 830
7 91 768
7 92 704
7 93 416
7 94 1000
7 95 572
7 96 273
7 97 611
7 98 414
7 99 53
7 100 482
8 1 1179
8 2 823
8 3 618
8 4 868
8 5 795
8 6 677
8 7 348
8 9 425
8 10 583
8 11 879
8 12 656
8 13 239
8 14 699
8 15 815
8 16 733
8 17 940
8 18 860
8 19 705
8 20 574
8 21 844
8 22 970
8 23 507
8 24 656
8 25 1126
8 26 519
8 27 811
8 28 836
8 29 585
8 30 611
8 31 947
8 32 598
8 33 674
8 34 420
8 35 108
8 36 1177
8 37 949
8 38 585
8 39 705
8 40 84
8 41 899
8 42 405
8 43 455
8 44 986
8 45 501
8 46 882
8 47 568
8 48 1140
8 49 920
8 50 894
8 51 481
8 52 930
8 53 935
8 54 623
8 55 517
8 56 799
8 57 250
8 58 879
8 59 806
8 60 710
8 61 445
8 62 875
8 63 791
8 64 663
8 65 670
8 66 423
8 67 728
8 68 986
8 69 260
8 70 604
8 71 896
8 72 1017
8 73 1009
8 74 939
8 75 818
8 76 944
8 77 140
8 78 745
8 79 1084
8 80 648
8 81 719
8 82 743
8 83 357
8 84 180
8 85 426
8 86 1021
8 87 829
8 88 194
8 89 79
8 90 724
8 91 1023
8 92 700
8 93 763
8 94 961
8 95 678
8 96 616
8 97 869
8 98 477
8 99 319
8 100 377
9 1 763
9 2 596
9 3 392
9 4 583
9 5 478
9 6 474
9 7 402
9 8 425
9 10 291
9 11 501
9 12 530
9 13 243
9 14 276
9 15 463
9 16 368
9 17 682
9 18 551
9 19 286
9 20 236
9 21 431
9 22 581
9 23 104
9 24 555
9 25 748
9 26 96
9 27 390
9 28 518
9 29 250
9 30 253
9 31 568
9 32 405
9 33 277
9 34 196
9 35 464
9 36 757
9 37 553
9 38 248
9 39 352
9 40 394
9 41 476
9 42 255
9 43 55
9 44 564
9 45 81
9 46 458
9 47 432
9 48 761
9 49 500
9 50 539
9 51 158
9 52 521
9 53 587
9 54 526
9 55 273
9 56 674
9 57 204
9 58 767
9 59 472
9 60 424
9 61 293
9 62 467
9 63 426
9 64 379
9 65 520
9 66 156
9 67 589
9 68 678
9 69 231
9 70 320
9 71 644
9 72 607
9 73 585
9 74 549
9 75 435
9 76 570
9 77 418
9 78 417
9 79 689
9 80 467
9 81 304
9 82 613
9 83 284
9 84 253
9 85 103
9 86 646
9 87 425
9 88 364
9 89 473
9 90 437
9 91 669
9 92 308
9 93 660
9 94 601
9 95 257
9 96 520
9 97 535
9 98 61
9 99 352
9 100 159
10 1 797
10 2 853
10 3 665
10 4 812
10 5 698
10 6 747
10 7 679
10 8 583
10 9 291
10 11 315
10 12 815
10 13 493
10 14 364
10 15 238
10 16 175
10 17 918
10 18 282
10 19 277
10 20 485
10 21 350
10 22 705
10 23 209
10 24 841
10 25 874
10 26 295
10 27 355
10 28 255
10 29 64
10 30 483
10 31 712
10 32 685
10 33 450
10 34 486
10 35 566
10 36 770
10 37 403
10 38 494
10 39 140
10 40 590
10 41 457
10 42 188
10 43 329
10 44 588
10 45 306
10 46 483
10 47 719
10 48 883
10 49 553
10 50 717
10 51 435
10 52 610
10 53 766
10 54 814
10 55 554
10 56 954
10 57 340
10 58 1046
10 59 678
10 60 670
10 61 583
10 62 566
10 63 224
10 64 91
10 65 802
10 66 171
10 67 869
10 68 884
10 69 324
10 70 29
10 71 886
10 72 490
10 73 589
10 74 384
10 75 593
10 76 374
10 77 503
10 78 638
10 79 790
10 80 746
10 81 271
10 82 894
10 83 568
10 84 462
10 85 201
10 86 785
10 87 311
10 88 604
10 89 595
10 90 153
10 91 834
10 92 193
10 93 944
10 94 382
10 95 366
10 96 808
10 97 733
10 98 313
10 99 627
10 100 213
11 1 589
11 2 903
11 3 768
11 4 822
11 5 712
11 6 841
11 7 897
11 8 879
11 9 501
11 10 315
11 12 937
11 13 741
11 14 360
11 15 92
11 16 146
11 17 929
11 18 190
11 19 259
11 20 585
11 21 164
11 22 604
11 23 398
11 24 971
11 25 747
11 26 442
11 27 222
11 28 166
11 29 296
11 30 560
11 31 632
11 32 802
11 33 479
11 34 666
11 35 875
11 36 545
11 37 99
11 38 588
11 39 177
11 40 872
11 41 277
11 42 501
11 43 509
11 44 407
11 45 463
11 46 339
11 47 857
11 48 751
11 49 413
11 50 674
11 51 586
11 52 491
11 53 718
11 54 951
11 55 691
11 56 1051
11 57 629
11 58 1137
11 59 679
11 60 726
11 61 754
11 62 472
11 63 91
11 64 270
11 65 914
11 66 456
11 67 973
11 68 854
11 69 623
11 70 305
11 71 909
11 72 197
11 73 387
11 74 73
11 75 556
11 76 69
11 77 813
11 78 665
11 79 648
11 80 853
11 81 234
11 82 999
11 83 774
11 84 734
11 85 457
11 86 687
11 87 119
11 88 861
11 89 900
11 90 241
11 91 757
11 92 194
11 93 1054
11 94 110
11 95 381
11 96 946
11 97 714
11 98 484
11 99 849
11 100 503
12 1 852
12 2 209
12 3 170
12 4 314
12 5 328
12 6 117
12 7 316
12 8 656
12 9 530
12 10 815
12 11 937
12 13 452
12 14 582
12 15 935
12 16 842
12 17 331
12 18 1046
12 19 679
12 20 353
12 21 801
12 22 585
12 23 608
12 24 38
12 25 670
12 26 528
12 27 738
12 28 1010
12 29 765
12 30 378
12 31 539
12 32 136
12 33 466
12 34 340
12 35 757
12 36 883
12 37 945
12 38 349
12 39 840
12 40 574
12 41 759
12 42 767
12 43 487
12 44 749
12 45 513
12 46 698
12 47 102
12 48 685
12 49 677
12 50 452
12 51 381
12 52 628
12 53 463
12 54 45
12 55 262
12 56 151
12 57 626
12 58 242
12 59 365
12 60 250
12 61 252
12 62 591
12 63 891
12 64 899
12 65 36
12 66 682
12 67 73
12 68 429
12 69 669
12 70 844
12 71 290
12 72 952
12 73 789
12 74 956
12 75 477
12 76 1001
12 77 756
12 78 330
12 79 685
12 80 89
12 81 704
12 82 90
12 83 317
12 84 534
12 85 631
12 86 582
12 87 826
12 88 463
12 89 734
12 90 951
12 91 536
12 92 762
12 93 130
12 94 1046
12 95 559
12 96 49
12 97 396
12 98 503
12 99 338
12 100 669
13 1 957
13 2 597
13 3 386
13 4 632
13 5 557
13 6 452
13 7 199
13 8 239
13 9 243
13 10 493
13 11 741
13 12 452
13 14 493
13 15 697
13 16 604
13 17 709
13 18 772
13 19 525
13 20 338
13 21 671
13 22 737
13 23 344
13 24 461
13 25 889
13 26 322
13 27 627
13 28 741
13 29 470
13 30 377
13 31 711
13 32 371
13 33 448
13 34 181
13 35 322
13 36 961
13 37 795
13 38 349
13 39 584
13 40 178
13 41 704
13 42 369
13 43 252
13 44 774
13 45 302
13 46 675
13 47 355
13 48 904
13 49 703
13 50 656
13 51 249
13 52 705
13 53 696
13 54 428
13 55 279
13 56 602
13 57 194
13 58 689
13 59 567
13 60 473
13 61 216
13 62 651
13 63 663
13 64 584
13 65 459
13 66 324
13 67 523
13 68 749
13 69 236
13 70 521
13 71 666
13 72 847
13 73 801
13 74 791
13 75 584
13 76 810
13 77 309
13 78 506
13 79 851
13 80 427
13 81 544
13 82 542
13 83 136
13 84 83
13 85 296
13 86 784
13 87 667
13 88 122
13 89 310
13 90 646
13 91 784
13 92 549
13 93 573
13 94 838
13 95 470
13 96 421
13 97 630
13 98 277
13 99 148
13 100 289
14 1 490
14 2 547
14 3 412
14 4 477
14 5 363
14 6 482
14 7 598
14 8 699
14 9 276
14 10 364
14 11 360
14 12 582
14 13 493
14 15 376
14 16 295
14 17 586
14 18 498
14 19 110
14 20 237
14 21 220
14 22 345
14 23 222
14 24 617
14 25 515
14 26 181
14 27 159
14 28 463
14 29 301
14 30 205
14 31 349
14 32 449
14 33 120
14 34 358
14 35 738
14 36 482
14 37 364
14 38 238
14 39 308
14 40 661
14 41 213
14 42 459
14 43 246
14 44 289
14 45 198
14 46 184
14 47 509
14 48 525
14 49 227
14 50 357
14 51 270
14 52 261
14 53 407
14 54 600
14 55 351
14 56 692
14 57 475
14 58 778
14 59 335
14 60 367
14 61 430
14 62 210
14 63 330
14 64 412
14 65 557
14 66 357
14 67 614
14 68 532
14 69 495
14 70 384
14 71 560
14 72 383
14 73 311
14 74 374
14 75 232
14 76 420
14 77 690
14 78 311
14 79 439
14 80 497
14 81 132
14 82 641
14 83 475
14 84 523
14 85 316
14 86 423
14 87 245
14 88 611
14 89 748
14 90 443
14 91 471
14 92 214
14 93 696
14 94 469
14 95 27
14 96 596
14 97 382
14 98 223
14 99 558
14 100 390
15 1 669
15 2 921
15 3 769
15 4 851
15 5 737
15 6 846
15 7 864
15 8 815
15 9 463
15 10 238
15 11 92
15 12 935
15 13 697
15 14 376
15 16 97
15 17 959
15 18 125
15 19 267
15 20 583
15 21 220
15 22 658
15 23 360
15 24 967
15 25 810
15 26 420
15 27 267
15 28 92
15 29 233
15 30 563
15 31 681
15 32 800
15 33 493
15 34 642
15 35 804
15 36 628
15 37 190
15 38 588
15 39 114
15 40 816
15 41 343
15 42 426
15 43 480
15 44 478
15 45 439
15 46 397
15 47 849
15 48 816
15 49 473
15 50 714
15 51 569
15 52 547
15 53 761
15 54 945
15 55 681
15 56 1058
15 57 568
15 58 1147
15 59 708
15 60 740
15 61 735
15 62 521
15 63 46
15 64 182
15 65 915
15 66 394
15 67 977
15 68 894
15 69 557
15 70 224
15 71 935
15 72 288
15 73 462
15 74 164
15 75 592
15 76 138
15 77 741
15 78 686
15 79 714
15 80 855
15 81 244
15 82 1003
15 83 744
15 84 681
15 85 404
15 86 742
15 87 168
15 88 814
15 89 831
15 90 150
15 91 808
15 92 173
15 93 1057
15 94 146
15 95 393
15 96 940
15 97 749
15 98 457
15 99 815
15 100 440
16 1 651
16 2 836
16 3 677
16 4 772
16 5 657
16 6 755
16 7 769
16 8 733
16 9 368
16 10 175
16 11 146
16 12 842
16 13 604
16 14 295
16 15 97
16 17 880
16 18 206
16 19 186
16 20 491
16 21 191
16 22 604
16 23 265
16 24 873
16 25 764
16 26 324
16 27 217
16 28 171
16 29 150
16 30 473
16 31 621
16 32 707
16 33 409
16 34 546
16 35 730
16 36 617
16 37 228
16 38 496
16 39 36
16 40 729
16 41 311
16 42 358
16 43 384
16 44 447
16 45 343
16 46 353
16 47 755
16 48 771
16 49 428
16 50 645
16 51 473
16 52 497
16 53 693
16 54 851
16 55 586
16 56 967
16 57 484
16 58 1057
16 59 630
16 60 654
16 61 639
16 62 463
16 63 60
16 64 157
16 65 822
16 66 310
16 67 885
16 68 823
16 69 478
16 70 172
16 71 854
16 72 316
16 73 440
16 74 212
16 75 521
16 76 212
16 77 668
16 78 603
16 79 671
16 80 763
16 81 166
16 82 911
16 83 648
16 84 592
16 85 315
16 86 687
16 87 145
16 88 723
16 89 755
16 90 161
16 91 747
16 92 83
16 93 965
16 94 234
16 95 310
16 96 845
16 97 675
16 98 361
16 99 720
16 100 357
17 1 637
17 2 124
17 3 324
17 4 109
17 5 224
17 6 265
17 7 626
17 8 940
17 9 682
17 10 918
17 11 929
17 12 331
17 13 709
17 14 586
17 15 959
17 16 880
17 18 1082
17 19 695
17 20 448
17 21 769
17 22 393
17 23 719
17 24 355
17 25 401
17 26 632
17 27 708
17 28 1047
17 29 858
17 30 439
17 31 346
17 32 342
17 33 475
17 34 544
17 35 1030
17 36 684
17 37 902
17 38 436
17 39 891
17 40 863
17 41 682
17 42 937
17 43 628
17 44 614
17 45 627
17 46 613
17 47 384
17 48 415
17 49 559
17 50 270
17 51 530
17 52 485
17 53 243
17 54 375
17 55 439
17 56 281
17 57 842
17 58 312
17 59 252
17 60 258
17 61 495
17 62 476
17 63 914
17 64 985
17 65 301
17 66 834
17 67 278
17 68 131
17 69 882
17 70 944
17 71 44
17 72 874
17 73 655
17 74 922
17 75 375
17 76 980
17 77 1015
17 78 281
17 79 455
17 80 298
17 81 717
17 82 286
17 83 583
17 84 787
17 85 780
17 86 347
17 87 811
17 88 757
17 89 1015
17 90 1023
17 91 273
17 92 799
17 93 322
17 94 1033
17 95 572
17 96 380
17 97 219
17 98 631
17 99 633
17 100 840
18 1 778
18 2 1042
18 3 882
18 4 974
18 5 860
18 6 960
18 7 950
18 8 860
18 9 551
18 10 282
18 11 190
18 12 1046
18 13 772
18 14 498
18 15 125
18 16 206
18 17 1082
18 19 388
18 20 696
18 21 342
18 22 782
18 23 452
18 24 1076
18 25 932
18 26 522
18 27 391
18 28 36
18 29 303
18 30 679
18 31 806
18 32 911
18 33 613
18 34 739
18 35 833
18 36 733
18 37 278
18 38 701
18 39 206
18 40 872
18 41 462
18 42 457
18 43 576
18 44 595
18 45 539
18 46 519
18 47 956
18 48 937
18 49 595
18 50 839
18 51 672
18 52 671
18 53 885
18 54 1052
18 55 788
18 56 1172
18 57 621
18 58 1262
18 59 831
18 60 859
18 61 834
18 62 645
18 63 170
18 64 197
18 65 1027
18 66 453
18 67 1090
18 68 1018
18 69 602
18 70 258
18 71 1057
18 72 374
18 73 576
18 74 248
18 75 716
18 76 194
18 77 768
18 78 807
18 79 834
18 80 967
18 81 366
18 82 1116
18 83 834
18 84 744
18 85 476
18 86 866
18 87 290
18 88 885
18 89 865
18 90 137
18 91 932
18 92 288
18 93 1170
18 94 162
18 95 514
18 96 1047
18 97 873
18 98 554
18 99 899
18 100 495
19 1 530
19 2 655
19 3 510
19 4 586
19 5 472
19 6 584
19 7 657
19 8 705
19 9 286
19 10 277
19 11 259
19 12 679
19 13 525
19 14 110
19 15 267
19 16 186
19 17 695
19 18 388
19 20 327
19 21 147
19 22 432
19 23 199
19 24 712
19 25 598
19 26 205
19 27 106
19 28 353
19 29 217
19 30 302
19 31 444
19 32 544
19 33 227
19 34 420
19 35 729
19 36 509
19 37 281
19 38 330
19 39 201
19 40 680
19 41 203
19 42 407
19 43 276
19 44 320
19 45 226
19 46 211
19 47 599
19 48 607
19 49 277
19 50 461
19 51 335
19 52 333
19 53 510
19 54 693
19 55 434
19 56 795
19 57 465
19 58 883
19 59 444
19 60 474
19 61 503
19 62 291
19 63 221
19 64 313
19 65 656
19 66 317
19 67 716
19 68 638
19 69 475
19 70 293
19 71 670
19 72 323
19 73 328
19 74 285
19 75 336
19 76 323
19 77 675
19 78 420
19 79 513
19 80 595
19 81 25
19 82 742
19 83 533
19 84 538
19 85 289
19 86 514
19 87 154
19 88 646
19 89 744
19 90 338
19 91 568
19 92 107
19 93 797
19 94 368
19 95 127
19 96 688
19 97 489
19 98 250
19 99 613
19 100 358
20 1 632
20 2 369
20 3 187
20 4 348
20 5 245
20 6 266
20 7 383
20 8 574
20 9 236
20 10 485
20 11 585
20 12 353
20 13 338
20 14 237
20 15 583
20 16 491
20 17 448
20 18 696
20 19 327
20 21 456
20 22 400
20 23 279
20 24 386
20 25 553
20 26 191
20 27 396
20 28 660
20 29 429
20 30 43
20 31 374
20 32 218
20 33 137
20 34 162
20 35 642
20 36 643
20 37 600
20 38 13
20 39 491
20 40 515
20 41 437
20 42 490
20 43 182
20 44 469
20 45 183
20 46 388
20 47 273
20 48 567
20 49 394
20 50 324
20 51 96
20 52 379
20 53 368
20 54 366
20 55 116
20 56 478
20 57 414
20 58 569
20 59 244
20 60 191
20 61 203
20 62 326
20 63 539
20 64 562
20 65 332
20 66 387
20 67 395
20 68 446
20 69 449
20 70 513
20 71 411
20 72 618
20 73 503
20 74 608
20 75 248
20 76 650
20 77 611
20 78 186
20 79 515
20 80 272
20 81 352
20 82 421
20 83 269
20 84 397
20 85 333
20 86 448
20 87 477
20 88 436
20 89 639
20 90 609
20 91 455
20 92 410
20 93 475
20 94 695
20 95 212
20 96 362
20 97 308
20 98 184
20 99 352
20 100 394
21 1 460
21 2 749
21 3 631
21 4 663
21 5 554
21 6 698
21 7 802
21 8 844
21 9 431
21 10 350
21 11 164
21 12 801
21 13 671
21 14 220
21 15 220
21 16 191
21 17 769
21 18 342
21 19 147
21 20 456
21 22 442
21 23 338
21 24 835
21 25 591
21 26 351
21 27 64
21 28 311
21 29 304
21 30 425
21 31 469
21 32 668
21 33 335
21 34 563
21 35 861
21 36 426
21 37 145
21 38 457
21 39 224
21 40 823
21 41 124
21 42 514
21 43 422
21 44 260
21 45 372
21 46 178
21 47 728
21 48 596
21 49 254
21 50 511
21 51 477
21 52 330
21 53 555
21 54 819
21 55 568
21 56 905
21 57 599
21 58 989
21 59 520
21 60 577
21 61 642
21 62 309
21 63 184
21 64 348
21 65 775
21 66 439
21 67 830
21 68 691
21 69 604
21 70 354
21 71 750
21 72 177
21 73 250
21 74 158
21 75 395
21 76 212
21 77 804
21 78 511
21 79 494
21 80 714
21 81 127
21 82 856
21 83 677
21 84 681
21 85 421
21 86 525
21 87 53
21 88 792
21 89 879
21 90 346
21 91 594
21 92 162
21 93 912
21 94 265
21 95 245
21 96 815
21 97 552
21 98 396
21 99 758
21 100 484
22 1 267
22 2 433
22 3 452
22 4 312
22 5 258
22 6 470
22 7 760
22 8 970
22 9 581
22 10 705
22 11 604
22 12 585
22 13 737
22 14 345
22 15 658
22 16 604
22 17 393
22 18 782
22 19 432
22 20 400
22 21 442
22 23 558
22 24 622
22 25 171
22 26 492
22 27 393
22 28 750
22 29 643
22 30 360
22 31 50
22 32 496
22 33 305
22 34 561
22 35 1032
22 36 302
22 37 552
22 38 389
22 39 627
22 40 914
22 41 329
22 42 799
22 43 534
22 44 229
22 45 501
22 46 265
22 47 567
22 48 182
22 49 193
22 50 137
22 51 490
22 52 113
22 53 151
22 54 622
22 55 486
22 56 623
22 57 783
22 58 683
22 59 221
22 60 343
22 61 580
22 62 142
22 63 617
22 64 744
22 65 551
22 66 694
22 67 576
22 68 280
22 69 811
22 70 723
22 71 394
22 72 504
22 73 269
22 74 577
22 75 153
22 76 640
22 77 994
22 78 269
22 79 115
22 80 504
22 81 445
22 82 596
22 83 660
22 84 792
22 85 647
22 86 84
22 87 492
22 88 834
22 89 1033
22 90 763
22 91 156
22 92 534
22 93 650
22 94 695
22 95 350
22 96 622
22 97 197
22 98 520
22 99 739
22 100 721
23 1 709
23 2 647
23 3 456
23 4 614
23 5 503
23 6 539
23 7 505
23 8 507
23 9 104
23 10 209
23 11 398
23 12 608
23 13 344
23 14 222
23 15 360
23 16 265
23 17 719
23 18 452
23 19 199
23 20 279
23 21 338
23 22 558
23 24 636
23 25 728
23 26 88
23 27 305
23 28 418
23 29 158
23 30 280
23 31 554
23 32 477
23 33 267
23 34 288
23 35 531
23 36 696
23 37 453
23 38 288
23 39 250
23 40 486
23 41 399
23 42 242
23 43 125
23 44 503
23 45 98
23 46 393
23 47 513
23 48 739
23 49 446
23 50 540
23 51 228
23 52 481
23 53 590
23 54 609
23 55 347
23 56 746
23 57 266
23 58 838
23 59 488
23 60 466
23 61 384
23 62 429
23 63 323
23 64 291
23 65 594
23 66 137
23 67 661
23 68 697
23 69 279
23 70 237
23 71 685
23 72 512
23 73 518
23 74 448
23 75 424
23 76 467
23 77 478
23 78 442
23 79 658
23 80 538
23 81 213
23 82 686
23 83 385
23 84 345
23 85 95
23 86 630
23 87 327
23 88 465
23 89 546
23 90 345
23 91 666
23 92 206
23 93 736
23 94 497
23 95 211
23 96 604
23 97 548
23 98 106
23 99 455
23 100 169
24 1 888
24 2 236
24 3 206
24 4 346
24 5 365
24 6 154
24 7 312
24 8 656
24 9 555
24 10 841
24 11 971
24 12 38
24 13 461
24 14 617
24 15 967
24 16 873
24 17 355
24 18 1076
24 19 712
24 20 386
24 21 835
24 22 622
24 23 636
24 25 704
24 26 556
24 27 773
24 28 1041
24 29 793
24 30 412
24 31 575
24 32 169
24 33 501
24 34 362
24 35 759
24 36 920
24 37 980
24 38 383
24 39 870
24 40 574
24 41 796
24 42 787
24 43 513
24 44 786
24 45 541
24 46 735
24 47 124
24 48 719
24 49 714
24 50 488
24 51 408
24 52 665
24 53 497
24 54 34
24 55 290
24 56 144
24 57 641
24 58 228
24 59 402
24 60 288
24 61 270
24 62 629
24 63 923
24 64 926
24 65 72
24 66 704
24 67 81
24 68 459
24 69 684
24 70 870
24 71 316
24 72 988
24 73 827
24 74 990
24 75 514
24 76 1034
24 77 761
24 78 367
24 79 721
24 80 126
24 81 737
24 82 89
24 83 327
24 84 543
24 85 655
24 86 617
24 87 861
24 88 463
24 89 734
24 90 979
24 91 570
24 92 794
24 93 112
24 94 1080
24 95 593
24 96 41
24 97 431
24 98 530
24 99 339
24 100 690
25 1 261
25 2 483
25 3 566
25 4 361
25 5 360
25 6 563
25 7 890
25 8 1126
25 9 748
25 10 874
25 11 747
25 12 670
25 13 889
25 14 515
25 15 810
25 16 764
25 17 401
25 18 932
25 19 598
25 20 553
25 21 591
25 22 171
25 23 728
25 24 704
25 26 661
25 27 548
25 28 902
25 29 812
25 30 517
25 31 181
25 32 607
25 33 472
25 34 710
25 35 1192
25 36 318
25 37 683
25 38 541
25 39 789
25 40 1065
25 41 471
25 42 969
25 43 699
25 44 345
25 45 669
25 46 414
25 47 675
25 48 16
25 49 338
25 50 239
25 51 646
25 52 268
25 53 211
25 54 712
25 55 625
25 56 670
25 57 949
25 58 712
25 59 334
25 60 454
25 61 715
25 62 308
25 63 772
25 64 908
25 65 635
25 66 864
25 67 643
25 68 271
25 69 978
25 70 890
25 71 419
25 72 619
25 73 376
25 74 711
25 75 314
25 76 775
25 77 1157
25 78 393
25 79 102
25 80 599
25 81 609
25 82 659
25 83 800
25 84 949
25 85 817
25 86 106
25 87 643
25 88 979
25 89 1191
25 90 924
25 91 135
25 92 697
25 93 706
25 94 830
25 95 520
25 96 713
25 97 282
25 98 687
25 99 875
25 100 890
26 1 668
26 2 559
26 3 371
26 4 528
26 5 417
26 6 453
26 7 457
26 8 519
26 9 96
26 10 295
26 11 442
26 12 528
26 13 322
26 14 181
26 15 420
26 16 324
26 17 632
26 18 522
26 19 205
26 20 191
26 21 351
26 22 492
26 23 88
26 24 556
26 25 661
26 27 305
26 28 487
26 29 240
26 30 193
26 31 483
26 32 394
26 33 192
26 34 224
26 35 559
26 36 661
26 37 482
26 38 201
26 39 316
26 40 484
26 41 384
26 42 317
26 43 72
26 44 469
26 45 22
26 46 364
26 47 435
26 48 673
26 49 405
26 50 462
26 51 151
26 52 428
26 53 511
26 54 532
26 55 267
26 56 662
26 57 298
26 58 754
26 59 405
26 60 379
26 61 315
26 62 374
26 63 378
26 64 374
26 65 512
26 66 211
26 67 578
26 68 613
26 69 321
26 70 322
26 71 597
26 72 527
26 73 491
26 74 482
26 75 351
26 76 511
26 77 513
26 78 356
26 79 598
26 80 454
26 81 226
26 82 603
26 83 333
26 84 344
26 85 159
26 86 561
26 87 353
26 88 443
26 89 568
26 90 424
26 91 590
26 92 251
26 93 654
26 94 548
26 95 161
26 96 526
26 97 465
26 98 46
26 99 410
26 100 231
27 1 443
27 2 686
27 3 568
27 4 601
27 5 492
27 6 635
27 7 749
27 8 811
27 9 390
27 10 355
27 11 222
27 12 738
27 13 627
27 14 159
27 15 267
27 16 217
27 17 708
27 18 391
27 19 106
27 20 396
27 21 64
27 22 393
27 23 305
27 24 773
27 25 548
27 26 305
27 28 359
27 29 301
27 30 363
27 31 415
27 32 606
27 33 272
27 34 509
27 35 834
27 36 416
27 37 208
27 38 396
27 39 245
27 40 784
27 41 103
27 42 504
27 43 376
27 44 235
27 45 325
27 46 136
27 47 667
27 48 555
27 49 212
27 50 453
27 51 422
27 52 283
27 53 497
27 54 757
27 55 509
27 56 842
27 57 570
27 58 925
27 59 458
27 60 513
27 61 585
27 62 255
27 63 225
27 64 369
27 65 712
27 66 419
27 67 767
27 68 633
27 69 580
27 70 364
27 71 688
27 72 227
27 73 234
27 74 221
27 75 334
27 76 274
27 77 780
27 78 447
27 79 455
27 80 651
27 81 96
27 82 793
27 83 625
27 84 643
27 85 394
27 86 476
27 87 104
27 88 747
27 89 850
27 90 377
27 91 542
27 92 163
27 93 849
27 94 327
27 95 184
27 96 753
27 97 492
27 98 350
27 99 707
27 100 462
28 1 754
28 2 1006
28 3 847
28 4 939
28 5 825
28 6 925
28 7 918
28 8 836
28 9 518
28 10 255
28 11 166
28 12 1010
28 13 741
28 14 463
28 15 92
28 16 171
28 17 1047
28 18 36
28 19 353
28 20 660
28 21 311
28 22 750
28 23 418
28 24 1041
28 25 902
28 26 487
28 27 359
28 29 272
28 30 644
28 31 773
28 32 875
28 33 578
28 34 705
28 35 813
28 36 710
28 37 259
28 38 666
28 39 172
28 40 845
28 41 433
28 42 434
28 43 542
28 44 567
28 45 505
28 46 488
28 47 921
28 48 907
28 49 564
28 50 805
28 51 638
28 52 639
28 53 852
28 54 1017
28 55 753
28 56 1137
28 57 595
28 58 1227
28 59 796
28 60 824
28 61 800
28 62 613
28 63 136
28 64 174
28 65 992
28 66 424
28 67 1055
28 68 985
28 69 577
28 70 233
28 71 1022
28 72 357
28 73 549
28 74 229
28 75 682
28 76 182
28 77 748
28 78 772
28 79 804
28 80 932
28 81 331
28 82 1081
28 83 801
28 84 716
28 85 445
28 86 834
28 87 260
28 88 855
28 89 843
28 90 117
28 91 900
28 92 253
28 93 1134
28 94 158
28 95 478
28 96 1012
28 97 839
28 98 520
28 99 868
28 100 468
29 1 742
29 2 794
29 3 611
29 4 751
29 5 636
29 6 692
29 7 648
29 8 585
29 9 250
29 10 64
29 11 296
29 12 765
29 13 470
29 14 301
29 15 233
29 16 150
29 17 858
29 18 303
29 19 217
29 20 429
29 21 304
29 22 643
29 23 158
29 24 793
29 25 812
29 26 240
29 27 301
29 28 272
29 30 424
29 31 649
29 32 633
29 33 387
29 34 443
29 35 580
29 36 717
29 37 375
29 38 437
29 39 121
29 40 584
29 41 404
29 42 214
29 43 281
29 44 532
29 45 253
29 46 425
29 47 670
29 48 821
29 49 494
29 50 654
29 51 385
29 52 549
29 53 703
29 54 766
29 55 504
29 56 901
29 57 336
29 58 993
29 59 616
29 60 612
29 61 539
29 62 504
29 63 207
29 64 135
29 65 750
29 66 162
29 67 817
29 68 822
29 69 328
29 70 87
29 71 826
29 72 456
29 73 535
29 74 360
29 75 530
29 76 360
29 77 519
29 78 577
29 79 729
29 80 693
29 81 213
29 82 842
29 83 533
29 84 449
29 85 175
29 86 723
29 87 270
29 88 586
29 89 605
29 90 188
29 91 771
29 92 143
29 93 893
29 94 378
29 95 303
29 96 761
29 97 671
29 98 263
29 99 597
29 100 209
30 1 589
30 2 371
30 3 209
30 4 335
30 5 227
30 6 283
30 7 426
30 8 611
30 9 253
30 10 483
30 11 560
30 12 378
30 13 377
30 14 205
30 15 563
30 16 473
30 17 439
30 18 679
30 19 302
30 20 43
30 21 425
30 22 360
30 23 280
30 24 412
30 25 517
30 26 193
30 27 363
30 28 644
30 29 424
30 31 336
30 32 244
30 33 97
30 34 203
30 35 677
30 36 600
30 37 569
30 38 37
30 39 476
30 40 554
30 41 398
30 42 504
30 43 199
30 44 426
30 45 189
30 46 348
30 47 305
30 48 531
30 49 351
30 50 292
30 51 130
30 52 336
30 53 338
30 54 395
30 55 156
30 56 495
30 57 441
30 58 584
30 59 219
30 60 188
30 61 245
30 62 284
30 63 518
30 64 555
30 65 354
30 66 399
30 67 414
30 68 426
30 69 475
30 70 509
30 71 405
30 72 583
30 73 461
30 74 578
30 75 208
30 76 623
30 77 643
30 78 166
30 79 475
30 80 294
30 81 327
30 82 441
30 83 312
30 84 434
30 85 345
30 86 412
30 87 449
30 88 478
30 89 675
30 90 600
30 91 423
30 92 392
30 93 495
30 94 669
30 95 181
30 96 391
30 97 283
30 98 197
30 99 395
30 100 410
31 1 315
31 2 384
31 3 410
31 4 263
31 5 212
31 6 424
31 7 724
31 8 947
31 9 568
31 10 712
31 11 632
31 12 539
31 13 711
31 14 349
31 15 681
31 16 621
31 17 346
31 18 806
31 19 444
31 20 374
31 21 469
31 22 50
31 23 554
31 24 575
31 25 181
31 26 483
31 27 415
31 28 773
31 29 649
31 30 336
31 32 453
31 33 293
31 34 532
31 35 1012
31 36 351
31 37 586
31 38 362
31 39 642
31 40 887
31 41 362
31 42 795
31 43 519
31 44 272
31 45 490
31 46 294
31 47 524
31 48 195
31 49 227
31 50 89
31 51 466
31 52 148
31 53 103
31 54 577
31 55 453
31 56 574
31 57 768
31 58 634
31 59 177
31 60 299
31 61 545
31 62 161
31 63 639
31 64 756
31 65 504
31 66 689
31 67 528
31 68 237
31 69 798
31 70 732
31 71 345
31 72 542
31 73 312
31 74 609
31 75 134
31 76 671
31 77 976
31 78 228
31 79 152
31 80 459
31 81 459
31 82 548
31 83 627
31 84 769
31 85 640
31 86 78
31 87 517
31 88 804
31 89 1011
31 90 779
31 91 127
31 92 548
31 93 601
31 94 727
31 95 350
31 96 577
31 97 148
31 98 507
31 99 705
31 100 713
32 1 758
32 2 226
32 3 45
32 4 282
32 5 248
32 6 81
32 7 294
32 8 598
32 9 405
32 10 685
32 11 802
32 12 136
32 13 371
32 14 449
32 15 800
32 16 707
32 17 342
32 18 911
32 19 544
32 20 218
32 21 668
32 22 496
32 23 477
32 24 169
32 25 607
32 26 394
32 27 606
32 28 875
32 29 633
32 30 244
32 31 453
32 33 335
32 34 225
32 35 691
32 36 783
32 37 812
32 38 214
32 39 705
32 40 521
32 41 633
32 42 650
32 43 358
32 44 635
32 45 380
32 46 575
32 47 73
32 48 622
32 49 560
32 50 373
32 51 250
32 52 521
32 53 396
32 54 151
32 55 132
32 56 270
32 57 525
32 58 363
32 59 278
32 60 155
32 61 156
32 62 479
32 63 756
32 64 767
32 65 118
32 66 559
32 67 185
32 68 404
32 69 567
32 70 713
32 71 298
32 72 823
32 73 674
32 74 822
32 75 369
32 76 866
32 77 679
32 78 228
32 79 604
32 80 63
32 81 569
32 82 210
32 83 242
32 84 452
32 85 507
32 86 509
32 87 692
32 88 416
32 89 674
32 90 818
32 91 480
32 92 627
32 93 261
32 94 912
32 95 425
32 96 148
32 97 325
32 98 372
32 99 294
32 100 551
33 1 509
33 2 429
33 3 296
33 4 367
33 5 252
33 6 363
33 7 518
33 8 674
33 9 277
33 10 450
33 11 479
33 12 466
33 13 448
33 14 120
33 15 493
33 16 409
33 17 475
33 18 613
33 19 227
33 20 137
33 21 335
33 22 305
33 23 267
33 24 501
33 25 472
33 26 192
33 27 272
33 28 578
33 29 387
33 30 97
33 31 293
33 32 335
33 34 286
33 35 729
33 36 515
33 37 480
33 38 133
33 39 418
33 40 624
33 41 302
33 42 506
33 43 229
33 44 335
33 45 198
33 46 252
33 47 399
33 48 485
33 49 261
33 50 274
33 51 202
33 52 258
33 53 324
33 54 486
33 55 252
33 56 573
33 57 478
33 58 659
33 59 229
33 60 248
33 61 339
33 62 203
33 63 448
33 64 511
33 65 440
33 66 400
33 67 496
33 68 435
33 69 507
33 70 473
33 71 447
33 72 489
33 73 367
33 74 491
33 75 160
33 76 540
33 77 690
33 78 196
33 79 415
33 80 379
33 81 250
33 82 522
33 83 400
33 84 495
33 85 350
33 86 370
33 87 365
33 88 557
33 89 732
33 90 549
33 91 400
33 92 326
33 93 578
33 94 588
33 95 101
33 96 483
33 97 284
33 98 216
33 99 484
33 100 422
34 1 791
34 2 441
34 3 226
34 4 460
34 5 378
34 6 303
34 7 240
34 8 420
34 9 196
34 10 486
34 11 666
34 12 340
34 13 181
34 14 358
34 15 642
34 16 546
34 17 544
34 18 739
34 19 420
34 20 162
34 21 563
34 22 561
34 23 288
34 24 362
34 25 710
34 26 224
34 27 509
34 28 705
34 29 443
34 30 203
34 31 532
34 32 225
34 33 286
34 35 497
34 36 800
34 37 700
34 38 172
34 39 536
34 40 356
34 41 570
34 42 428
34 43 164
34 44 620
34 45 204
34 46 530
34 47 239
34 48 724
34 49 547
34 50 476
34 51 89
34 52 538
34 53 516
34 54 332
34 55 106
34 56 488
34 57 302
34 58 580
34 59 387
34 60 297
34 61 97
34 62 485
34 63 602
34 64 574
34 65 334
34 66 343
34 67 403
34 68 573
34 69 343
34 70 515
34 71 502
34 72 736
34 73 651
34 74 702
34 75 409
34 76 734
34 77 475
34 78 326
34 79 675
34 80 288
34 81 443
34 82 426
34 83 117
34 84 250
34 85 294
34 86 605
34 87 572
34 88 275
34 89 489
34 90 631
34 91 604
34 92 475
34 93 469
34 94 771
34 95 332
34 96 326
34 97 450
34 98 186
34 99 201
34 100 330
35 1 1226
35 2 916
35 3 707
35 4 954
35 5 874
35 6 771
35 7 453
35 8 108
35 9 464
35 10 566
35 11 875
35 12 757
35 13 322
35 14 738
35 15 804
35 16 730
35 17 1030
35 18 833
35 19 729
35 20 642
35 21 861
35 22 1032
35 23 531
35 24 759
35 25 1192
35 26 559
35 27 834
35 28 813
35 29 580
35 30 677
35 31 1012
35 32 691
35 33 729
35 34 497
35 36 1219
35 37 953
35 38 655
35 39 699
35 40 190
35 41 929
35 42 380
35 43 503
35 44 1026
35 45 544
35 46 919
35 47 666
35 48 1206
35 49 963
35 50 966
35 51 548
35 52 982
35 53 1009
35 54 726
35 55 599
35 56 902
35 57 265
35 58 983
35 59 882
35 60 793
35 61 536
35 62 927
35 63 785
35 64 639
35 65 769
35 66 425
35 67 829
35 68 1069
35 69 257
35 70 584
35 71 987
35 72 1028
35 73 1045
35 74 940
35 75 880
35 76 938
35 77 66
35 78 820
35 79 1143
35 80 744
35 81 740
35 82 845
35 83 450
35 84 248
35 85 441
35 86 1088
35 87 839
35 88 298
35 89 43
35 90 697
35 91 1096
35 92 707
35 93 867
35 94 948
35 95 720
35 96 719
35 97 945
35 98 521
35 99 421
35 100 378
36 1 60
36 2 734
36 3 739
36 4 612
36 5 557
36 6 767
36 7 1024
36 8 1177
36 9 757
36 10 770
36 11 545
36 12 883
36 13 961
36 14 482
36 15 628
36 16 617
36 17 684
36 18 733
36 19 509
36 20 643
36 21 426
36 22 302
36 23 696
36 24 920
36 25 318
36 26 661
36 27 416
36 28 710
36 29 717
36 30 600
36 31 351
36 32 783
36 33 515
36 34 800
36 35 1219
36 37 457
36 38 635
36 39 650
36 40 1134
36 41 313
36 42 915
36 43 723
36 44 194
36 45 678
36 46 303
36 47 855
36 48 311
36 49 258
36 50 439
36 51 716
36 52 266
36 53 447
36 54 918
36 55 748
36 56 925
36 57 956
36 58 983
36 59 519
36 60 635
36 61 841
36 62 317
36 63 601
36 64 773
36 65 849
36 66 824
36 67 877
36 68 559
36 69 973
36 70 777
36 71 690
36 72 369
36 73 182
36 74 488
36 75 416
36 76 548
36 77 1170
36 78 557
36 79 233
36 80 799
36 81 507
36 82 898
36 83 911
36 84 1000
36 85 790
36 86 337
36 87 474
36 88 1071
36 89 1228
36 90 768
36 91 416
36 92 578
36 93 951
36 94 599
36 95 501
36 96 918
36 97 499
36 98 702
36 99 995
36 100 862
37 1 505
37 2 889
37 3 775
37 4 798
37 5 692
37 6 842
37 7 937
37 8 949
37 9 553
37 10 403
37 11 99
37 12 945
37 13 795
37 14 364
37 15 190
37 16 228
37 17 902
37 18 278
37 19 281
37 20 600
37 21 145
37 22 552
37 23 453
37 24 980
37 25 683
37 26 482
37 27 208
37 28 259
37 29 375
37 30 569
37 31 586
37 32 812
37 33 480
37 34 700
37 35 953
37 36 457
37 38 601
37 39 263
37 40 937
37 41 225
37 42 586
37 43 552
37 44 339
37 45 503
37 46 293
37 47 872
37 48 686
37 49 360
37 50 638
37 51 616
37 52 440
37 53 678
37 54 963
37 55 711
37 56 1049
37 57 700
37 58 1132
37 59 657
37 60 719
37 61 783
37 62 431
37 63 183
37 64 366
37 65 919
37 66 530
37 67 974
37 68 816
37 69 698
37 70 396
37 71 886
37 72 99
37 73 312
37 74 31
37 75 528
37 76 93
37 77 893
37 78 652
37 79 582
37 80 859
37 81 258
37 82 1000
37 83 813
37 84 796
37 85 524
37 86 633
37 87 129
37 88 916
37 89 976
37 90 340
37 91 708
37 92 251
37 93 1056
37 94 147
37 95 389
37 96 959
37 97 684
37 98 526
37 99 892
37 100 577
38 1 623
38 2 359
38 3 182
38 4 336
38 5 233
38 6 260
38 7 390
38 8 585
38 9 248
38 10 494
38 11 588
38 12 349
38 13 349
38 14 238
38 15 588
38 16 496
38 17 436
38 18 701
38 19 330
38 20 13
38 21 457
38 22 389
38 23 288
38 24 383
38 25 541
38 26 201
38 27 396
38 28 666
38 29 437
38 30 37
38 31 362
38 32 214
38 33 133
38 34 172
38 35 655
38 36 635
38 37 601
38 39 497
38 40 526
38 41 434
38 42 502
38 43 194
38 44 462
38 45 193
38 46 384
38 47 272
38 48 555
38 49 387
38 50 312
38 51 108
38 52 370
38 53 356
38 54 364
38 55 120
38 56 472
38 57 426
38 58 562
38 59 231
38 60 180
38 61 209
38 62 318
38 63 543
38 64 570
38 65 328
38 66 399
38 67 390
38 68 434
38 69 462
38 70 522
38 71 399
38 72 617
38 73 497
38 74 609
38 75 237
38 76 652
38 77 624
38 78 173
38 79 504
38 80 267
38 81 355
38 82 416
38 83 277
38 84 409
38 85 344
38 86 436
38 87 479
38 88 446
38 89 651
38 90 617
38 91 442
38 92 415
38 93 470
38 94 698
38 95 213
38 96 360
38 97 296
38 98 196
38 99 361
38 100 406
39 1 682
39 2 843
39 3 677
39 4 783
39 5 668
39 6 756
39 7 754
39 8 705
39 9 352
39 10 140
39 11 177
39 12 840
39 13 584
39 14 308
39 15 114
39 16 36
39 17 891
39 18 206
39 19 201
39 20 491
39 21 224
39 22 627
39 23 250
39 24 870
39 25 789
39 26 316
39 27 245
39 28 172
39 29 121
39 30 476
39 31 642
39 32 705
39 33 418
39 34 536
39 35 699
39 36 650
39 37 263
39 38 497
39 40 704
39 41 342
39 42 325
39 43 373
39 44 478
39 45 334
39 46 380
39 47 750
39 48 796
39 49 455
39 50 662
39 51 467
39 52 522
39 53 711
39 54 846
39 55 582
39 56 968
39 57 457
39 58 1059
39 59 642
39 60 659
39 61 630
39 62 486
39 63 87
39 64 124
39 65 821
39 66 283
39 67 885
39 68 839
39 69 448
39 70 136
39 71 864
39 72 351
39 73 472
39 74 245
39 75 537
39 76 240
39 77 637
39 78 613
39 79 698
39 80 762
39 81 184
39 82 911
39 83 635
39 84 568
39 85 291
39 86 709
39 87 179
39 88 701
39 89 724
39 90 137
39 91 767
39 92 95
39 93 964
39 94 258
39 95 320
39 96 841
39 97 689
39 98 350
39 99 704
39 100 329
40 1 1132
40 2 745
40 3 543
40 4 795
40 5 727
40 6 599
40 7 265
40 8 84
40 9 394
40 10 590
40 11 872
40 12 574
40 13 178
40 14 661
40 15 816
40 16 729
40 17 863
40 18 872
40 19 680
40 20 515
40 21 823
40 22 914
40 23 486
40 24 574
40 25 1065
40 26 484
40 27 784
40 28 845
40 29 584
40 30 554
40 31 887
40 32 521
40 33 624
40 34 356
40 35 190
40 36 1134
40 37 937
40 38 526
40 39 704
40 41 868
40 42 426
40 43 416
40 44 946
40 45 465
40 46 844
40 47 488
40 48 1080
40 49 877
40 50 831
40 51 426
40 52 881
40 53 870
40 54 541
40 55 448
40 56 716
40 57 251
40 58 796
40 59 740
40 60 640
40 61 371
40 62 826
40 63 788
40 64 676
40 65 589
40 66 423
40 67 646
40 68 914
40 69 274
40 70 614
40 71 819
40 72 998
40 73 971
40 74 929
40 75 761
40 76 940
40 77 211
40 78 679
40 79 1028
40 80 569
40 81 696
40 82 660
40 83 281
40 84 142
40 85 416
40 86 960
40 87 812
40 88 111
40 89 162
40 90 738
40 91 958
40 92 687
40 93 680
40 94 961
40 95 639
40 96 534
40 97 802
40 98 440
40 99 237
40 100 378
41 1 342
41 2 678
41 3 592
41 4 580
41 5 480
41 6 649
41 7 809
41 8 899
41 9 476
41 10 457
41 11 277
41 12 759
41 13 704
41 14 213
41 15 343
41 16 311
41 17 682
41 18 462
41 19 203
41 20 437
41 21 124
41 22 329
41 23 399
41 24 796
41 25 471
41 26 384
41 27 103
41 28 433
41 29 404
41 30 398
41 31 362
41 32 633
41 33 302
41 34 570
41 35 929
41 36 313
41 37 225
41 38 434
41 39 342
41 40 868
41 42 606
41 43 453
41 44 137
41 45 404
41 46 70
41 47 699
41 48 475
41 49 137
41 50 416
41 51 481
41 52 217
41 53 455
41 54 783
41 55 552
41 56 848
41 57 664
41 58 927
41 59 442
41 60 519
41 61 637
41 62 208
41 63 307
41 64 466
41 65 730
41 66 519
41 67 779
41 68 592
41 69 676
41 70 466
41 71 668
41 72 197
41 73 132
41 74 248
41 75 311
41 76 311
41 77 876
41 78 446
41 79 372
41 80 671
41 81 197
41 82 804
41 83 686
41 84 727
41 85 490
41 86 411
41 87 176
41 88 822
41 89 943
41 90 468
41 91 484
41 92 265
41 93 861
41 94 366
41 95 238
41 96 780
41 97 464
41 98 429
41 99 770
41 100 560
42 1 935
42 2 850
42 3 642
42 4 836
42 5 730
42 6 724
42 7 567
42 8 405
42 9 255
42 10 188
42 11 501
42 12 767
42 13 369
42 14 459
42 15 426
42 16 358
42 17 937
42 18 457
42 19 407
42 20 490
42 21 514
42 22 799
42 23 242
42 24 787
42 25 969
42 26 317
42 27 504
42 28 434
42 29 214
42 30 504
42 31 795
42 32 650
42 33 506
42 34 428
42 35 380
42 36 915
42 37 586
42 38 502
42 39 325
42 40 426
42 41 606
42 43 309
42 44 725
42 45 316
42 46 616
42 47 666
42 48 980
42 49 677
42 50 779
42 51 411
42 52 719
42 53 828
42 54 757
42 55 521
42 56 916
42 57 183
42 58 1008
42 59 720
42 60 679
42 61 518
42 62 668
42 63 411
42 64 261
42 65 762
42 66 107
42 67 831
42 68 928
42 69 153
42 70 204
42 71 899
42 72 669
42 73 734
42 74 569
42 75 665
42 76 561
42 77 316
42 78 669
42 79 897
42 80 713
42 81 410
42 82 854
42 83 477
42 84 316
42 85 160
42 86 872
42 87 483
42 88 462
42 89 410
42 90 321
42 91 906
42 92 353
42 93 896
42 94 569
42 95 450
42 96 750
42 97 781
42 98 308
42 99 515
42 100 100
43 1 725
43 2 544
43 3 342
43 4 529
43 5 424
43 6 425
43 7 388
43 8 455
43 9 55
43 10 329
43 11 509
43 12 487
43 13 252
43 14 246
43 15 480
43 16 384
43 17 628
43 18 576
43 19 276
43 20 182
43 21 422
43 22 534
43 23 125
43 24 513
43 25 699
43 26 72
43 27 376
43 28 542
43 29 281
43 30 199
43 31 519
43 32 358
43 33 229
43 34 164
43 35 503
43 36 723
43 37 552
43 38 194
43 39 373
43 40 416
43 41 453
43 42 309
43 44 532
43 45 51
43 46 429
43 47 390
43 48 712
43 49 465
43 50 487
43 51 109
43 52 480
43 53 534
43 54 486
43 55 227
43 56 628
43 57 250
43 58 721
43 59 418
43 60 371
43 61 259
43 62 425
43 63 441
43 64 414
43 65 475
43 66 208
43 67 543
43 68 625
43 69 280
43 70 357
43 71 591
43 72 598
43 73 556
43 74 551
43 75 386
43 76 578
43 77 461
43 78 363
43 79 643
43 80 420
43 81 297
43 82 568
43 83 266
43 84 278
43 85 153
43 86 596
43 87 423
43 88 372
43 89 508
43 90 469
43 91 617
43 92 316
43 93 616
43 94 613
43 95 224
43 96 480
43 97 481
43 98 26
43 99 341
43 100 212
44 1 211
44 2 633
44 3 591
44 4 522
44 5 438
44 6 634
44 7 851
44 8 986
44 9 564
44 10 588
44 11 407
44 12 749
44 13 774
44 14 289
44 15 478
44 16 447
44 17 614
44 18 595
44 19 320
44 20 469
44 21 260
44 22 229
44 23 503
44 24 786
44 25 345
44 26 469
44 27 235
44 28 567
44 29 532
44 30 426
44 31 272
44 32 635
44 33 335
44 34 620
44 35 1026
44 36 194
44 37 339
44 38 462
44 39 478
44 40 946
44 41 137
44 42 725
44 43 532
44 45 486
44 46 111
44 47 706
44 48 348
44 49 76
44 50 345
44 51 534
44 52 130
44 53 373
44 54 779
44 55 580
44 56 816
44 57 763
44 58 886
44 59 399
44 60 500
44 61 671
44 62 158
44 63 443
44 64 601
44 65 717
44 66 632
44 67 756
44 68 508
44 69 780
44 70 598
44 71 608
44 72 278
44 73 43
44 74 366
44 75 273
44 76 430
44 77 977
44 78 421
44 79 244
44 80 662
44 81 320
44 82 780
44 83 734
44 84 810
44 85 597
44 86 303
44 87 312
44 88 887
44 89 1036
44 90 605
44 91 382
44 92 397
44 93 836
44 94 485
44 95 309
44 96 778
44 97 401
44 98 510
44 99 819
44 100 669
45 1 682
45 2 551
45 3 359
45 4 524
45 5 415
45 6 441
45 7 436
45 8 501
45 9 81
45 10 306
45 11 463
45 12 513
45 13 302
45 14 198
45 15 439
45 16 343
45 17 627
45 18 539
45 19 226
45 20 183
45 21 372
45 22 501
45 23 98
45 24 541
45 25 669
45 26 22
45 27 325
45 28 505
45 29 253
45 30 189
45 31 490
45 32 380
45 33 198
45 34 204
45 35 544
45 36 678
45 37 503
45 38 193
45 39 334
45 40 465
45 41 404
45 42 316
45 43 51
45 44 486
45 46 381
45 47 419
45 48 682
45 49 420
45 50 466
45 51 134
45 52 440
45 53 514
45 54 516
45 55 252
45 56 649
45 57 285
45 58 741
45 59 404
45 60 372
45 61 296
45 62 386
45 63 398
45 64 387
45 65 498
45 66 211
45 67 564
45 68 613
45 69 310
45 70 334
45 71 591
45 72 548
45 73 508
45 74 503
45 75 357
45 76 531
45 77 499
45 78 354
45 79 608
45 80 441
45 81 247
45 82 590
45 83 312
45 84 326
45 85 157
45 86 568
45 87 374
45 88 422
45 89 552
45 90 439
45 91 594
45 92 271
45 93 640
45 94 568
45 95 177
45 96 510
45 97 466
45 98 26
45 99 389
45 100 226
46 1 320
46 2 611
46 3 533
46 4 511
46 5 412
46 6 587
46 7 767
46 8 882
46 9 458
46 10 483
46 11 339
46 12 698
46 13 675
46 14 184
46 15 397
46 16 353
46 17 613
46 18 519
46 19 211
46 20 388
46 21 178
46 22 265
46 23 393
46 24 735
46 25 414
46 26 364
46 27 136
46 28 488
46 29 425
46 30 348
46 31 294
46 32 575
46 33 252
46 34 530
46 35 919
46 36 303
46 37 293
46 38 384
46 39 380
46 40 844
46 41 70
46 42 616
46 43 429
46 44 111
46 45 381
46 47 643
46 48 420
46 49 77
46 50 347
46 51 442
46 52 152
46 53 386
46 54 724
46 55 503
46 56 783
46 57 655
46 58 860
46 59 374
46 60 455
46 61 590
46 62 139
46 63 358
46 64 503
46 65 668
46 66 522
46 67 715
46 68 524
46 69 671
46 70 495
46 71 599
46 72 264
46 73 128
46 74 316
46 75 243
46 76 377
46 77 869
46 78 380
46 79 320
46 80 610
46 81 213
46 82 740
46 83 646
46 84 706
46 85 487
46 86 348
46 87 229
46 88 791
46 89 930
46 90 512
46 91 419
46 92 294
46 93 797
46 94 433
46 95 206
46 96 722
46 97 394
46 98 406
46 99 730
46 100 560
47 1 830
47 2 262
47 3 117
47 4 339
47 5 317
47 6 122
47 7 242
47 8 568
47 9 432
47 10 719
47 11 857
47 12 102
47 13 355
47 14 509
47 15 849
47 16 755
47 17 384
47 18 956
47 19 599
47 20 273
47 21 728
47 22 567
47 23 513
47 24 124
47 25 675
47 26 435
47 27 667
47 28 921
47 29 670
47 30 305
47 31 524
47 32 73
47 33 399
47 34 239
47 35 666
47 36 855
47 37 872
47 38 272
47 39 750
47 40 488
47 41 699
47 42 666
47 43 390
47 44 706
47 45 419
47 46 643
47 48 690
47 49 631
47 50 443
47 51 286
47 52 592
47 53 464
47 54 97
47 55 169
47 56 252
47 57 525
47 58 343
47 59 348
47 60 226
47 61 150
47 62 550
47 63 806
47 64 804
47 65 105
47 66 582
47 67 170
47 68 461
47 69 568
47 70 747
47 71 341
47 72 887
47 73 744
47 74 881
47 75 441
47 76 922
47 77 661
47 78 300
47 79 675
47 80 87
47 81 624
47 82 191
47 83 220
47 84 437
47 85 532
47 86 579
47 87 750
47 88 379
47 89 646
47 90 858
47 91 546
47 92 677
47 93 231
47 94 966
47 95 484
47 96 91
47 97 393
47 98 408
47 99 253
47 100 568
48 1 254
48 2 498
48 3 582
48 4 376
48 5 375
48 6 578
48 7 905
48 8 1140
48 9 761
48 10 883
48 11 751
48 12 685
48 13 904
48 14 525
48 15 816
48 16 771
48 17 415
48 18 937
48 19 607
48 20 567
48 21 596
48 22 182
48 23 739
48 24 719
48 25 16
48 26 673
48 27 555
48 28 907
48 29 821
48 30 531
48 31 195
48 32 622
48 33 485
48 34 724
48 35 1206
48 36 311
48 37 686
48 38 555
48 39 796
48 40 1080
48 41 475
48 42 980
48 43 712
48 44 348
48 45 682
48 46 420
48 47 690
48 49 344
48 50 254
48 51 660
48 52 275
48 53 227
48 54 727
48 55 640
48 56 685
48 57 962
48 58 726
48 59 350
48 60 469
48 61 730
48 62 317
48 63 778
48 64 916
48 65 650
48 66 876
48 67 658
48 68 285
48 69 991
48 70 899
48 71 434
48 72 619
48 73 377
48 74 714
48 75 327
48 76 778
48 77 1170
48 78 409
48 79 104
48 80 615
48 81 617
48 82 674
48 83 815
48 84 964
48 85 829
48 86 120
48 87 648
48 88 994
48 89 1205
48 90 931
48 91 150
48 92 705
48 93 721
48 94 833
48 95 531
48 96 729
48 97 298
48 98 700
48 99 891
48 100 902
49 1 264
49 2 569
49 3 517
49 4 462
49 5 371
49 6 562
49 7 776
49 8 920
49 9 500
49 10 553
49 11 413
49 12 677
49 13 703
49 14 227
49 15 473
49 16 428
49 17 559
49 18 595
49 19 277
49 20 394
49 21 254
49 22 193
49 23 446
49 24 714
49 25 338
49 26 405
49 27 212
49 28 564
49 29 494
49 30 351
49 31 227
49 32 560
49 33 261
49 34 547
49 35 963
49 36 258
49 37 360
49 38 387
49 39 455
49 40 877
49 41 137
49 42 677
49 43 465
49 44 76
49 45 420
49 46 77
49 47 631
49 48 344
49 50 289
49 51 461
49 52 80
49 53 324
49 54 706
49 55 504
49 56 748
49 57 701
49 58 821
49 59 332
49 60 428
49 61 596
49 62 88
49 63 434
49 64 577
49 65 645
49 66 579
49 67 686
49 68 461
49 69 721
49 70 566
49 71 549
49 72 317
49 73 114
49 74 385
49 75 203
49 76 447
49 77 916
49 78 350
49 79 244
49 80 589
49 81 283
49 82 710
49 83 660
49 84 742
49 85 541
49 86 275
49 87 305
49 88 815
49 89 972
49 90 588
49 91 348
49 92 367
49 93 766
49 94 503
49 95 244
49 96 704
49 97 342
49 98 444
49 99 744
49 100 614
50 1 403
50 2 297
50 3 331
50 4 179
50 5 127
50 6 339
50 7 652
50 8 894
50 9 539
50 10 717
50 11 674
50 12 452
50 13 656
50 14 357
50 15 714
50 16 645
50 17 270
50 18 839
50 19 461
50 20 324
50 21 511
50 22 137
50 23 540
50 24 488
50 25 239
50 26 462
50 27 453
50 28 805
50 29 654
50 30 292
50 31 89
50 32 373
50 33 274
50 34 476
50 35 966
50 36 439
50 37 638
50 38 312
50 39 662
50 40 831
50 41 416
50 42 779
50 43 487
50 44 345
50 45 466
50 46 347
50 47 443
50 48 254
50 49 289
50 51 419
50 52 216
50 53 50
50 54 491
50 55 387
50 56 486
50 57 732
50 58 548
50 59 97
50 60 218
50 61 477
50 62 209
50 63 670
50 64 769
50 65 417
50 66 672
50 67 440
50 68 180
50 69 765
50 70 738
50 71 264
50 72 605
50 73 387
50 74 660
50 75 126
50 76 720
50 77 935
50 78 155
50 79 234
50 80 374
50 81 480
50 82 460
50 83 562
50 84 720
50 85 621
50 86 138
50 87 557
50 88 742
50 89 962
50 90 798
50 91 132
50 92 567
50 93 513
50 94 774
50 95 352
50 96 491
50 97 60
50 98 479
50 99 637
50 100 691
51 1 710
51 2 440
51 3 234
51 4 434
51 5 337
51 6 317
51 7 329
51 8 481
51 9 158
51 10 435
51 11 586
51 12 381
51 13 249
51 14 270
51 15 569
51 16 473
51 17 530
51 18 672
51 19 335
51 20 96
51 21 477
51 22 490
51 23 228
51 24 408
51 25 646
51 26 151
51 27 422
51 28 638
51 29 385
51 30 130
51 31 466
51 32 250
51 33 202
51 34 89
51 35 548
51 36 716
51 37 616
51 38 108
51 39 467
51 40 426
51 41 481
51 42 411
51 43 109
51 44 534
51 45 134
51 46 442
51 47 286
51 48 660
51 49 461
51 50 419
51 52 458
51 53 463
51 54 382
51 55 120
51 56 520
51 57 320
51 58 613
51 59 339
51 60 273
51 61 168
51 62 404
51 63 527
51 64 519
51 65 367
51 66 314
51 67 435
51 68 538
51 69 357
51 70 464
51 71 490
51 72 648
51 73 564
51 74 619
51 75 337
51 76 654
51 77 516
51 78 279
51 79 604
51 80 312
51 81 359
51 82 460
51 83 205
51 84 304
51 85 260
51 86 541
51 87 488
51 88 355
51 89 545
51 90 572
51 91 550
51 92 399
51 93 509
51 94 693
51 95 244
51 96 377
51 97 403
51 98 123
51 99 289
51 100 313
52 1 253
52 2 504
52 3 477
52 4 392
52 5 311
52 6 512
52 7 758
52 8 930
52 9 521
52 10 610
52 11 491
52 12 628
52 13 705
52 14 261
52 15 547
52 16 497
52 17 485
52 18 671
52 19 333
52 20 379
52 21 330
52 22 113
52 23 481
52 24 665
52 25 268
52 26 428
52 27 283
52 28 639
52 29 549
52 30 336
52 31 148
52 32 521
52 33 258
52 34 538
52 35 982
52 36 266
52 37 440
52 38 370
52 39 522
52 40 881
52 41 217
52 42 719
52 43 480
52 44 130
52 45 440
52 46 152
52 47 592
52 48 275
52 49 80
52 50 216
52 51 458
52 53 247
52 54 661
52 55 482
52 56 688
52 57 725
52 58 757
52 59 271
52 60 378
52 61 576
52 62 56
52 63 507
52 64 641
52 65 595
52 66 617
52 67 631
52 68 383
52 69 748
52 70 625
52 71 478
52 72 395
52 73 172
52 74 464
52 75 153
52 76 527
52 77 939
52 78 299
52 79 181
52 80 542
52 81 343
52 82 654
52 83 647
52 84 751
52 85 574
52 86 196
52 87 381
52 88 812
52 89 987
52 90 657
52 91 268
52 92 431
52 93 710
52 94 582
52 95 272
52 96 660
52 97 272
52 98 462
52 99 730
52 100 649
53 1 405
53 2 290
53 3 356
53 4 166
53 5 150
53 6 353
53 7 682
53 8 935
53 9 587
53 10 766
53 11 718
53 12 463
53 13 696
53 14 407
53 15 761
53 16 693
53 17 243
53 18 885
53 19 510
53 20 368
53 21 555
53 22 151
53 23 590
53 24 497
53 25 211
53 26 511
53 27 497
53 28 852
53 29 703
53 30 338
53 31 103
53 32 396
53 33 324
53 34 516
53 35 1009
53 36 447
53 37 678
53 38 356
53 39 711
53 40 870
53 41 455
53 42 828
53 43 534
53 44 373
53 45 514
53 46 386
53 47 464
53 48 227
53 49 324
53 50 50
53 51 463
53 52 247
53 54 503
53 55 424
53 56 481
53 57 779
53 58 536
53 59 130
53 60 244
53 61 510
53 62 248
53 63 717
53 64 819
53 65 427
53 66 722
53 67 442
53 68 138
53 69 812
53 70 788
53 71 244
53 72 641
53 73 415
53 74 701
53 75 175
53 76 761
53 77 979
53 78 191
53 79 228
53 80 390
53 81 528
53 82 461
53 83 598
53 84 762
53 85 670
53 86 121
53 87 601
53 88 778
53 89 1003
53 90 847
53 91 89
53 92 616
53 93 512
53 94 816
53 95 401
53 96 505
53 97 72
53 98 528
53 99 670
53 100 740
54 1 888
54 2 254
54 3 192
54 4 357
54 5 366
54 6 153
54 7 280
54 8 623
54 9 526
54 10 814
54 11 951
54 12 45
54 13 428
54 14 600
54 15 945
54 16 851
54 17 375
54 18 1052
54 19 693
54 20 366
54 21 819
54 22 622
54 23 609
54 24 34
54 25 712
54 26 532
54 27 757
54 28 1017
54 29 766
54 30 395
54 31 577
54 32 151
54 33 486
54 34 332
54 35 726
54 36 918
54 37 963
54 38 364
54 39 846
54 40 541
54 41 783
54 42 757
54 43 486
54 44 779
54 45 516
54 46 724
54 47 97
54 48 727
54 49 706
54 50 491
54 51 382
54 52 661
54 53 503
54 55 265
54 56 176
54 57 608
54 58 261
54 59 402
54 60 284
54 61 239
54 62 622
54 63 901
54 64 900
54 65 78
54 66 675
54 67 110
54 68 474
54 69 652
54 70 843
54 71 335
54 72 974
54 73 819
54 74 972
54 75 509
54 76 1015
54 77 728
54 78 362
54 79 725
54 80 120
54 81 717
54 82 120
54 83 294
54 84 510
54 85 626
54 86 623
54 87 842
54 88 430
54 89 702
54 90 954
54 91 579
54 92 772
54 93 145
54 94 1060
54 95 575
54 96 8
54 97 436
54 98 504
54 99 306
54 100 659
55 1 732
55 2 337
55 3 123
55 4 356
55 5 280
55 6 204
55 7 277
55 8 517
55 9 273
55 10 554
55 11 691
55 12 262
55 13 279
55 14 351
55 15 681
55 16 586
55 17 439
55 18 788
55 19 434
55 20 116
55 21 568
55 22 486
55 23 347
55 24 290
55 25 625
55 26 267
55 27 509
55 28 753
55 29 504
55 30 156
55 31 453
55 32 132
55 33 252
55 34 106
55 35 599
55 36 748
55 37 711
55 38 120
55 39 582
55 40 448
55 41 552
55 42 521
55 43 227
55 44 580
55 45 252
55 46 503
55 47 169
55 48 640
55 49 504
55 50 387
55 51 120
55 52 482
55 53 424
55 54 265
55 56 402
55 57 406
55 58 494
55 59 294
55 60 195
55 61 95
55 62 432
55 63 638
55 64 638
55 65 248
55 66 428
55 67 316
55 68 471
55 69 447
55 70 583
55 71 397
55 72 733
55 73 615
55 74 718
55 75 340
55 76 757
55 77 579
55 78 233
55 79 601
55 80 195
55 81 459
55 82 341
55 83 176
55 84 353
55 85 375
55 86 521
55 87 587
55 88 355
55 89 589
55 90 690
55 91 512
55 92 509
55 93 390
55 94 799
55 95 325
55 96 260
55 97 355
55 98 242
55 99 254
55 100 422
56 1 886
56 2 192
56 3 292
56 4 316
56 5 378
56 6 213
56 7 454
56 8 799
56 9 674
56 10 954
56 11 1051
56 12 151
56 13 602
56 14 692
56 15 1058
56 16 967
56 17 281
56 18 1172
56 19 795
56 20 478
56 21 905
56 22 623
56 23 746
56 24 144
56 25 670
56 26 662
56 27 842
56 28 1137
56 29 901
56 30 495
56 31 574
56 32 270
56 33 573
56 34 488
56 35 902
56 36 925
56 37 1049
56 38 472
56 39 968
56 40 716
56 41 848
56 42 916
56 43 628
56 44 816
56 45 649
56 46 783
56 47 252
56 48 685
56 49 748
56 50 486
56 51 520
56 52 688
56 53 481
56 54 176
56 55 402
56 57 777
56 58 93
56 59 418
56 60 330
56 61 402
56 62 661
56 63 1013
56 64 1035
56 65 154
56 66 827
56 67 86
56 68 405
56 69 820
56 70 982
56 71 253
56 72 1044
56 73 858
56 74 1062
56 75 546
56 76 1112
56 77 904
56 78 403
56 79 708
56 80 209
56 81 820
56 82 62
56 83 467
56 84 684
56 85 776
56 86 600
56 87 937
56 88 606
56 89 877
56 90 1085
56 91 537
56 92 886
56 93 47
56 94 1160
56 95 671
56 96 184
56 97 427
56 98 642
56 99 482
56 100 817
57 1 964
57 2 742
57 3 527
57 4 752
57 5 657
57 6 603
57 7 392
57 8 250
57 9 204
57 10 340
57 11 629
57 12 626
57 13 194
57 14 475
57 15 568
57 16 484
57 17 842
57 18 621
57 19 465
57 20 414
57 21 599
57 22 783
57 23 266
57 24 641
57 25 949
57 26 298
57 27 570
57 28 595
57 29 336
57 30 441
57 31 768
57 32 525
57 33 478
57 34 302
57 35 265
57 36 956
57 37 700
57 38 426
57 39 457
57 40 251
57 41 664
57 42 183
57 43 250
57 44 763
57 45 285
57 46 655
57 47 525
57 48 962
57 49 701
57 50 732
57 51 320
57 52 725
57 53 779
57 54 608
57 55 406
57 56 777
57 58 867
57 59 657
57 60 589
57 61 376
57 62 670
57 63 542
57 64 425
57 65 627
57 66 175
57 67 694
57 68 858
57 69 44
57 70 363
57 71 801
57 72 770
57 73 781
57 74 690
57 75 635
57 76 695
57 77 215
57 78 599
57 79 892
57 80 586
57 81 477
57 82 715
57 83 317
57 84 133
57 85 179
57 86 845
57 87 581
57 88 279
57 89 280
57 90 488
57 91 863
57 92 451
57 93 752
57 94 713
57 95 458
57 96 601
57 97 721
57 98 264
57 99 341
57 100 129
58 1 940
58 2 253
58 3 383
58 4 372
58 5 450
58 6 303
58 7 532
58 8 879
58 9 767
58 10 1046
58 11 1137
58 12 242
58 13 689
58 14 778
58 15 1147
58 16 1057
58 17 312
58 18 1262
58 19 883
58 20 569
58 21 989
58 22 683
58 23 838
58 24 228
58 25 712
58 26 754
58 27 925
58 28 1227
58 29 993
58 30 584
58 31 634
58 32 363
58 33 659
58 34 580
58 35 983
58 36 983
58 37 1132
58 38 562
58 39 1059
58 40 796
58 41 927
58 42 1008
58 43 721
58 44 886
58 45 741
58 46 860
58 47 343
58 48 726
58 49 821
58 50 548
58 51 613
58 52 757
58 53 536
58 54 261
58 55 494
58 56 93
58 57 867
58 59 489
58 60 413
58 61 493
58 62 734
58 63 1101
58 64 1127
58 65 247
58 66 920
58 67 179
58 68 442
58 69 910
58 70 1075
58 71 295
58 72 1123
58 73 928
58 74 1146
58 75 620
58 76 1197
58 77 988
58 78 482
58 79 759
58 80 301
58 81 907
58 82 154
58 83 555
58 84 771
58 85 868
58 86 651
58 87 1022
58 88 686
58 89 957
58 90 1177
58 91 582
58 92 975
58 93 117
58 94 1246
58 95 757
58 96 268
58 97 489
58 98 734
58 99 564
58 100 909
59 1 487
59 2 238
59 3 235
59 4 144
59 5 40
59 6 250
59 7 556
59 8 806
59 9 472
59 10 678
59 11 679
59 12 365
59 13 567
59 14 335
59 15 708
59 16 630
59 17 252
59 18 831
59 19 444
59 20 244
59 21 520
59 22 221
59 23 488
59 24 402
59 25 334
59 26 405
59 27 458
59 28 796
59 29 616
59 30 219
59 31 177
59 32 278
59 33 229
59 34 387
59 35 882
59 36 519
59 37 657
59 38 231
59 39 642
59 40 740
59 41 442
59 42 720
59 43 418
59 44 399
59 45 404
59 46 374
59 47 348
59 48 350
59 49 332
59 50 97
59 51 339
59 52 271
59 53 130
59 54 402
59 55 294
59 56 418
59 57 657
59 58 489
59 60 123
59 61 382
59 62 245
59 63 662
59 64 740
59 65 331
59 66 614
59 67 361
59 68 210
59 69 692
59 70 702
59 71 230
59 72 638
59 73 440
59 74 675
59 75 132
59 76 731
59 77 853
59 78 62
59 79 327
59 80 283
59 81 465
59 82 384
59 83 469
59 84 635
59 85 561
59 86 234
59 87 561
59 88 649
59 89 875
59 90 775
59 91 218
59 92 549
59 93 439
59 94 784
59 95 323
59 96 402
59 97 65
59 98 414
59 99 542
59 100 628
60 1 607
60 2 184
60 3 113
60 4 164
60 5 95
60 6 135
60 7 439
60 8 710
60 9 424
60 10 670
60 11 726
60 12 250
60 13 473
60 14 367
60 15 740
60 16 654
60 17 258
60 18 859
60 19 474
60 20 191
60 21 577
60 22 343
60 23 466
60 24 288
60 25 454
60 26 379
60 27 513
60 28 824
60 29 612
60 30 188
60 31 299
60 32 155
60 33 248
60 34 297
60 35 793
60 36 635
60 37 719
60 38 180
60 39 659
60 40 640
60 41 519
60 42 679
60 43 371
60 44 500
60 45 372
60 46 455
60 47 226
60 48 469
60 49 428
60 50 218
60 51 273
60 52 378
60 53 244
60 54 284
60 55 195
60 56 330
60 57 589
60 58 413
60 59 123
60 61 272
60 62 342
60 63 695
60 64 742
60 65 218
60 66 577
60 67 260
60 68 277
60 69 628
60 70 697
60 71 220
60 72 715
60 73 540
60 74 734
60 75 227
60 76 785
60 77 771
60 78 80
60 79 450
60 80 165
60 81 498
60 82 285
60 83 361
60 84 546
60 85 523
60 86 355
60 87 610
60 88 542
60 89 783
60 90 786
60 91 330
60 92 571
60 93 342
60 94 834
60 95 348
60 96 283
60 97 173
60 98 375
60 99 429
60 100 582
61 1 826
61 2 382
61 3 173
61 4 425
61 5 363
61 6 237
61 7 183
61 8 445
61 9 293
61 10 583
61 11 754
61 12 252
61 13 216
61 14 430
61 15 735
61 16 639
61 17 495
61 18 834
61 19 503
61 20 203
61 21 642
61 22 580
61 23 384
61 24 270
61 25 715
61 26 315
61 27 585
61 28 800
61 29 539
61 30 245
61 31 545
61 32 156
61 33 339
61 34 97
61 35 536
61 36 841
61 37 783
61 38 209
61 39 630
61 40 371
61 41 637
61 42 518
61 43 259
61 44 671
61 45 296
61 46 590
61 47 150
61 48 730
61 49 596
61 50 477
61 51 168
61 52 576
61 53 510
61 54 239
61 55 95
61 56 402
61 57 376
61 58 493
61 59 382
61 60 272
61 62 525
61 63 693
61 64 670
61 65 251
61 66 437
61 67 319
61 68 544
61 69 419
61 70 611
61 71 452
61 72 811
61 73 705
61 74 787
61 75 433
61 76 822
61 77 524
61 78 322
61 79 694
61 80 214
61 81 526
61 82 340
61 83 90
61 84 296
61 85 389
61 86 612
61 87 656
61 88 271
61 89 520
61 90 727
61 91 598
61 92 566
61 93 380
61 94 861
61 95 404
61 96 233
61 97 440
61 98 280
61 99 161
61 100 421
62 1 307
62 2 482
62 3 435
62 4 377
62 5 284
62 6 476
62 7 707
62 8 875
62 9 467
62 10 566
62 11 472
62 12 591
62 13 651
62 14 210
62 15 521
62 16 463
62 17 476
62 18 645
62 19 291
62 20 326
62 21 309
62 22 142
62 23 429
62 24 629
62 25 308
62 26 374
62 27 255
62 28 613
62 29 504
62 30 284
62 31 161
62 32 479
62 33 203
62 34 485
62 35 927
62 36 317
62 37 431
62 38 318
62 39 486
62 40 826
62 41 208
62 42 668
62 43 425
62 44 158
62 45 386
62 46 139
62 47 550
62 48 317
62 49 88
62 50 209
62 51 404
62 52 56
62 53 248
62 54 622
62 55 432
62 56 661
62 57 670
62 58 734
62 59 245
62 60 342
62 61 525
62 63 479
62 64 603
62 65 559
62 66 566
62 67 599
62 68 386
62 69 694
62 70 583
62 71 465
62 72 398
62 73 199
62 74 453
62 75 116
62 76 514
62 77 884
62 78 263
62 79 229
62 80 504
62 81 304
62 82 623
62 83 595
62 84 696
62 85 522
62 86 224
62 87 357
62 88 758
62 89 932
62 90 622
62 91 287
62 92 393
62 93 679
62 94 569
62 95 219
62 96 620
62 97 258
62 98 407
62 99 678
62 100 596
63 1 639
63 2 876
63 3 725
63 4 805
63 5 692
63 6 801
63 7 827
63 8 791
63 9 426
63 10 224
63 11 91
63 12 891
63 13 663
63 14 330
63 15 46
63 16 60
63 17 914
63 18 170
63 19 221
63 20 539
63 21 184
63 22 617
63 23 323
63 24 923
63 25 772
63 26 378
63 27 225
63 28 136
63 29 207
63 30 518
63 31 639
63 32 756
63 33 448
63 34 602
63 35 785
63 36 601
63 37 183
63 38 543
63 39 87
63 40 788
63 41 307
63 42 411
63 43 441
63 44 443
63 45 398
63 46 358
63 47 806
63 48 778
63 49 434
63 50 670
63 51 527
63 52 507
63 53 717
63 54 901
63 55 638
63 56 1013
63 57 542
63 58 1101
63 59 662
63 60 695
63 61 693
63 62 479
63 64 185
63 65 870
63 66 368
63 67 932
63 68 850
63 69 534
63 70 215
63 71 889
63 72 277
63 73 430
63 74 162
63 75 547
63 76 154
63 77 723
63 78 640
63 79 676
63 80 810
63 81 198
63 82 958
63 83 705
63 84 651
63 85 374
63 86 701
63 87 132
63 88 782
63 89 811
63 90 167
63 91 765
63 92 129
63 93 1012
63 94 175
63 95 348
63 96 896
63 97 704
63 98 417
63 99 778
63 100 415
64 1 806
64 2 926
64 3 745
64 4 877
64 5 762
64 6 826
64 7 770
64 8 663
64 9 379
64 10 91
64 11 270
64 12 899
64 13 584
64 14 412
64 15 182
64 16 157
64 17 985
64 18 197
64 19 313
64 20 562
64 21 348
64 22 744
64 23 291
64 24 926
64 25 908
64 26 374
64 27 369
64 28 174
64 29 135
64 30 555
64 31 756
64 32 767
64 33 511
64 34 574
64 35 639
64 36 773
64 37 366
64 38 570
64 39 124
64 40 676
64 41 466
64 42 261
64 43 414
64 44 601
64 45 387
64 46 503
64 47 804
64 48 916
64 49 577
64 50 769
64 51 519
64 52 641
64 53 819
64 54 900
64 55 638
64 56 1035
64 57 425
64 58 1127
64 59 740
64 60 742
64 61 670
64 62 603
64 63 185
64 65 884
64 66 261
64 67 951
64 68 942
64 69 406
64 70 64
64 71 955
64 72 461
64 73 596
64 74 343
64 75 644
64 76 319
64 77 575
64 78 704
64 79 819
64 80 827
64 81 300
64 82 976
64 83 659
64 84 551
64 85 292
64 86 826
64 87 301
64 88 693
64 89 670
64 90 63
64 91 880
64 92 211
64 93 1027
64 94 316
64 95 420
64 96 894
64 97 791
64 98 396
64 99 718
64 100 301
65 1 817
65 2 178
65 3 146
65 4 279
65 5 293
65 6 83
65 7 335
65 8 670
65 9 520
65 10 802
65 11 914
65 12 36
65 13 459
65 14 557
65 15 915
65 16 822
65 17 301
65 18 1027
65 19 656
65 20 332
65 21 775
65 22 551
65 23 594
65 24 72
65 25 635
65 26 512
65 27 712
65 28 992
65 29 750
65 30 354
65 31 504
65 32 118
65 33 440
65 34 334
65 35 769
65 36 849
65 37 919
65 38 328
65 39 821
65 40 589
65 41 730
65 42 762
65 43 475
65 44 717
65 45 498
65 46 668
65 47 105
65 48 650
65 49 645
65 50 417
65 51 367
65 52 595
65 53 427
65 54 78
65 55 248
65 56 154
65 57 627
65 58 247
65 59 331
65 60 218
65 61 251
65 62 559
65 63 870
65 64 884
65 66 674
65 67 69
65 68 396
65 69 670
65 70 830
65 71 259
65 72 923
65 73 757
65 74 930
65 75 445
65 76 977
65 77 765
65 78 297
65 79 650
65 80 61
65 81 681
65 82 93
65 83 324
65 84 541
65 85 622
65 86 547
65 87 802
65 88 479
65 89 748
65 90 935
65 91 501
65 92 742
65 93 143
65 94 1023
65 95 534
65 96 81
65 97 361
65 98 490
65 99 352
65 100 663
66 1 840
66 2 751
66 3 547
66 4 733
66 5 625
66 6 630
66 7 514
66 8 423
66 9 156
66 10 171
66 11 456
66 12 682
66 13 324
66 14 357
66 15 394
66 16 310
66 17 834
66 18 453
66 19 317
66 20 387
66 21 439
66 22 694
66 23 137
66 24 704
66 25 864
66 26 211
66 27 419
66 28 424
66 29 162
66 30 399
66 31 689
66 32 559
66 33 400
66 34 343
66 35 425
66 36 824
66 37 530
66 38 399
66 39 283
66 40 423
66 41 519
66 42 107
66 43 208
66 44 632
66 45 211
66 46 522
66 47 582
66 48 876
66 49 579
66 50 672
66 51 314
66 52 617
66 53 722
66 54 675
66 55 428
66 56 827
66 57 175
66 58 920
66 59 614
66 60 577
66 61 437
66 62 566
66 63 368
66 64 261
66 65 674
66 67 742
66 68 823
66 69 169
66 70 198
66 71 797
66 72 604
66 73 644
66 74 518
66 75 559
66 76 521
66 77 366
66 78 564
66 79 794
66 80 622
66 81 324
66 82 766
66 83 410
66 84 292
66 85 55
66 86 766
66 87 415
66 88 433
66 89 447
66 90 323
66 91 800
66 92 283
66 93 811
66 94 539
66 95 347
66 96 668
66 97 675
66 98 203
66 99 461
66 100 48
67 1 842
67 2 164
67 3 208
67 4 282
67 5 322
67 6 133
67 7 387
67 8 728
67 9 589
67 10 869
67 11 973
67 12 73
67 13 523
67 14 614
67 15 977
67 16 885
67 17 278
67 18 1090
67 19 716
67 20 395
67 21 830
67 22 576
67 23 661
67 24 81
67 25 643
67 26 578
67 27 767
67 28 1055
67 29 817
67 30 414
67 31 528
67 32 185
67 33 496
67 34 403
67 35 829
67 36 877
67 37 974
67 38 390
67 39 885
67 40 646
67 41 779
67 42 831
67 43 543
67 44 756
67 45 564
67 46 715
67 47 170
67 48 658
67 49 686
67 50 440
67 51 435
67 52 631
67 53 442
67 54 110
67 55 316
67 56 86
67 57 694
67 58 179
67 59 361
67 60 260
67 61 319
67 62 599
67 63 932
67 64 951
67 65 69
67 66 742
67 68 389
67 69 737
67 70 897
67 71 241
67 72 973
67 73 797
67 74 986
67 75 483
67 76 1034
67 77 828
67 78 337
67 79 669
67 80 124
67 81 740
67 82 27
67 83 388
67 84 605
67 85 690
67 86 563
67 87 859
67 88 536
67 89 806
67 90 1001
67 91 508
67 92 804
67 93 83
67 94 1082
67 95 592
67 96 116
67 97 381
67 98 557
67 99 410
67 100 732
68 1 511
68 2 226
68 3 374
68 4 123
68 5 202
68 6 339
68 7 697
68 8 986
68 9 678
68 10 884
68 11 854
68 12 429
68 13 749
68 14 532
68 15 894
68 16 823
68 17 131
68 18 1018
68 19 638
68 20 446
68 21 691
68 22 280
68 23 697
68 24 459
68 25 271
68 26 613
68 27 633
68 28 985
68 29 822
68 30 426
68 31 237
68 32 404
68 33 435
68 34 573
68 35 1069
68 36 559
68 37 816
68 38 434
68 39 839
68 40 914
68 41 592
68 42 928
68 43 625
68 44 508
68 45 613
68 46 524
68 47 461
68 48 285
68 49 461
68 50 180
68 51 538
68 52 383
68 53 138
68 54 474
68 55 471
68 56 405
68 57 858
68 58 442
68 59 210
68 60 277
68 61 544
68 62 386
68 63 850
68 64 942
68 65 396
68 66 823
68 67 389
68 69 895
68 70 908
68 71 153
68 72 778
68 73 548
68 74 838
68 75 303
68 76 899
68 77 1047
68 78 262
68 79 328
68 80 376
68 81 657
68 82 401
68 83 634
68 84 822
68 85 769
68 86 223
68 87 737
68 88 814
68 89 1059
68 90 974
68 91 145
68 92 744
68 93 444
68 94 953
68 95 523
68 96 477
68 97 152
68 98 622
68 99 696
68 100 836
69 1 984
69 2 783
69 3 568
69 4 790
69 5 694
69 6 645
69 7 433
69 8 260
69 9 231
69 10 324
69 11 623
69 12 669
69 13 236
69 14 495
69 15 557
69 16 478
69 17 882
69 18 602
69 19 475
69 20 449
69 21 604
69 22 811
69 23 279
69 24 684
69 25 978
69 26 321
69 27 580
69 28 577
69 29 328
69 30 475
69 31 798
69 32 567
69 33 507
69 34 343
69 35 257
69 36 973
69 37 698
69 38 462
69 39 448
69 40 274
69 41 676
69 42 153
69 43 280
69 44 780
69 45 310
69 46 671
69 47 568
69 48 991
69 49 721
69 50 765
69 51 357
69 52 748
69 53 812
69 54 652
69 55 447
69 56 820
69 57 44
69 58 910
69 59 692
69 60 628
69 61 419
69 62 694
69 63 534
69 64 406
69 65 670
69 66 169
69 67 737
69 68 895
69 70 345
69 71 841
69 72 772
69 73 796
69 74 686
69 75 665
69 76 688
69 77 200
69 78 635
69 79 918
69 80 628
69 81 485
69 82 759
69 83 360
69 84 170
69 85 186
69 86 875
69 87 583
69 88 314
69 89 278
69 90 467
69 91 896
69 92 451
69 93 795
69 94 702
69 95 479
69 96 645
69 97 756
69 98 291
69 99 383
69 100 122
70 1 807
70 2 879
70 3 693
70 4 837
70 5 722
70 6 775
70 7 707
70 8 604
70 9 320
70 10 29
70 11 305
70 12 844
70 13 521
70 14 384
70 15 224
70 16 172
70 17 944
70 18 258
70 19 293
70 20 513
70 21 354
70 22 723
70 23 237
70 24 870
70 25 890
70 26 322
70 27 364
70 28 233
70 29 87
70 30 509
70 31 732
70 32 713
70 33 473
70 34 515
70 35 584
70 36 777
70 37 396
70 38 522
70 39 136
70 40 614
70 41 466
70 42 204
70 43 357
70 44 598
70 45 334
70 46 495
70 47 747
70 48 899
70 49 566
70 50 738
70 51 464
70 52 625
70 53 788
70 54 843
70 55 583
70 56 982
70 57 363
70 58 1075
70 59 702
70 60 697
70 61 611
70 62 583
70 63 215
70 64 64
70 65 830
70 66 198
70 67 897
70 68 908
70 69 345
70 71 912
70 72 487
70 73 597
70 74 376
70 75 614
70 76 361
70 77 520
70 78 663
70 79 805
70 80 774
70 81 284
70 82 923
70 83 597
70 84 488
70 85 230
70 86 804
70 87 313
70 88 630
70 89 613
70 90 126
70 91 854
70 92 202
70 93 972
70 94 366
70 95 387
70 96 837
70 97 756
70 98 341
70 99 655
70 100 238
71 1 646
71 2 82
71 3 281
71 4 88
71 5 198
71 6 221
71 7 582
71 8 896
71 9 644
71 10 886
71 11 909
71 12 290
71 13 666
71 14 560
71 15 935
71 16 854
71 17 44
71 18 1057
71 19 670
71 20 411
71 21 750
71 22 394
71 23 685
71 24 316
71 25 419
71 26 597
71 27 688
71 28 1022
71 29 826
71 30 405
71 31 345
71 32 298
71 33 447
71 34 502
71 35 987
71 36 690
71 37 886
71 38 399
71 39 864
71 40 819
71 41 668
71 42 899
71 43 591
71 44 608
71 45 591
71 46 599
71 47 341
71 48 434
71 49 549
71 50 264
71 51 490
71 52 478
71 53 244
71 54 335
71 55 397
71 56 253
71 57 801
71 58 295
71 59 230
71 60 220
71 61 452
71 62 465
71 63 889
71 64 955
71 65 259
71 66 797
71 67 241
71 68 153
71 69 841
71 70 912
71 72 862
71 73 650
71 74 904
71 75 358
71 76 961
71 77 972
71 78 252
71 79 465
71 80 255
71 81 692
71 82 251
71 83 539
71 84 744
71 85 742
71 86 356
71 87 790
71 88 713
71 89 972
71 90 994
71 91 288
71 92 772
71 93 292
71 94 1014
71 95 545
71 96 339
71 97 208
71 98 594
71 99 590
71 100 801
72 1 419
72 2 874
72 3 783
72 4 774
72 5 675
72 6 843
72 7 975
72 8 1017
72 9 607
72 10 490
72 11 197
72 12 952
72 13 847
72 14 383
72 15 288
72 16 316
72 17 874
72 18 374
72 19 323
72 20 618
72 21 177
72 22 504
72 23 512
72 24 988
72 25 619
72 26 527
72 27 227
72 28 357
72 29 456
72 30 583
72 31 542
72 32 823
72 33 489
72 34 736
72 35 1028
72 36 369
72 37 99
72 38 617
72 39 351
72 40 998
72 41 197
72 42 669
72 43 598
72 44 278
72 45 548
72 46 264
72 47 887
72 48 619
72 49 317
72 50 605
72 51 648
72 52 395
72 53 641
72 54 974
72 55 733
72 56 1044
72 57 770
72 58 1123
72 59 638
72 60 715
72 61 811
72 62 398
72 63 277
72 64 461
72 65 923
72 66 604
72 67 973
72 68 778
72 69 772
72 70 487
72 71 862
72 73 244
72 74 128
72 75 506
72 76 183
72 77 969
72 78 642
72 79 517
72 80 864
72 81 304
72 82 999
72 83 851
72 84 856
72 85 592
72 86 580
72 87 190
72 88 968
72 89 1049
72 90 437
72 91 659
72 92 321
72 93 1056
72 94 231
72 95 409
72 96 970
72 97 656
72 98 572
72 99 933
72 100 650
73 1 211
73 2 675
73 3 630
73 4 564
73 5 480
73 6 675
73 7 885
73 8 1009
73 9 585
73 10 589
73 11 387
73 12 789
73 13 801
73 14 311
73 15 462
73 16 440
73 17 655
73 18 576
73 19 328
73 20 503
73 21 250
73 22 269
73 23 518
73 24 827
73 25 376
73 26 491
73 27 234
73 28 549
73 29 535
73 30 461
73 31 312
73 32 674
73 33 367
73 34 651
73 35 1045
73 36 182
73 37 312
73 38 497
73 39 472
73 40 971
73 41 132
73 42 734
73 43 556
73 44 43
73 45 508
73 46 128
73 47 744
73 48 377
73 49 114
73 50 387
73 51 564
73 52 172
73 53 415
73 54 819
73 55 615
73 56 858
73 57 781
73 58 928
73 59 440
73 60 540
73 61 705
73 62 199
73 63 430
73 64 596
73 65 757
73 66 644
73 67 797
73 68 548
73 69 796
73 70 597
73 71 650
73 72 244
73 74 340
73 75 314
73 76 404
73 77 995
73 78 462
73 79 274
73 80 702
73 81 325
73 82 821
73 83 766
73 84 833
73 85 611
73 86 340
73 87 300
73 88 916
73 89 1057
73 90 595
73 91 421
73 92 397
73 93 877
73 94 459
73 95 333
73 96 817
73 97 443
73 98 533
73 99 851
73 100 683
74 1 535
74 2 905
74 3 786
74 4 817
74 5 710
74 6 854
74 7 938
74 8 939
74 9 549
74 10 384
74 11 73
74 12 956
74 13 791
74 14 374
74 15 164
74 16 212
74 17 922
74 18 248
74 19 285
74 20 608
74 21 158
74 22 577
74 23 448
74 24 990
74 25 711
74 26 482
74 27 221
74 28 229
74 29 360
74 30 578
74 31 609
74 32 822
74 33 491
74 34 702
74 35 940
74 36 488
74 37 31
74 38 609
74 39 245
74 40 929
74 41 248
74 42 569
74 43 551
74 44 366
74 45 503
74 46 316
74 47 881
74 48 714
74 49 385
74 50 660
74 51 619
74 52 464
74 53 701
74 54 972
74 55 718
74 56 1062
74 57 690
74 58 1146
74 59 675
74 60 734
74 61 787
74 62 453
74 63 162
74 64 343
74 65 930
74 66 518
74 67 986
74 68 838
74 69 686
74 70 376
74 71 904
74 72 128
74 73 340
74 75 547
74 76 65
74 77 879
74 78 667
74 79 610
74 80 870
74 81 261
74 82 1012
74 83 814
74 84 789
74 85 514
74 86 658
74 87 132
74 88 912
74 89 964
74 90 313
74 91 732
74 92 243
74 93 1069
74 94 120
74 95 398
74 96 968
74 97 704
74 98 525
74 99 891
74 100 565
75 1 395
75 2 369
75 3 325
75 4 271
75 5 170
75 6 362
75 7 615
75 8 818
75 9 435
75 10 593
75 11 556
75 12 477
75 13 584
75 14 232
75 15 592
75 16 521
75 17 375
75 18 716
75 19 336
75 20 248
75 21 395
75 22 153
75 23 424
75 24 514
75 25 314
75 26 351
75 27 334
75 28 682
75 29 530
75 30 208
75 31 134
75 32 369
75 33 160
75 34 409
75 35 880
75 36 416
75 37 528
75 38 237
75 39 537
75 40 761
75 41 311
75 42 665
75 43 386
75 44 273
75 45 357
75 46 243
75 47 441
75 48 327
75 49 203
75 50 126
75 51 337
75 52 153
75 53 175
75 54 509
75 55 340
75 56 546
75 57 635
75 58 620
75 59 132
75 60 227
75 61 433
75 62 116
75 63 547
75 64 644
75 65 445
75 66 559
75 67 483
75 68 303
75 69 665
75 70 614
75 71 358
75 72 506
75 73 314
75 74 547
75 76 605
75 77 844
75 78 148
75 79 267
75 80 390
75 81 355
75 82 507
75 83 511
75 84 640
75 85 509
75 86 211
75 87 438
75 88 683
75 89 880
75 90 673
75 91 243
75 92 442
75 93 564
75 94 659
75 95 228
75 96 508
75 97 159
75 98 374
75 99 592
75 100 581
76 1 597
76 2 959
76 3 831
76 4 874
76 5 765
76 6 902
76 7 966
76 8 944
76 9 570
76 10 374
76 11 69
76 12 1001
76 13 810
76 14 420
76 15 138
76 16 212
76 17 980
76 18 194
76 19 323
76 20 650
76 21 212
76 22 640
76 23 467
76 24 1034
76 25 775
76 26 511
76 27 274
76 28 182
76 29 360
76 30 623
76 31 671
76 32 866
76 33 540
76 34 734
76 35 938
76 36 548
76 37 93
76 38 652
76 39 240
76 40 940
76 41 311
76 42 561
76 43 578
76 44 430
76 45 531
76 46 377
76 47 922
76 48 778
76 49 447
76 50 720
76 51 654
76 52 527
76 53 761
76 54 1015
76 55 757
76 56 1112
76 57 695
76 58 1197
76 59 731
76 60 785
76 61 822
76 62 514
76 63 154
76 64 319
76 65 977
76 66 521
76 67 1034
76 68 899
76 69 688
76 70 361
76 71 961
76 72 183
76 73 404
76 74 65
76 75 605
76 77 875
76 78 721
76 79 674
76 80 916
76 81 299
76 82 1060
76 83 843
76 84 802
76 85 525
76 86 722
76 87 175
76 88 930
76 89 964
76 90 280
76 91 795
76 92 263
76 93 1116
76 94 56
76 95 443
76 96 1011
76 97 763
76 98 553
76 99 918
76 100 568
77 1 1179
77 2 905
77 3 692
77 4 934
77 5 849
77 6 760
77 7 463
77 8 140
77 9 418
77 10 503
77 11 813
77 12 756
77 13 309
77 14 690
77 15 741
77 16 668
77 17 1015
77 18 768
77 19 675
77 20 611
77 21 804
77 22 994
77 23 478
77 24 761
77 25 1157
77 26 513
77 27 780
77 28 748
77 29 519
77 30 643
77 31 976
77 32 679
77 33 690
77 34 475
77 35 66
77 36 1170
77 37 893
77 38 624
77 39 637
77 40 211
77 41 876
77 42 316
77 43 461
77 44 977
77 45 499
77 46 869
77 47 661
77 48 1170
77 49 916
77 50 935
77 51 516
77 52 939
77 53 979
77 54 728
77 55 579
77 56 904
77 57 215
77 58 988
77 59 853
77 60 771
77 61 524
77 62 884
77 63 723
77 64 575
77 65 765
77 66 366
77 67 828
77 68 1047
77 69 200
77 70 520
77 71 972
77 72 969
77 73 995
77 74 879
77 75 844
77 76 875
77 78 793
77 79 1104
77 80 735
77 81 685
77 82 845
77 83 442
77 84 228
77 85 386
77 86 1053
77 87 781
77 88 310
77 89 102
77 90 633
77 91 1065
77 92 649
77 93 871
77 94 884
77 95 673
77 96 721
77 97 918
77 98 477
77 99 425
77 100 320
78 1 531
78 2 239
78 3 184
78 4 174
78 5 62
78 6 214
78 7 498
78 8 745
78 9 417
78 10 638
78 11 665
78 12 330
78 13 506
78 14 311
78 15 686
78 16 603
78 17 281
78 18 807
78 19 420
78 20 186
78 21 511
78 22 269
78 23 442
78 24 367
78 25 393
78 26 356
78 27 447
78 28 772
78 29 577
78 30 166
78 31 228
78 32 228
78 33 196
78 34 326
78 35 820
78 36 557
78 37 652
78 38 173
78 39 613
78 40 679
78 41 446
78 42 669
78 43 363
78 44 421
78 45 354
78 46 380
78 47 300
78 48 409
78 49 350
78 50 155
78 51 279
78 52 299
78 53 191
78 54 362
78 55 233
78 56 403
78 57 599
78 58 482
78 59 62
78 60 80
78 61 322
78 62 263
78 63 640
78 64 704
78 65 297
78 66 564
78 67 337
78 68 262
78 69 635
78 70 663
78 71 252
78 72 642
78 73 462
78 74 667
78 75 148
78 76 721
78 77 793
78 79 379
78 80 244
78 81 442
78 82 361
78 83 408
78 84 573
78 85 510
78 86 291
78 87 547
78 88 588
78 89 814
78 90 743
78 91 280
78 92 521
78 93 418
78 94 772
78 95 294
78 96 362
78 97 125
78 98 362
78 99 482
78 100 575
79 1 183
79 2 517
79 3 561
79 4 393
79 5 360
79 6 572
79 7 874
79 8 1084
79 9 689
79 10 790
79 11 648
79 12 685
79 13 851
79 14 439
79 15 714
79 16 671
79 17 455
79 18 834
79 19 513
79 20 515
79 21 494
79 22 115
79 23 658
79 24 721
79 25 102
79 26 598
79 27 455
79 28 804
79 29 729
79 30 475
79 31 152
79 32 604
79 33 415
79 34 675
79 35 1143
79 36 233
79 37 582
79 38 504
79 39 698
79 40 1028
79 41 372
79 42 897
79 43 643
79 44 244
79 45 608
79 46 320
79 47 675
79 48 104
79 49 244
79 50 234
79 51 604
79 52 181
79 53 228
79 54 725
79 55 601
79 56 708
79 57 892
79 58 759
79 59 327
79 60 450
79 61 694
79 62 229
79 63 676
79 64 819
79 65 650
79 66 794
79 67 669
79 68 328
79 69 918
79 70 805
79 71 465
79 72 517
79 73 274
79 74 610
79 75 267
79 76 674
79 77 1104
79 78 379
79 80 608
79 81 522
79 82 688
79 83 774
79 84 905
79 85 749
79 86 109
79 87 546
79 88 949
79 89 1145
79 90 831
79 91 184
79 92 609
79 93 739
79 94 729
79 95 447
79 96 725
79 97 290
79 98 628
79 99 854
79 100 824
80 1 770
80 2 177
80 3 86
80 4 255
80 5 248
80 6 38
80 7 328
80 8 648
80 9 467
80 10 746
80 11 853
80 12 89
80 13 427
80 14 497
80 15 855
80 16 763
80 17 298
80 18 967
80 19 595
80 20 272
80 21 714
80 22 504
80 23 538
80 24 126
80 25 599
80 26 454
80 27 651
80 28 932
80 29 693
80 30 294
80 31 459
80 32 63
80 33 379
80 34 288
80 35 744
80 36 799
80 37 859
80 38 267
80 39 762
80 40 569
80 41 671
80 42 713
80 43 420
80 44 662
80 45 441
80 46 610
80 47 87
80 48 615
80 49 589
80 50 374
80 51 312
80 52 542
80 53 390
80 54 120
80 55 195
80 56 209
80 57 586
80 58 301
80 59 283
80 60 165
80 61 214
80 62 504
80 63 810
80 64 827
80 65 61
80 66 622
80 67 124
80 68 376
80 69 628
80 70 774
80 71 255
80 72 864
80 73 702
80 74 870
80 75 390
80 76 916
80 77 735
80 78 244
80 79 608
80 81 620
80 82 150
80 83 294
80 84 509
80 85 569
80 86 507
80 87 741
80 88 462
80 89 725
80 90 877
80 91 468
80 92 682
80 93 203
80 94 963
80 95 473
80 96 119
80 97 320
80 98 434
80 99 337
80 100 614
81 1 530
81 2 678
81 3 535
81 4 608
81 5 494
81 6 608
81 7 680
81 8 719
81 9 304
81 10 271
81 11 234
81 12 704
81 13 544
81 14 132
81 15 244
81 16 166
81 17 717
81 18 366
81 19 25
81 20 352
81 21 127
81 22 445
81 23 213
81 24 737
81 25 609
81 26 226
81 27 96
81 28 331
81 29 213
81 30 327
81 31 459
81 32 569
81 33 250
81 34 443
81 35 740
81 36 507
81 37 258
81 38 355
81 39 184
81 40 696
81 41 197
81 42 410
81 43 297
81 44 320
81 45 247
81 46 213
81 47 624
81 48 617
81 49 283
81 50 480
81 51 359
81 52 343
81 53 528
81 54 717
81 55 459
81 56 820
81 57 477
81 58 907
81 59 465
81 60 498
81 61 526
81 62 304
81 63 198
81 64 300
81 65 681
81 66 324
81 67 740
81 68 657
81 69 485
81 70 284
81 71 692
81 72 304
81 73 325
81 74 261
81 75 355
81 76 299
81 77 685
81 78 442
81 79 522
81 80 620
81 82 766
81 83 555
81 84 555
81 85 299
81 86 527
81 87 130
81 88 665
81 89 757
81 90 321
81 91 584
81 92 90
81 93 822
81 94 343
81 95 150
81 96 713
81 97 509
81 98 271
81 99 635
81 100 366
82 1 862
82 2 177
82 3 235
82 4 299
82 5 344
82 6 159
82 7 399
82 8 743
82 9 613
82 10 894
82 11 999
82 12 90
82 13 542
82 14 641
82 15 1003
82 16 911
82 17 286
82 18 1116
82 19 742
82 20 421
82 21 856
82 22 596
82 23 686
82 24 89
82 25 659
82 26 603
82 27 793
82 28 1081
82 29 842
82 30 441
82 31 548
82 32 210
82 33 522
82 34 426
82 35 845
82 36 898
82 37 1000
82 38 416
82 39 911
82 40 660
82 41 804
82 42 854
82 43 568
82 44 780
82 45 590
82 46 740
82 47 191
82 48 674
82 49 710
82 50 460
82 51 460
82 52 654
82 53 461
82 54 120
82 55 341
82 56 62
82 57 715
82 58 154
82 59 384
82 60 285
82 61 340
82 62 623
82 63 958
82 64 976
82 65 93
82 66 766
82 67 27
82 68 401
82 69 759
82 70 923
82 71 251
82 72 999
82 73 821
82 74 1012
82 75 507
82 76 1060
82 77 845
82 78 361
82 79 688
82 80 150
82 81 766
82 83 407
82 84 624
82 85 715
82 86 581
82 87 885
82 88 550
82 89 821
82 90 1027
82 91 524
82 92 830
82 93 57
82 94 1108
82 95 618
82 96 127
82 97 401
82 98 582
82 99 425
82 100 755
83 1 900
83 2 467
83 3 263
83 4 514
83 5 451
83 6 321
83 7 125
83 8 357
83 9 284
83 10 568
83 11 774
83 12 317
83 13 136
83 14 475
83 15 744
83 16 648
83 17 583
83 18 834
83 19 533
83 20 269
83 21 677
83 22 660
83 23 385
83 24 327
83 25 800
83 26 333
83 27 625
83 28 801
83 29 533
83 30 312
83 31 627
83 32 242
83 33 400
83 34 117
83 35 450
83 36 911
83 37 813
83 38 277
83 39 635
83 40 281
83 41 686
83 42 477
83 43 266
83 44 734
83 45 312
83 46 646
83 47 220
83 48 815
83 49 660
83 50 562
83 51 205
83 52 647
83 53 598
83 54 294
83 55 176
83 56 467
83 57 317
83 58 555
83 59 469
83 60 361
83 61 90
83 62 595
83 63 705
83 64 659
83 65 324
83 66 410
83 67 388
83 68 634
83 69 360
83 70 597
83 71 539
83 72 851
83 73 766
83 74 814
83 75 511
83 76 843
83 77 442
83 78 408
83 79 774
83 80 294
83 81 555
83 82 407
83 84 218
83 85 369
83 86 696
83 87 684
83 88 182
83 89 433
83 90 718
83 91 686
83 92 582
83 93 439
83 94 878
83 95 449
83 96 287
83 97 528
83 98 291
83 99 85
83 100 385
84 1 1000
84 2 677
84 3 464
84 4 708
84 5 627
84 6 532
84 7 268
84 8 180
84 9 253
84 10 462
84 11 734
84 12 534
84 13 83
84 14 523
84 15 681
84 16 592
84 17 787
84 18 744
84 19 538
84 20 397
84 21 681
84 22 792
84 23 345
84 24 543
84 25 949
84 26 344
84 27 643
84 28 716
84 29 449
84 30 434
84 31 769
84 32 452
84 33 495
84 34 250
84 35 248
84 36 1000
84 37 796
84 38 409
84 39 568
84 40 142
84 41 727
84 42 316
84 43 278
84 44 810
84 45 326
84 46 706
84 47 437
84 48 964
84 49 742
84 50 720
84 51 304
84 52 751
84 53 762
84 54 510
84 55 353
84 56 684
84 57 133
84 58 771
84 59 635
84 60 546
84 61 296
84 62 696
84 63 651
84 64 551
84 65 541
84 66 292
84 67 605
84 68 822
84 69 170
84 70 488
84 71 744
84 72 856
84 73 833
84 74 789
84 75 640
84 76 802
84 77 228
84 78 573
84 79 905
84 80 509
84 81 555
84 82 624
84 83 218
84 85 278
84 86 844
84 87 671
84 88 147
84 89 242
84 90 613
84 91 850
84 92 546
84 93 654
84 94 825
84 95 501
84 96 503
84 97 698
84 98 301
84 99 220
84 100 250
85 1 803
85 2 697
85 3 494
85 4 678
85 5 571
85 6 576
85 7 478
85 8 426
85 9 103
85 10 201
85 11 457
85 12 631
85 13 296
85 14 316
85 15 404
85 16 315
85 17 780
85 18 476
85 19 289
85 20 333
85 21 421
85 22 647
85 23 95
85 24 655
85 25 817
85 26 159
85 27 394
85 28 445
85 29 175
85 30 345
85 31 640
85 32 507
85 33 350
85 34 294
85 35 441
85 36 790
85 37 524
85 38 344
85 39 291
85 40 416
85 41 490
85 42 160
85 43 153
85 44 597
85 45 157
85 46 487
85 47 532
85 48 829
85 49 541
85 50 621
85 51 260
85 52 574
85 53 670
85 54 626
85 55 375
85 56 776
85 57 179
85 58 868
85 59 561
85 60 523
85 61 389
85 62 522
85 63 374
85 64 292
85 65 622
85 66 55
85 67 690
85 68 769
85 69 186
85 70 230
85 71 742
85 72 592
85 73 611
85 74 514
85 75 509
85 76 525
85 77 386
85 78 510
85 79 749
85 80 569
85 81 299
85 82 715
85 83 369
85 84 278
85 86 717
85 87 403
85 88 412
85 89 459
85 90 353
85 91 749
85 92 274
85 93 761
85 94 548
85 95 303
85 96 619
85 97 622
85 98 149
85 99 427
85 100 75
86 1 291
86 2 409
86 3 468
86 4 285
86 5 262
86 6 471
86 7 788
86 8 1021
86 9 646
86 10 785
86 11 687
86 12 582
86 13 784
86 14 423
86 15 742
86 16 687
86 17 347
86 18 866
86 19 514
86 20 448
86 21 525
86 22 84
86 23 630
86 24 617
86 25 106
86 26 561
86 27 476
86 28 834
86 29 723
86 30 412
86 31 78
86 32 509
86 33 370
86 34 605
86 35 1088
86 36 337
86 37 633
86 38 436
86 39 709
86 40 960
86 41 411
86 42 872
86 43 596
86 44 303
86 45 568
86 46 348
86 47 579
86 48 120
86 49 275
86 50 138
86 51 541
86 52 196
86 53 121
86 54 623
86 55 521
86 56 600
86 57 845
86 58 651
86 59 234
86 60 355
86 61 612
86 62 224
86 63 701
86 64 826
86 65 547
86 66 766
86 67 563
86 68 223
86 69 875
86 70 804
86 71 356
86 72 580
86 73 340
86 74 658
86 75 211
86 76 722
86 77 1053
86 78 291
86 79 109
86 80 507
86 81 527
86 82 581
86 83 696
86 84 844
86 85 717
86 87 576
86 88 874
86 89 1086
86 90 846
86 91 82
86 92 616
86 93 631
86 94 777
86 95 425
86 96 624
86 97 188
86 98 585
86 99 772
86 100 791
87 1 510
87 2 785
87 3 657
87 4 704
87 5 593
87 6 727
87 7 809
87 8 829
87 9 425
87 10 311
87 11 119
87 12 826
87 13 667
87 14 245
87 15 168
87 16 145
87 17 811
87 18 290
87 19 154
87 20 477
87 21 53
87 22 492
87 23 327
87 24 861
87 25 643
87 26 353
87 27 104
87 28 260
87 29 270
87 30 449
87 31 517
87 32 692
87 33 365
87 34 572
87 35 839
87 36 474
87 37 129
87 38 479
87 39 179
87 40 812
87 41 176
87 42 483
87 43 423
87 44 312
87 45 374
87 46 229
87 47 750
87 48 648
87 49 305
87 50 557
87 51 488
87 52 381
87 53 601
87 54 842
87 55 587
87 56 937
87 57 581
87 58 1022
87 59 561
87 60 610
87 61 656
87 62 357
87 63 132
87 64 301
87 65 802
87 66 415
87 67 859
87 68 737
87 69 583
87 70 313
87 71 790
87 72 190
87 73 300
87 74 132
87 75 438
87 76 175
87 77 781
87 78 547
87 79 546
87 80 741
87 81 130
87 82 885
87 83 684
87 84 671
87 85 403
87 86 576
87 88 789
87 89 860
87 90 296
87 91 643
87 92 132
87 93 941
87 94 225
87 95 268
87 96 838
87 97 596
87 98 397
87 99 763
87 100 461
88 1 1064
88 2 638
88 3 441
88 4 693
88 5 632
88 6 493
88 7 155
88 8 194
88 9 364
88 10 604
88 11 861
88 12 463
88 13 122
88 14 611
88 15 814
88 16 723
88 17 757
88 18 885
88 19 646
88 20 436
88 21 792
88 22 834
88 23 465
88 24 463
88 25 979
88 26 443
88 27 747
88 28 855
88 29 586
88 30 478
88 31 804
88 32 416
88 33 557
88 34 275
88 35 298
88 36 1071
88 37 916
88 38 446
88 39 701
88 40 111
88 41 822
88 42 462
88 43 372
88 44 887
88 45 422
88 46 791
88 47 379
88 48 994
88 49 815
88 50 742
88 51 355
88 52 812
88 53 778
88 54 430
88 55 355
88 56 606
88 57 279
88 58 686
88 59 649
88 60 542
88 61 271
88 62 758
88 63 782
88 64 693
88 65 479
88 66 433
88 67 536
88 68 814
88 69 314
88 70 630
88 71 713
88 72 968
88 73 916
88 74 912
88 75 683
88 76 930
88 77 310
88 78 588
88 79 949
88 80 462
88 81 665
88 82 550
88 83 182
88 84 147
88 85 412
88 86 874
88 87 789
88 89 272
88 90 756
88 91 866
88 92 670
88 93 570
88 94 957
88 95 587
88 96 423
88 97 709
88 98 397
88 99 127
88 100 393
89 1 1233
89 2 900
89 3 693
89 4 942
89 5 866
89 6 754
89 7 426
89 8 79
89 9 473
89 10 595
89 11 900
89 12 734
89 13 310
89 14 748
89 15 831
89 16 755
89 17 1015
89 18 865
89 19 744
89 20 639
89 21 879
89 22 1033
89 23 546
89 24 734
89 25 1191
89 26 568
89 27 850
89 28 843
89 29 605
89 30 675
89 31 1011
89 32 674
89 33 732
89 34 489
89 35 43
89 36 1228
89 37 976
89 38 651
89 39 724
89 40 162
89 41 943
89 42 410
89 43 508
89 44 1036
89 45 552
89 46 930
89 47 646
89 48 1205
89 49 972
89 50 962
89 51 545
89 52 987
89 53 1003
89 54 702
89 55 589
89 56 877
89 57 280
89 58 957
89 59 875
89 60 783
89 61 520
89 62 932
89 63 811
89 64 670
89 65 748
89 66 447
89 67 806
89 68 1059
89 69 278
89 70 613
89 71 972
89 72 1049
89 73 1057
89 74 964
89 75 880
89 76 964
89 77 102
89 78 814
89 79 1145
89 80 725
89 81 757
89 82 821
89 83 433
89 84 242
89 85 459
89 86 1086
89 87 860
89 88 272
89 90 729
89 91 1091
89 92 729
89 93 841
89 94 976
89 95 728
89 96 695
89 97 939
89 98 528
89 99 397
89 100 400
90 1 805
90 2 969
90 3 794
90 4 915
90 5 800
90 6 875
90 7 830
90 8 724
90 9 437
90 10 153
90 11 241
90 12 951
90 13 646
90 14 443
90 15 150
90 16 161
90 17 1023
90 18 137
90 19 338
90 20 609
90 21 346
90 22 763
90 23 345
90 24 979
90 25 924
90 26 424
90 27 377
90 28 117
90 29 188
90 30 600
90 31 779
90 32 818
90 33 549
90 34 631
90 35 697
90 36 768
90 37 340
90 38 617
90 39 137
90 40 738
90 41 468
90 42 321
90 43 469
90 44 605
90 45 439
90 46 512
90 47 858
90 48 931
90 49 588
90 50 798
90 51 572
90 52 657
90 53 847
90 54 954
90 55 690
90 56 1085
90 57 488
90 58 1177
90 59 775
90 60 786
90 61 727
90 62 622
90 63 167
90 64 63
90 65 935
90 66 323
90 67 1001
90 68 974
90 69 467
90 70 126
90 71 994
90 72 437
90 73 595
90 74 313
90 75 673
90 76 280
90 77 633
90 78 743
90 79 831
90 80 877
90 81 321
90 82 1027
90 83 718
90 84 613
90 85 353
90 86 846
90 87 296
90 88 756
90 89 729
90 91 904
90 92 232
90 93 1078
90 94 269
90 95 453
90 96 948
90 97 824
90 98 450
90 99 779
90 100 364
91 1 366
91 2 349
91 3 441
91 4 227
91 5 236
91 6 431
91 7 768
91 8 1023
91 9 669
91 10 834
91 11 757
91 12 536
91 13 784
91 14 471
91 15 808
91 16 747
91 17 273
91 18 932
91 19 568
91 20 455
91 21 594
91 22 156
91 23 666
91 24 570
91 25 135
91 26 590
91 27 542
91 28 900
91 29 771
91 30 423
91 31 127
91 32 480
91 33 400
91 34 604
91 35 1096
91 36 416
91 37 708
91 38 442
91 39 767
91 40 958
91 41 484
91 42 906
91 43 617
91 44 382
91 45 594
91 46 419
91 47 546
91 48 150
91 49 348
91 50 132
91 51 550
91 52 268
91 53 89
91 54 579
91 55 512
91 56 537
91 57 863
91 58 582
91 59 218
91 60 330
91 61 598
91 62 287
91 63 765
91 64 880
91 65 501
91 66 800
91 67 508
91 68 145
91 69 896
91 70 854
91 71 288
91 72 659
91 73 421
91 74 732
91 75 243
91 76 795
91 77 1065
91 78 280
91 79 184
91 80 468
91 81 584
91 82 524
91 83 686
91 84 850
91 85 749
91 86 82
91 87 643
91 88 866
91 89 1091
91 90 904
91 92 673
91 93 572
91 94 850
91 95 469
91 96 580
91 97 158
91 98 609
91 99 757
91 100 820
92 1 606
92 2 754
92 3 597
92 4 690
92 5 575
92 6 674
92 7 704
92 8 700
92 9 308
92 10 193
92 11 194
92 12 762
92 13 549
92 14 214
92 15 173
92 16 83
92 17 799
92 18 288
92 19 107
92 20 410
92 21 162
92 22 534
92 23 206
92 24 794
92 25 697
92 26 251
92 27 163
92 28 253
92 29 143
92 30 392
92 31 548
92 32 627
92 33 326
92 34 475
92 35 707
92 36 578
92 37 251
92 38 415
92 39 95
92 40 687
92 41 265
92 42 353
92 43 316
92 44 397
92 45 271
92 46 294
92 47 677
92 48 705
92 49 367
92 50 567
92 51 399
92 52 431
92 53 616
92 54 772
92 55 509
92 56 886
92 57 451
92 58 975
92 59 549
92 60 571
92 61 566
92 62 393
92 63 129
92 64 211
92 65 742
92 66 283
92 67 804
92 68 744
92 69 451
92 70 202
92 71 772
92 72 321
92 73 397
92 74 243
92 75 442
92 76 263
92 77 649
92 78 521
92 79 609
92 80 682
92 81 90
92 82 830
92 83 582
92 84 546
92 85 274
92 86 616
92 87 132
92 88 670
92 89 729
92 90 232
92 91 673
92 93 884
92 94 297
92 95 227
92 96 767
92 97 595
92 98 291
92 99 656
92 100 330
93 1 914
93 2 224
93 3 288
93 4 347
93 5 400
93 6 215
93 7 416
93 8 763
93 9 660
93 10 944
93 11 1054
93 12 130
93 13 573
93 14 696
93 15 1057
93 16 965
93 17 322
93 18 1170
93 19 797
93 20 475
93 21 912
93 22 650
93 23 736
93 24 112
93 25 706
93 26 654
93 27 849
93 28 1134
93 29 893
93 30 495
93 31 601
93 32 261
93 33 578
93 34 469
93 35 867
93 36 951
93 37 1056
93 38 470
93 39 964
93 40 680
93 41 861
93 42 896
93 43 616
93 44 836
93 45 640
93 46 797
93 47 231
93 48 721
93 49 766
93 50 513
93 51 509
93 52 710
93 53 512
93 54 145
93 55 390
93 56 47
93 57 752
93 58 117
93 59 439
93 60 342
93 61 380
93 62 679
93 63 1012
93 64 1027
93 65 143
93 66 811
93 67 83
93 68 444
93 69 795
93 70 972
93 71 292
93 72 1056
93 73 877
93 74 1069
93 75 564
93 76 1116
93 77 871
93 78 418
93 79 739
93 80 203
93 81 822
93 82 57
93 83 439
93 84 654
93 85 761
93 86 631
93 87 941
93 88 570
93 89 841
93 90 1078
93 91 572
93 92 884
93 94 1164
93 95 674
93 96 152
93 97 454
93 98 631
93 99 447
93 100 798
94 1 648
94 2 1010
94 3 878
94 4 927
94 5 817
94 6 950
94 7 1000
94 8 961
94 9 601
94 10 382
94 11 110
94 12 1046
94 13 838
94 14 469
94 15 146
94 16 234
94 17 1033
94 18 162
94 19 368
94 20 695
94 21 265
94 22 695
94 23 497
94 24 1080
94 25 830
94 26 548
94 27 327
94 28 158
94 29 378
94 30 669
94 31 727
94 32 912
94 33 588
94 34 771
94 35 948
94 36 599
94 37 147
94 38 698
94 39 258
94 40 961
94 41 366
94 42 569
94 43 613
94 44 485
94 45 568
94 46 433
94 47 966
94 48 833
94 49 503
94 50 774
94 51 693
94 52 582
94 53 816
94 54 1060
94 55 799
94 56 1160
94 57 713
94 58 1246
94 59 784
94 60 834
94 61 861
94 62 569
94 63 175
94 64 316
94 65 1023
94 66 539
94 67 1082
94 68 953
94 69 702
94 70 366
94 71 1014
94 72 231
94 73 459
94 74 120
94 75 659
94 76 56
94 77 884
94 78 772
94 79 729
94 80 963
94 81 343
94 82 1108
94 83 878
94 84 825
94 85 548
94 86 777
94 87 225
94 88 957
94 89 976
94 90 269
94 91 850
94 92 297
94 93 1164
94 95 490
94 96 1055
94 97 817
94 98 588
94 99 951
94 100 585
95 1 507
95 2 529
95 3 389
95 4 463
95 5 348
95 6 460
95 7 572
95 8 678
95 9 257
95 10 366
95 11 381
95 12 559
95 13 470
95 14 27
95 15 393
95 16 310
95 17 572
95 18 514
95 19 127
95 20 212
95 21 245
95 22 350
95 23 211
95 24 593
95 25 520
95 26 161
95 27 184
95 28 478
95 29 303
95 30 181
95 31 350
95 32 425
95 33 101
95 34 332
95 35 720
95 36 501
95 37 389
95 38 213
95 39 320
95 40 639
95 41 238
95 42 450
95 43 224
95 44 309
95 45 177
95 46 206
95 47 484
95 48 531
95 49 244
95 50 352
95 51 244
95 52 272
95 53 401
95 54 575
95 55 325
95 56 671
95 57 458
95 58 757
95 59 323
95 60 348
95 61 404
95 62 219
95 63 348
95 64 420
95 65 534
95 66 347
95 67 592
95 68 523
95 69 479
95 70 387
95 71 545
95 72 409
95 73 333
95 74 398
95 75 228
95 76 443
95 77 673
95 78 294
95 79 447
95 80 473
95 81 150
95 82 618
95 83 449
95 84 501
95 85 303
95 86 425
95 87 268
95 88 587
95 89 728
95 90 453
95 91 469
95 92 227
95 93 674
95 94 490
95 96 571
95 97 372
95 98 202
95 99 532
95 100 378
96 1 888
96 2 257
96 3 189
96 4 359
96 5 366
96 6 153
96 7 273
96 8 616
96 9 520
96 10 808
96 11 946
96 12 49
96 13 421
96 14 596
96 15 940
96 16 845
96 17 380
96 18 1047
96 19 688
96 20 362
96 21 815
96 22 622
96 23 604
96 24 41
96 25 713
96 26 526
96 27 753
96 28 1012
96 29 761
96 30 391
96 31 577
96 32 148
96 33 483
96 34 326
96 35 719
96 36 918
96 37 959
96 38 360
96 39 841
96 40 534
96 41 780
96 42 750
96 43 480
96 44 778
96 45 510
96 46 722
96 47 91
96 48 729
96 49 704
96 50 491
96 51 377
96 52 660
96 53 505
96 54 8
96 55 260
96 56 184
96 57 601
96 58 268
96 59 402
96 60 283
96 61 233
96 62 620
96 63 896
96 64 894
96 65 81
96 66 668
96 67 116
96 68 477
96 69 645
96 70 837
96 71 339
96 72 970
96 73 817
96 74 968
96 75 508
96 76 1011
96 77 721
96 78 362
96 79 725
96 80 119
96 81 713
96 82 127
96 83 287
96 84 503
96 85 619
96 86 624
96 87 838
96 88 423
96 89 695
96 90 948
96 91 580
96 92 767
96 93 152
96 94 1055
96 95 571
96 97 436
96 98 498
96 99 299
96 100 653
97 1 462
97 2 237
97 3 285
97 4 121
97 5 79
97 6 284
97 7 611
97 8 869
97 9 535
97 10 733
97 11 714
97 12 396
97 13 630
97 14 382
97 15 749
97 16 675
97 17 219
97 18 873
97 19 489
97 20 308
97 21 552
97 22 197
97 23 548
97 24 431
97 25 282
97 26 465
97 27 492
97 28 839
97 29 671
97 30 283
97 31 148
97 32 325
97 33 284
97 34 450
97 35 945
97 36 499
97 37 684
97 38 296
97 39 689
97 40 802
97 41 464
97 42 781
97 43 481
97 44 401
97 45 466
97 46 394
97 47 393
97 48 298
97 49 342
97 50 60
97 51 403
97 52 272
97 53 72
97 54 436
97 55 355
97 56 427
97 57 721
97 58 489
97 59 65
97 60 173
97 61 440
97 62 258
97 63 704
97 64 791
97 65 361
97 66 675
97 67 381
97 68 152
97 69 756
97 70 756
97 71 208
97 72 656
97 73 443
97 74 704
97 75 159
97 76 763
97 77 918
97 78 125
97 79 290
97 80 320
97 81 509
97 82 401
97 83 528
97 84 698
97 85 622
97 86 188
97 87 596
97 88 709
97 89 939
97 90 824
97 91 158
97 92 595
97 93 454
97 94 817
97 95 372
97 96 436
97 98 477
97 99 600
97 100 690
98 1 706
98 2 551
98 3 354
98 4 530
98 5 423
98 6 437
98 7 414
98 8 477
98 9 61
98 10 313
98 11 484
98 12 503
98 13 277
98 14 223
98 15 457
98 16 361
98 17 631
98 18 554
98 19 250
98 20 184
98 21 396
98 22 520
98 23 106
98 24 530
98 25 687
98 26 46
98 27 350
98 28 520
98 29 263
98 30 197
98 31 507
98 32 372
98 33 216
98 34 186
98 35 521
98 36 702
98 37 526
98 38 196
98 39 350
98 40 440
98 41 429
98 42 308
98 43 26
98 44 510
98 45 26
98 46 406
98 47 408
98 48 700
98 49 444
98 50 479
98 51 123
98 52 462
98 53 528
98 54 504
98 55 242
98 56 642
98 57 264
98 58 734
98 59 414
98 60 375
98 61 280
98 62 407
98 63 417
98 64 396
98 65 490
98 66 203
98 67 557
98 68 622
98 69 291
98 70 341
98 71 594
98 72 572
98 73 533
98 74 525
98 75 374
98 76 553
98 77 477
98 78 362
98 79 628
98 80 434
98 81 271
98 82 582
98 83 291
98 84 301
98 85 149
98 86 585
98 87 397
98 88 397
98 89 528
98 90 450
98 91 609
98 92 291
98 93 631
98 94 588
98 95 202
98 96 498
98 97 477
98 99 367
98 100 214
99 1 982
99 2 513
99 3 323
99 4 574
99 5 522
99 6 369
99 7 53
99 8 319
99 9 352
99 10 627
99 11 849
99 12 338
99 13 148
99 14 558
99 15 815
99 16 720
99 17 633
99 18 899
99 19 613
99 20 352
99 21 758
99 22 739
99 23 455
99 24 339
99 25 875
99 26 410
99 27 707
99 28 868
99 29 597
99 30 395
99 31 705
99 32 294
99 33 484
99 34 201
99 35 421
99 36 995
99 37 892
99 38 361
99 39 704
99 40 237
99 41 770
99 42 515
99 43 341
99 44 819
99 45 389
99 46 730
99 47 253
99 48 891
99 49 744
99 50 637
99 51 289
99 52 730
99 53 670
99 54 306
99 55 254
99 56 482
99 57 341
99 58 564
99 59 542
99 60 429
99 61 161
99 62 678
99 63 778
99 64 718
99 65 352
99 66 461
99 67 410
99 68 696
99 69 383
99 70 655
99 71 590
99 72 933
99 73 851
99 74 891
99 75 592
99 76 918
99 77 425
99 78 482
99 79 854
99 80 337
99 81 635
99 82 425
99 83 85
99 84 220
99 85 427
99 86 772
99 87 763
99 88 127
99 89 397
99 90 779
99 91 757
99 92 656
99 93 447
99 94 951
99 95 532
99 96 299
99 97 600
99 98 367
99 100 430
100 1 876
100 2 752
100 3 543
100 4 741
100 5 635
100 6 625
100 7 482
100 8 377
100 9 159
100 10 213
100 11 503
100 12 669
100 13 289
100 14 390
100 15 440
100 16 357
100 17 840
100 18 495
100 19 358
100 20 394
100 21 484
100 22 721
100 23 169
100 24 690
100 25 890
100 26 231
100 27 462
100 28 468
100 29 209
100 30 410
100 31 713
100 32 551
100 33 422
100 34 330
100 35 378
100 36 862
100 37 577
100 38 406
100 39 329
100 40 378
100 41 560
100 42 100
100 43 212
100 44 669
100 45 226
100 46 560
100 47 568
100 48 902
100 49 614
100 50 691
100 51 313
100 52 649
100 53 740
100 54 659
100 55 422
100 56 817
100 57 129
100 58 909
100 59 628
100 60 582
100 61 421
100 62 596
100 63 415
100 64 301
100 65 663
100 66 48
100 67 732
100 68 836
100 69 122
100 70 238
100 71 801
100 72 650
100 73 683
100 74 565
100 75 581
100 76 568
100 77 320
100 78 575
100 79 824
100 80 614
100 81 366
100 82 755
100 83 385
100 84 250
100 85 75
100 86 791
100 87 461
100 88 393
100 89 400
100 90 364
100 91 820
100 92 330
100 93 798
100 94 585
100 95 378
100 96 653
100 97 690
100 98 214
100 99 430
