n   a   b
15   3   12

0  -1  -1  1  -1  1  -1  1  -1  1  -1  1  -1  -1  -1  
-1  0  -1  1  1  -1  1  -1  1  1  -1  1  -1  1  1  
-1  -1  0  1  1  -1  -1  -1  -1  1  -1  -1  1  -1  -1  
1  1  1  0  1  -1  -1  -1  1  -1  -1  -1  1  -1  -1  
-1  1  1  1  0  1  1  -1  -1  1  -1  -1  1  -1  1  
1  -1  -1  -1  1  0  -1  1  -1  1  -1  1  1  -1  -1  
-1  1  -1  -1  1  -1  0  -1  1  1  -1  1  -1  1  -1  
1  -1  -1  -1  -1  1  -1  0  1  -1  -1  1  -1  -1  1  
-1  1  -1  1  -1  -1  1  1  0  1  -1  -1  1  -1  1  
1  1  1  -1  1  1  1  -1  1  0  1  -1  -1  -1  -1  
-1  -1  -1  -1  -1  -1  -1  -1  -1  1  0  1  1  1  1  
1  1  -1  -1  -1  1  1  1  -1  -1  1  0  1  1  1  
-1  -1  1  1  1  1  -1  -1  1  -1  1  1  0  -1  -1  
-1  1  -1  -1  -1  -1  1  -1  -1  -1  1  1  -1  0  -1  
-1  1  -1  -1  1  -1  -1  1  1  -1  1  1  -1  -1  0  
