n   a   b
35   8   27

0  -1  -1  1  -1  -1  1  -1  -1  -1  -1  1  1  1  -1  -1  1  1  1  1  1  -1  1  1  1  1  1  -1  1  -1  -1  1  -1  -1  -1  
-1  0  -1  1  -1  1  1  -1  1  1  1  1  1  -1  -1  1  1  -1  1  1  -1  -1  1  1  -1  1  1  -1  -1  -1  1  -1  -1  -1  -1  
-1  -1  0  1  1  -1  1  -1  1  1  -1  1  1  1  1  -1  1  -1  -1  1  1  1  1  1  -1  -1  -1  -1  1  1  1  1  1  -1  -1  
1  1  1  0  1  -1  -1  1  1  -1  -1  1  -1  1  -1  1  -1  1  1  -1  1  -1  -1  1  1  1  1  -1  -1  1  -1  -1  1  -1  1  
-1  -1  1  1  0  -1  -1  1  1  -1  -1  -1  1  -1  1  -1  1  -1  -1  1  1  1  -1  1  -1  1  -1  -1  -1  -1  1  -1  -1  -1  -1  
-1  1  -1  -1  -1  0  -1  -1  -1  1  -1  -1  -1  -1  -1  -1  -1  1  -1  -1  1  1  1  -1  1  1  1  1  1  1  1  -1  -1  1  1  
1  1  1  -1  -1  -1  0  1  -1  1  -1  -1  1  1  1  1  -1  -1  -1  -1  1  -1  -1  -1  -1  -1  1  -1  1  -1  1  1  -1  1  1  
-1  -1  -1  1  1  -1  1  0  1  1  -1  -1  1  1  1  -1  -1  -1  -1  -1  -1  -1  -1  -1  1  1  1  -1  1  -1  -1  1  1  1  1  
-1  1  1  1  1  -1  -1  1  0  -1  1  -1  -1  -1  -1  -1  1  1  -1  -1  -1  1  -1  -1  -1  1  -1  -1  1  -1  1  1  1  1  1  
-1  1  1  -1  -1  1  1  1  -1  0  1  -1  1  -1  -1  -1  -1  -1  -1  1  -1  1  -1  -1  -1  1  -1  1  -1  1  1  1  1  -1  1  
-1  1  -1  -1  -1  -1  -1  -1  1  1  0  -1  -1  -1  1  1  -1  1  1  1  -1  1  -1  -1  -1  -1  1  1  -1  -1  -1  -1  1  1  -1  
1  1  1  1  -1  -1  -1  -1  -1  -1  -1  0  1  -1  1  1  -1  -1  -1  -1  -1  1  -1  1  -1  -1  1  -1  -1  1  -1  1  -1  1  1  
1  1  1  -1  1  -1  1  1  -1  1  -1  1  0  -1  1  1  -1  -1  1  -1  -1  1  -1  -1  -1  1  -1  1  1  -1  1  -1  -1  1  -1  
1  -1  1  1  -1  -1  1  1  -1  -1  -1  -1  -1  0  -1  1  1  1  -1  -1  -1  1  1  -1  1  1  -1  1  -1  -1  1  1  1  1  1  
-1  -1  1  -1  1  -1  1  1  -1  -1  1  1  1  -1  0  -1  1  1  -1  -1  -1  1  1  -1  1  1  1  -1  1  1  1  1  1  -1  1  
-1  1  -1  1  -1  -1  1  -1  -1  -1  1  1  1  1  -1  0  -1  -1  -1  1  -1  1  -1  1  -1  -1  1  1  -1  -1  1  -1  1  -1  -1  
1  1  1  -1  1  -1  -1  -1  1  -1  -1  -1  -1  1  1  -1  0  1  -1  1  1  1  1  1  1  -1  -1  -1  -1  1  -1  -1  -1  -1  -1  
1  -1  -1  1  -1  1  -1  -1  1  -1  1  -1  -1  1  1  -1  1  0  1  1  1  1  1  -1  1  -1  -1  -1  1  1  -1  1  -1  -1  -1  
1  1  -1  1  -1  -1  -1  -1  -1  -1  1  -1  1  -1  -1  -1  -1  1  0  1  1  -1  1  1  -1  1  -1  1  1  -1  -1  1  1  1  1  
1  1  1  -1  1  -1  -1  -1  -1  1  1  -1  -1  -1  -1  1  1  1  1  0  -1  1  -1  1  -1  1  1  -1  -1  1  1  -1  1  1  1  
1  -1  1  1  1  1  1  -1  -1  -1  -1  -1  -1  -1  -1  -1  1  1  1  -1  0  1  -1  1  -1  -1  1  1  -1  1  -1  1  1  -1  -1  
-1  -1  1  -1  1  1  -1  -1  1  1  1  1  1  1  1  1  1  1  -1  1  1  0  1  1  1  -1  -1  -1  1  1  -1  -1  -1  1  1  
1  1  1  -1  -1  1  -1  -1  -1  -1  -1  -1  -1  1  1  -1  1  1  1  -1  -1  1  0  -1  1  1  1  1  1  -1  1  -1  -1  1  1  
1  1  1  1  1  -1  -1  -1  -1  -1  -1  1  -1  -1  -1  1  1  -1  1  1  1  1  -1  0  -1  -1  1  -1  -1  1  1  -1  1  -1  1  
1  -1  -1  1  -1  1  -1  1  -1  -1  -1  -1  -1  1  1  -1  1  1  -1  -1  -1  1  1  -1  0  1  -1  1  1  -1  1  1  1  -1  -1  
1  1  -1  1  1  1  -1  1  1  1  -1  -1  1  1  1  -1  -1  -1  1  1  -1  -1  1  -1  1  0  -1  -1  1  -1  1  1  1  -1  1  
1  1  -1  1  -1  1  1  1  -1  -1  1  1  -1  -1  1  1  -1  -1  -1  1  1  -1  1  1  -1  -1  0  -1  -1  1  1  -1  -1  1  -1  
-1  -1  -1  -1  -1  1  -1  -1  -1  1  1  -1  1  1  -1  1  -1  -1  1  -1  1  -1  1  -1  1  -1  -1  0  1  -1  1  -1  -1  1  1  
1  -1  1  -1  -1  1  1  1  1  -1  -1  -1  1  -1  1  -1  -1  1  1  -1  -1  1  1  -1  1  1  -1  1  0  1  -1  1  1  1  -1  
-1  -1  1  1  -1  1  -1  -1  -1  1  -1  1  -1  -1  1  -1  1  1  -1  1  1  1  -1  1  -1  -1  1  -1  1  0  1  -1  -1  1  1  
-1  1  1  -1  1  1  1  -1  1  1  -1  -1  1  1  1  1  -1  -1  -1  1  -1  -1  1  1  1  1  1  1  -1  1  0  -1  -1  -1  -1  
1  -1  1  -1  -1  -1  1  1  1  1  -1  1  -1  1  1  -1  -1  1  1  -1  1  -1  -1  -1  1  1  -1  -1  1  -1  -1  0  1  1  1  
-1  -1  1  1  -1  -1  -1  1  1  1  1  -1  -1  1  1  1  -1  -1  1  1  1  -1  -1  1  1  1  -1  -1  1  -1  -1  1  0  1  1  
-1  -1  -1  -1  -1  1  1  1  1  -1  1  1  1  1  -1  -1  -1  -1  1  1  -1  1  1  -1  -1  -1  1  1  1  1  -1  1  1  0  -1  
-1  -1  -1  1  -1  1  1  1  1  1  -1  1  -1  1  1  -1  -1  -1  1  1  -1  1  1  1  -1  1  -1  1  -1  1  -1  1  1  -1  0  
